START -3012 1204 11720 -1760 2859 1462 END
START -3508 1892 13340 -1934 3317 1404 END
START -4512 1964 14532 -2247 3283 1469 END
START -5644 1972 15216 -2673 2866 1493 END
START -6336 1692 15488 -3065 2015 1584 END
START -6296 1504 15100 -3273 1243 1613 END
START -5984 1608 13828 -3241 841 1607 END
START -5908 1464 12880 -2925 697 1500 END
START -5404 1040 11880 -2470 770 1324 END
START -5336 308 10904 -1934 1042 1091 END
START -5220 -156 10532 -1375 1436 824 END
START -5180 -292 10428 -823 1912 572 END
START -4916 -524 10216 -269 2537 233 END
START -5280 -1084 10632 211 3060 -133 END
START -5264 -1580 11636 631 3569 -458 END
START -5172 -1720 12440 995 3909 -848 END
START -5000 -1680 13320 1174 4180 -1240 END
START -4984 -1484 14320 1233 4359 -1635 END
START -4856 -964 15376 1164 4399 -1990 END
START -4656 -628 16032 1028 4248 -2253 END
START -4364 -176 16552 811 4096 -2336 END
START -4064 276 16880 531 3880 -2279 END
START -3856 616 16852 292 3636 -2118 END
START -3424 1096 16852 -6 3400 -1840 END
START -3160 1396 16480 -275 3189 -1495 END
START -2992 1580 16300 -378 3024 -1062 END
START -2856 1748 15976 -469 2845 -609 END
START -2884 2116 15904 -420 2674 -176 END
START -2964 2388 15908 -360 2402 294 END
START -3212 2576 16300 -234 2054 778 END
START -3404 2492 16388 -117 1603 1302 END
START -3512 2392 16536 15 1131 1761 END
START -3708 2184 16496 145 666 2185 END
START -4216 1856 16160 182 282 2487 END
START -4432 1748 16072 239 -48 2646 END
START -4692 1356 15608 231 -272 2749 END
START -4892 1056 15148 310 -408 2747 END
START -5164 828 15252 385 -420 2661 END
START -5304 756 15168 429 -489 2560 END
START -5584 680 15036 484 -492 2423 END
START -5808 516 15196 529 -501 2244 END
START -5904 524 14836 604 -488 2018 END
START -5816 872 15044 649 -375 1781 END
START -5748 860 14808 670 -227 1534 END
START -5568 720 14932 554 11 1343 END
START -5508 912 14916 391 386 1142 END
START -5396 984 15004 109 771 900 END
START -5388 884 15200 -196 1144 656 END
START -5340 652 15384 -558 1459 401 END
START -5300 732 15696 -871 1745 210 END
START -5300 876 15856 -1159 1972 -29 END
START -5364 1064 15852 -1368 2069 -135 END
START -5368 1024 15832 -1497 2077 -221 END
START -5604 1104 15884 -1609 1971 -259 END
START -5572 1216 15780 -1542 1747 -263 END
START -5532 1004 15448 -1440 1579 -295 END
START -5312 1104 15176 -1305 1392 -272 END
START -5260 852 14812 -1052 1305 -286 END
START -5240 900 14688 -831 1179 -216 END
START -5136 1144 14852 -625 1029 -124 END
START -5016 1028 14880 -440 843 -15 END
START -4836 884 14864 -294 637 112 END
START -4956 736 15016 -147 450 279 END
START -5032 840 15032 16 247 410 END
START -5244 824 15184 165 47 506 END
START -5352 860 15228 234 -204 625 END
START -5484 504 15072 356 -468 672 END
START -5616 416 14972 452 -656 674 END
START -5760 228 14580 517 -775 650 END
START -6024 188 14624 662 -856 599 END
START -6148 60 14204 723 -880 547 END
START -6100 216 14192 778 -772 480 END
START -6412 244 14240 730 -688 437 END
START -6892 264 14368 622 -733 345 END
START -7316 148 14408 535 -804 219 END
START -7496 -236 14600 486 -821 70 END
START -7444 -584 14540 538 -839 -94 END
START -7720 -620 14460 599 -837 -297 END
START -7764 -728 14324 645 -749 -512 END
START -7680 -596 14168 651 -724 -723 END
START -7768 -432 13936 596 -630 -942 END
START -7848 -312 13752 529 -436 -1085 END
START -7840 -172 13688 511 -243 -1278 END
START -7876 28 13544 498 58 -1459 END
START -8020 -108 13528 441 337 -1635 END
START -8084 -152 13772 415 634 -1800 END
START -8188 -76 13856 256 907 -1985 END
START -8240 -16 14028 141 1148 -2181 END
START -8308 8 14304 -35 1286 -2359 END
START -8416 76 14236 -165 1377 -2487 END
START -8612 -144 14172 -260 1392 -2670 END
START -8668 -104 14196 -244 1432 -2807 END
START -8792 -80 14148 -162 1436 -2979 END
START -8740 -100 14032 -47 1345 -3086 END
START -9016 -76 14000 111 1301 -3187 END
START -9084 44 13764 234 1235 -3274 END
START -9328 136 13800 351 1148 -3348 END
START -9348 20 13664 478 1102 -3455 END
START -9540 -68 13672 618 992 -3539 END
START -9596 -348 13888 750 989 -3694 END
START -9696 -304 13784 840 955 -3859 END
START -9920 -472 14012 954 873 -4015 END
START -9908 -340 13916 1021 810 -4144 END
START -10008 -376 13756 1091 694 -4337 END
START -10088 -372 13836 1167 711 -4521 END
START -10148 -388 13852 1194 650 -4736 END
START -10268 -444 13716 1250 624 -4923 END
START -10360 -212 13736 1263 580 -5087 END
START -10508 -152 13756 1236 550 -5280 END
START -10524 -132 13648 1263 511 -5490 END
START -10344 -316 13744 1299 514 -5663 END
START -10572 -200 13680 1319 536 -5866 END
START -10700 136 13644 1367 530 -6043 END
START -10800 -24 13476 1380 572 -6208 END
START -10916 -4 13460 1336 527 -6397 END
START -11020 20 13276 1376 593 -6625 END
START -10932 -176 13252 1362 625 -6832 END
START -11000 -284 13332 1379 650 -7096 END
START -10932 -344 13244 1409 695 -7344 END
START -10852 -540 13140 1386 759 -7630 END
START -10820 -440 13028 1435 903 -7905 END
START -10664 -392 12960 1449 922 -8163 END
START -10704 -240 12708 1468 1019 -8401 END
START -10484 -104 13012 1495 1093 -8603 END
START -10552 -168 13012 1504 1088 -8817 END
START -10364 -48 13028 1560 1043 -9019 END
START -10264 -52 13388 1614 971 -9204 END
START -10264 -32 12992 1700 852 -9349 END
START -9820 -212 12824 1823 839 -9562 END
START -9840 -92 12736 1955 794 -9790 END
START -9896 -156 12716 2108 798 -9965 END
START -9680 -48 12532 2290 802 -10173 END
START -9580 -88 12668 2449 726 -10380 END
START -9516 -168 12796 2633 606 -10640 END
START -9464 -212 12896 2836 472 -10862 END
START -9320 -136 12772 3047 336 -11093 END
START -8812 -84 12916 3241 208 -11322 END
START -8496 32 12824 3383 100 -11524 END
START -8196 240 12784 3485 20 -11690 END
START -7840 552 12756 3529 -67 -11806 END
START -7768 656 12872 3588 -148 -11904 END
START -7392 488 12864 3696 -200 -11972 END
START -7140 444 12780 3853 -264 -12035 END
START -6924 320 12824 4038 -334 -12211 END
START -6556 444 12656 4176 -330 -12345 END
START -6212 636 12524 4332 -291 -12490 END
START -5884 912 12536 4399 -227 -12587 END
START -5400 1064 12212 4482 -63 -12655 END
START -5128 1308 12216 4551 193 -12720 END
START -4788 1384 12256 4538 398 -12750 END
START -4324 1420 12468 4582 686 -12807 END
START -4072 1428 12708 4635 864 -12830 END
START -3828 1636 12920 4675 1043 -12893 END
START -3604 1768 13252 4733 1153 -12938 END
START -3616 1800 13428 4747 1144 -12913 END
START -3440 2008 13548 4741 1153 -12915 END
START -2996 2008 13920 4760 1144 -12876 END
START -2716 1988 14304 4738 1102 -12852 END
START -2252 2080 14192 4739 1116 -12789 END
START -1800 2368 14116 4716 1141 -12728 END
START -1472 2672 13920 4687 1230 -12604 END
START -1208 2852 14244 4690 1340 -12537 END
START -852 3012 14336 4684 1421 -12387 END
START -524 2872 14468 4692 1455 -12307 END
START -444 3004 14804 4715 1435 -12229 END
START -324 3120 15036 4752 1405 -12141 END
START -8 3252 15348 4827 1299 -12043 END
START 132 3440 15732 4911 1124 -11942 END
START 292 3504 16128 4985 891 -11829 END
START 628 3636 16232 5042 630 -11707 END
START 1084 3768 16604 5097 380 -11554 END
START 1392 4012 16552 5205 239 -11397 END
START 1884 4216 16540 5183 79 -11200 END
START 1984 4336 16592 5207 68 -11012 END
START 2356 4512 16604 5144 100 -10842 END
START 2768 4536 16504 5054 256 -10636 END
START 3076 4628 16424 4954 520 -10508 END
START 3256 4572 16552 4792 805 -10381 END
START 3484 4696 16844 4594 1119 -10281 END
START 3548 4692 16960 4457 1453 -10220 END
START 3808 4744 17400 4231 1748 -10112 END
START 3872 4792 17800 3994 2064 -10070 END
START 4072 5000 18252 3700 2375 -10011 END
START 4252 5036 18232 3321 2704 -9990 END
START 4284 5140 18868 2869 3056 -9943 END
START 4400 5120 19372 2403 3284 -9999 END
START 4468 5512 19896 1912 3429 -9994 END
START 4552 5608 19904 1414 3503 -9934 END
START 4828 5580 19984 948 3555 -9850 END
START 4768 5640 20204 603 3525 -9715 END
START 4720 5572 19960 278 3473 -9534 END
START 4804 5736 19976 94 3346 -9330 END
START 5144 5912 20076 -78 3096 -9115 END
START 5308 6276 19956 -126 2783 -8803 END
START 5172 6464 20100 -169 2420 -8395 END
START 5480 6616 20180 -103 1905 -7922 END
START 5692 6644 20388 -62 1344 -7329 END
START 5788 6772 20632 32 642 -6749 END
START 5876 6820 20868 103 -105 -6127 END
START 5884 6752 20796 204 -885 -5510 END
START 5776 6612 20732 285 -1757 -4885 END
START 5904 6464 20572 428 -2597 -4203 END
START 5972 6392 20028 570 -3378 -3590 END
START 6148 6372 19908 768 -4157 -2943 END
START 6012 6352 18744 897 -4616 -2314 END