START -9860 2820 16944 -2311 479 -509 END
START -9272 2692 16388 -2416 563 -930 END
START -8928 2568 15688 -2528 788 -1320 END
START -9264 2564 15984 -2552 914 -1793 END
START -9432 2496 16140 -2532 1033 -2140 END
START -9652 2640 15936 -2463 963 -2475 END
START -9640 2684 15988 -2313 1012 -2782 END
START -9416 2628 15672 -2182 1113 -2992 END
START -9568 2772 15540 -2063 1268 -3158 END
START -9716 2668 15220 -1907 1417 -3333 END
START -9884 2636 15416 -1800 1558 -3471 END
START -9836 2516 15152 -1691 1597 -3674 END
START -9876 2580 15124 -1556 1753 -3860 END
START -9788 2576 14600 -1463 1782 -4026 END
START -9692 2700 14276 -1374 1944 -4186 END
START -9476 2780 13968 -1296 2158 -4401 END
START -9276 2768 13548 -1191 2463 -4540 END
START -9356 2688 13540 -1031 2851 -4711 END
START -9492 2460 13480 -850 3151 -4831 END
START -9560 2308 13560 -630 3390 -4979 END
START -9856 2220 13728 -373 3531 -5194 END
START -10168 2092 14104 -144 3576 -5398 END
START -10336 1932 14304 96 3553 -5708 END
START -10560 1820 14576 313 3428 -6043 END
START -10768 1744 14792 515 3292 -6357 END
START -10696 1668 15092 648 3056 -6735 END
START -10832 1892 15060 788 2820 -7074 END
START -10776 1964 15220 847 2585 -7378 END
START -10724 1992 15084 913 2413 -7736 END
START -10912 2064 15096 910 2239 -8009 END
START -10748 1864 15256 888 2117 -8368 END
START -10720 1692 15180 934 1966 -8695 END
START -10624 1516 15056 926 1895 -9019 END
START -10580 1532 15348 926 1774 -9387 END
START -10504 1648 15428 952 1666 -9722 END
START -10408 1856 15388 938 1541 -10092 END
START -10220 2012 15632 936 1371 -10383 END
START -10056 2328 15656 838 1237 -10661 END
START -9896 2580 15596 748 1061 -10841 END
START -9452 2780 15268 610 916 -10962 END
START -8980 2880 15084 498 874 -11110 END
START -8620 2936 14844 369 914 -11190 END
START -8416 3120 14528 283 1025 -11268 END
START -7940 3160 14252 194 1206 -11344 END
START -7528 2896 13944 124 1469 -11421 END
START -7256 2680 13896 47 1780 -11492 END
START -6972 2572 13764 -22 2109 -11615 END
START -6832 2576 13744 -37 2439 -11706 END
START -6768 2708 13760 -51 2704 -11825 END
START -6512 2872 13912 -80 2924 -11928 END
START -6244 2796 13776 -91 3161 -12077 END
START -6096 2740 13968 -107 3350 -12146 END
START -5784 2796 14064 -142 3534 -12250 END
START -5596 2856 14060 -151 3722 -12348 END
START -5488 2952 14076 -163 3823 -12438 END
START -5444 3148 14256 -142 3863 -12511 END
START -5472 3136 14384 -95 3741 -12577 END
START -5296 3084 14592 19 3622 -12625 END
START -5064 3092 14800 165 3405 -12712 END
START -4768 3088 14768 320 3178 -12760 END
START -4468 3176 14864 485 2906 -12795 END
START -4120 3244 14744 594 2641 -12890 END
START -3784 3428 14820 738 2335 -12887 END
START -3180 3540 14652 907 2127 -12879 END
START -2796 3708 14540 989 1899 -12824 END
START -2308 3800 14608 1105 1747 -12702 END
START -1916 3872 14476 1144 1610 -12595 END
START -1504 3968 14680 1255 1459 -12441 END
START -1172 3908 14804 1256 1373 -12233 END
START -660 3900 14588 1285 1309 -12032 END
START -540 3776 14560 1301 1266 -11832 END
START -76 4056 14560 1316 1288 -11636 END
START 168 3928 14500 1269 1270 -11437 END
START 276 3972 14416 1263 1360 -11248 END
START 408 3892 14392 1249 1453 -11050 END
START 672 3760 14384 1221 1499 -10886 END
START 884 3676 14292 1165 1627 -10711 END
START 1164 3628 14288 1167 1744 -10625 END
START 1376 3620 14124 1137 1858 -10550 END
START 1768 3616 13968 1150 1933 -10445 END
START 1936 3640 13868 1124 2093 -10370 END
START 2168 3856 13872 1154 2246 -10256 END
START 2448 3936 13824 1251 2419 -10092 END
START 2564 3924 13760 1344 2571 -9929 END
START 2820 4164 13984 1424 2762 -9766 END
START 2860 4232 14244 1533 2940 -9557 END
START 2896 4200 14592 1584 3055 -9330 END
START 3028 4308 14676 1553 3155 -9076 END
START 3152 4376 14952 1527 3224 -8864 END
START 3072 4336 15448 1443 3304 -8647 END
START 2876 4244 15504 1328 3265 -8430 END
START 2944 4120 15756 1218 3127 -8269 END
START 2848 4100 15812 1145 2979 -8120 END
START 2804 3880 16024 1127 2856 -8029 END
START 2952 3804 16140 1124 2659 -7897 END
START 2964 3832 16276 1174 2471 -7829 END
START 2892 3792 16368 1200 2236 -7725 END
START 3012 3660 16380 1289 1985 -7713 END
START 3132 3704 16284 1307 1726 -7659 END
START 3208 3704 16380 1365 1424 -7611 END
START 3404 3680 16628 1373 1090 -7629 END
START 3692 3844 16708 1405 764 -7591 END
START 4040 4064 16464 1385 400 -7525 END
START 4540 4364 16692 1402 101 -7411 END
START 4740 4628 16464 1394 -94 -7243 END
START 5144 4884 16384 1357 -337 -7001 END
START 5380 5172 16304 1368 -463 -6732 END
START 5692 5320 16068 1291 -521 -6400 END
START 5980 5412 16128 1321 -455 -6082 END
START 6048 5520 16024 1213 -418 -5721 END
START 6248 5640 15968 1119 -291 -5411 END
START 6488 5548 15956 1009 -159 -5105 END
START 6472 5536 16196 854 -19 -4779 END
START 6548 5524 16236 726 94 -4503 END
START 6496 5508 16320 562 186 -4156 END
START 6456 5460 16388 407 228 -3909 END
START 6384 5344 16580 274 229 -3661 END
START 6456 5352 16608 88 172 -3395 END
START 6360 5296 16736 -65 155 -3113 END
START 6352 5348 16620 -155 95 -2867 END
START 6328 5360 16708 -268 9 -2619 END
START 6336 5272 16652 -394 -61 -2332 END
START 6204 5148 16904 -423 -283 -2096 END
START 6332 5204 16788 -498 -439 -1820 END
START 6256 5216 16792 -525 -593 -1542 END
START 6156 5180 16824 -562 -813 -1227 END
START 6172 5176 16704 -577 -986 -943 END
START 6108 5164 16564 -610 -1168 -617 END
START 6008 5048 16536 -645 -1321 -284 END
START 5880 4968 16236 -651 -1436 23 END
START 5928 4880 16144 -669 -1554 304 END
START 5672 4708 16140 -682 -1648 554 END
START 5748 4612 15808 -643 -1699 780 END
START 5556 4352 15896 -647 -1794 1029 END
START 5536 4280 15692 -606 -1796 1198 END
START 5384 4132 15660 -556 -1803 1406 END
START 5208 4124 15548 -494 -1832 1579 END
START 4984 4020 15364 -443 -1806 1722 END
START 4948 4020 15328 -406 -1790 1924 END