START 3652 -616 9312 2073 3240 2152 END
START 2904 -1664 10188 2046 3314 2409 END
START 1120 -1356 14296 1967 2919 2377 END
START -704 -1352 16048 1902 2914 2386 END
START -2532 -1536 17336 1736 2708 2340 END
START -3104 -1724 17728 1608 2334 2269 END
START -3168 -1580 17548 1408 1911 2165 END
START -2932 -1728 17208 1281 1539 2024 END
START -2812 -1732 16656 1087 1255 1825 END
START -2800 -1876 16336 927 1088 1599 END
START -2896 -1988 16076 769 951 1365 END
START -2912 -2084 15932 634 935 1101 END
START -2932 -2112 15692 559 875 815 END
START -2876 -2268 15576 458 888 516 END
START -2924 -2272 15684 418 878 256 END
START -2960 -2368 15660 350 954 -37 END
START -2964 -2240 15876 277 902 -253 END
START -2980 -2304 16052 244 874 -489 END
START -2912 -2160 16244 153 707 -664 END
START -2676 -2000 16344 46 541 -828 END
START -2676 -1716 16436 -59 381 -931 END
START -2680 -1476 16504 -159 215 -1001 END
START -2676 -1276 16632 -318 12 -1032 END
START -2388 -1272 16684 -458 -183 -976 END
START -2464 -1160 16636 -587 -356 -931 END
START -2268 -1204 16660 -746 -508 -863 END
START -2332 -1168 16528 -857 -621 -817 END
START -2400 -1324 16560 -997 -780 -731 END
START -2428 -1416 16632 -1136 -919 -700 END
START -2456 -1504 16672 -1282 -1062 -684 END
START -2568 -1952 16680 -1375 -1244 -684 END
START -2564 -1996 16596 -1515 -1393 -727 END
START -2628 -1988 16488 -1604 -1532 -816 END
START -2572 -1940 16324 -1673 -1683 -911 END
START -2488 -2156 16280 -1751 -1713 -1017 END
START -2600 -2004 15976 -1815 -1752 -1141 END
START -2536 -2048 15848 -1857 -1790 -1231 END
START -2432 -2096 15832 -1893 -1788 -1313 END
START -2376 -1956 15580 -1927 -1767 -1360 END
START -2224 -1900 15584 -1898 -1744 -1410 END
START -2060 -1888 15540 -1874 -1652 -1430 END
START -2008 -1916 15500 -1840 -1555 -1456 END
START -1876 -1872 15356 -1840 -1507 -1411 END
START -1936 -1860 15316 -1767 -1507 -1385 END
START -1960 -1860 15296 -1727 -1465 -1352 END