START -2828 1504 14288 -366 866 -193 END
START 4624 2520 4712 -327 470 -158 END
START -232 1608 9132 -437 512 12 END
START -1632 1456 13564 -449 1164 238 END
START -1484 1756 13832 -417 1807 553 END
START -1824 1924 14064 -455 2205 834 END
START -2704 2020 14568 -615 2124 1116 END
START -3084 1920 14732 -722 1885 1359 END
START -3260 1728 14628 -825 1734 1525 END
START -3440 1380 14784 -779 1633 1650 END
START -3264 716 14456 -707 1636 1626 END
START -3540 144 14328 -539 1646 1462 END
START -4016 -416 14368 -324 1626 1191 END
START -4348 -1092 14184 -12 1556 856 END
START -4276 -1568 14180 329 1572 366 END
START -4380 -1908 13796 683 1687 -109 END
START -4308 -2032 13524 975 1857 -653 END
START -4084 -2032 13444 1268 2167 -1152 END
START -3876 -1924 13292 1435 2506 -1578 END
START -3908 -1748 13368 1558 2748 -1951 END
START -3584 -1432 13304 1561 3142 -2281 END
START -3340 -1000 13512 1483 3515 -2415 END
START -3044 -484 13776 1336 3956 -2484 END
START -2744 -28 14072 1079 4260 -2442 END
START -2456 288 14456 776 4590 -2339 END
START -2412 700 14916 471 4834 -2100 END
START -2300 1104 15368 114 4995 -1831 END
START -2380 1340 15796 -259 5039 -1475 END
START -2436 1504 16176 -638 4933 -1116 END
START -2516 1696 16440 -927 4730 -728 END
START -2536 1840 16568 -1195 4549 -320 END
START -2500 2052 16596 -1363 4328 41 END
START -2628 2056 16668 -1506 4051 434 END
START -2764 2084 16832 -1616 3676 790 END
START -2920 1892 16676 -1671 3267 1166 END
START -2984 1760 16372 -1645 2800 1517 END
START -3076 1560 16240 -1597 2417 1808 END
START -3236 1364 16092 -1411 2036 2003 END
START -3588 972 15988 -1247 1585 2133 END
START -4208 620 15792 -1069 1148 2223 END
START -4468 348 15428 -775 668 2201 END
START -4556 56 15260 -450 375 2122 END
START -4912 -120 15004 -163 97 1994 END
START -5068 -428 14812 115 -87 1777 END
START -5264 -536 15068 372 -289 1545 END
START -5424 -632 15324 541 -361 1225 END
START -5324 -716 15284 641 -534 932 END
START -5272 -828 15368 664 -576 591 END
START -5224 -648 15576 629 -602 279 END
START -4980 -416 15508 459 -587 -52 END
START -4792 -256 15724 299 -523 -326 END
START -4560 -140 15696 103 -436 -552 END
START -4424 -164 15768 -59 -297 -763 END
START -4384 -28 15520 -228 -182 -924 END
START -4196 -8 15476 -329 -77 -1063 END
START -3972 80 15216 -351 150 -1194 END
START -3852 188 15268 -291 326 -1270 END
START -3832 128 15260 -279 457 -1329 END
START -3708 196 15408 -165 562 -1367 END
START -3672 404 15496 -145 693 -1384 END
START -3608 668 15696 -114 627 -1344 END
START -3524 788 15824 -117 639 -1379 END
START -3492 636 15880 -154 545 -1307 END
START -3504 680 16036 -150 429 -1304 END
START -3268 620 16096 -196 313 -1216 END
START -3192 628 15924 -233 280 -1162 END
START -3044 636 15800 -267 341 -1093 END
START -2920 708 15952 -337 323 -1005 END
START -2852 672 15664 -417 276 -954 END
START -2828 872 15800 -520 318 -808 END
START -2740 804 15956 -552 280 -715 END
START -2652 664 15932 -576 208 -638 END
START -2636 588 16048 -565 165 -514 END
START -2616 516 16008 -520 87 -422 END
START -2636 528 16000 -483 4 -304 END
START -2472 492 16112 -436 -80 -221 END
START -2648 564 16128 -380 -225 -102 END
START -2604 580 16216 -350 -309 -11 END
START -2656 568 16132 -285 -452 88 END
START -2552 512 16200 -285 -533 157 END
START -2628 388 16196 -307 -601 229 END
START -2524 396 16144 -302 -659 287 END
START -2540 400 16108 -344 -711 298 END
START -2532 328 16032 -356 -699 313 END
START -2504 296 15748 -425 -662 303 END
START -2576 312 15792 -501 -614 310 END
START -2244 352 15744 -539 -483 313 END
START -2436 272 15536 -584 -383 297 END
START -2588 188 15756 -545 -264 288 END
START -2684 192 15868 -560 -193 216 END
START -2684 144 16024 -532 -225 151 END
START -2752 64 15876 -488 -266 110 END
START -2580 208 16212 -495 -303 3 END
START -2528 244 16240 -506 -388 -75 END
START -2364 272 16060 -503 -436 -151 END
START -2264 508 16148 -490 -478 -192 END
START -1980 564 16124 -513 -506 -204 END
START -1908 704 16264 -522 -535 -221 END
START -1884 656 16196 -556 -508 -231 END
START -1704 672 16204 -561 -536 -199 END
START -1628 804 16232 -619 -536 -198 END
START -1500 868 16280 -622 -547 -190 END
START -1372 832 16312 -631 -610 -118 END
START -1180 752 16484 -640 -576 -118 END
START -1096 904 16448 -658 -643 -96 END
START -1036 832 16484 -698 -679 -48 END
START -860 860 16640 -691 -678 0 END
START -728 1104 16672 -748 -746 69 END
START -660 1216 16688 -768 -769 128 END
START -572 1380 16620 -802 -821 176 END
START -392 1344 16648 -835 -849 307 END
START -308 1292 16620 -837 -855 374 END
START -184 1368 16692 -853 -889 476 END
START -76 1328 16696 -844 -925 544 END
START 144 1444 16580 -883 -896 649 END
START 308 1584 16548 -872 -924 748 END
START 392 1644 16512 -897 -932 861 END
START 416 1536 16636 -890 -1007 946 END
START 392 1424 16628 -873 -1064 1039 END
START 596 1420 16620 -833 -1136 1070 END
START 736 1364 16664 -827 -1225 1124 END
START 788 1328 16444 -811 -1227 1121 END
START 1080 1332 16428 -786 -1256 1116 END
START 1188 1576 16224 -781 -1235 1112 END
START 1520 1532 16104 -824 -1200 1145 END
START 1624 1664 16260 -844 -1129 1189 END
START 1900 1904 15980 -915 -980 1243 END
START 2116 1936 15976 -1026 -860 1367 END
START 2212 2028 16068 -1172 -759 1419 END
START 2568 2168 16040 -1277 -631 1550 END
START 2616 2256 16040 -1419 -493 1670 END
START 2764 2188 16232 -1543 -414 1852 END
START 2988 2104 16280 -1674 -365 2021 END
START 2988 2120 16156 -1733 -290 2172 END
START 2968 2112 16060 -1826 -218 2371 END
START 3060 2192 16152 -1870 -182 2505 END
START 3024 2152 16088 -1886 -136 2652 END
START 2828 2300 16100 -1876 -105 2885 END
START 2784 2312 16092 -1872 -84 3028 END
START 2720 2316 16312 -1879 -106 3257 END
START 2272 2404 16212 -1829 -63 3524 END
START 2068 2376 16416 -1743 -115 3817 END
START 1876 2404 16444 -1671 -170 4098 END
START 1584 2444 16504 -1591 -210 4422 END
START 1356 2476 16748 -1494 -275 4747 END
START 1044 2444 16988 -1422 -397 5003 END
START 744 2520 17100 -1441 -411 5334 END
START 380 2432 17276 -1473 -531 5627 END
START 244 2416 17276 -1519 -616 5939 END
START -212 2192 17636 -1554 -780 6235 END
START -512 2112 17620 -1680 -945 6445 END
START -804 1920 17688 -1814 -1133 6659 END
START -1024 1548 17868 -1941 -1343 6816 END
START -1360 1304 17836 -2053 -1562 6907 END
START -1600 988 17792 -2211 -1662 6997 END
START -1896 920 17820 -2318 -1771 7024 END
START -2236 856 17820 -2476 -1909 7016 END
START -2356 684 17484 -2574 -2023 6980 END
START -2560 600 17216 -2736 -2066 6957 END
START -2880 400 17196 -2845 -2061 6908 END
START -3040 408 17056 -2884 -2119 6808 END
START -3360 300 16812 -2976 -2106 6758 END
START -3624 200 16848 -3021 -2112 6654 END
START -3960 212 16756 -3026 -2075 6567 END
START -4096 92 16660 -3076 -2106 6513 END
START -4256 72 16364 -3038 -2072 6414 END
START -4644 116 16228 -3086 -2035 6335 END
START -4776 96 16148 -3038 -1943 6250 END
START -4924 0 15900 -3063 -1787 6151 END
START -5200 -92 16044 -3117 -1657 6091 END
START -5384 -124 15896 -3211 -1583 5987 END
START -5600 -140 16112 -3339 -1554 5881 END
START -5688 -192 16032 -3487 -1456 5786 END
START -5652 -264 16208 -3655 -1435 5698 END
START -5964 -292 16452 -3844 -1443 5604 END
START -5992 -312 16484 -3975 -1572 5521 END
START -6140 -308 16600 -4106 -1588 5436 END
START -6184 -416 16424 -4237 -1710 5409 END
START -6196 -384 16060 -4392 -1752 5363 END
START -6220 -340 16036 -4507 -1786 5283 END
START -6412 -436 16016 -4601 -1852 5278 END
START -6452 -380 15592 -4702 -1901 5221 END
START -6396 -436 15380 -4789 -1960 5223 END
START -6516 -612 15188 -4852 -2015 5133 END
START -6564 -652 14876 -4896 -2025 5145 END
START -6640 -768 14688 -4908 -2055 5104 END
START -6708 -788 14240 -4882 -2039 5055 END
START -6828 -784 14000 -4769 -2015 5043 END
START -6960 -920 13632 -4616 -2011 4992 END
START -6976 -992 13620 -4429 -1969 4976 END
START -7128 -1232 13420 -4193 -1976 4932 END
START -7204 -1240 13240 -3972 -1981 4885 END
START -7140 -1304 13196 -3721 -2023 4802 END
START -7320 -1320 13232 -3481 -2108 4704 END
START -7420 -1548 13256 -3231 -2196 4557 END
START -7420 -1544 13052 -2983 -2353 4404 END
START -7456 -1672 13080 -2786 -2441 4266 END
START -7316 -1704 13060 -2551 -2553 4106 END
START -7196 -1756 13056 -2368 -2655 3974 END
START -7136 -1828 12712 -2160 -2700 3824 END
START -7280 -1740 12640 -1949 -2743 3679 END
START -7056 -1660 12388 -1737 -2797 3525 END
START -7060 -1716 12324 -1547 -2826 3392 END
START -7036 -1592 12184 -1310 -2847 3253 END
START -6968 -1616 12052 -1155 -2802 3125 END
START -6944 -1588 12036 -947 -2754 2949 END
START -6692 -1568 11888 -774 -2685 2838 END
START -6632 -1520 12000 -644 -2705 2687 END
START -6448 -1716 11884 -536 -2618 2536 END
START -6380 -1544 11944 -407 -2540 2406 END
START -6296 -1500 11872 -362 -2410 2275 END
START -6100 -1480 11920 -263 -2349 2189 END
START -5948 -1380 11636 -284 -2163 2096 END
START -5768 -1300 11692 -251 -1947 2016 END
START -5568 -1072 11508 -311 -1722 1936 END
START -5616 -916 11416 -339 -1487 1897 END
START -5268 -628 11476 -464 -1208 1892 END
START -5392 -456 11548 -568 -986 1853 END
START -5304 -416 11672 -682 -761 1858 END
START -5372 -384 11792 -799 -664 1872 END
START -5304 -388 12016 -824 -593 1859 END
START -5276 -360 12060 -873 -563 1909 END
START -5256 -384 12092 -833 -599 1909 END
START -5272 -364 12116 -752 -612 1915 END
START -5216 -392 12316 -600 -594 1924 END
START -5200 -304 12240 -505 -596 1931 END
START -5068 -468 12144 -362 -590 1931 END
START -5220 -232 11900 -299 -646 1988 END
START -5328 -148 11952 -165 -610 1969 END
START -5436 44 11836 -55 -635 1967 END
START -5444 0 11768 79 -653 1966 END
START -5560 -96 11732 216 -642 1951 END
START -5656 -288 11872 379 -669 1956 END
START -5824 -252 11872 505 -661 1873 END
START -5864 -384 11888 652 -638 1811 END
START -6016 -260 11888 805 -617 1666 END
START -5972 -264 11744 917 -611 1558 END
START -6164 -236 11740 982 -552 1410 END
START -6004 -344 11828 1086 -538 1264 END
START -6080 -316 11816 1135 -446 1083 END
START -6036 -104 11712 1162 -352 943 END
START -5884 -252 11756 1214 -297 762 END
START -5792 -80 11708 1194 -140 610 END
START -5784 -112 11852 1242 -44 457 END
START -5612 64 11832 1257 35 291 END
START -5496 0 11972 1249 178 211 END
START -5500 44 11988 1235 217 130 END
START -5376 100 11812 1260 277 36 END
START -5240 164 12060 1268 345 -27 END
START -5252 156 12028 1298 351 -98 END
START -5108 264 11952 1335 346 -123 END
START -4968 324 12068 1359 348 -193 END
START -4912 348 11828 1351 347 -246 END
START -4884 424 11684 1339 398 -287 END
START -4808 420 11580 1342 389 -353 END
START -4756 552 11360 1326 456 -466 END
START -4596 604 11360 1313 500 -550 END
START -4408 644 11292 1296 518 -612 END
START -4092 596 11124 1293 562 -667 END
START -4144 644 11068 1256 620 -759 END
START -4208 588 10888 1291 621 -819 END
START -3952 520 10928 1315 713 -909 END
START -3856 476 10940 1380 696 -974 END
START -3596 496 10700 1408 733 -1073 END
START -3524 652 10860 1549 758 -1103 END
START -3304 732 10684 1612 719 -1138 END
START -3264 952 10648 1751 710 -1133 END
START -3016 976 10744 1870 674 -1111 END
START -3008 996 10696 2024 601 -1066 END
START -2952 1248 10632 2174 589 -967 END
START -2724 1344 10788 2361 469 -913 END
START -2704 1508 10540 2502 403 -837 END
START -2628 1616 10520 2671 308 -749 END
START -2592 1664 10380 2831 198 -660 END
START -2452 1676 10468 3020 89 -513 END
START -2484 1756 10376 3195 64 -456 END
START -2552 1812 10224 3418 18 -370 END
START -2560 1892 10248 3639 9 -262 END
START -2556 1916 10040 3866 33 -134 END
START -2692 1960 10036 4074 44 -75 END
START -2820 1944 10040 4274 23 -4 END
START -2936 1976 9988 4406 74 1 END
START -2904 2084 10024 4591 49 -27 END
START -3092 2044 10092 4762 72 -31 END
START -3100 2072 9988 4910 60 -114 END
START -3172 2092 10228 5099 75 -179 END
START -3060 2140 10328 5247 69 -207 END
START -2984 2236 10424 5360 -36 -324 END
START -2964 2356 10300 5508 -88 -354 END
START -2892 2500 10448 5569 -147 -446 END
START -2644 2556 10452 5651 -167 -525 END
START -2696 2684 10248 5761 -192 -572 END
START -2392 2628 10424 5790 -215 -612 END
START -2264 2796 10360 5833 -188 -634 END
START -2048 3032 10388 5887 -207 -644 END
START -1960 3196 10344 5901 -155 -622 END
START -1648 3216 10388 5927 -147 -608 END
START -1476 3348 10472 5868 -115 -560 END
START -1296 3344 10388 5827 -89 -514 END
START -1212 3548 10244 5767 -7 -445 END
START -956 3592 10264 5738 105 -371 END
START -820 3556 10128 5692 232 -308 END
START -884 3528 10096 5683 390 -224 END
START -860 3628 10120 5697 549 -130 END
START -916 3644 9816 5670 766 -85 END
START -952 3688 10004 5700 955 21 END
START -1012 3664 9772 5776 1099 83 END
START -1172 3672 9844 5817 1268 157 END
START -1408 3616 9848 5925 1455 211 END
START -1580 3716 10076 6101 1516 242 END
START -1900 3568 10092 6242 1540 291 END
START -1964 3636 10308 6402 1529 306 END
START -2140 3472 10416 6597 1539 295 END
START -2356 3476 10716 6781 1418 327 END
START -2320 3428 10724 6977 1334 318 END
START -2656 3452 10996 7219 1187 323 END
START -2728 3520 11128 7441 969 350 END
START -2868 3624 11184 7725 794 358 END
START -3012 3688 11564 7990 556 380 END
START -3012 3724 11668 8239 313 391 END
START -3040 3632 11516 8522 76 373 END
START -2872 3516 11816 8728 -104 362 END
START -2796 3532 11780 8968 -288 372 END
START -2540 3384 11784 9194 -373 320 END
START -2560 3492 11948 9406 -406 300 END
START -2292 3516 12020 9588 -447 284 END
START -2184 3544 12196 9708 -351 273 END
START -1928 3704 12084 9807 -241 264 END
START -1744 3872 12364 9856 -106 251 END
START -1608 4092 12464 9840 94 276 END
START -1316 4124 12476 9756 305 330 END
START -1344 4320 12812 9654 471 340 END
START -1224 4300 12944 9552 671 383 END
START -1288 4348 13040 9495 860 423 END
START -1308 4392 13236 9445 1083 438 END
START -1444 4372 13508 9443 1361 496 END
START -1508 4476 13824 9428 1593 486 END
START -1768 4504 14048 9411 1788 510 END
START -1792 4668 14420 9392 2009 476 END
START -1932 4732 14524 9305 2214 453 END
START -2076 4760 14988 9169 2357 420 END
START -2236 4924 15268 8984 2452 366 END
START -2280 4984 15712 8814 2571 323 END
START -2400 5080 15860 8617 2652 337 END
START -2612 5048 16120 8463 2712 365 END
START -2696 5164 16260 8338 2745 394 END
START -2784 5060 16528 8241 2741 498 END
START -2884 4852 16780 8211 2755 572 END
START -2768 4808 16772 8191 2714 636 END
START -2884 4748 17084 8214 2645 652 END
START -3020 4832 17420 8198 2578 685 END
START -3076 4760 17460 8232 2464 723 END
START -3228 4756 17664 8302 2322 737 END
START -3200 4696 17924 8357 2145 785 END
START -3256 4664 18112 8443 1946 852 END
START -3208 4680 18280 8538 1723 896 END
START -3212 4676 18404 8643 1468 973 END
START -3188 4652 18500 8783 1240 1011 END
START -3212 4656 18392 8911 973 1117 END
START -3172 4780 18584 9034 829 1184 END
START -3128 4916 18472 9182 589 1273 END
START -3264 4884 18496 9275 469 1351 END
START -3400 4968 18564 9375 366 1469 END
START -3456 4960 18652 9427 245 1551 END
START -3584 4912 18724 9448 205 1583 END
START -3572 4724 18800 9463 110 1619 END
START -3612 4520 19028 9464 117 1617 END
START -3652 4328 19128 9375 36 1608 END
START -3780 4188 19340 9308 11 1558 END
START -3784 4148 19388 9153 6 1494 END
START -3740 4216 19364 9057 48 1409 END
START -3768 4216 19560 8876 87 1276 END
START -3712 4300 19660 8673 189 1192 END
START -3512 4300 19596 8510 271 1055 END
START -3448 4376 19784 8280 428 945 END
START -3436 4368 19748 8024 606 890 END
START -3384 4476 19928 7726 805 774 END
START -3400 4476 20004 7438 1024 666 END
START -3340 4732 20136 7096 1222 594 END
START -3192 4804 20272 6789 1423 506 END
START -3268 5024 20428 6464 1565 421 END
START -3208 5432 20684 6090 1701 349 END
START -3400 5700 20916 5767 1812 309 END
START -3480 5836 20960 5449 1922 298 END
START -3400 5960 21148 5155 2002 309 END
START -3508 5912 21328 4853 2025 308 END
START -3664 5996 21364 4571 2123 331 END
START -3712 6076 21760 4340 2134 338 END
START -3828 6116 21832 4043 2075 342 END
START -3972 6092 21972 3810 1964 375 END
START -4056 5952 22016 3576 1806 362 END
START -4320 6052 22112 3321 1624 360 END
START -4376 5924 22080 3108 1400 370 END
START -4464 5928 22180 2948 1187 429 END
START -4724 5604 22432 2936 961 507 END
START -4768 5436 22412 2953 582 616 END
START -5004 5428 22304 3001 260 689 END
START -5092 5328 22468 3108 -91 764 END
START -5256 5212 22348 3129 -456 817 END
START -5248 5004 22308 3153 -790 920 END
START -5512 5024 22372 3104 -1170 1028 END
START -5436 4820 22012 3136 -1427 1145 END
START -5500 4744 21732 3119 -1589 1271 END
START -5552 4516 21608 3138 -1733 1379 END
START -5700 4396 21232 3054 -1702 1450 END
START -5820 4228 20968 2928 -1665 1456 END
START -6064 4168 20808 2762 -1606 1474 END
START -6216 4080 20432 2559 -1507 1424 END
START -6372 4036 20504 2309 -1290 1364 END
START -6528 3804 20356 2055 -1067 1279 END
START -6732 3648 20248 1807 -812 1198 END
START -6768 3624 20020 1555 -587 1054 END
START -6980 3484 19992 1268 -310 899 END
START -7036 3344 19796 955 -47 685 END
START -7140 3192 19624 668 164 509 END
START -7316 3248 19620 322 440 262 END
START -7492 3024 19392 40 687 27 END
START -7592 3084 19516 -172 884 -174 END
START -7548 3080 19200 -400 1020 -402 END
START -7620 3016 19320 -593 1189 -652 END
START -7784 2976 19100 -779 1268 -875 END
START -7864 3092 18904 -929 1349 -1125 END
START -7744 3180 18724 -1085 1375 -1320 END
START -7684 3068 18444 -1202 1449 -1526 END
START -7504 3120 18320 -1289 1467 -1669 END
START -7408 3056 18108 -1389 1525 -1845 END
START -7484 3192 17928 -1446 1636 -1996 END
START -7288 3300 17488 -1539 1715 -2075 END
START -7364 3448 17468 -1562 1772 -2165 END
START -7248 3460 17160 -1623 1863 -2251 END
START -7336 3432 17068 -1648 1949 -2278 END
START -7100 3492 16952 -1699 2027 -2302 END
START -7264 3376 16920 -1729 2090 -2333 END
START -7348 3316 16852 -1711 2070 -2345 END
START -7368 3552 16872 -1725 2087 -2348 END
START -7592 3448 16776 -1679 2038 -2336 END
START -7616 3336 16664 -1658 2026 -2318 END
START -7828 3348 16548 -1633 1929 -2314 END
START -7916 3320 16480 -1600 1881 -2359 END
START -7964 3164 16180 -1542 1818 -2376 END
START -7900 3128 16016 -1525 1738 -2473 END
START -8104 3240 15880 -1460 1635 -2473 END
START -8084 3152 15956 -1450 1505 -2583 END
START -8212 3164 15656 -1406 1398 -2643 END
START -8196 3144 15496 -1345 1318 -2703 END
START -8128 2848 15136 -1271 1176 -2823 END
START -8292 2688 14976 -1151 1087 -2943 END
START -8248 2748 14776 -1012 1006 -3078 END
START -8288 2412 14720 -806 934 -3308 END
START -8272 2380 14556 -598 860 -3498 END
START -8216 2420 14332 -357 847 -3718 END
START -8260 2372 14372 -158 808 -3938 END
START -8244 2344 14292 37 774 -4135 END
START -8220 2356 14340 228 777 -4360 END
START -8164 2392 14192 384 752 -4562 END
START -8108 2628 14332 476 764 -4793 END
START -8080 2596 14244 529 750 -4970 END
START -7980 2664 14304 607 774 -5176 END
START -7772 2764 14280 620 839 -5347 END
START -7728 2788 14440 608 914 -5506 END
START -7640 3032 14180 559 945 -5612 END
START -7456 3168 14256 477 1069 -5731 END
START -7216 3324 14104 365 1211 -5830 END
START -7056 3456 13820 228 1454 -5896 END
START -6856 3720 13900 94 1694 -5962 END
START -6740 3816 13852 -57 1893 -5966 END
START -6784 3788 14060 -147 2097 -6010 END
START -6836 3712 14040 -256 2166 -6003 END
START -6864 3744 14232 -317 2180 -6023 END
START -7048 3800 14408 -298 2157 -6076 END
START -7040 3788 14304 -262 2039 -6122 END
START -7124 3776 14320 -190 1847 -6201 END
START -7240 3744 14232 -75 1610 -6270 END
START -7096 3764 14420 99 1352 -6365 END
START -7084 3740 14316 304 1058 -6406 END
START -7076 3648 14244 501 795 -6475 END
START -6960 3836 14108 772 403 -6529 END
START -6860 3856 14236 1009 73 -6574 END
START -6764 3776 14172 1294 -260 -6658 END
START -6696 3812 14128 1542 -549 -6707 END
START -6320 3684 13948 1811 -783 -6825 END
START -5968 3676 13636 1989 -971 -6940 END
START -5816 3868 13480 2193 -1017 -7054 END
START -5548 4032 13412 2337 -1026 -7164 END
START -5236 4172 13244 2440 -972 -7266 END
START -5008 4144 13244 2496 -844 -7389 END
START -4824 4392 13000 2549 -652 -7443 END
START -4420 4492 13084 2547 -410 -7549 END
START -4216 4680 13156 2592 -216 -7562 END
START -3836 4896 13160 2588 55 -7596 END
START -3656 5244 13248 2613 308 -7656 END
START -3280 5356 13292 2612 548 -7670 END
START -3008 5528 13588 2536 721 -7668 END
START -2812 5636 13632 2505 850 -7675 END
START -2584 5736 13648 2487 957 -7655 END
START -2376 5964 13892 2438 1038 -7612 END
START -2184 6072 13984 2448 1062 -7609 END
START -1772 6344 14112 2509 1114 -7539 END
START -1424 6548 14192 2546 1156 -7433 END
START -1184 6824 14108 2548 1183 -7371 END
START -932 6940 14272 2585 1223 -7205 END
START -728 7124 14540 2603 1202 -7071 END
START -336 7148 14696 2555 1117 -6882 END
START -124 7172 14700 2505 1058 -6684 END
START 92 7324 14852 2473 962 -6433 END
START 332 7372 15028 2436 826 -6252 END
START 580 7508 15168 2441 771 -6031 END
START 880 7596 15316 2374 660 -5771 END
START 884 7728 15628 2339 566 -5485 END
START 1172 7844 15652 2273 465 -5215 END
START 1308 7976 15840 2187 378 -4832 END
START 1416 8116 15916 2135 247 -4495 END
START 1588 8188 16020 1982 163 -4181 END
START 1632 8300 16292 1926 48 -3834 END
START 1632 8408 16176 1729 -13 -3502 END
START 1580 8432 16132 1626 -50 -3188 END
START 1760 8476 16168 1480 -80 -2848 END
START 1832 8432 16044 1402 -25 -2547 END
START 1884 8504 16240 1228 21 -2296 END
START 2088 8396 16068 1088 172 -2015 END
START 2092 8424 16044 905 363 -1723 END
START 2028 8424 16064 752 548 -1478 END
START 1944 8316 16132 528 810 -1286 END
START 1900 8240 16080 366 1026 -1112 END
START 1716 8164 16248 122 1241 -940 END
START 1520 8080 16164 -48 1433 -751 END
START 1284 7988 16396 -202 1597 -666 END
START 872 7640 16676 -331 1680 -570 END
START 288 7396 16864 -485 1727 -560 END
START 64 7020 17248 -527 1622 -572 END
START -304 6748 17248 -585 1504 -568 END
START -588 6584 17308 -549 1362 -653 END
START -764 6368 17428 -504 1241 -719 END
START -1012 6324 17548 -414 1045 -785 END
START -1348 6188 17456 -328 784 -817 END
START -1420 6132 17456 -270 662 -835 END
START -1604 6168 17452 -248 468 -868 END
START -1572 6048 17464 -225 333 -834 END
START -1764 5948 17292 -301 259 -806 END
START -1980 5908 17348 -363 91 -779 END
START -2240 5784 17508 -425 -16 -758 END
START -2320 5712 17500 -510 -158 -754 END
START -2408 5656 17488 -576 -291 -764 END
START -2748 5404 17620 -601 -398 -793 END
START -2904 5100 17644 -602 -625 -818 END
START -3036 5144 17788 -590 -854 -880 END
START -2996 4812 17852 -516 -1088 -939 END
START -2984 4704 17844 -450 -1286 -978 END
START -2976 4596 17716 -405 -1513 -971 END
START -2948 4684 17728 -362 -1648 -997 END
START -2800 4844 17632 -349 -1843 -942 END
START -2640 4876 17684 -329 -1936 -890 END
START -2304 4956 17576 -331 -2026 -809 END
START -2312 4932 17760 -356 -2027 -659 END
START -2200 5096 17932 -365 -2038 -535 END
START -2180 5172 17860 -373 -2082 -362 END
START -2048 5180 17916 -390 -2074 -184 END
START -1900 5096 17800 -414 -1996 17 END
START -2144 5024 18364 -449 -2013 150 END
START -2268 4932 18548 -524 -2059 334 END
START -2392 4892 18740 -554 -2091 512 END
START -2448 4752 18928 -612 -2134 675 END
START -2688 4704 19012 -647 -2236 835 END
START -2884 4544 19172 -675 -2265 967 END
START -2972 4632 19376 -740 -2386 1108 END
START -3144 4360 19772 -727 -2481 1211 END
START -3404 4224 19916 -766 -2548 1372 END
START -3620 4112 20176 -772 -2622 1429 END
START -3848 3964 20440 -829 -2738 1539 END
START -4140 3836 20688 -929 -2822 1575 END
START -4356 3816 20796 -1016 -2903 1604 END
START -4548 3596 21016 -1146 -2982 1629 END
START -4820 3488 21084 -1262 -3076 1611 END
START -4992 3400 21188 -1387 -3070 1571 END
START -4928 3344 21328 -1550 -2976 1534 END
START -5256 3300 21100 -1701 -2939 1456 END
START -5336 3140 21176 -1905 -2794 1378 END
START -5504 3120 21168 -2092 -2632 1243 END
START -5304 3024 21280 -2348 -2467 1073 END
START -5276 2980 21328 -2581 -2220 892 END
START -5152 3040 21336 -2860 -1934 706 END
START -5108 3092 21436 -3138 -1660 506 END
START -4816 3168 21720 -3420 -1384 367 END
START -4844 3380 21976 -3709 -1140 247 END
START -4896 3388 22128 -4089 -894 231 END
START -4644 3444 22276 -4445 -713 134 END
START -4564 3396 22312 -4845 -542 93 END
START -4732 3424 22428 -5225 -411 59 END
START -4700 3416 22660 -5584 -334 21 END
START -4808 3264 22752 -5906 -246 -14 END
START -4932 3336 22976 -6186 -255 -64 END
START -5076 3312 23024 -6474 -321 -26 END
START -5268 3272 23064 -6680 -403 -45 END
START -5348 3272 23080 -6906 -554 -40 END
START -5528 3176 23020 -7072 -774 -63 END
START -5620 3176 22996 -7245 -969 -60 END
START -5768 3124 22904 -7384 -1205 -109 END
START -5896 3040 22776 -7525 -1441 -134 END
START -5840 3004 22608 -7658 -1736 -119 END
START -5924 3012 22416 -7753 -1989 -142 END
START -5928 2960 22504 -7846 -2269 -153 END
START -5828 3052 22368 -7946 -2476 -175 END
START -5524 3068 22224 -8033 -2718 -226 END
START -5252 3288 22252 -8159 -2745 -230 END
START -5056 3600 21904 -8381 -2824 -183 END
START -4732 3720 22072 -8674 -2824 -117 END
START -4500 3920 22044 -9027 -2695 2 END
START -4152 4044 22052 -9458 -2635 73 END
START -4108 4220 22004 -9952 -2475 182 END
START -3948 4364 21952 -10501 -2297 241 END
START -3828 4272 21784 -11033 -2128 273 END
START -3828 4312 21472 -11646 -1842 290 END
START -3852 4444 21500 -12208 -1573 289 END
START -3788 4624 20996 -12724 -1275 301 END
START -3760 4528 20636 -13248 -936 277 END
START -3784 4604 20528 -13742 -647 267 END
START -3824 4504 20184 -14146 -276 186 END
START -3872 4332 20000 -14536 3 143 END
START -3988 4312 19828 -14837 235 119 END
START -4260 4184 19720 -15144 333 63 END
START -4580 4176 19784 -15324 358 10 END
START -4720 4212 19784 -15433 277 -46 END
START -4988 4200 19932 -15453 88 -85 END
START -5148 4100 19880 -15445 -170 -108 END
START -5348 3928 19992 -15353 -613 -117 END
START -5604 3832 19608 -15159 -1062 -119 END
START -5640 3872 19352 -14986 -1459 -107 END
START -5660 3884 18832 -14777 -1936 -127 END
START -5644 3976 18420 -14612 -2275 -61 END
START -5488 4084 17732 -14452 -2551 -73 END
START -5392 4060 16892 -14292 -2762 -84 END
START -5404 4032 16852 -14068 -2983 -50 END
START -5448 3976 16492 -13852 -3160 -10 END
START -5232 3864 15724 -13599 -3293 23 END
START -5140 3796 15340 -13303 -3300 97 END
START -5000 3700 14684 -13011 -3260 116 END
START -5028 3620 14144 -12707 -3239 138 END
START -4940 3584 14008 -12412 -3211 123 END
START -4748 3468 13752 -12236 -3226 113 END
START -4616 3404 13408 -11992 -3199 77 END
START -4496 3412 13148 -11840 -3140 28 END
START -4224 3412 12924 -11766 -3082 40 END
START -3960 3300 12508 -11693 -2974 40 END
START -3772 3332 12104 -11659 -2848 71 END
START -3464 3276 11380 -11664 -2634 107 END
START -3260 3264 11072 -11628 -2275 186 END
START -3148 3140 10356 -11554 -1959 204 END
START -2988 2928 9932 -11386 -1609 257 END
START -2780 2788 9672 -11247 -1289 315 END
START -2640 2676 9140 -11079 -951 296 END
START -2464 2388 8892 -10872 -613 294 END
START -2332 2280 8700 -10636 -303 335 END
START -2304 2224 8624 -10340 -58 311 END
START -2388 2228 8548 -10095 189 298 END
START -2320 2256 8412 -9826 321 307 END
START -2380 2312 8368 -9564 448 253 END
START -2312 2336 8364 -9349 512 245 END
START -2388 2304 8608 -9189 545 254 END
START -2288 2244 8156 -9012 572 254 END
START -2188 2196 8324 -8835 571 266 END
START -2208 2064 8200 -8676 573 279 END
START -2296 1988 8008 -8436 563 271 END
START -2284 1888 7880 -8209 521 295 END
START -2368 1660 7776 -7951 455 247 END
START -2420 1740 7852 -7648 299 214 END
START -2660 1612 7884 -7341 135 168 END
START -2712 1616 7900 -7000 -65 146 END
START -2836 1644 8012 -6682 -302 132 END
START -2960 1512 7964 -6323 -592 123 END
START -2944 1480 7820 -5995 -897 137 END
START -2916 1192 8168 -5615 -1233 109 END
START -2748 996 8168 -5286 -1539 84 END
START -2612 1016 8284 -4926 -1753 64 END
START -2432 864 8204 -4615 -1957 40 END
START -1896 1020 8216 -4366 -2031 7 END
START -1632 1180 8288 -4115 -1946 67 END
START -1308 1528 8148 -4059 -1786 185 END
START -1180 2064 8376 -4069 -1508 425 END
START -1008 2392 8472 -4232 -1232 693 END
START -904 2636 8660 -4461 -1001 978 END
START -944 2524 8752 -4727 -728 1226 END
START -1004 2676 8756 -5007 -477 1478 END
START -1260 2300 8852 -5247 -305 1680 END
START -1412 2076 8640 -5429 -153 1867 END
START -1484 2064 8728 -5497 3 2008 END
START -1780 1956 8372 -5513 107 2095 END
START -1884 1748 8124 -5442 257 2205 END
START -2060 1736 7984 -5239 351 2288 END
START -2292 1488 7548 -5043 475 2374 END
START -2696 1284 7280 -4715 515 2406 END
START -3056 1132 7328 -4358 582 2350 END
START -3336 1036 7168 -3999 641 2344 END
START -3400 996 7304 -3592 620 2304 END
START -3788 928 7528 -3172 545 2241 END
START -3892 888 7548 -2720 457 2157 END
START -4116 1020 7776 -2305 271 2093 END
START -4128 844 8168 -1840 23 1976 END
START -4056 804 8240 -1451 -156 1953 END
START -3960 576 8724 -1083 -379 1892 END
START -3996 452 8952 -741 -597 1855 END
START -3916 688 9308 -491 -792 1781 END
START -3984 828 9440 -260 -996 1759 END
START -4024 1060 9964 -114 -1261 1682 END
START -4004 1116 10248 -47 -1480 1637 END
START -4052 1196 10672 32 -1749 1618 END
START -4104 1296 10844 22 -2037 1529 END
START -3884 1492 11444 -24 -2286 1482 END
START -3188 1400 12032 -144 -2369 1403 END
START -3720 1668 12288 -459 -2642 1356 END
START -4336 1956 12780 -878 -3195 1369 END
START -4532 2084 13172 -1386 -4026 1328 END
START -4164 2068 13008 -1890 -4606 1300 END
START -3748 2112 12244 -2330 -4987 1270 END
START -3552 2172 11604 -2814 -5186 1217 END
START -3460 2172 10976 -3134 -5196 1149 END