START -1472 5744 15896 -3144 1484 3439 END
START -700 6368 17208 -3657 -96 3947 END
START -1500 5488 13612 -3624 149 4719 END
START 364 4948 11316 -3804 514 5316 END
START -156 4776 12052 -3747 864 5964 END
START -396 4024 11892 -3551 1526 6464 END
START -576 3112 11452 -3287 2267 6912 END
START -872 2208 10868 -2852 2964 7245 END
START -1152 1196 10896 -2284 3693 7471 END
START -1572 324 10728 -1600 4509 7525 END
START -1376 -544 10872 -867 5412 7419 END
START -1568 -1064 11104 -205 6303 7086 END
START -2068 -1640 11280 490 7199 6555 END
START -2912 -1908 12060 1012 7858 5781 END
START -3704 -1588 12568 1365 8374 4803 END
START -4488 -920 13220 1536 8609 3787 END
START -5360 -480 13664 1633 8692 2728 END
START -5800 -324 14292 1589 8651 1708 END
START -6008 -452 14792 1606 8478 815 END
START -5828 -784 15372 1611 8229 28 END
START -5536 -920 15724 1625 7922 -634 END
START -5192 -1000 16260 1592 7511 -1267 END
START -5104 -1040 16812 1486 7039 -1866 END
START -4752 -1132 17276 1346 6472 -2442 END
START -4408 -1208 17476 1241 5930 -2927 END
START -3956 -1268 17568 1138 5488 -3384 END
START -3668 -908 17332 1094 5070 -3762 END
START -3520 -104 16840 1110 4770 -3985 END
START -3308 928 16368 1206 4551 -4076 END
START -2764 1912 15532 1338 4574 -3952 END
START -2332 2480 15144 1450 4750 -3669 END
START -1828 2788 14784 1498 5011 -3245 END
START -1468 2956 14812 1522 5316 -2718 END
START -1580 3076 15036 1497 5480 -2173 END
START -1696 3056 15524 1500 5485 -1525 END
START -1844 3032 16048 1437 5351 -964 END
START -2252 2932 16576 1361 5050 -416 END
START -2576 2888 16988 1273 4545 78 END
START -3032 2844 17072 1247 3920 508 END
START -3284 2640 17212 1290 3268 964 END
START -3344 2308 16808 1437 2589 1364 END
START -3328 2056 16516 1626 1960 1705 END
START -3332 1972 16092 1885 1532 1994 END
START -3276 1760 15756 2069 1172 2248 END
START -3260 1772 15376 2309 943 2475 END
START -3276 1600 15284 2445 859 2628 END
START -3464 1460 15428 2542 797 2795 END
START -3576 1508 15672 2554 779 2861 END
START -3656 1512 15852 2477 781 2910 END
START -4044 1384 16216 2303 785 2867 END
START -4436 1288 16708 2070 714 2764 END
START -4744 1188 17000 1811 557 2598 END
START -4904 920 17172 1585 307 2347 END
START -5200 680 17440 1418 73 2039 END
START -5460 544 17140 1304 -165 1726 END
START -5544 596 17188 1264 -337 1330 END
START -5564 684 16952 1202 -436 963 END
START -5544 624 16808 1184 -461 599 END
START -5420 364 16844 1128 -524 190 END
START -5280 264 16808 1080 -571 -127 END
START -5056 164 16500 1061 -492 -492 END
START -4916 616 16524 1034 -331 -822 END
START -4692 924 16628 981 -184 -1073 END
START -4744 1248 16384 916 -76 -1218 END
START -4684 1600 16476 829 126 -1346 END
START -4668 1756 16704 792 269 -1369 END
START -4348 1604 16964 791 412 -1412 END
START -4312 1560 17180 766 571 -1398 END
START -4288 1440 17568 730 548 -1417 END
START -4112 1692 18072 706 553 -1362 END
START -4092 1736 18276 579 523 -1309 END
START -4020 1876 18516 454 462 -1205 END
START -4128 2116 18692 310 321 -1053 END
START -4192 2048 18768 186 143 -863 END
START -4396 1908 18888 127 -36 -654 END
START -4616 1572 19088 186 -245 -470 END
START -4848 1428 19220 279 -504 -278 END
START -4924 1168 19372 426 -782 -165 END
START -5248 1092 19404 640 -1145 -14 END
START -5448 1008 19596 813 -1584 71 END
START -5656 988 19524 989 -1857 197 END
START -5640 864 19516 1139 -2099 314 END
START -5768 632 19848 1216 -2371 407 END
START -5840 468 19976 1284 -2521 433 END
START -5884 348 20080 1285 -2714 456 END
START -5912 316 20232 1206 -2787 443 END
START -5996 20 20492 1102 -2824 404 END
START -5840 -392 20716 1026 -2830 320 END
START -5860 -604 20976 917 -2723 220 END
START -5796 -728 21148 799 -2634 82 END
START -5604 -820 21320 564 -2468 -39 END
START -5620 -864 21424 318 -2219 -177 END
START -5616 -712 21416 5 -1900 -282 END
START -5664 -628 21616 -283 -1528 -351 END
START -5680 -448 21356 -572 -1069 -436 END
START -5652 -264 21360 -842 -569 -484 END
START -5596 -36 21528 -1110 53 -576 END
START -5896 52 22024 -1411 626 -624 END
START -5816 160 22436 -1796 1120 -625 END
START -5956 168 22636 -2165 1624 -653 END
START -6252 148 23224 -2582 2043 -612 END
START -6484 44 23668 -3023 2354 -562 END
START -6876 88 24188 -3427 2606 -518 END
START -7260 -136 24656 -3817 2748 -494 END
START -7628 -256 24868 -4206 2772 -528 END
START -7980 -464 25148 -4513 2712 -559 END
START -8200 -552 25292 -4803 2653 -688 END
START -8416 -560 25376 -5080 2580 -838 END
START -8628 -872 25364 -5300 2400 -1042 END
START -8744 -972 25156 -5482 2276 -1219 END
START -8588 -1192 25144 -5671 2176 -1429 END
START -8580 -1276 25140 -5848 2090 -1625 END
START -8588 -1380 25136 -5972 2044 -1781 END
START -8504 -1316 25088 -6175 1949 -1910 END
START -8536 -1240 24984 -6320 1851 -2063 END
START -8308 -1244 24924 -6494 1702 -2178 END
START -8240 -1208 24724 -6645 1556 -2277 END
START -8012 -980 24480 -6833 1403 -2343 END
START -7796 -756 24556 -6961 1263 -2365 END
START -7712 -712 24540 -7078 1142 -2367 END
START -7796 -820 24440 -7207 983 -2363 END
START -7496 -716 24104 -7318 810 -2333 END
START -7296 -544 23860 -7405 752 -2288 END
START -7064 -264 23424 -7581 659 -2242 END
START -7016 -96 23148 -7749 599 -2179 END
START -6940 -52 22600 -7918 605 -2055 END
START -6752 -20 22124 -8089 709 -1979 END
START -6540 -116 21892 -8247 845 -1912 END
START -6420 -152 21544 -8441 941 -1844 END
START -6444 -324 21252 -8631 1020 -1833 END
START -6148 -316 20928 -8805 1145 -1830 END
START -5932 -564 20288 -8899 1362 -1833 END
START -5752 -676 19904 -9088 1555 -1869 END
START -5492 -976 19520 -9226 1777 -1904 END
START -5356 -864 19076 -9413 2013 -1983 END
START -5184 -800 18576 -9596 2301 -2009 END
START -5012 -648 18236 -9802 2623 -2108 END
START -5136 -552 17692 -9968 3009 -2136 END
START -5100 -684 17488 -10143 3377 -2236 END
START -5096 -848 17424 -10260 3729 -2372 END
START -5072 -932 16912 -10326 4117 -2552 END
START -5172 -1024 16856 -10475 4461 -2791 END
START -5072 -964 16628 -10545 4802 -3070 END
START -5236 -844 16548 -10650 5088 -3364 END
START -5092 -728 16496 -10772 5258 -3657 END
START -5108 -680 16700 -10878 5348 -3960 END
START -5144 -572 16816 -10990 5162 -4233 END
START -4956 -348 16892 -11041 4978 -4428 END
START -4772 -48 16700 -11093 4709 -4586 END
START -4384 268 16308 -11123 4393 -4677 END
START -4216 464 16160 -11112 4090 -4711 END
START -3876 676 15648 -11029 3811 -4734 END
START -3564 828 15080 -10909 3594 -4715 END
START -3300 924 14596 -10741 3326 -4662 END
START -3080 1064 14180 -10582 3142 -4585 END
START -2908 1068 13876 -10374 2910 -4495 END
START -2700 1300 13528 -10173 2643 -4367 END
START -2392 1196 13036 -9976 2395 -4277 END
START -2344 1300 12992 -9776 2126 -4151 END
START -2112 1272 12560 -9549 1863 -4038 END
START -1976 1320 12424 -9351 1622 -3936 END
START -1900 1364 12160 -9197 1411 -3831 END
START -1720 1364 11828 -9053 1205 -3726 END
START -1424 1348 11552 -8959 937 -3666 END
START -1288 1380 10892 -8890 713 -3566 END
START -1172 1444 10420 -8769 570 -3463 END
START -952 1624 9940 -8616 458 -3392 END
START -756 1648 9300 -8550 378 -3330 END
START -716 1760 9072 -8434 296 -3224 END
START -552 1716 8600 -8305 229 -3180 END
START -544 1688 8228 -8169 161 -3143 END
START -532 1596 7752 -8026 38 -3118 END
START -328 1640 7016 -7866 -40 -3135 END
START -296 1588 6720 -7662 -122 -3190 END
START -148 1596 6132 -7425 -167 -3195 END
START -72 1644 5708 -7191 -209 -3294 END
START 60 1680 5432 -6935 -201 -3342 END
START 152 1748 5000 -6708 -232 -3417 END
START 144 1972 4620 -6476 -276 -3456 END
START 360 2124 4288 -6221 -309 -3480 END
START 672 2248 3896 -5974 -360 -3519 END
START 732 2224 3788 -5740 -411 -3534 END
START 956 2372 3616 -5516 -498 -3511 END
START 1092 2464 3528 -5219 -571 -3447 END
START 1204 2696 3136 -4984 -702 -3341 END
START 1188 2988 2984 -4666 -826 -3177 END
START 1356 3056 2792 -4430 -1004 -3038 END
START 1344 3116 2556 -4039 -1218 -2856 END
START 1304 3132 2396 -3716 -1555 -2691 END
START 1340 3128 2100 -3331 -1857 -2481 END
START 1400 3300 1828 -2925 -2176 -2279 END
START 1304 3420 1576 -2542 -2488 -2107 END
START 1164 3536 1160 -2140 -2751 -1893 END
START 1164 3776 728 -1731 -3037 -1733 END
START 1144 3876 364 -1347 -3222 -1547 END
START 1248 3900 -196 -980 -3339 -1385 END
START 1280 4000 -256 -646 -3409 -1195 END
START 1140 3956 -484 -277 -3429 -1049 END
START 1096 4092 -704 60 -3448 -838 END
START 1136 4176 -808 351 -3412 -686 END
START 1164 4152 -964 633 -3349 -538 END
START 1172 4096 -1208 877 -3282 -375 END
START 1204 4300 -1260 1102 -3099 -274 END
START 1132 4256 -1232 1274 -2946 -109 END
START 1060 4168 -1396 1502 -2748 18 END
START 1004 4240 -1480 1706 -2538 117 END
START 872 4160 -1608 1915 -2300 219 END
START 896 3940 -1596 2143 -2038 303 END
START 676 3948 -1620 2328 -1823 332 END
START 440 3820 -1496 2567 -1607 375 END
START 324 3776 -1520 2800 -1431 385 END
START 212 3652 -1568 3030 -1268 324 END
START -156 3704 -1468 3307 -1138 317 END
START -264 3648 -1396 3613 -1079 276 END
START -292 3588 -1288 3966 -1090 189 END
START -360 3604 -1424 4334 -1043 165 END
START -460 3568 -1132 4777 -1043 87 END
START -512 3468 -1020 5155 -1075 43 END
START -672 3476 -816 5584 -1151 39 END
START -864 3532 -684 6014 -1311 -3 END
START -900 3536 -424 6417 -1396 3 END
START -892 3528 -368 6842 -1555 -32 END
START -936 3512 -160 7243 -1615 -52 END
START -952 3636 -88 7638 -1783 -77 END
START -992 3576 264 8051 -1914 -105 END
START -824 3704 284 8426 -2035 -79 END
START -616 3672 504 8759 -2116 -53 END
START -604 3584 588 9159 -2149 6 END
START -420 3716 560 9531 -2163 66 END
START -180 3828 592 9880 -2083 140 END
START -120 3828 952 10240 -2046 247 END
START -152 3952 1108 10578 -1966 340 END
START -100 4112 1536 10991 -1855 506 END
START -92 4200 1976 11328 -1803 599 END
START -264 4284 2488 11629 -1763 738 END
START -128 4356 2916 12236 -1700 812 END
START -320 4448 3352 12203 -1714 966 END
START -444 4468 3792 12757 -1747 1071 END
START -544 4600 4256 12941 -1782 1209 END
START -744 4804 4720 13222 -1895 1349 END
START -860 4952 5120 13548 -1966 1463 END
START -1172 5076 5548 13847 -2049 1618 END
START -1444 5052 6136 14179 -2098 1755 END
START -1656 5268 6408 14494 -2080 1848 END
START -1876 5492 6792 14818 -2137 1950 END
START -2144 5788 6884 15012 -2108 2037 END
START -2268 6044 7384 15260 -2028 2128 END
START -2416 6144 7648 15396 -1872 2223 END
START -2516 6088 7988 15538 -1646 2343 END
START -2640 5952 8368 15572 -1399 2439 END
START -2916 5900 9028 15634 -1213 2506 END
START -3256 5768 9588 15626 -1004 2542 END
START -3384 5648 10240 15588 -934 2550 END
START -3420 5364 10844 15585 -778 2497 END
START -3556 4940 11364 15628 -718 2457 END
START -3564 4668 11520 15576 -538 2289 END
START -3464 4244 11956 15584 -373 2159 END
START -3372 4052 12084 15582 -156 1953 END
START -3148 3816 12628 15569 144 1744 END
START -3056 3572 13028 15491 401 1553 END
START -2896 3516 13384 15429 595 1352 END
START -2652 3328 14020 15347 770 1190 END
START -2508 3408 14124 15250 937 1074 END
START -2320 3356 14588 15255 1147 989 END
START -2220 3504 14920 15243 1260 1000 END
START -2192 3800 15348 15277 1441 1030 END
START -2232 4008 15492 15299 1637 1137 END
START -2336 4312 15900 15318 1903 1226 END
START -2436 4408 16292 15356 2194 1371 END
START -2904 4584 16860 15343 2457 1503 END
START -3384 4720 17640 15388 2609 1642 END
START -3896 4872 18688 15489 2550 1709 END
START -4476 5040 19436 15559 2431 1781 END
START -4760 4976 20304 15687 2200 1882 END
START -5168 5060 20620 15728 1884 1939 END
START -5424 4984 21660 15771 1567 2019 END
START -5608 4960 22224 15781 1139 2114 END
START -5828 4892 22836 15735 752 2161 END
START -6304 4596 23500 15680 269 2190 END
START -6344 4368 24004 15589 -233 2191 END
START -6260 4120 24044 15501 -672 2133 END
START -6336 4016 24284 15352 -1020 2040 END
START -6212 3836 24452 15119 -1238 1862 END
START -6224 3552 24524 14937 -1391 1691 END
START -6148 3220 24672 14684 -1530 1407 END
START -5864 2920 24592 14414 -1486 1156 END
START -5516 2832 24612 14130 -1312 811 END
START -5276 2964 24648 13828 -1117 530 END
START -4968 2904 24728 13519 -817 267 END
START -4768 3128 25196 13210 -553 52 END
START -4600 3244 25356 12829 -316 -102 END
START -4312 3436 25936 12554 -148 -236 END
START -4096 3752 26344 12099 15 -312 END
START -3996 3964 26516 11917 235 -423 END
START -3892 4080 26724 11777 391 -510 END
START -3704 4488 26988 11150 518 -569 END
START -3764 4892 27432 10709 572 -565 END
START -3756 5160 27848 10272 637 -420 END
START -3600 5436 28200 9941 617 -187 END
START -3516 5520 28292 9619 635 38 END
START -3520 5576 28384 9313 699 223 END
START -3564 5896 28572 8947 621 399 END
START -3780 6108 28984 8538 490 545 END
START -4196 6252 29172 8136 217 767 END
START -4388 6584 29240 7748 -51 979 END
START -4556 6492 29352 7354 -304 1218 END
START -4700 6556 29092 6950 -545 1388 END
START -4836 6428 28872 6502 -716 1535 END
START -4920 6156 28788 6142 -843 1658 END
START -4956 5888 28568 5789 -1028 1687 END
START -5144 5804 28292 5513 -1152 1731 END
START -5124 5580 28200 5259 -1235 1704 END
START -5192 5420 28104 5022 -1340 1706 END
START -5056 5068 27984 4829 -1486 1668 END
START -5084 4740 27896 4613 -1644 1581 END
START -5100 4444 27904 4415 -1851 1505 END
START -4716 4016 27924 4202 -2058 1387 END
START -4364 3960 27632 4021 -2298 1252 END
START -4204 3728 27592 3791 -2452 1137 END
START -3852 3756 27388 3555 -2652 1002 END
START -3556 3608 27108 3354 -2794 908 END
START -3308 3524 26656 3084 -2932 786 END
START -2892 3588 26376 2829 -2989 721 END
START -2364 3564 25692 2608 -2948 656 END
START -1784 3720 25208 2370 -2797 628 END
START -1456 3792 24788 2125 -2494 611 END
START -1112 3784 24140 1885 -2230 663 END
START -744 3980 23980 1585 -1869 749 END
START -396 3936 23716 1360 -1574 829 END
START -352 4172 23684 1075 -1209 963 END
START -240 4116 23604 825 -950 1030 END
START 44 4160 23632 576 -811 1123 END
START 104 4300 23364 302 -591 1214 END
START 144 4312 23432 62 -493 1305 END
START 192 4432 22928 -230 -382 1423 END
START 444 4564 22780 -440 -333 1514 END
START 652 4584 22400 -681 -278 1639 END
START 1052 4472 22012 -928 -135 1743 END
START 1472 4216 21660 -1080 61 1868 END
START 1712 4040 21180 -1278 268 1933 END
START 1944 3936 20936 -1447 519 2006 END
START 2036 3996 20856 -1598 769 2031 END
START 2364 3868 20464 -1759 1034 2069 END
START 2612 3860 20284 -1882 1354 2088 END
START 2912 3912 19956 -2057 1690 2127 END
START 3228 4016 20068 -2227 1999 2171 END
START 3428 4184 19812 -2454 2352 2243 END
START 3784 4344 19872 -2697 2604 2289 END
START 4184 4624 19860 -3013 2935 2343 END
START 4552 4800 20032 -3265 3174 2485 END
START 4796 4872 19956 -3605 3412 2568 END
START 5064 4924 20044 -3883 3547 2724 END
START 5344 5072 20196 -4183 3685 2914 END
START 5440 5324 20104 -4425 3686 3118 END
START 5592 5664 20136 -4650 3639 3386 END
START 5736 6008 20096 -4781 3512 3680 END
START 5952 6228 20004 -4924 3338 4073 END
START 5900 6504 19908 -5000 3173 4449 END
START 5884 6732 19644 -5089 2983 4905 END
START 6000 6780 19388 -5119 2747 5329 END
START 5832 6876 19328 -5185 2522 5820 END
START 5728 7000 19304 -5207 2280 6257 END
START 5724 7084 18884 -5341 2012 6711 END
START 5636 7048 18740 -5378 1768 7098 END
START 5372 7208 18736 -5459 1536 7496 END
START 5324 7156 18520 -5496 1235 7886 END
START 4956 7160 18348 -5540 987 8236 END
START 4648 7124 18100 -5588 744 8563 END
START 4480 7112 17796 -5609 501 8873 END
START 4368 7004 17656 -5694 308 9112 END
START 4184 7020 17056 -5790 199 9346 END
START 4188 7112 16912 -5885 180 9529 END
START 4000 7140 16648 -6079 238 9733 END
START 3972 7128 16292 -6262 361 9921 END
START 3760 7232 15908 -6542 516 10053 END
START 3736 7288 15616 -6808 750 10193 END
START 3516 7180 15216 -7130 1020 10336 END
START 3252 7096 14988 -7442 1342 10412 END
START 3144 7004 14852 -7711 1636 10480 END
START 2960 6732 14676 -7967 1875 10534 END
START 2660 6692 14604 -8233 2047 10558 END
START 2548 6776 14528 -8463 2152 10593 END
START 2288 6768 14444 -8646 2157 10635 END
START 2100 6956 13912 -8877 2182 10677 END
START 2060 7192 13620 -9029 2171 10746 END
START 1848 7284 13172 -9134 2153 10919 END
START 1744 7144 12568 -9113 2142 11084 END
START 1672 7160 12128 -9035 2229 11303 END
START 1212 7248 11920 -8823 2282 11624 END
START 820 7240 11756 -8524 2351 11885 END
START 420 7240 11632 -8298 2363 12251 END
START -92 6840 11712 -7954 2276 12476 END
START -792 6680 11856 -7671 2132 12870 END
START -1296 6408 11948 -7393 1875 12870 END
START -1672 6336 11812 -7114 1697 12957 END
START -2180 6028 11896 -6906 1403 13281 END
START -2852 5932 12012 -6611 1061 13427 END
START -3512 5640 12044 -6379 686 13648 END
START -4012 5348 12136 -6136 342 13749 END
START -4692 5112 11788 -5898 -15 13841 END
START -5168 4960 11524 -5691 -281 13843 END
START -5796 4644 11184 -5480 -562 13785 END
START -6268 4364 10876 -5193 -679 13695 END
START -6776 4040 10620 -4932 -824 13559 END
START -7152 3564 10508 -4637 -848 13424 END
START -7692 3360 10096 -4346 -894 13260 END
START -8220 3196 10072 -4035 -725 12775 END
START -8492 3072 9972 -3786 -604 12570 END
START -9108 3028 9876 -3581 -461 12619 END
START -9744 2840 9904 -3381 -316 12237 END
START -10256 2612 10080 -3232 -150 11971 END
START -10792 2360 10044 -3055 30 11703 END
START -11416 1872 10032 -2878 271 11329 END
START -12016 1460 10144 -2657 489 10937 END
START -12608 1168 10308 -2514 738 10451 END
START -13300 940 10308 -2391 915 9994 END
START -14084 724 10576 -2274 1158 9449 END
START -14840 452 10816 -2135 1384 8862 END
START -15500 96 11060 -2142 1494 8285 END
START -16172 -192 11216 -2123 1621 7625 END
START -16608 -472 11360 -2153 1745 6910 END
START -16864 -680 11432 -2213 1886 6134 END
START -17176 -984 11388 -2257 2109 5320 END
START -17272 -1088 11172 -2336 2374 4551 END
START -17616 -1252 11200 -2319 2673 3753 END
START -17772 -1228 11268 -2354 3085 2978 END
START -17940 -1248 11180 -2312 3460 2193 END
START -18236 -1196 11436 -2294 3702 1499 END
START -18476 -1180 11736 -2184 3888 791 END
START -18648 -1148 12024 -2175 3926 147 END
START -18828 -968 12356 -2030 3851 -460 END
START -18936 -1068 12604 -1944 3660 -1044 END
START -19056 -1120 13016 -1808 3318 -1564 END
START -19124 -1152 13180 -1545 2848 -2092 END
START -19216 -1088 13404 -1276 2260 -2546 END
START -19176 -1168 13440 -862 1672 -3010 END
START -19044 -1112 13400 -466 992 -3478 END
START -19060 -1072 13592 -27 318 -3891 END
START -19064 -1124 13344 418 -356 -4344 END
START -18864 -1220 13248 910 -1053 -4778 END
START -18556 -1208 13380 1408 -1695 -5195 END
START -18564 -1136 13252 1898 -2367 -5666 END
START -18412 -1076 13252 2374 -3057 -6173 END
START -18044 -944 13188 2810 -3667 -6632 END
START -17812 -808 13004 3202 -4174 -7088 END
START -17484 -724 12876 3538 -4518 -7533 END
START -17212 -620 12552 3856 -4852 -7962 END
START -16864 -536 12352 4162 -5005 -8500 END
START -16552 -468 12228 4418 -5052 -8979 END
START -16312 -260 12336 4661 -5047 -9568 END
START -16328 -76 12280 4895 -5021 -10092 END
START -15928 188 12660 5121 -5027 -10701 END
START -15796 716 12648 5268 -5076 -11216 END
START -15452 1120 12852 5432 -5108 -11734 END
START -15212 1520 12964 5511 -5119 -12143 END
START -14892 1964 12968 5606 -5099 -12564 END
START -14480 2144 13024 5765 -5095 -12930 END
START -14144 2448 13204 5893 -5093 -13339 END
START -13840 2516 13392 6001 -5089 -13700 END
START -13272 2868 13640 6157 -5106 -14125 END
START -13064 3148 13800 6305 -5159 -14538 END
START -12676 3472 13624 6442 -5167 -14978 END
START -12320 3952 13432 6535 -5155 -15338 END
START -11828 4244 13496 6571 -5195 -15720 END
START -11240 4308 13516 6643 -5246 -15990 END
START -10892 4292 13624 6841 -5266 -16302 END
START -10484 4508 13488 7021 -5310 -16577 END
START -10288 4556 13840 7323 -5387 -16844 END
START -10196 5076 14116 7600 -5580 -16994 END
START -10100 5316 14364 7890 -5925 -17185 END
START -10032 5640 14688 8264 -6433 -17367 END
START -9928 5948 14840 8603 -7029 -17498 END
START -9668 6132 15092 8954 -7702 -17660 END
START -9224 6316 14852 9289 -8343 -17841 END
START -8348 6408 15200 9588 -8915 -18005 END
START -7560 6464 14976 9851 -9344 -18138 END
START -7104 6856 14856 9963 -9726 -18184 END
START -5984 7284 14744 9885 -9924 -18195 END
START -5024 7788 14596 9712 -9976 -18203 END
START -4456 8216 14424 9391 -9852 -18150 END
START -3728 8472 14124 8911 -9628 -18048 END
START -2856 8600 13912 8409 -9232 -17977 END
START -2156 8704 13456 7844 -8693 -17907 END
START -1500 8676 13008 7310 -8006 -17969 END
START -1048 8536 12832 6879 -7242 -18011 END
START -296 8420 12328 6455 -6306 -18215 END
START 456 8556 11964 6070 -5280 -18385 END
START 1000 8836 11864 5646 -4203 -18590 END
START 1624 9092 11760 5252 -3203 -18752 END
START 2044 9284 11748 4800 -2154 -18884 END
START 2840 9688 11764 4368 -1053 -19045 END
START 3540 9964 11820 3848 41 -19166 END
START 4068 10192 12316 3384 1009 -19199 END
START 4692 10296 12608 2985 1898 -19206 END
START 5260 10580 13288 2594 2653 -19170 END
START 5804 10700 13684 2331 3266 -19073 END
START 6308 10940 14288 2149 3767 -18899 END
START 6836 11228 14608 2034 4226 -18643 END
START 7312 11564 15100 1942 4594 -18332 END
START 7916 11820 15628 1888 4799 -17914 END
START 8164 11928 16248 1888 4850 -17451 END
START 8316 12152 16760 1896 4727 -16924 END
START 8688 12208 17344 1890 4481 -16352 END
START 8944 12208 17728 1881 4081 -15727 END
START 9160 12124 18368 1920 3639 -15054 END
START 9580 11968 18560 2004 3025 -14369 END
START 9756 11836 18720 2113 2569 -13672 END
START 9856 11636 18896 2211 1986 -12933 END
START 10036 11568 19092 2326 1402 -12212 END
START 10164 11472 19048 2430 790 -11497 END
START 10384 11344 18848 2473 269 -10775 END
START 10484 11140 18844 2498 -193 -10108 END
START 10332 11024 18916 2517 -641 -9418 END
START 10276 10972 19024 2548 -1120 -8751 END
START 10344 10812 19128 2532 -1602 -8119 END
START 10176 10836 19028 2478 -2068 -7489 END
START 10040 10780 19232 2399 -2614 -6920 END
START 9832 10536 19288 2199 -3169 -6335 END
START 9796 10236 19008 1981 -3621 -5813 END
START 9672 10028 18688 1716 -4012 -5246 END
START 9512 9892 18328 1503 -4244 -4780 END
START 9440 9760 17668 1283 -4347 -4256 END
START 9392 9500 17268 1015 -4278 -3779 END
START 9324 9292 16768 758 -4071 -3312 END
START 9040 8988 16204 528 -3802 -2938 END
START 8884 8816 15940 256 -3451 -2609 END
START 8600 8340 15760 4 -3224 -2257 END
START 8060 7844 15316 -166 -2680 -1935 END
START 7704 7552 15584 -334 -2296 -1719 END
START 7484 7216 15656 -438 -2065 -1548 END
START 7000 6864 15656 -520 -1836 -1438 END
START 6700 6512 15676 -566 -1716 -1371 END
START 6236 6304 15580 -598 -1610 -1344 END
START 5844 6036 15736 -627 -1628 -1325 END
START 5592 5788 15808 -636 -1667 -1351 END
START 5228 5580 15772 -640 -1688 -1363 END
START 5184 5472 15856 -612 -1823 -1388 END
START 4928 5240 15856 -630 -1890 -1443 END
START 4668 5184 15796 -639 -2039 -1470 END
START 4552 5140 15812 -640 -2154 -1495 END