START -2408 2864 14332 -657 2643 -2301 END
START -1172 3024 14292 -1334 1391 -2234 END
START -1024 2496 12336 -1479 2815 -1804 END
START -616 1936 12608 -1714 3376 -1459 END
START -728 1676 12756 -1863 3782 -1055 END
START -1220 1676 13248 -1893 3900 -649 END
START -1396 1824 13220 -1895 3892 -229 END
START -1512 1956 13288 -1793 3871 213 END
START -1500 2068 13392 -1639 3864 587 END
START -1560 2176 13352 -1426 3778 910 END
START -1956 2320 13404 -1257 3595 1246 END
START -2316 2420 13688 -1057 3227 1594 END
START -2576 2464 13800 -822 2812 1949 END
START -2804 2684 13856 -644 2443 2277 END
START -2972 2856 13824 -423 2056 2605 END
START -3312 3024 13784 -202 1756 2900 END
START -3568 3084 13948 -38 1564 3206 END
START -3744 2832 13964 181 1301 3418 END
START -3996 2200 14040 342 1171 3605 END
START -4148 1732 14192 528 1060 3676 END
START -4164 1480 14252 557 939 3668 END
START -4120 1068 14276 611 848 3558 END
START -4404 784 14572 546 862 3416 END
START -4524 660 14560 405 836 3214 END
START -4948 552 15080 241 761 2940 END
START -5156 268 14980 39 649 2650 END
START -5112 -100 14864 -93 598 2323 END
START -5100 -628 14504 -225 700 1937 END
START -5236 -768 14436 -286 829 1482 END
START -5344 -1240 14264 -324 970 976 END
START -5272 -1508 13636 -323 1221 449 END
START -5164 -1748 13308 -313 1674 -119 END
START -4656 -1808 13228 -268 2339 -691 END
START -4612 -1756 13392 -241 3002 -1259 END
START -4572 -1640 13820 -382 3529 -1787 END
START -4544 -1368 14324 -631 3887 -2228 END
START -4512 -1180 14700 -888 4149 -2604 END
START -4272 -784 15016 -1312 4386 -2843 END
START -4048 -472 15264 -1720 4542 -3056 END
START -3732 -144 15352 -2123 4620 -3076 END
START -3644 36 15260 -2506 4769 -2999 END
START -3384 144 15476 -2771 4857 -2798 END
START -3264 244 15736 -3019 4890 -2627 END
START -3028 176 15672 -3157 4826 -2325 END
START -2952 300 15468 -3248 4726 -2035 END
START -2908 480 15504 -3283 4564 -1741 END
START -2912 424 15592 -3261 4388 -1397 END
START -2996 272 15800 -3247 4038 -1027 END
START -3032 304 16040 -3135 3596 -647 END
START -3260 464 16300 -3005 2958 -269 END
START -3460 356 16424 -2894 2238 192 END
START -3376 352 16500 -2719 1531 596 END
START -3648 344 16484 -2522 737 1036 END
START -3820 328 16436 -2276 -85 1443 END
START -3768 404 16220 -2003 -869 1849 END
START -4028 200 15724 -1683 -1561 2273 END
START -4068 -220 15132 -1355 -1971 2591 END
START -4248 -460 14740 -1040 -2262 2832 END
START -4580 -688 14540 -694 -2519 2976 END
START -4992 -844 14548 -392 -2673 3019 END
START -5452 -1028 14672 -97 -2847 2945 END
START -5932 -1288 14800 122 -3005 2781 END
START -6272 -1492 14596 251 -3196 2529 END
START -6348 -1872 14568 421 -3270 2168 END
START -6536 -2140 14604 482 -3256 1790 END
START -6692 -2224 14756 594 -3187 1294 END
START -6872 -2324 14752 627 -3040 801 END
START -6708 -2476 14680 596 -2839 255 END
START -6680 -2320 14652 515 -2612 -267 END
START -6520 -2136 14660 326 -2282 -810 END
START -6360 -1896 14568 48 -1928 -1297 END
START -5764 -1820 14296 -344 -1488 -1772 END
START -5164 -1816 13796 -735 -862 -2174 END
START -4704 -1976 13648 -1098 -48 -2500 END
START -4352 -2016 13540 -1434 824 -2779 END
START -4064 -1984 13840 -1767 1588 -2993 END
START -4048 -1832 13968 -2038 2257 -3178 END
START -3944 -1628 14100 -2298 2847 -3312 END
START -4008 -1500 14608 -2543 3237 -3360 END
START -4056 -1260 14676 -2698 3463 -3389 END
START -4208 -1052 14812 -2810 3587 -3398 END
START -4216 -932 14972 -2874 3578 -3365 END
START -4004 -880 15068 -2840 3491 -3271 END
START -3904 -820 15116 -2770 3363 -3153 END
START -3980 -556 15520 -2673 3039 -2954 END
START -3864 -196 15804 -2564 2611 -2693 END
START -3768 56 15816 -2476 2084 -2378 END
START -3660 248 16028 -2359 1438 -1934 END
START -3580 352 16192 -2216 711 -1515 END
START -3500 388 15972 -2069 29 -1059 END
START -3512 556 15972 -1861 -747 -621 END
START -3528 512 15764 -1684 -1488 -197 END
START -3608 740 15688 -1432 -2201 204 END
START -3724 884 15140 -1175 -2855 585 END
START -3600 832 14712 -911 -3298 946 END
START -3504 640 14200 -659 -3562 1228 END
START -3616 580 13560 -515 -3685 1460 END
START -3876 480 13272 -353 -3700 1582 END
START -3972 436 13052 -311 -3580 1639 END
START -4328 212 12768 -261 -3459 1605 END
START -4440 -4 12912 -240 -3337 1491 END
START -4644 -48 12916 -230 -3120 1402 END
START -4904 -212 12652 -237 -3003 1219 END
START -5268 -260 12600 -211 -2862 989 END
START -5396 -256 12512 -190 -2687 652 END
START -5484 -344 12396 -199 -2488 279 END
START -5624 -492 12144 -182 -2328 -34 END
START -5588 -512 12168 -167 -2123 -450 END
START -5512 -484 11788 -167 -1858 -878 END
START -5276 -464 11844 -147 -1677 -1278 END
START -4956 -296 11600 -154 -1487 -1629 END
START -4512 -128 11252 -104 -1158 -1940 END
START -4192 104 11192 -109 -824 -2171 END
START -3980 340 11036 -215 -539 -2337 END
START -3556 428 10748 -359 -189 -2530 END
START -3380 544 10516 -461 140 -2650 END
START -3048 684 10520 -672 441 -2764 END
START -2840 820 10320 -786 766 -2829 END
START -2816 892 10280 -927 1027 -2866 END
START -2692 1088 10492 -1021 1190 -2837 END
START -2664 1268 10564 -1075 1196 -2781 END
START -2504 1396 10372 -1117 1079 -2648 END
START -2264 1640 10416 -1106 972 -2530 END
START -2344 1760 10392 -1050 772 -2406 END
START -2112 1908 10276 -970 501 -2158 END
START -2024 1844 10168 -878 155 -1948 END
START -1692 1932 10052 -732 -178 -1677 END
START -1656 2048 9960 -547 -573 -1383 END
START -1592 2000 9692 -355 -970 -1107 END
START -1524 1972 9524 -128 -1361 -777 END
START -1368 1868 9344 126 -1721 -485 END
START -1328 1760 9136 385 -2080 -151 END
START -1184 1640 8964 678 -2394 154 END
START -984 1516 8488 964 -2586 455 END
START -812 1592 7988 1176 -2711 729 END
START -728 1616 7572 1348 -2671 1049 END
START -832 1692 7180 1497 -2571 1338 END
START -772 1672 6812 1648 -2341 1596 END
START -812 1484 6364 1801 -2080 1842 END
START -1088 1184 6276 2038 -1736 2010 END
START -1472 920 6068 2263 -1438 2119 END
START -1688 704 5992 2537 -1138 2102 END
START -2024 508 5944 2862 -830 2050 END
START -2284 420 5904 3159 -594 1901 END
START -2516 344 6052 3424 -316 1786 END
START -2732 240 6072 3702 -79 1576 END
START -2624 196 6228 3981 178 1396 END
START -2936 168 6116 4205 446 1197 END
START -2920 268 6188 4466 744 952 END
START -3188 416 6224 4639 952 734 END
START -3252 704 6324 4842 1155 502 END
START -3324 664 6428 5046 1345 296 END
START -3472 740 6560 5217 1570 92 END
START -3552 860 6424 5400 1805 -110 END
START -3588 992 6712 5615 2109 -277 END
START -3440 1240 6728 5752 2408 -449 END
START -3528 1460 6624 5834 2787 -594 END
START -3280 1736 6844 5891 3105 -739 END
START -3340 1992 6740 5917 3471 -803 END
START -3272 2296 7048 5960 3851 -868 END
START -3328 2444 7340 6011 4156 -893 END
START -3132 2380 7796 6040 4432 -849 END
START -3208 2324 8292 6152 4571 -768 END
START -3120 2304 8940 6243 4493 -666 END
START -3160 2268 9484 6428 4311 -588 END
START -2992 2372 9744 6621 3965 -487 END
START -2944 2604 10208 6803 3473 -325 END
START -2700 2828 10676 7062 2848 -123 END
START -2528 2880 11000 7300 2097 198 END
START -2180 3116 11040 7615 1333 568 END
START -1904 3360 10936 7952 611 982 END
START -1360 3372 10476 8346 -53 1456 END
START -1156 3452 10136 8790 -592 1890 END
START -828 3468 9788 9275 -953 2432 END
START -768 3568 9432 9714 -1177 2915 END
START -748 3628 9352 10163 -1293 3359 END
START -656 3548 9264 10557 -1385 3813 END
START -964 3576 9320 10927 -1324 4202 END
START -1112 3516 9496 11198 -1221 4529 END
START -1432 3288 9716 11514 -1069 4779 END
START -1920 3108 9968 11680 -975 4916 END
START -2332 2916 10416 12120 -885 5004 END
START -2844 2704 10768 12207 -859 4978 END
START -3244 2700 11160 12118 -867 4953 END
START -3580 2500 11712 12309 -850 4753 END
START -3796 2496 12056 12465 -787 4549 END
START -4128 2528 12588 12577 -683 4345 END
START -4144 2492 12820 12596 -596 4092 END
START -4376 2552 13100 12096 -363 3806 END
START -4472 2500 13372 11926 -66 3516 END
START -4516 2408 13464 11943 223 3174 END
START -4572 2492 13908 11610 572 2811 END
START -4444 2380 14268 11268 894 2486 END
START -4284 2220 14520 11011 1196 2181 END
START -4168 2336 14784 10805 1480 1868 END
START -4236 2432 15100 10601 1738 1677 END
START -4100 2752 15688 10394 1953 1425 END
START -4032 2948 15880 10144 2116 1251 END
START -4016 3200 15960 9903 2197 1167 END
START -3740 3332 16136 9678 2303 1178 END
START -3540 3492 16096 9513 2493 1154 END
START -3452 3576 16108 9386 2742 1155 END
START -3212 3744 16148 9290 2989 1174 END
START -3216 4080 16312 9234 3202 1224 END
START -3028 4356 16380 9194 3380 1378 END
START -3160 4480 16696 9151 3550 1571 END
START -3244 4624 16900 9182 3614 1777 END
START -3344 4972 17416 9206 3604 2007 END
START -3436 5112 17540 9280 3607 2203 END
START -3464 5196 17712 9345 3532 2503 END
START -3592 5204 18256 9513 3364 2809 END
START -3852 5152 18876 9659 3083 3124 END
START -4184 5196 19492 9820 2654 3455 END
START -4576 5088 20104 10002 2063 3756 END
START -4848 4996 20572 10144 1418 4042 END
START -5068 4976 21080 10249 823 4263 END
START -5288 4924 21224 10272 207 4514 END
START -5516 4816 21308 10268 -354 4668 END
START -5800 4564 21352 10236 -765 4751 END
START -5944 4456 21200 10116 -1155 4794 END
START -6096 4256 20908 9884 -1352 4755 END
START -6332 4012 20472 9611 -1409 4717 END
START -6536 3772 20344 9373 -1350 4635 END
START -6628 3780 20196 9168 -1177 4578 END
START -6920 3576 19772 8975 -964 4427 END
START -6932 3328 19364 8771 -643 4258 END
START -7236 3048 19288 8576 -270 3921 END
START -7340 2804 19356 8365 105 3582 END
START -7412 2644 19376 8181 441 3193 END
START -7640 2504 19460 7945 739 2849 END
START -7468 2472 19704 7664 971 2425 END
START -7452 2540 19964 7441 1163 2046 END
START -7544 2508 20084 7169 1278 1695 END
START -7620 2696 20356 6929 1288 1372 END
START -7428 2808 20500 6693 1254 1102 END
START -7208 2944 20248 6443 1252 871 END
START -6892 3012 20216 6190 1279 679 END
START -6680 3244 20172 5950 1393 566 END
START -6392 3372 19920 5608 1553 479 END
START -6216 3664 19960 5331 1770 463 END
START -6144 3896 19996 5060 1940 458 END
START -6188 4000 20124 4788 2035 511 END
START -6304 4096 20368 4535 2087 570 END
START -6212 4208 20424 4326 2030 652 END
START -6316 4284 20504 4116 1959 764 END
START -6212 4232 20584 3928 1824 871 END
START -6224 4220 20372 3786 1673 974 END
START -6324 4288 20316 3633 1514 1080 END
START -6416 4368 20248 3585 1334 1218 END
START -6560 4228 20144 3576 1130 1316 END
START -6668 4100 19984 3659 914 1416 END
START -6896 3920 19840 3737 630 1493 END
START -7068 3784 19768 3784 355 1485 END
START -7068 3784 19720 3914 128 1505 END
START -7104 3728 19472 3982 -166 1423 END
START -7032 3896 19308 4052 -388 1363 END
START -6872 3944 19156 4080 -569 1317 END
START -6744 3920 18976 4079 -631 1267 END
START -6532 3848 19044 4072 -767 1251 END
START -6388 3996 18864 3961 -740 1153 END
START -6332 3932 18628 3744 -801 1061 END
START -6240 3920 18780 3601 -752 1001 END
START -6228 3900 18904 3483 -767 1040 END
START -6076 3956 19048 3415 -788 1026 END
START -6140 4176 18908 3377 -867 1067 END
START -6144 4320 19056 3318 -950 1020 END
START -6100 4368 18800 3184 -1033 952 END
START -6068 4236 18828 3052 -1144 874 END
START -6072 4116 18812 2867 -1272 784 END
START -6160 4072 18804 2750 -1338 691 END
START -6264 4076 18800 2628 -1407 590 END
START -6316 4012 18728 2580 -1464 435 END
START -6328 3912 18772 2498 -1526 250 END
START -6240 3788 18976 2399 -1476 29 END
START -6296 3604 19212 2355 -1466 -183 END
START -6280 3688 19040 2208 -1467 -425 END
START -6220 3596 19556 2000 -1399 -628 END
START -6156 3808 19432 1755 -1388 -860 END
START -6068 3928 19464 1511 -1291 -1060 END
START -5932 3976 19544 1165 -1249 -1256 END
START -5956 3980 19472 825 -1161 -1462 END
START -5800 4116 19636 520 -1094 -1652 END
START -5624 4148 19528 231 -1039 -1819 END
START -5876 4144 19544 -2 -967 -1968 END
START -5804 4292 19444 -165 -902 -2107 END
START -5816 4332 19188 -326 -815 -2273 END
START -5904 4312 19052 -427 -727 -2405 END
START -5732 4356 18844 -472 -601 -2527 END
START -5764 4392 18784 -470 -461 -2643 END
START -5804 4320 18544 -446 -297 -2736 END
START -5656 4568 18536 -371 -172 -2859 END
START -5852 4636 18504 -277 -57 -2950 END
START -5944 4800 18616 -180 21 -3004 END
START -5904 4788 18796 -57 5 -3111 END
START -6020 4848 18688 82 -72 -3152 END