START -1932 2808 15980 904 1987 3872 END
START -892 3244 16836 862 572 3897 END
START -1556 812 11196 1118 443 4035 END
START -1740 1468 13700 1093 362 3943 END
START -2828 1216 14892 1163 -26 3786 END
START -3144 924 15304 1203 -330 3479 END
START -3484 904 15508 1214 -795 3061 END
START -3532 604 15284 1223 -1117 2620 END
START -3284 580 15064 1271 -1374 2082 END
START -3388 452 14700 1327 -1462 1600 END
START -3184 452 14520 1344 -1213 1172 END
START -3016 656 14484 1402 -891 701 END
START -3092 1100 14440 1387 -502 311 END
START -3244 1372 14448 1256 -205 -94 END
START -3024 1804 14580 1060 32 -446 END
START -2456 1864 14464 713 255 -859 END
START -2092 1724 14080 296 656 -1113 END
START -1308 1168 13640 -177 1240 -1300 END
START -880 484 13512 -630 2069 -1448 END
START -624 12 13160 -1034 2921 -1548 END
START -516 -80 13056 -1241 3761 -1569 END
START -728 -8 13204 -1301 4653 -1647 END
START -924 176 13112 -1245 5420 -1706 END
START -1456 252 13260 -1056 6154 -1761 END
START -1988 432 13684 -825 6618 -1858 END
START -2328 484 14092 -590 6886 -1937 END
START -2464 276 14144 -393 6936 -1996 END
START -3128 140 14804 -235 6598 -2073 END
START -3256 316 14964 -28 6379 -2073 END
START -3388 572 14972 195 6104 -2022 END
START -3296 788 15200 509 5755 -1911 END
START -3248 912 15208 897 5367 -1715 END
START -3076 1104 15316 1244 4947 -1514 END
START -2936 1100 15708 1563 4570 -1248 END
START -3024 1124 16096 1860 4085 -968 END
START -3168 1320 16376 2068 3513 -716 END
START -3204 1632 16556 2191 2859 -367 END
START -2800 1848 16544 2310 2299 53 END
START -2656 1980 16636 2352 1909 456 END
START -2640 1976 16636 2382 1468 963 END
START -2572 1976 16660 2300 1107 1347 END
START -2340 1928 16720 2191 846 1705 END
START -2624 1760 16616 2009 631 1970 END
START -2796 1620 16792 1763 427 2167 END
START -3300 1536 16948 1488 191 2272 END
START -3468 1488 17184 1185 -58 2307 END
START -3476 1436 17132 935 -282 2332 END
START -3692 1292 17024 742 -343 2294 END
START -3816 1136 17000 630 -375 2216 END
START -3828 776 16840 567 -394 2112 END
START -3792 628 16372 517 -314 1900 END
START -3928 600 16180 416 -60 1683 END
START -3968 744 16068 267 206 1390 END
START -3920 684 16028 84 550 1114 END
START -3928 864 16064 -129 913 831 END
START -3844 844 16268 -457 1291 557 END
START -4004 1008 16652 -743 1569 285 END
START -3980 1072 16728 -1089 1881 105 END
START -4200 1132 17088 -1467 2072 -131 END
START -4376 876 17236 -1775 2185 -319 END
START -4496 780 17480 -1990 2251 -524 END
START -4548 540 17396 -2152 2224 -753 END
START -4580 300 17244 -2196 2193 -980 END
START -4828 272 17180 -2228 2106 -1198 END
START -4868 164 16904 -2084 2033 -1391 END
START -4856 56 16908 -1923 1938 -1593 END
START -4796 -12 16620 -1661 1869 -1797 END
START -4588 16 16492 -1387 1813 -1965 END
START -4456 308 16392 -1139 1857 -2061 END
START -4184 428 16432 -905 1828 -2113 END
START -3700 484 16232 -744 1933 -2102 END
START -3628 644 16396 -720 2031 -2046 END
START -3652 860 16740 -693 2108 -1928 END
START -3488 1020 17136 -662 2033 -1786 END
START -3508 972 17256 -614 1874 -1581 END
START -3632 1044 17588 -512 1654 -1349 END
START -3644 980 17868 -439 1303 -1091 END
START -3720 928 18404 -343 924 -874 END
START -4012 796 18544 -272 512 -647 END
START -3992 664 18696 -185 100 -468 END
START -4056 572 18692 -38 -288 -283 END
START -4040 388 18424 74 -535 -114 END
START -4016 212 18296 183 -681 34 END
START -4180 156 18136 301 -670 211 END
START -4260 124 18220 390 -643 330 END
START -4564 180 18520 364 -528 479 END
START -4928 -12 18840 322 -480 556 END
START -5296 -280 19336 219 -501 584 END
START -5840 -464 19628 96 -571 531 END
START -6032 -668 19896 6 -718 434 END
START -6132 -888 19880 -41 -741 304 END
START -6188 -1020 20160 -94 -804 129 END
START -6224 -1036 20236 -163 -744 -22 END
START -6076 -1052 20216 -223 -681 -215 END
START -6108 -944 20368 -325 -452 -349 END
START -6048 -972 20592 -481 -359 -459 END
START -6028 -892 20892 -686 -142 -556 END
START -5940 -740 20816 -900 61 -692 END
START -5696 -896 21172 -1175 275 -777 END
START -5476 -696 21352 -1553 584 -882 END
START -5292 -640 21356 -1904 894 -941 END
START -5228 -564 21596 -2308 1230 -1012 END
START -5272 -592 21964 -2701 1559 -999 END
START -5324 -628 22396 -3108 1864 -979 END
START -5280 -644 22748 -3557 2062 -872 END
START -5564 -784 22792 -3949 2265 -759 END
START -5756 -756 23176 -4320 2422 -595 END
START -6124 -852 23428 -4625 2513 -490 END
START -6444 -1016 23484 -4867 2532 -365 END
START -6872 -1296 23708 -5117 2468 -286 END
START -7144 -1424 23668 -5279 2396 -191 END
START -7568 -1700 23688 -5463 2301 -183 END
START -7844 -1820 23720 -5603 2193 -183 END
START -8108 -2068 23648 -5782 2128 -245 END
START -8332 -2336 23568 -5944 2052 -305 END
START -8600 -2404 23608 -6152 1949 -431 END
START -8696 -2632 23380 -6327 1935 -552 END
START -8848 -2772 23224 -6522 1941 -721 END
START -9160 -2920 23176 -6740 1903 -916 END
START -9304 -3072 23188 -6955 1831 -1185 END
START -9300 -3076 23196 -7178 1724 -1437 END
START -9308 -3020 23028 -7376 1625 -1700 END
START -9388 -3028 22904 -7606 1508 -1929 END
START -9444 -3188 22680 -7732 1384 -2157 END
START -9260 -3320 22612 -7896 1269 -2440 END
START -9180 -3344 22392 -8084 1170 -2707 END
START -9132 -3204 22016 -8250 1047 -3013 END
START -9000 -3056 21608 -8369 981 -3306 END
START -8812 -3048 21424 -8523 912 -3638 END
START -8672 -2900 21032 -8639 873 -3864 END
START -8232 -2676 20708 -8757 953 -4180 END
START -7916 -2556 20276 -8890 993 -4393 END
START -7556 -2176 19900 -8997 1078 -4592 END
START -7088 -1972 19900 -9152 1166 -4805 END
START -6992 -1864 19692 -9320 1232 -4944 END
START -6784 -1560 19440 -9471 1283 -5074 END
START -6588 -1384 19408 -9716 1221 -5201 END
START -6248 -1292 19104 -9875 1111 -5285 END
START -6064 -1176 18884 -10035 1064 -5357 END
START -5744 -1008 18464 -10184 913 -5451 END
START -5476 -736 18020 -10318 767 -5475 END
START -5152 -580 17496 -10401 653 -5486 END
START -4864 -528 17168 -10456 526 -5534 END
START -4696 -440 16704 -10513 428 -5518 END
START -4580 -364 16100 -10550 305 -5525 END
START -4528 -356 15728 -10505 115 -5592 END
START -4348 -480 15348 -10505 -31 -5623 END
START -3964 -644 14948 -10481 -204 -5691 END
START -3780 -640 14624 -10503 -425 -5730 END
START -3408 -824 14024 -10487 -655 -5752 END
START -3380 -856 13792 -10480 -881 -5787 END
START -3184 -840 13252 -10469 -1130 -5803 END
START -2832 -808 12768 -10423 -1387 -5785 END
START -2428 -624 12116 -10395 -1656 -5792 END
START -2228 -548 11596 -10309 -1913 -5746 END
START -1816 -344 11120 -10200 -2115 -5626 END
START -1372 -216 10480 -10076 -2324 -5521 END
START -1048 -12 9940 -9925 -2526 -5331 END
START -504 284 9132 -9747 -2638 -5153 END
START -232 560 8552 -9592 -2754 -4933 END
START 252 828 7864 -9360 -2785 -4705 END
START 608 964 7204 -9176 -2866 -4401 END
START 700 984 6876 -8952 -2871 -4098 END
START 876 1276 6048 -8745 -2823 -3785 END
START 1100 1584 5320 -8535 -2667 -3439 END
START 1524 1784 4520 -8300 -2386 -3177 END
START 1848 1900 3652 -8077 -2039 -2850 END
START 2160 1940 3164 -7846 -1620 -2537 END
START 2240 1852 2572 -7555 -1131 -2298 END
START 2180 1840 2024 -7255 -665 -1980 END
START 2232 2024 1580 -6913 -168 -1817 END
START 2388 2132 1260 -6545 312 -1617 END
START 2264 2228 1244 -6148 671 -1512 END
START 2184 2252 944 -5741 1020 -1367 END
START 2052 2172 1024 -5317 1231 -1324 END
START 2124 2172 792 -4901 1410 -1251 END
START 2032 2360 604 -4458 1547 -1231 END
START 2040 2576 456 -3984 1695 -1194 END
START 2040 2732 520 -3527 1783 -1179 END
START 2052 3076 224 -3040 1876 -1180 END
START 1904 3260 436 -2563 2036 -1140 END
START 1828 3644 628 -2096 2053 -1149 END
START 1820 3816 640 -1607 2026 -1165 END
START 1768 4060 684 -1088 2108 -1138 END
START 1872 4340 756 -655 2155 -1169 END
START 1908 4756 908 -196 2241 -1156 END
START 1984 5140 976 208 2376 -1103 END
START 2132 5436 1168 581 2478 -1032 END
START 2120 5864 1320 919 2618 -908 END
START 2056 6324 1304 1256 2770 -776 END
START 2108 6564 1512 1490 2922 -572 END
START 2032 6840 1596 1727 3103 -419 END
START 1808 6828 1832 1905 3273 -238 END
START 1772 6800 1928 2156 3388 -67 END
START 1708 6888 2236 2373 3486 58 END
START 1468 6804 2096 2605 3556 192 END
START 1396 7004 2364 2860 3576 336 END
START 1240 7084 2576 3150 3559 478 END
START 1128 7228 2772 3400 3492 622 END
START 1088 7176 3036 3698 3362 786 END
START 1020 7264 3160 3898 3218 964 END
START 1028 7364 3068 4192 3072 1170 END
START 1160 7256 3140 4408 2860 1319 END
START 1136 7008 3128 4721 2734 1585 END
START 1012 6832 3100 5022 2522 1808 END
START 1136 6608 3108 5357 2332 2045 END
START 1044 6548 3044 5693 2175 2263 END
START 1032 6376 3200 6049 1970 2512 END
START 944 6240 2976 6346 1818 2728 END
START 772 6088 2732 6717 1725 2908 END
START 740 5820 2704 7045 1642 3118 END
START 548 5660 2664 7356 1598 3316 END
START 204 5576 2708 7651 1531 3487 END
START 100 5648 2608 8027 1490 3628 END
START -160 5496 2772 8348 1471 3759 END
START -372 5412 2764 8708 1452 3881 END
START -684 5308 3068 9106 1384 3976 END
START -824 5152 3164 9485 1362 4071 END
START -1128 4864 3304 9821 1387 4133 END
START -1436 4844 3392 10184 1370 4118 END
START -1864 4728 3516 10580 1378 4135 END
START -1984 4732 3800 10925 1417 4043 END
START -1980 4572 3816 11243 1513 3983 END
START -2192 4300 4068 11678 1627 3886 END
START -2452 4096 4304 11763 1782 3764 END
START -2628 4176 4724 12174 1864 3675 END
START -2868 4296 4996 12368 1973 3569 END
START -3080 4340 5544 12724 2067 3463 END
START -3264 4432 5848 13001 2123 3361 END
START -3580 4224 6536 13228 2136 3245 END
START -3596 4120 6832 13540 2147 3087 END
START -3808 4104 7336 13720 2094 2980 END
START -3956 4084 7932 13944 2018 2796 END
START -4144 4168 8392 14137 1911 2686 END
START -4140 4428 8796 14296 1710 2544 END
START -4220 4620 9112 14404 1527 2430 END
START -4240 4868 9536 14524 1331 2401 END
START -4092 5260 10036 14620 1153 2305 END
START -4096 5232 10608 14730 968 2275 END
START -4116 5544 10956 14801 766 2215 END
START -3996 5724 11348 14882 541 2225 END
START -4000 5756 11900 14900 315 2211 END
START -3872 5916 12036 14961 98 2248 END
START -3680 6152 12180 15016 -87 2273 END
START -3656 6148 12428 15060 -275 2339 END
START -3428 6168 12680 15152 -324 2401 END
START -3460 6148 12772 15144 -417 2480 END
START -3376 6132 13164 15215 -452 2530 END
START -3472 5996 13316 15222 -483 2554 END
START -3416 5860 13668 15280 -545 2596 END
START -3352 5828 13688 15313 -500 2686 END
START -3360 5684 13824 15360 -469 2708 END
START -3316 5640 14220 15425 -389 2745 END
START -3180 5396 14328 15508 -244 2804 END
START -3108 5192 14372 15579 -99 2855 END
START -3264 4988 14772 15699 126 2889 END
START -3532 4776 15080 15828 319 2943 END
START -3876 4520 15760 15947 414 2937 END
START -4124 4356 16280 16068 502 2908 END
START -4312 4032 16784 16137 455 2830 END
START -4688 3932 17408 16238 409 2694 END
START -4852 3864 18060 16283 314 2569 END
START -5052 3856 18424 16338 269 2423 END
START -5164 3900 18844 16375 224 2267 END
START -5108 3760 19244 16348 197 2128 END
START -5132 3700 19488 16406 183 1979 END
START -4952 3500 19948 16347 168 1855 END
START -4956 3336 20292 16290 159 1665 END
START -4824 3428 20768 16287 150 1579 END
START -4728 3332 21240 16203 214 1443 END
START -4544 3352 21588 16047 317 1258 END
START -4612 3176 22232 15859 441 1144 END
START -4536 2844 23136 15722 476 1141 END
START -4456 2568 23832 15598 524 1195 END
START -4276 2468 24516 15443 420 1213 END
START -4196 2388 25148 15180 394 1243 END
START -4464 2376 25636 14924 297 1250 END
START -4488 2192 26272 14594 99 1280 END
START -4640 2044 26768 14257 -135 1260 END
START -4728 2016 27512 13874 -364 1249 END
START -4912 1940 27848 13472 -542 1218 END
START -5044 1620 28240 13102 -715 1209 END
START -5060 1612 28380 12759 -878 1239 END
START -5032 1464 28620 12452 -991 1163 END
START -5092 1256 29016 11928 -1088 1177 END
START -5232 1140 29368 11767 -1183 1117 END
START -5544 1156 29916 11166 -1306 1092 END
START -5676 1136 30296 10829 -1414 1026 END
START -5824 1044 30732 10497 -1613 928 END
START -5924 984 31160 10162 -1755 869 END
START -5988 1164 31508 9769 -1947 724 END
START -5928 1168 31952 9378 -2203 624 END
START -5936 1220 32280 8943 -2475 453 END
START -5728 1264 32412 8496 -2735 350 END
START -5332 1332 32484 8081 -2869 180 END
START -5364 1548 32428 7609 -2986 73 END
START -5128 1568 32352 7064 -3010 -136 END
START -4584 1672 32248 6510 -3023 -322 END
START -4148 1624 32024 5894 -2931 -512 END
START -3524 1708 31912 5268 -2810 -698 END
START -2900 2080 31600 4558 -2617 -938 END
START -2372 2296 31156 3881 -2423 -1155 END
START -1972 2492 31072 3196 -2146 -1283 END
START -1276 2780 30940 2702 -1968 -1271 END
START -376 3188 30588 2168 -1747 -1262 END
START 516 3424 29944 1730 -1470 -1284 END
START 1052 3792 29624 1254 -1259 -1254 END
START 1476 3900 29320 777 -978 -1207 END
START 1964 4260 28936 325 -731 -1085 END
START 2716 4644 28804 -113 -459 -905 END
START 3108 5056 28616 -498 -199 -617 END
START 3712 5372 28364 -887 17 -318 END
START 4184 5864 28272 -1348 212 7 END
START 4396 6092 28184 -1791 403 312 END
START 4852 6320 28152 -2221 496 639 END
START 5204 6700 28068 -2611 525 1028 END
START 5632 7120 27588 -2976 610 1440 END
START 6008 7484 27312 -3309 628 1917 END
START 6292 7944 26896 -3636 680 2441 END
START 6696 8136 26380 -3945 757 3025 END
START 6812 8324 26028 -4296 833 3599 END
START 6968 8536 25616 -4639 939 4154 END
START 6956 8716 25228 -4983 1051 4752 END
START 6948 8916 24604 -5339 1147 5344 END
START 6984 8972 24012 -5705 1197 5869 END
START 6904 9060 23648 -6085 1253 6382 END
START 6708 9112 22868 -6417 1306 6871 END
START 6364 9212 22428 -6767 1416 7330 END
START 6280 9256 21616 -7052 1454 7728 END
START 5996 9392 21272 -7296 1520 8121 END
START 5816 9392 20688 -7498 1625 8511 END
START 5628 9504 20228 -7649 1689 8892 END
START 5604 9624 19612 -7825 1820 9247 END
START 5280 9688 19084 -7973 1927 9655 END
START 5168 9824 18504 -8153 2014 10053 END
START 5072 9788 18168 -8317 2097 10506 END
START 4872 9872 17468 -8540 2229 10942 END
START 4648 9904 16852 -8781 2353 11430 END
START 4364 9848 16332 -9005 2536 11858 END
START 3896 9848 15848 -9259 2679 12333 END
START 3436 9608 15300 -9388 2846 12493 END
START 3120 9340 14628 -9483 3075 12842 END
START 2552 9120 14148 -9547 3262 13343 END
START 1968 8936 13432 -9519 3447 13630 END
START 1392 8840 12936 -9515 3548 13945 END
START 692 8528 12604 -9422 3645 14226 END
START -64 8440 12152 -9333 3698 14554 END
START -656 8132 12064 -9165 3684 14823 END
START -1428 7872 11760 -8988 3622 15056 END
START -2068 7640 11492 -8759 3448 15281 END
START -2944 7356 11488 -8534 3238 15467 END
START -3640 7036 11148 -8266 2957 15608 END
START -4532 6608 11048 -7976 2702 15693 END
START -5344 6120 10828 -7678 2415 15696 END
START -6124 5816 10808 -7349 2061 15642 END
START -6928 5332 10592 -7073 1713 15540 END
START -7408 5032 10408 -6737 1403 15343 END
START -7856 4656 9928 -6449 1098 15171 END
START -8200 4356 9424 -6171 948 14922 END
START -8384 3816 9256 -5921 833 14697 END
START -8716 3592 8724 -5725 830 14457 END
START -9236 3268 8460 -5513 861 14209 END
START -9596 3008 8180 -5318 942 14000 END
START -10064 2748 8048 -5181 1043 13772 END
START -10464 2464 8056 -5014 1164 13402 END
START -10740 2148 7776 -4856 1296 13093 END
START -11228 1828 7628 -4686 1425 12607 END
START -11480 1724 7436 -4486 1554 12559 END
START -11988 1424 7536 -4243 1722 12116 END
START -12484 1244 7620 -4000 1910 11830 END
START -13048 928 7404 -3708 2092 11517 END
START -13636 980 7480 -3436 2215 11199 END
START -14260 928 7936 -3194 2328 10859 END
START -14968 916 8068 -2949 2392 10485 END
START -15528 576 8356 -2741 2440 10105 END
START -15988 352 8532 -2490 2433 9720 END
START -16624 0 8664 -2297 2455 9266 END
START -17296 -244 8824 -2065 2417 8816 END
START -17720 -252 8984 -1870 2428 8325 END
START -18396 -708 9188 -1586 2449 7783 END
START -18736 -768 9448 -1372 2344 7238 END
START -19312 -1012 9940 -1099 2264 6639 END
START -19788 -1368 10236 -903 2080 5993 END
START -20292 -1760 10636 -702 1849 5329 END
START -20648 -2080 11020 -531 1584 4647 END
START -21128 -2344 11244 -297 1215 3933 END
START -21332 -2500 11420 -64 861 3206 END
START -21576 -2748 11780 211 505 2529 END
START -21804 -2948 11888 495 34 1767 END
START -22024 -3128 12076 765 -369 1094 END
START -22220 -3336 12124 1039 -824 282 END
START -22192 -3340 12244 1339 -1262 -457 END
START -22344 -3464 12224 1626 -1711 -1300 END
START -22376 -3504 12156 1928 -2060 -2180 END
START -22240 -3500 12020 2205 -2388 -3025 END
START -22044 -3552 11928 2504 -2612 -3940 END
START -21948 -3360 11924 2705 -2733 -4775 END
START -21648 -3160 11936 2899 -2847 -5623 END
START -21292 -2980 12056 3058 -2928 -6436 END
START -20940 -2928 12148 3185 -2951 -7248 END
START -20600 -2752 12188 3278 -2924 -7994 END
START -20168 -2488 12308 3324 -2848 -8731 END
START -19660 -1936 12464 3339 -2770 -9401 END
START -19200 -1624 12296 3305 -2705 -10059 END
START -18976 -1268 12584 3300 -2594 -10666 END
START -18336 -1172 12568 3242 -2551 -11291 END
START -17908 -952 12508 3248 -2449 -11880 END
START -17388 -652 12312 3319 -2305 -12462 END
START -17092 -328 12204 3368 -2103 -13097 END
START -16832 8 12136 3473 -1831 -13666 END
START -16524 164 12140 3589 -1560 -14211 END
START -16144 652 12040 3702 -1306 -14839 END
START -15860 1208 12264 3861 -1137 -15423 END
START -15492 1420 12592 4028 -972 -15964 END
START -15120 1748 12996 4242 -871 -16479 END
START -14528 2116 13108 4458 -851 -16954 END
START -14068 2528 13240 4656 -782 -17414 END
START -13608 2904 13168 4788 -824 -17817 END
START -13208 3368 13256 4948 -853 -18234 END
START -12564 3892 12964 5073 -793 -18566 END
START -12136 4324 12884 5258 -716 -18874 END
START -11684 4696 13320 5449 -672 -19139 END
START -11080 4980 13380 5682 -771 -19357 END
START -10352 5252 13480 5914 -784 -19585 END
START -9800 5556 13780 6159 -854 -19741 END
START -9068 5776 14000 6362 -944 -19897 END
START -8264 6324 14364 6552 -1138 -19971 END
START -7636 6836 14540 6693 -1264 -20004 END
START -6748 7276 14552 6687 -1378 -19965 END
START -6076 7796 14748 6621 -1524 -19853 END
START -5160 8128 14776 6459 -1682 -19706 END
START -4144 8460 14592 6270 -1720 -19488 END
START -3312 8656 14348 5990 -1640 -19222 END
START -2748 8972 13960 5701 -1525 -18955 END
START -2040 8936 13588 5442 -1387 -18668 END
START -1328 8988 13232 5303 -1080 -18434 END
START -452 9208 12444 5111 -664 -18169 END
START -52 9324 11980 4967 -203 -17930 END
START 492 9544 11668 4870 350 -17642 END
START 880 9432 11228 4821 916 -17358 END
START 1552 9336 10812 4896 1614 -17075 END
START 1880 9316 10800 5073 2270 -16814 END
START 2272 9436 11060 5336 2957 -16558 END
START 2752 9312 11364 5599 3531 -16272 END
START 3024 9616 11980 5854 4021 -15989 END
START 3344 9832 12872 6019 4405 -15667 END
START 3840 9968 13916 6156 4654 -15379 END
START 4332 10188 15068 6229 4703 -14979 END
START 4864 10300 16480 6111 4315 -14628 END
START 5400 10668 17720 5804 4062 -14175 END
START 5732 11008 18832 5491 3517 -13652 END
START 5836 11388 19532 5092 2766 -13103 END
START 6340 11716 19952 4772 1894 -12492 END
START 6612 11848 20296 4480 1035 -11841 END
START 6824 11912 20272 4274 214 -11164 END
START 7216 11864 20020 4106 -549 -10580 END
START 7520 11800 19848 4034 -1233 -9957 END
START 7768 11928 19616 4020 -1890 -9366 END
START 7904 12000 19284 3985 -2404 -8810 END
START 8268 12176 18772 4005 -2894 -8133 END
START 8448 12188 18528 4025 -3234 -7515 END
START 8528 12044 18236 4111 -3566 -6904 END
START 8484 11872 18120 4166 -3814 -6224 END
START 8368 11596 18100 4281 -4030 -5584 END
START 8356 11220 17976 4386 -4187 -5023 END
START 8112 11140 18292 4446 -4369 -4465 END
START 7576 10848 18360 4486 -4599 -3919 END
START 7340 10504 18996 4474 -4908 -3461 END
START 6904 10192 19296 4370 -5277 -3070 END
START 6540 9892 19460 4234 -5758 -2733 END
START 6400 9608 19312 4061 -6184 -2403 END
START 6336 9292 19124 3851 -6520 -2168 END
START 6172 8992 18760 3667 -6687 -1885 END
START 5948 8560 18488 3504 -6792 -1646 END
START 5876 8304 18256 3299 -6762 -1457 END
START 5692 8192 17940 3106 -6661 -1273 END
START 5560 7980 17448 2893 -6484 -1173 END
START 5240 7744 17228 2674 -6254 -1078 END
START 4844 7668 17176 2426 -5990 -1097 END
START 4500 7480 16808 2194 -5723 -1077 END
START 4072 7348 16664 2008 -5482 -1106 END
START 3660 7240 16604 1733 -5254 -1116 END
START 3208 6912 16428 1577 -5117 -1170 END
START 2984 6660 16384 1481 -5024 -1262 END
START 2848 6492 16312 1379 -4911 -1192 END
START 2648 6412 16032 1343 -4860 -1220 END
START 2436 6328 15812 1317 -4813 -1172 END
START 2428 6284 15600 1252 -4679 -1132 END
START 2184 6268 15432 1210 -4531 -1078 END
START 1904 6388 15200 1155 -4394 -987 END
START 1780 6204 14952 1084 -4217 -899 END
START 1524 6260 14816 989 -4062 -721 END
START 1248 6244 14556 913 -3890 -560 END
START 1144 6240 14492 811 -3747 -363 END
START 616 6300 14704 740 -3722 -139 END