START -2312 -60 14860 15 2662 -852 END
START -1600 420 14888 -177 1745 -1140 END
START -632 -1040 8256 -148 2568 -1190 END
START -744 92 11000 -171 3634 -1399 END
START -1196 780 11656 -70 4302 -1528 END
START -1592 1112 12064 104 5070 -1720 END
START -1684 1644 11872 376 5764 -1826 END
START -1444 1856 11812 692 6590 -1862 END
START -1204 2124 12032 953 7426 -1714 END
START -1132 2128 12152 1125 8186 -1589 END
START -1160 2308 12484 1083 8857 -1387 END
START -1748 2584 12672 909 9217 -1211 END
START -2068 2816 13208 644 9436 -1045 END
START -2376 2824 13700 418 9579 -899 END
START -2720 2636 14376 311 9547 -747 END
START -2944 2200 14892 307 9467 -597 END
START -3220 1896 15416 376 9164 -516 END
START -3512 1816 15776 463 8742 -449 END
START -3760 1464 16224 643 8185 -429 END
START -3868 1012 16312 814 7648 -478 END
START -3976 672 16760 1066 6502 -588 END
START -4104 420 16880 1319 5872 -699 END
START -4104 268 17224 1629 5154 -914 END
START -3984 260 17744 1911 4415 -1044 END
START -3804 304 17632 2182 3673 -1182 END
START -3424 232 17960 2408 2893 -1301 END
START -2932 260 18040 2504 2293 -1376 END
START -2700 148 17924 2521 1756 -1470 END
START -2420 204 17584 2463 1367 -1465 END
START -1852 60 17244 2447 1077 -1477 END
START -1912 -144 16696 2300 1031 -1454 END
START -1636 -160 16168 2263 1051 -1468 END
START -1428 -268 15416 2222 1274 -1472 END
START -1560 -112 15188 2129 1654 -1541 END
START -1728 -216 14632 2115 2067 -1640 END
START -1960 -52 14316 2038 2546 -1795 END
START -2464 252 14276 2017 3011 -1947 END
START -2712 536 14372 2011 3373 -2146 END
START -2940 608 14552 2023 3667 -2262 END
START -3020 560 15112 2020 3914 -2381 END
START -3140 564 15280 1997 3950 -2450 END
START -3264 592 15608 1995 3976 -2514 END
START -3136 1024 15876 1959 3958 -2585 END
START -3136 1188 16020 1893 3912 -2576 END
START -3096 1500 16196 1779 3827 -2534 END
START -2840 1692 16544 1655 3659 -2425 END
START -2800 2060 16832 1505 3441 -2249 END
START -2736 2272 16992 1348 3113 -2041 END
START -2600 2696 17652 1219 2687 -1780 END
START -2440 2692 17824 1099 2137 -1478 END
START -2124 2668 18132 1048 1544 -1078 END
START -1992 2668 18116 1038 912 -593 END
START -1620 2556 17832 1036 387 -137 END
START -1572 2628 17732 1144 -24 338 END
START -1688 2596 17816 1151 -509 787 END
START -1560 2544 17652 1220 -896 1219 END
START -1592 2652 17552 1278 -1328 1635 END
START -1748 2360 17444 1359 -1745 2039 END
START -1700 2232 17136 1449 -2083 2372 END
START -1712 2096 16684 1629 -2304 2646 END
START -1972 2052 16412 1797 -2407 2806 END
START -1996 2036 16072 1878 -2491 2985 END
START -2268 1892 16036 1865 -2438 3083 END
START -2432 1736 16112 1776 -2377 3124 END
START -2664 1380 16180 1662 -2338 3078 END
START -2856 1188 16260 1493 -2184 2971 END
START -2852 924 16488 1386 -1929 2769 END
START -3036 672 16412 1224 -1602 2500 END
START -3252 476 16588 1014 -1239 2250 END
START -3416 468 16576 754 -857 1872 END
START -3544 376 16808 455 -502 1524 END
START -3548 48 16848 154 -123 1156 END
START -3632 -80 16912 -115 216 784 END
START -3324 -340 16892 -333 642 330 END
START -3280 -460 16628 -455 1100 -96 END
START -3120 -544 16852 -576 1581 -524 END
START -3008 -284 16908 -697 2050 -856 END
START -3100 44 17240 -878 2378 -1172 END
START -3028 544 17516 -1033 2575 -1350 END
START -2868 876 17612 -1151 2688 -1421 END
START -2496 1040 17892 -1272 2824 -1487 END
START -2164 1060 18068 -1346 2966 -1399 END
START -1888 960 18444 -1452 3028 -1318 END
START -1668 1128 18760 -1567 3078 -1170 END
START -1584 1020 19360 -1650 2912 -987 END
START -1464 1080 19640 -1754 2677 -776 END
START -1224 1156 20064 -1776 2339 -530 END
START -1112 1220 20176 -1771 2050 -207 END
START -1108 1332 20164 -1700 1803 161 END
START -1288 1384 20376 -1637 1491 524 END
START -1232 1316 20540 -1577 1296 903 END
START -1244 1200 20668 -1490 1067 1274 END
START -1372 924 20552 -1472 937 1608 END
START -1768 864 21040 -1420 835 1899 END
START -2204 748 21184 -1387 745 2206 END
START -2544 460 21312 -1416 692 2428 END
START -2892 316 21500 -1379 613 2639 END
START -3532 80 21668 -1433 525 2820 END
START -4196 -112 21928 -1404 459 2955 END
START -4920 -332 21948 -1414 397 3004 END
START -5460 -668 22220 -1438 302 2990 END
START -5932 -932 22336 -1466 200 2899 END
START -6316 -1228 22424 -1523 134 2721 END
START -6648 -1292 22692 -1616 38 2520 END
START -6852 -1504 22768 -1695 12 2291 END
START -6976 -1548 22868 -1788 3 2026 END
START -6960 -1672 22920 -1971 73 1794 END
START -7020 -1800 23180 -2174 188 1587 END
START -7064 -1712 23460 -2486 290 1345 END
START -7196 -1592 23424 -2799 414 1134 END
START -7088 -1532 23488 -3185 568 916 END
START -7032 -1688 23388 -3549 772 676 END
START -7072 -1668 23484 -3911 968 510 END
START -7252 -1584 23456 -4231 1141 324 END
START -7428 -1536 23380 -4591 1290 134 END
START -7488 -1480 23592 -4886 1423 -10 END
START -7680 -1232 23520 -5162 1520 -139 END
START -7784 -1504 23464 -5409 1609 -256 END
START -7860 -1528 23760 -5671 1657 -379 END
START -8096 -1560 23536 -5912 1634 -487 END
START -8276 -1536 23548 -6137 1552 -607 END
START -8392 -1496 23644 -6317 1460 -711 END
START -8344 -1452 23580 -6500 1324 -856 END
START -8492 -1504 23612 -6654 1227 -998 END
START -8528 -1456 23492 -6852 1138 -1089 END
START -8520 -1336 23372 -7075 969 -1219 END
START -8516 -1316 23296 -7304 836 -1316 END
START -8336 -1300 23272 -7510 694 -1419 END
START -8096 -1184 23076 -7750 615 -1500 END
START -8072 -1112 22912 -7993 554 -1580 END
START -8008 -1140 22748 -8309 556 -1665 END
START -7980 -944 22772 -8588 487 -1697 END
START -8164 -708 22696 -8937 489 -1693 END
START -8112 -584 22560 -9185 410 -1713 END
START -8368 -764 22568 -9511 341 -1737 END
START -8420 -788 22056 -9815 215 -1779 END
START -8672 -832 22020 -10074 97 -1890 END
START -8816 -1056 21748 -10357 -28 -2001 END
START -8956 -1172 21680 -10570 -165 -2176 END
START -9144 -1228 21240 -10718 -354 -2407 END
START -9440 -1460 21060 -10856 -572 -2637 END
START -9564 -1496 20804 -10893 -779 -2914 END
START -9780 -1684 20432 -10941 -988 -3215 END
START -9796 -1564 19900 -11000 -1152 -3493 END
START -9868 -1444 19432 -11105 -1243 -3841 END
START -9908 -1460 19084 -11203 -1305 -4171 END
START -9884 -1364 18528 -11333 -1352 -4558 END
START -9732 -1412 18036 -11446 -1289 -4873 END
START -9716 -1428 17492 -11583 -1227 -5231 END
START -9660 -1340 17344 -11705 -1079 -5580 END
START -9676 -1228 17136 -11830 -969 -5965 END
START -9392 -1232 16696 -11914 -802 -6320 END
START -9396 -1224 16488 -12110 -729 -6675 END
START -9212 -1076 16280 -12288 -636 -7020 END
START -9140 -1044 15988 -12506 -560 -7324 END
START -9108 -1044 15652 -12686 -506 -7660 END
START -8760 -1112 15432 -12838 -437 -8019 END
START -8772 -1056 15136 -12958 -369 -8283 END
START -8752 -924 14640 -13037 -343 -8623 END
START -8544 -864 14164 -13099 -337 -8947 END
START -8400 -860 13908 -13131 -268 -9212 END
START -8240 -744 13536 -13121 -167 -9527 END
START -8104 -708 13292 -13107 -105 -9771 END
START -7916 -564 12956 -13120 12 -10041 END
START -7672 -672 12736 -13084 140 -10243 END
START -7376 -556 12580 -13104 87 -10423 END
START -7248 -520 12436 -13111 71 -10597 END
START -7056 -372 12220 -13141 -51 -10725 END
START -6884 -284 12112 -13093 -214 -10832 END
START -6728 -104 11916 -13045 -510 -10928 END
START -6404 -32 11716 -12956 -837 -10958 END
START -6096 12 11512 -12789 -1180 -10985 END
START -5968 280 11024 -12550 -1530 -10914 END
START -5612 300 10624 -12263 -1959 -10850 END
START -5372 380 10244 -11956 -2279 -10707 END
START -5176 552 9676 -11687 -2618 -10593 END
START -5264 652 9128 -11338 -3032 -10427 END
START -5288 672 8632 -10989 -3350 -10323 END
START -5264 648 8140 -10587 -3693 -10215 END
START -5260 616 7416 -10110 -3897 -10195 END
START -5352 324 7152 -9548 -4118 -10141 END
START -5444 204 6464 -8931 -4241 -10175 END
START -5528 208 6472 -8395 -4318 -10221 END
START -5564 92 6036 -7814 -4456 -10344 END
START -5540 100 5808 -7272 -4498 -10491 END
START -5584 144 5756 -6833 -4550 -10699 END
START -5380 248 5668 -6386 -4584 -10886 END
START -5176 256 5348 -5960 -4598 -11133 END
START -4800 296 5128 -5592 -4514 -11336 END
START -4500 660 5116 -5246 -4411 -11501 END
START -4312 800 5100 -4927 -4272 -11700 END
START -3740 1100 4792 -4640 -4118 -11792 END
START -3352 1452 4828 -4382 -3892 -11909 END
START -2928 1772 4704 -4181 -3618 -11934 END
START -2616 1940 4684 -4023 -3400 -11921 END
START -2256 2288 4360 -3968 -3101 -11899 END
START -2068 2380 4372 -3965 -2807 -11803 END
START -1832 2488 4120 -3981 -2463 -11767 END
START -1492 2536 4112 -4031 -2068 -11661 END
START -1136 2464 4124 -3997 -1725 -11602 END
START -996 2352 3816 -3984 -1397 -11556 END
START -984 2252 3636 -3901 -1059 -11537 END
START -848 2140 3596 -3804 -770 -11512 END
START -900 2004 3400 -3646 -557 -11542 END
START -948 1900 3484 -3421 -352 -11573 END
START -960 1884 3508 -3203 -290 -11605 END
START -908 1732 3520 -2925 -299 -11630 END
START -816 1716 3688 -2641 -319 -11675 END
START -688 1676 3520 -2259 -419 -11709 END
START -824 1460 3452 -1859 -610 -11729 END
START -628 1472 3336 -1416 -751 -11687 END
START -624 1384 3424 -918 -859 -11645 END
START -464 1344 3152 -460 -1068 -11576 END
START -472 1384 3096 5 -1217 -11562 END
START -220 1216 2892 439 -1378 -11500 END
START -160 1244 2680 921 -1487 -11433 END
START 204 1180 2400 1455 -1541 -11413 END
START 604 1144 2484 1986 -1471 -11297 END
START 844 1072 2440 2505 -1421 -11206 END
START 1180 1176 2636 3033 -1416 -11104 END
START 1356 1432 2964 3486 -1414 -10948 END
START 1620 1588 3036 3823 -1452 -10790 END
START 1800 1812 3248 4126 -1524 -10556 END
START 2000 1992 3428 4356 -1562 -10359 END
START 2360 2000 3756 4590 -1583 -10103 END
START 2528 1976 3584 4794 -1588 -9891 END
START 2528 1940 3760 5021 -1542 -9663 END
START 2728 1976 3612 5295 -1441 -9454 END
START 2808 2212 3444 5498 -1325 -9308 END
START 3012 2148 3440 5737 -1151 -9142 END
START 2968 2120 3516 5954 -956 -8958 END
START 2928 2212 3480 6172 -816 -8764 END
START 2864 2240 3508 6418 -646 -8586 END
START 2832 2112 3624 6704 -526 -8439 END
START 2624 2208 3736 7012 -400 -8323 END
START 2400 2096 3704 7364 -286 -8238 END
START 2544 2104 3692 7705 -163 -8168 END
START 2452 2200 3812 8051 -17 -8108 END
START 2516 2296 4012 8345 80 -8051 END
START 2748 2360 4200 8610 256 -8047 END
START 2816 2308 4456 8854 369 -7994 END
START 3100 2520 4436 9094 521 -7972 END
START 3416 2600 4684 9278 663 -7921 END
START 3840 2868 5080 9418 839 -7819 END
START 4112 2964 5356 9554 983 -7722 END
START 4704 3260 5564 9657 1176 -7551 END
START 5332 3416 5892 9737 1361 -7304 END
START 5480 3508 6032 9754 1537 -7041 END
START 5940 3676 6280 9817 1724 -6703 END
START 6064 3924 6484 9872 1860 -6350 END
START 6196 4036 6848 9921 1980 -5941 END
START 6500 4156 7240 10034 2065 -5529 END
START 6504 4124 7160 10112 2143 -5108 END
START 6576 4084 7644 10292 2175 -4677 END
START 6480 4048 7900 10526 2116 -4247 END
START 6464 4072 8120 10819 2062 -3881 END
START 6388 4080 8252 11111 1889 -3508 END
START 6332 4312 8340 11385 1760 -3145 END
START 6444 4464 8548 11632 1591 -2811 END
START 6532 4472 8544 12076 1500 -2468 END
START 6620 4580 8632 12307 1408 -2132 END
START 6636 4448 8856 12212 1355 -1827 END
START 6804 4516 8992 12720 1322 -1443 END
START 6748 4624 9144 12819 1344 -1165 END
START 6688 4848 9320 13100 1382 -847 END
START 6776 5092 9504 13318 1366 -557 END
START 6820 5228 9904 13491 1432 -316 END
START 6976 5280 10024 13589 1486 -66 END
START 7112 5356 10396 13682 1615 207 END
START 7436 5200 10444 13740 1839 414 END
START 7796 5200 10588 13751 2177 569 END
START 7872 5484 10904 13681 2598 728 END
START 7916 5756 11076 13574 3035 888 END
START 8080 6120 11224 13422 3536 1040 END
START 8108 6364 11800 13256 3973 1193 END
START 8128 6568 12160 13027 4418 1400 END
START 8256 6836 12632 12900 4759 1618 END
START 8444 6992 13144 12683 5114 1877 END
START 8520 7300 13380 12580 5338 2136 END
START 8532 7484 13776 12441 5557 2437 END
START 8612 7632 14284 12350 5713 2779 END
START 8884 7768 14416 12499 5855 3171 END
START 8948 7844 14956 12298 5954 3578 END
START 9036 7988 15424 12255 5989 4036 END
START 9136 7988 15744 12057 5943 4558 END
START 9104 8164 16220 12065 5815 5099 END
START 9192 8164 16740 12013 5671 5672 END
START 9152 8004 17224 12076 5450 6277 END
START 9176 7884 17560 12082 5146 6924 END
START 9068 7676 17904 12152 4845 7539 END
START 9068 7556 18252 12443 4536 8112 END
START 8836 7476 18376 12310 4308 8645 END
START 8732 7332 18648 12560 4098 9207 END
START 8544 7176 18912 12589 3913 9740 END
START 8208 7036 19104 12529 3796 10257 END
START 7936 7020 19416 12525 3637 10800 END
START 7688 6848 19652 12442 3559 11249 END
START 7408 6640 19628 12080 3525 11651 END
START 7152 6396 19912 12038 3522 12116 END
START 6996 6124 20004 12021 3549 12488 END
START 6696 5904 20112 11951 3635 12903 END
START 6428 5612 20264 11548 3701 12889 END
START 6196 5412 20372 11420 3819 13330 END
START 6148 5372 20368 11223 3916 13406 END
START 5864 5300 20560 10959 4112 13554 END
START 5644 5280 20608 10647 4320 13685 END
START 5596 5256 20964 10334 4488 13742 END
START 5536 5160 21128 10000 4638 13841 END
START 5596 5128 21112 9605 4898 13960 END
START 5400 5016 21012 9243 5057 14010 END
START 5344 4940 20948 8948 5322 14124 END
START 5336 4820 20992 8691 5597 14209 END
START 5284 4824 21204 8427 5832 14327 END
START 5312 4752 21376 8163 6041 14488 END
START 5228 4640 21968 7915 6229 14687 END
START 5228 4580 22348 7670 6409 14936 END
START 5056 4608 22808 7416 6490 15212 END
START 4756 4688 23340 7165 6654 15586 END
START 4360 4896 23904 6869 6613 15976 END
START 3884 4924 24424 6539 6536 16400 END
START 3448 4988 24960 6162 6382 16883 END
START 2880 4940 25244 5766 6065 17392 END
START 2400 4872 25652 5239 5738 17873 END
START 1668 4752 25880 4788 5321 18311 END
START 1336 4844 25624 4364 4901 18792 END
START 732 4748 25608 3947 4441 19188 END
START 440 4556 25508 3536 4025 19586 END
START 88 4500 25344 3153 3618 19921 END
START -344 4356 24968 2763 3285 20223 END
START -628 4392 24720 2368 2904 20550 END
START -1036 4360 24332 1962 2536 20852 END
START -1248 4508 24172 1596 2001 21134 END
START -1656 4556 23876 1190 1600 21378 END
START -2068 4604 23140 842 1053 21626 END
START -2356 4428 22276 565 666 21865 END
START -2860 4300 21360 371 331 22102 END
START -3304 4148 20816 303 154 22304 END
START -3992 3892 20008 383 40 22362 END
START -4728 3484 19132 493 114 22371 END
START -5388 2844 18700 850 262 22242 END
START -6068 2176 18040 1239 540 21991 END
START -6760 1812 17504 1704 836 21655 END
START -7284 1404 17580 2188 1185 21206 END
START -7716 1204 17716 2586 1530 20677 END
START -8096 1204 17968 2939 1895 20112 END
START -8552 1248 18256 3184 2250 19532 END
START -8632 1248 18832 3356 2641 18972 END
START -8908 1264 19208 3489 2989 18398 END
START -8980 1416 19652 3528 3307 17932 END
START -9136 1360 20240 3552 3626 17420 END
START -9160 1600 20584 3400 3936 16956 END
START -9196 1792 21204 3208 4189 16547 END
START -9272 2036 21556 2853 4389 16194 END
START -9260 2088 21936 2407 4522 15815 END
START -9236 2240 22304 1960 4580 15596 END
START -9588 2388 22312 1469 4632 15302 END
START -9612 2548 22532 1061 4537 15065 END
START -9880 2808 22380 646 4515 14893 END
START -10068 2984 22408 304 4373 14673 END
START -10212 3108 22264 -15 4257 14517 END
START -10600 3168 21996 -297 4112 14409 END
START -10964 3184 21840 -524 4014 14342 END
START -11344 3192 21656 -756 3872 14302 END
START -12012 2880 21476 -890 3647 14314 END
START -12604 2776 21312 -1027 3432 14270 END
START -13096 2460 20996 -1046 3247 14185 END
START -13756 2092 20604 -1075 3016 13982 END
START -14380 1776 20472 -1104 2927 13720 END
START -15032 1472 20268 -1093 2702 13312 END
START -15748 1092 20212 -1020 2521 12939 END
START -16436 640 20112 -970 2282 12549 END
START -17044 428 19868 -908 2117 12091 END
START -17448 20 19392 -829 1965 11545 END
START -17900 -148 19372 -747 1862 10896 END
START -18100 -232 18960 -682 1765 10186 END
START -18492 -300 18868 -672 1783 9393 END
START -18772 -604 18836 -566 1790 8639 END
START -19296 -744 18904 -446 1829 7947 END
START -19348 -664 18868 -282 1791 7282 END
START -19772 -740 18856 -163 1800 6650 END
START -19832 -652 18556 -143 1807 6008 END
START -19960 -544 18340 -184 1831 5347 END
START -20072 -496 17972 -247 1895 4736 END
START -20236 -612 17872 -350 2046 4054 END
START -20620 -668 17824 -430 2164 3478 END
START -20944 -680 17644 -350 2192 2929 END
START -21284 -696 17444 -294 2260 2289 END
START -21656 -928 17336 -170 2225 1729 END
START -22084 -1172 17160 -35 2101 1065 END
START -22308 -1396 16804 124 2025 401 END
START -22664 -1672 16740 303 1822 -316 END
START -22748 -1936 16464 508 1594 -1069 END
START -22872 -2108 16372 746 1391 -1895 END
START -23012 -2276 16184 982 1198 -2630 END
START -22900 -2256 16272 1231 964 -3408 END
START -22896 -2260 16340 1442 613 -4158 END
START -22684 -2264 16388 1671 287 -4901 END
START -22508 -2056 16200 1821 -77 -5672 END
START -22220 -1784 16044 1928 -394 -6315 END
START -22192 -1680 15996 2055 -684 -6937 END
START -21892 -1404 15556 2102 -896 -7593 END
START -21576 -1108 15332 2189 -1090 -8180 END
START -21132 -1028 14780 2243 -1099 -8852 END
START -20484 -948 14444 2308 -1008 -9473 END
START -19804 -764 14108 2352 -768 -10041 END
START -19264 -420 13988 2331 -487 -10685 END
START -18924 52 13764 2250 -166 -11220 END
START -18488 444 13604 2163 163 -11714 END
START -18248 796 13644 2007 520 -12190 END
START -18036 1008 13568 1843 808 -12650 END
START -17540 1112 13436 1697 1069 -13120 END
START -17192 1092 13300 1631 1327 -13556 END
START -16832 1148 12872 1630 1635 -14045 END
START -16612 1524 12588 1642 1860 -14513 END
START -16252 1580 12288 1730 2131 -14980 END
START -15984 1728 12312 1853 2363 -15387 END
START -15688 1996 12252 2024 2561 -15866 END
START -15500 2136 12364 2226 2633 -16297 END
START -15280 2296 12444 2433 2682 -16717 END
START -14848 2588 12380 2692 2676 -17172 END
START -14316 2560 12424 2985 2705 -17565 END
START -13980 2860 12540 3263 2609 -17935 END
START -13432 2952 12540 3560 2565 -18273 END
START -12920 3272 12444 3828 2407 -18581 END
START -12452 3712 12388 4101 2168 -18812 END
START -11720 4100 12672 4443 1969 -19041 END
START -11036 4464 12792 4773 1686 -19160 END
START -10504 4812 13228 5112 1400 -19239 END
START -9836 5376 13504 5411 1061 -19202 END
START -9028 5896 13696 5655 689 -19131 END
START -8332 6380 13784 5823 288 -18978 END
START -7556 6636 14112 5948 -109 -18864 END
START -6792 6836 14088 6016 -467 -18661 END
START -5936 7008 14100 6040 -756 -18434 END
START -5444 7136 14060 6124 -1012 -18165 END
START -4756 7380 14060 6206 -1160 -17905 END
START -4316 7580 13900 6294 -1235 -17678 END
START -3768 7824 13856 6331 -1238 -17471 END
START -3204 7948 13620 6351 -1247 -17236 END
START -2664 7960 13716 6424 -1252 -17022 END
START -2076 7960 13824 6515 -1189 -16777 END
START -1576 8040 13764 6577 -1024 -16617 END
START -968 8032 13836 6663 -966 -16480 END
START -368 8048 14076 6734 -827 -16320 END
START -144 8040 14404 6727 -710 -16241 END
START 372 8132 14384 6718 -628 -16158 END
START 672 8060 14408 6636 -487 -16090 END
START 1112 8040 14628 6553 -368 -16050 END
START 1736 8080 14852 6378 -232 -16013 END
START 2184 8152 15048 6276 -68 -16000 END
START 2892 8332 15144 6158 99 -15885 END
START 3556 8408 15168 5963 255 -15802 END
START 4368 8576 15264 5781 463 -15631 END
START 5112 8828 15372 5581 705 -15475 END
START 5592 9088 15580 5384 901 -15240 END
START 6296 9324 15544 5190 1143 -14915 END
START 7228 9416 15808 5008 1376 -14570 END
START 7780 9608 16304 4865 1500 -14166 END
START 8228 9968 16544 4717 1606 -13713 END
START 8688 10252 17152 4594 1688 -13177 END
START 9060 10576 17400 4440 1636 -12642 END
START 9412 10964 17824 4316 1555 -11979 END
START 9968 11072 18048 4192 1417 -11312 END
START 10304 11108 18480 4064 1271 -10573 END
START 10892 11268 18716 3951 1188 -9802 END
START 10996 11420 19172 3783 1029 -9038 END
START 11284 11344 19256 3642 843 -8223 END
START 11316 11204 19164 3508 618 -7456 END
START 11196 10896 19292 3313 444 -6707 END
START 10948 10516 19040 3268 222 -6010 END
START 10744 10440 18948 3183 87 -5304 END
START 10236 10304 18756 3141 -100 -4767 END
START 9772 10092 18528 3077 -291 -4259 END
START 9512 9972 18464 3046 -424 -3778 END
START 8968 9616 18152 2985 -591 -3367 END
START 8516 9224 17888 2939 -740 -3038 END
START 8216 8732 17860 2884 -853 -2690 END
START 7848 8552 17568 2854 -949 -2456 END
START 7524 8060 17536 2772 -1034 -2246 END
START 7124 7644 17288 2711 -1084 -2123 END
START 6736 7536 16988 2582 -1096 -2023 END
START 6372 7228 16740 2438 -1051 -1949 END
START 6176 7220 16492 2261 -1025 -1900 END
START 6056 7044 16456 2063 -951 -1876 END
START 5884 6960 16520 1902 -798 -1810 END
START 5860 6756 16372 1670 -657 -1782 END
START 5488 6644 16420 1433 -466 -1667 END
START 5484 6732 16468 1189 -291 -1571 END
START 5276 6756 16564 939 -119 -1428 END
START 5040 6740 16316 623 5 -1271 END
START 4828 6764 16720 320 100 -1110 END
START 4700 6700 16728 -34 185 -938 END
START 4248 6784 16984 -342 232 -760 END
START 4148 6804 16944 -671 153 -577 END
START 3852 6720 16892 -971 80 -339 END
START 3708 6716 16732 -1240 -23 -158 END
START 3400 6496 16576 -1481 -105 60 END
START 3132 6396 16424 -1740 -175 277 END
START 2952 6140 16328 -1916 -251 480 END
START 2772 5984 15992 -2082 -260 712 END
START 2328 5948 15448 -2205 -311 931 END
START 2120 5676 15340 -2263 -308 1127 END
START 1772 5424 15224 -2338 -339 1334 END
START 1392 5340 14880 -2373 -351 1489 END
START 960 5056 14752 -2350 -324 1643 END
START 696 4880 14652 -2278 -314 1822 END
START 340 4804 14600 -2147 -325 1894 END
START -52 4584 14664 -1991 -348 1944 END
START -520 4492 14584 -1820 -403 1995 END
START -1004 4396 14664 -1684 -487 1991 END
START -1268 4300 14604 -1507 -544 1946 END
START -1752 4460 14640 -1391 -600 1873 END
START -2220 4652 14516 -1294 -727 1843 END
START -2544 4816 14416 -1234 -786 1748 END