START -1836 3668 13640 -1891 1475 -1268 END
START -340 4748 10268 -2128 169 -1178 END
START -236 3316 11088 -2169 746 -883 END
START -808 3448 12440 -2211 1214 -609 END
START -676 3224 12452 -2293 1644 -298 END
START -484 3040 12320 -2344 1953 51 END
START -628 2976 12504 -2417 2196 470 END
START -1052 3168 12748 -2474 2281 923 END
START -1152 3176 12636 -2488 2394 1431 END
START -1064 3160 12504 -2536 2550 1902 END
START -1060 2592 12424 -2567 2615 2350 END
START -1196 2252 12540 -2563 2653 2727 END
START -1188 2060 12680 -2468 2734 3046 END
START -1492 1924 12996 -2244 2759 3339 END
START -1732 1732 13396 -1989 2769 3596 END
START -2276 1392 13780 -1751 2618 3794 END
START -2752 972 14448 -1515 2288 3969 END
START -3208 172 15172 -1290 1703 4017 END
START -3548 -460 15976 -1126 1048 3890 END
START -3852 -932 16488 -988 266 3588 END
START -4156 -1140 16444 -887 -482 3214 END
START -4556 -1276 16852 -814 -1362 2702 END
START -4220 -1400 16176 -811 -1918 2180 END
START -3952 -1696 15620 -823 -2176 1553 END
START -3620 -1664 14864 -1004 -2155 975 END
START -3388 -1760 14128 -1171 -1840 341 END
START -3256 -1856 13756 -1420 -1265 -278 END
START -3008 -1840 13168 -1625 -370 -989 END
START -2772 -1904 12564 -1818 647 -1670 END
START -2764 -1652 12392 -2048 1788 -2338 END
START -2796 -1244 12636 -2299 2878 -3014 END
START -2952 -848 12996 -2554 3757 -3549 END
START -3068 -508 13472 -2805 4501 -4067 END
START -2936 -412 13928 -3040 5061 -4443 END
START -2920 -68 14456 -3301 5550 -4735 END
START -2780 272 14904 -3485 5900 -4961 END
START -2780 788 15332 -3612 6020 -5054 END
START -2712 1232 15804 -3743 5966 -4994 END
START -2680 1592 16332 -3775 5697 -4866 END
START -2688 1852 16744 -3778 5167 -4612 END
START -2504 2040 16824 -3692 4486 -4206 END
START -2228 2028 16876 -3473 3760 -3731 END
START -2072 1832 16668 -3118 2902 -3096 END
START -1640 1500 16176 -2575 2113 -2466 END
START -1364 1408 15780 -2012 1327 -1829 END
START -1272 1476 15328 -1286 597 -1175 END
START -1236 1456 14732 -588 -100 -535 END
START -1268 1464 14332 100 -664 69 END
START -1400 1428 14084 776 -1109 700 END
START -1468 1240 14064 1381 -1509 1303 END
START -1616 864 14304 1958 -1927 1829 END
START -1808 644 14524 2441 -2470 2271 END
START -2156 172 14648 2923 -3040 2595 END
START -2508 120 14580 3411 -3523 2829 END
START -2888 -308 14452 3844 -3936 2995 END
START -3272 -740 14464 4327 -4266 3015 END
START -3392 -1216 14392 4721 -4396 2920 END
START -3544 -1564 13988 5060 -4498 2722 END
START -3440 -1608 13408 5271 -4319 2377 END
START -3280 -1288 12908 5373 -3875 1989 END
START -3028 -1224 12560 5388 -3158 1559 END
START -2668 -1364 12348 5269 -2246 1163 END
START -2608 -1384 12332 5079 -1284 822 END
START -2572 -1260 12776 4772 -219 399 END
START -2616 -1132 12992 4484 778 -4 END
START -2780 -696 13672 4082 1744 -425 END
START -3108 -596 14364 3624 2518 -843 END
START -3268 -492 15040 3096 3096 -1232 END
START -3412 -508 15828 2517 3446 -1647 END
START -3580 -400 16516 1972 3621 -1977 END
START -3848 -248 16916 1489 3627 -2321 END
START -3808 -104 17444 1098 3564 -2623 END
START -3620 84 17280 769 3406 -2791 END
START -3520 236 17360 491 3337 -2938 END
START -3128 392 17200 206 3267 -2957 END
START -2736 480 17008 19 3283 -2942 END
START -2408 612 16800 -179 3238 -2847 END
START -2148 796 17076 -385 3131 -2713 END
START -2268 1012 17076 -555 2932 -2525 END
START -2012 1044 17064 -668 2607 -2308 END
START -1888 1044 17160 -694 2276 -2018 END
START -1776 980 17008 -587 1892 -1689 END
START -1820 1016 17068 -417 1416 -1381 END
START -1864 1044 17144 -206 984 -955 END
START -1968 920 17200 -1 432 -602 END
START -1768 800 17336 240 -121 -250 END
START -1704 808 17168 411 -649 23 END
START -1696 664 17084 600 -1156 306 END
START -1720 552 17120 796 -1534 515 END
START -1620 328 16704 952 -1883 755 END
START -1348 244 16444 1019 -2088 931 END
START -1240 12 16116 1087 -2191 1097 END
START -1136 -84 15992 1181 -2190 1194 END
START -896 -120 15660 1252 -2040 1235 END
START -812 -172 15304 1260 -1842 1217 END
START -956 -192 15528 1319 -1648 1222 END
START -1008 -132 15568 1351 -1477 1187 END
START -1192 -216 15688 1349 -1310 1158 END
START -1180 -280 15672 1374 -1129 1102 END
START -1284 -576 15768 1403 -988 1005 END
START -1256 -712 15768 1422 -830 851 END
START -1248 -560 15620 1441 -634 672 END
START -1312 -436 15560 1398 -383 469 END
START -1336 -144 15400 1360 -123 304 END
START -1272 -252 15372 1272 134 79 END
START -1260 -164 15584 1278 455 -76 END
START -1264 -140 15536 1244 676 -277 END
START -1036 12 15652 1212 905 -431 END
START -912 64 15996 1219 1091 -574 END
START -752 268 16192 1177 1186 -639 END
START -332 508 16700 1139 1186 -654 END
START -204 444 16928 1100 1178 -644 END
START -108 748 17112 1028 1078 -534 END
START 12 880 17308 951 919 -455 END
START 192 1008 17468 901 846 -361 END
START 520 1064 17552 817 701 -241 END
START 600 1192 17636 680 576 -101 END
START 936 1404 17884 549 436 65 END
START 1192 1564 17892 477 332 249 END
START 1192 1608 18048 394 135 493 END
START 1224 1620 18160 323 -99 785 END
START 1200 1692 18408 263 -401 1058 END
START 1352 1796 18556 256 -734 1346 END
START 1376 1780 18596 241 -1055 1598 END
START 1472 1740 18412 223 -1454 1849 END
START 1416 1832 18244 237 -1751 2104 END
START 1444 1912 18208 244 -2080 2367 END
START 1632 1852 18096 286 -2355 2569 END
START 1644 1924 17780 302 -2535 2844 END
START 1564 1900 17612 324 -2708 3040 END
START 1504 1812 17420 356 -2798 3160 END
START 1488 1800 17096 445 -2898 3289 END
START 1552 1704 16980 430 -2850 3345 END
START 1676 1528 16632 499 -2854 3384 END
START 1640 1540 16716 478 -2708 3346 END
START 1584 1504 16600 511 -2552 3297 END
START 1568 1580 16556 502 -2359 3180 END
START 1708 1812 16592 437 -2167 3128 END
START 1572 1976 16732 313 -1948 3043 END
START 1376 2116 16696 229 -1774 2956 END
START 1484 2188 16760 122 -1645 2908 END
START 1576 2368 16640 -31 -1480 2875 END
START 1648 2420 16296 -111 -1273 2800 END
START 1792 2408 16452 -153 -1010 2772 END
START 1928 2444 16540 -236 -726 2712 END
START 1984 2652 16732 -330 -535 2703 END
START 2084 3064 16880 -410 -370 2730 END
START 2224 3168 17000 -545 -224 2810 END
START 2276 3556 17084 -716 -87 2957 END
START 2472 3588 17252 -888 27 3094 END
START 2476 3652 17304 -1072 62 3307 END
START 2448 3768 17328 -1224 47 3569 END
START 2340 3816 17264 -1419 35 3813 END
START 2368 3908 17276 -1547 47 4034 END
START 2376 3936 17132 -1672 -2 4298 END
START 2352 3844 17208 -1830 -25 4587 END
START 2256 3960 17144 -1954 -134 4879 END
START 2084 3996 17284 -2092 -255 5189 END
START 1976 4076 17224 -2201 -340 5505 END
START 1876 4012 17088 -2316 -481 5799 END
START 1632 4036 17088 -2436 -627 6142 END
START 1628 3964 16972 -2498 -790 6480 END
START 1524 3764 16812 -2567 -973 6797 END
START 1480 3548 16572 -2628 -1089 7108 END
START 1368 3236 16364 -2627 -1161 7330 END
START 1240 2972 16172 -2578 -1239 7550 END
START 840 2544 15928 -2532 -1264 7665 END
START 812 2408 15676 -2397 -1264 7774 END
START 724 2188 15556 -2260 -1259 7831 END
START 500 2000 15524 -2081 -1222 7859 END
START 336 1916 15216 -1886 -1151 7915 END
START 140 1816 15004 -1745 -1060 7936 END
START -20 1752 14940 -1642 -964 7887 END
START -372 1608 14748 -1561 -857 7863 END
START -580 1484 14588 -1504 -678 7782 END
START -728 1424 14568 -1449 -534 7728 END
START -1008 1360 14852 -1367 -311 7546 END
START -1312 1272 14856 -1271 -138 7444 END
START -1348 1312 15076 -1246 6 7377 END
START -1704 1256 15116 -1183 98 7276 END
START -1920 1288 15488 -1111 161 7253 END
START -2088 1232 15544 -1083 205 7182 END
START -2368 1284 15904 -1079 229 7143 END
START -2596 1344 16280 -1093 206 7121 END
START -2604 1244 16312 -1140 131 7063 END
START -2956 1368 16372 -1206 23 7053 END
START -3204 1152 16544 -1246 -91 7029 END
START -3528 1108 16676 -1355 -294 7015 END
START -3780 976 16588 -1436 -479 6969 END
START -4016 992 16532 -1535 -675 6898 END
START -4216 1064 16548 -1606 -801 6817 END
START -4252 1064 16552 -1712 -978 6811 END
START -4552 1132 16396 -1798 -1109 6757 END
START -4760 1096 16404 -1895 -1247 6749 END
START -4780 1208 16284 -2010 -1394 6710 END
START -4968 976 16156 -2082 -1487 6773 END
START -5192 884 15832 -2137 -1600 6763 END
START -5444 784 15668 -2184 -1686 6769 END
START -5548 432 15648 -2190 -1776 6745 END
START -5612 228 15496 -2142 -1813 6714 END
START -5868 252 15452 -2126 -1917 6660 END
START -6020 220 15380 -2054 -1974 6595 END
START -6340 72 15352 -2005 -2060 6544 END
START -6544 60 15208 -2010 -2165 6490 END
START -6540 -8 15188 -1961 -2282 6515 END
START -6564 -168 15312 -1948 -2359 6509 END
START -6728 -208 14852 -1923 -2427 6427 END
START -6800 -396 14768 -1939 -2488 6381 END
START -6932 -540 14600 -1946 -2482 6330 END
START -6948 -664 14172 -1919 -2508 6245 END
START -7172 -648 14084 -1907 -2395 6124 END
START -7372 -696 14068 -1880 -2343 5984 END
START -7504 -944 13928 -1824 -2249 5807 END
START -7744 -1080 13824 -1794 -2171 5666 END
START -7856 -1256 13624 -1726 -2114 5450 END
START -8016 -1308 13740 -1692 -2130 5237 END
START -8096 -1388 13788 -1628 -2092 4968 END
START -8260 -1536 13576 -1559 -2077 4779 END
START -8264 -1536 13536 -1468 -2110 4484 END
START -8372 -1588 13432 -1414 -2060 4256 END
START -8268 -1616 13216 -1300 -2128 3981 END
START -8228 -1704 13308 -1200 -2070 3732 END
START -8180 -1564 13152 -1088 -2055 3461 END
START -8040 -1480 12836 -988 -2016 3220 END
START -7956 -1448 12900 -923 -1917 2998 END
START -7804 -1332 12808 -823 -1793 2783 END
START -7852 -1336 12560 -772 -1659 2575 END
START -7828 -1280 12812 -693 -1619 2392 END
START -7900 -1100 12772 -608 -1590 2215 END
START -8020 -1084 12816 -512 -1566 2028 END
START -7776 -844 12968 -453 -1562 1827 END
START -7740 -660 12868 -364 -1528 1680 END
START -7664 -552 12724 -301 -1513 1471 END
START -7540 -456 12616 -276 -1486 1348 END
START -7236 -424 12668 -246 -1385 1161 END
START -6880 -236 12504 -243 -1263 1106 END
START -6696 16 12408 -253 -1172 1008 END
START -6636 116 12352 -255 -1020 967 END
START -6476 320 12320 -276 -899 955 END
START -6396 456 12440 -332 -760 955 END
START -6376 376 12328 -359 -680 952 END
START -6380 436 12420 -391 -608 878 END
START -6188 588 12396 -364 -571 855 END
START -6260 544 12276 -386 -612 845 END
START -6036 704 12156 -353 -617 746 END
START -6028 756 12068 -255 -624 735 END
START -5928 780 11984 -161 -628 700 END
START -5788 768 11828 -55 -628 635 END
START -5636 800 11596 58 -669 579 END
START -5680 804 11492 168 -654 519 END
START -5548 840 11452 287 -626 451 END
START -5496 928 11216 428 -600 368 END
START -5436 920 11092 523 -541 297 END
START -5336 876 11048 658 -543 235 END
START -5236 932 11084 728 -510 132 END
START -5012 940 10788 852 -464 7 END
START -4848 996 10684 899 -365 -86 END
START -4704 1188 10348 969 -192 -246 END
START -4620 1248 10284 1022 -11 -338 END
START -4480 1344 10300 1073 193 -454 END
START -4260 1360 9992 1097 397 -630 END
START -4220 1380 9924 1165 680 -724 END
START -4020 1464 9800 1192 907 -871 END
START -3832 1592 10128 1271 1170 -1003 END
START -3868 1632 9836 1267 1368 -1130 END
START -3760 1836 9808 1287 1560 -1216 END
START -3540 1900 9732 1300 1719 -1293 END
START -3500 2208 9660 1283 1939 -1400 END
START -3340 2272 9596 1291 2073 -1412 END
START -3216 2300 9536 1322 2256 -1474 END
START -2964 2448 9444 1413 2424 -1482 END
START -2860 2484 9308 1451 2599 -1490 END
START -2764 2732 9484 1515 2774 -1488 END
START -2688 2744 9500 1599 2807 -1471 END
START -2704 2724 9520 1758 2813 -1379 END
START -2676 2860 9620 1879 2715 -1252 END
START -2772 2932 9644 2044 2597 -1104 END
START -2720 2996 9692 2234 2439 -1002 END
START -2688 2872 9608 2481 2211 -826 END
START -2504 2692 9444 2750 1955 -665 END
START -2528 2592 9540 3066 1731 -517 END
START -2452 2584 9296 3398 1464 -393 END
START -2688 2676 9288 3748 1251 -252 END
START -2484 2680 9004 4126 954 -163 END
START -2604 2844 8912 4478 750 -49 END
START -2692 2924 8976 4864 513 76 END
START -2600 2872 8840 5187 393 124 END
START -2660 2976 8888 5542 259 214 END
START -2496 3036 8936 5817 200 255 END
START -2416 3016 8852 6063 135 274 END
START -2424 2940 9052 6248 79 286 END
START -2284 3024 9028 6405 68 251 END
START -2292 3100 9040 6533 124 213 END
START -2120 3244 8828 6597 244 154 END
START -2004 3200 8804 6702 427 126 END
START -2120 3196 8768 6754 651 64 END
START -2104 3096 8672 6855 882 -38 END
START -2156 3116 8972 6917 1085 -112 END
START -2184 3244 8988 7030 1307 -246 END
START -2168 3108 9140 7187 1448 -324 END
START -2116 3164 9812 7257 1562 -450 END
START -2084 3088 9844 7396 1588 -521 END
START -1940 3216 10240 7461 1585 -618 END
START -1864 3392 10488 7560 1544 -620 END
START -1764 3404 10736 7627 1508 -628 END
START -1648 3444 10744 7715 1477 -629 END
START -1476 3612 10664 7815 1397 -535 END
START -1076 3644 10532 7902 1492 -495 END
START -844 3492 10540 8004 1595 -412 END
START -456 3600 10788 8090 1734 -314 END
START -336 3560 10876 8140 1828 -231 END
START -184 3564 10988 8192 1989 -102 END
START 52 3484 11040 8256 2201 39 END
START 136 3552 11116 8288 2332 145 END
START 292 3592 11444 8417 2500 303 END
START 348 3528 11888 8516 2602 447 END
START 404 3512 12276 8686 2633 550 END
START 316 3544 12736 8877 2610 683 END
START 332 3524 13148 9096 2482 844 END
START 256 3608 13736 9415 2264 999 END
START 324 3796 14376 9774 1942 1177 END
START 208 4124 14680 10155 1646 1375 END
START 136 4272 15056 10518 1345 1678 END
START 136 4548 15488 10860 1063 2003 END
START -8 4712 16128 11133 718 2312 END
START -184 4656 16452 11451 414 2594 END
START -508 4640 17056 11681 76 2890 END
START -760 4584 17528 11863 -260 3143 END
START -1108 4552 18048 11983 -502 3330 END
START -1448 4520 18304 12111 -746 3445 END
START -1764 4732 18580 12083 -867 3582 END
START -2036 4632 18744 12052 -881 3598 END
START -2340 4700 19080 12014 -820 3627 END
START -2540 4548 19256 11905 -632 3612 END
START -3044 4700 19740 11528 -390 3543 END
START -3260 4480 20080 11251 -64 3439 END
START -3516 4396 20520 10897 254 3259 END
START -3648 4204 21024 10466 572 3007 END
START -3928 3964 21532 9995 944 2737 END
START -4156 3948 21944 9458 1266 2446 END
START -4424 3844 22600 8913 1625 2122 END
START -4600 3852 23056 8355 1850 1832 END
START -4916 3680 23540 7834 2026 1497 END
START -5080 3600 23888 7243 2200 1176 END
START -5116 3460 24140 6717 2271 820 END
START -5256 3568 24264 6210 2402 562 END
START -5456 3616 24324 5771 2527 266 END
START -5540 3532 24628 5377 2603 25 END
START -5588 3580 24660 4993 2695 -225 END
START -5576 3628 24856 4657 2693 -400 END
START -5736 3456 25208 4351 2665 -584 END
START -5856 3560 25420 4094 2551 -740 END
START -5804 3572 25924 3861 2347 -840 END
START -5724 3668 25972 3640 2110 -946 END
START -5436 3600 26432 3399 1848 -986 END
START -5448 3640 26292 3171 1576 -999 END
START -5268 3996 26456 2915 1299 -940 END
START -5264 3944 26344 2676 1059 -870 END
START -5080 4096 26272 2399 831 -759 END
START -4980 4168 26248 2160 605 -593 END
START -4876 4068 26332 1940 480 -478 END
START -4892 4076 26172 1705 350 -367 END
START -4868 3984 26060 1514 203 -222 END
START -4916 3904 26260 1317 95 -101 END
START -4976 3812 26148 1100 -25 16 END
START -5032 3708 26264 846 -194 118 END
START -5052 3588 26132 581 -304 203 END
START -5056 3444 26100 260 -508 277 END
START -5100 3332 25840 -102 -562 326 END
START -5008 3016 25648 -411 -637 331 END
START -5100 3044 25472 -736 -700 309 END
START -5320 2940 25244 -1039 -712 273 END
START -5284 2776 24888 -1376 -708 233 END
START -5452 2692 24800 -1632 -702 153 END
START -5664 2508 24548 -1889 -644 76 END
START -5808 2252 24108 -2147 -700 -80 END
START -5912 2124 24132 -2371 -774 -228 END
START -6152 2080 23924 -2610 -816 -414 END
START -6320 1828 23708 -2835 -918 -654 END
START -6480 1808 23432 -3047 -999 -872 END
START -6584 1704 23140 -3217 -1068 -1103 END
START -6692 1756 22924 -3422 -1084 -1351 END
START -6604 1628 22508 -3572 -1091 -1617 END
START -6548 1748 22204 -3740 -1080 -1852 END
START -6564 1812 21840 -3918 -980 -2068 END
START -6496 1692 21508 -4125 -868 -2283 END
START -6296 1868 21364 -4374 -748 -2456 END
START -6360 1832 21104 -4627 -569 -2612 END
START -6300 1888 20772 -4931 -383 -2807 END
START -6232 1952 20676 -5243 -195 -2924 END
START -6372 1980 20500 -5547 -97 -3093 END
START -6168 2020 20232 -5867 64 -3236 END
START -6484 1940 19964 -6127 196 -3359 END
START -6384 1880 19744 -6386 283 -3557 END
START -6544 1824 19568 -6584 385 -3660 END
START -6624 1788 19396 -6776 450 -3810 END
START -6592 1908 19256 -6925 492 -3935 END
START -6724 1828 18976 -7087 452 -4032 END
START -6844 1880 18680 -7239 389 -4145 END
START -6904 1820 18472 -7350 271 -4242 END
START -6868 1868 18248 -7448 187 -4336 END
START -7004 1964 18048 -7560 88 -4432 END
START -7088 1816 17744 -7586 -59 -4549 END
START -7148 1684 17540 -7650 -231 -4643 END
START -7156 1592 17204 -7602 -369 -4775 END
START -7092 1560 16968 -7583 -568 -4924 END
START -7188 1468 16724 -7509 -703 -5075 END
START -7300 1544 16312 -7465 -846 -5239 END
START -7344 1500 15940 -7446 -995 -5403 END
START -7352 1512 15736 -7381 -1159 -5603 END
START -7280 1604 15448 -7378 -1271 -5782 END
START -7196 1636 14956 -7329 -1311 -5991 END
START -7072 1496 14580 -7248 -1335 -6158 END
START -7060 1440 14184 -7202 -1271 -6352 END
START -7036 1552 13928 -7153 -1232 -6540 END
START -6940 1404 13640 -7076 -1119 -6750 END
START -6948 1348 13364 -7023 -1005 -6939 END
START -6904 1256 13144 -6939 -876 -7174 END
START -6896 1360 13072 -6829 -797 -7365 END
START -6976 1424 12708 -6756 -708 -7610 END
START -6840 1352 12728 -6685 -634 -7789 END
START -6684 1340 12736 -6627 -511 -8016 END
START -6796 1220 12688 -6492 -450 -8238 END
START -6504 1156 12564 -6479 -342 -8404 END
START -6364 1224 12340 -6406 -240 -8596 END
START -6304 1212 12184 -6430 -80 -8758 END
START -6328 1296 12060 -6401 44 -8973 END
START -6084 1164 11952 -6428 145 -9095 END
START -6080 1000 11596 -6435 281 -9240 END
START -5952 904 11608 -6366 487 -9361 END
START -5836 980 11384 -6350 633 -9514 END
START -5868 828 11248 -6295 847 -9632 END
START -5960 780 11168 -6195 929 -9795 END
START -5876 808 11380 -6079 934 -9990 END
START -6080 784 11088 -5906 920 -10145 END
START -6068 876 11264 -5697 834 -10275 END
START -6020 1064 11312 -5409 684 -10427 END
START -5996 1360 10996 -5113 506 -10507 END
START -5900 1440 11080 -4782 274 -10564 END
START -5832 1448 10980 -4409 19 -10576 END
START -5596 1532 11060 -4049 -277 -10526 END
START -5632 1620 11160 -3676 -571 -10547 END
START -5500 1636 10948 -3327 -926 -10507 END
START -5376 1908 10920 -2948 -1225 -10467 END
START -5284 2056 10828 -2545 -1529 -10419 END
START -5184 2140 10644 -2206 -1787 -10405 END
START -5052 2244 10416 -1850 -1997 -10391 END
START -4804 2312 10272 -1497 -2114 -10350 END
START -4620 2376 9992 -1252 -2149 -10362 END
START -4444 2544 9956 -1026 -2104 -10324 END
START -4376 2712 9880 -855 -2064 -10333 END
START -4320 2696 9848 -740 -1995 -10328 END
START -4192 2888 9880 -630 -1917 -10315 END
START -4144 2904 9744 -582 -1753 -10313 END
START -4144 3108 9920 -506 -1555 -10337 END
START -4132 2816 10016 -500 -1381 -10399 END
START -4192 2900 10064 -446 -1263 -10452 END
START -4212 2884 9936 -460 -1139 -10553 END
START -4228 2892 9760 -477 -978 -10672 END
START -4040 3024 9728 -447 -791 -10789 END
START -4288 3052 9700 -477 -601 -10900 END
START -4240 3180 9608 -436 -360 -11061 END
START -4012 3140 9388 -472 -132 -11138 END
START -4040 3152 9508 -387 66 -11257 END
START -4016 3216 9392 -379 276 -11352 END
START -3988 3236 9336 -317 440 -11427 END
START -3900 3212 9332 -302 577 -11560 END
START -3820 3412 9488 -227 655 -11682 END
START -3784 3480 9412 -173 676 -11753 END
START -3632 3596 9432 -62 684 -11793 END
START -3484 3732 9528 63 670 -11867 END
START -3248 3920 9508 177 617 -11840 END
START -3132 3944 9580 345 546 -11830 END
START -2932 4156 9728 531 385 -11720 END
START -2752 4300 9768 776 175 -11638 END
START -2564 4380 9884 1021 -92 -11494 END
START -2296 4480 9892 1334 -391 -11349 END
START -2048 4588 9908 1674 -665 -11181 END
START -1932 4848 9792 2024 -928 -10950 END
START -1660 4768 9968 2391 -1279 -10701 END
START -1480 4888 9928 2720 -1621 -10450 END
START -1072 4968 9860 3031 -1972 -10199 END
START -936 5080 9724 3284 -2321 -9893 END
START -596 5084 9312 3564 -2490 -9628 END
START -244 5280 9192 3804 -2612 -9352 END
START -272 5232 9008 4012 -2657 -9065 END
START 84 5196 8812 4250 -2551 -8819 END
START 400 5168 8592 4459 -2434 -8532 END
START 508 5288 8512 4587 -2239 -8319 END
START 568 5264 8428 4722 -2051 -8143 END
START 680 5216 8384 4765 -1818 -7947 END
START 664 5068 8284 4802 -1576 -7804 END
START 804 4976 8464 4843 -1340 -7651 END
START 848 4860 8516 4869 -1074 -7582 END
START 1004 4796 8392 4939 -773 -7481 END
START 1176 4736 8592 4962 -441 -7437 END
START 1136 4756 8628 5024 -154 -7405 END
START 1040 4860 8616 5017 34 -7376 END
START 972 4900 8768 5077 287 -7334 END
START 996 4856 8644 5086 512 -7328 END
START 960 4944 8904 5144 648 -7262 END
START 1108 4872 8796 5217 816 -7234 END
START 1184 5024 8896 5347 997 -7191 END
START 1192 5068 9028 5483 1175 -7186 END
START 1192 5140 9100 5628 1294 -7150 END
START 1192 5180 9140 5778 1369 -7089 END
START 1128 5224 9348 5930 1461 -7054 END
START 1316 5184 9324 6052 1483 -7003 END
START 1436 5172 9460 6183 1565 -6954 END
START 1524 5288 9600 6304 1580 -6864 END
START 1608 5596 9572 6414 1607 -6806 END
START 1672 5632 9724 6530 1672 -6718 END
START 1872 5776 9860 6705 1685 -6559 END
START 1860 5872 10076 6879 1716 -6378 END
START 2076 5944 10044 7043 1731 -6154 END
START 2112 6024 10272 7203 1649 -5944 END
START 2248 6180 10560 7381 1642 -5731 END
START 2420 6112 10880 7568 1569 -5490 END
START 2304 6240 10936 7727 1532 -5221 END
START 2412 6424 11020 7861 1442 -4961 END
START 2464 6584 11320 7984 1415 -4649 END
START 2356 6660 11396 8129 1326 -4390 END
START 2372 6660 11516 8221 1272 -4099 END
START 2356 6744 11712 8351 1191 -3829 END
START 2228 6656 11952 8431 1188 -3596 END
START 2164 6712 11996 8580 1139 -3362 END
START 2140 6728 12392 8613 1090 -3165 END
START 2108 6556 12228 8715 1054 -3016 END
START 2340 6736 12600 8783 1046 -2878 END
START 2424 6640 12584 8801 1075 -2712 END
START 2352 6864 12744 8770 1101 -2550 END
START 2572 6956 12680 8699 1217 -2361 END
START 2636 6964 12992 8638 1345 -2172 END
START 2512 7128 13068 8557 1442 -2009 END
START 2536 7004 13024 8485 1543 -1841 END
START 2520 7060 13216 8414 1728 -1694 END
START 2476 7068 13320 8373 1853 -1577 END
START 2428 7140 13484 8305 1997 -1482 END
START 2400 7048 13584 8268 2083 -1372 END
START 2340 7136 13772 8211 2215 -1269 END
START 2276 7152 13736 8118 2311 -1209 END
START 2316 7228 13836 8062 2419 -1145 END
START 2344 7272 14028 7996 2502 -1067 END
START 2420 7296 14232 7926 2551 -950 END
START 2452 7412 14292 7875 2629 -841 END
START 2496 7696 14480 7825 2621 -748 END
START 2648 7668 14812 7829 2598 -570 END
START 2552 7704 15060 7812 2544 -438 END
START 2764 7804 15184 7851 2472 -268 END
START 2800 7948 15292 7898 2430 -101 END
START 3016 8036 15452 7950 2351 60 END
START 3108 8244 15528 8022 2281 270 END
START 3224 8468 15444 8091 2272 474 END
START 3504 8648 15564 8143 2279 730 END
START 3572 8696 15660 8180 2240 1038 END
START 3780 8872 16144 8258 2236 1361 END
START 3844 8968 16328 8356 2188 1723 END
START 3952 9148 16344 8403 2154 2078 END
START 4016 9224 16624 8427 2100 2467 END
START 4116 9500 16840 8444 2081 2885 END
START 4388 9484 17108 8366 2104 3272 END
START 4420 9640 17232 8250 2149 3658 END
START 4232 9768 17452 8072 2119 4101 END
START 4088 9944 17680 7911 2100 4525 END
START 4180 9932 18000 7814 2110 4998 END
START 4260 9824 17928 7697 2115 5395 END
START 4224 9544 18040 7634 2189 5726 END
START 4076 9520 18288 7536 2207 5990 END
START 3928 9444 18348 7431 2221 6188 END
START 3724 9468 18504 7267 2246 6423 END
START 3736 9376 18344 7086 2221 6593 END
START 3576 9528 18260 6874 2333 6755 END
START 3336 9568 18400 6638 2448 6951 END
START 3424 9332 18344 6428 2644 7086 END
START 3244 9168 18592 6250 2794 7188 END
START 3100 9044 18648 6117 2903 7313 END
START 3028 9068 18636 5962 3033 7378 END
START 2716 9024 19008 5797 3161 7438 END
START 2680 8956 19020 5672 3276 7556 END
START 2396 8876 18972 5493 3317 7640 END
START 2276 8792 19232 5317 3378 7699 END
START 2084 8768 19472 5119 3422 7841 END
START 1996 8656 19324 4957 3463 7956 END
START 1860 8600 19460 4788 3522 8054 END
START 1740 8560 19500 4642 3561 8190 END
START 1744 8432 19468 4438 3648 8320 END
START 1640 8364 19696 4228 3719 8449 END
START 1524 8268 19752 4034 3745 8611 END
START 1452 8192 19752 3828 3723 8785 END
START 1428 8152 19904 3669 3753 8948 END
START 1348 8116 19704 3426 3782 9127 END
START 1264 8092 19740 3250 3818 9314 END
START 1176 8040 19644 3040 3877 9521 END
START 1100 7992 19560 2814 3857 9670 END
START 944 8012 19496 2630 3898 9908 END
START 724 7760 19520 2496 3931 10067 END
START 608 7720 19600 2340 3963 10276 END
START 504 7748 19616 2247 3980 10488 END
START 360 7540 19780 2120 3957 10696 END
START 296 7348 19540 2061 3926 10868 END
START 196 7332 19568 1941 3891 11046 END
START 8 7244 19680 1928 3844 11255 END
START -152 7204 19536 1857 3831 11421 END
START -360 7144 19580 1788 3790 11571 END
START -580 7108 19496 1731 3708 11728 END
START -560 6768 19468 1676 3695 11816 END
START -760 6436 19268 1635 3624 11959 END
START -1008 6312 19192 1662 3690 12002 END
START -1060 6228 19056 1670 3702 12064 END
START -1164 6232 18908 1619 3805 12125 END
START -1476 5996 19000 1588 3864 12180 END
START -1724 5848 19084 1591 3969 12157 END
START -2040 5748 19060 1570 3957 12114 END
START -2572 5528 19124 1614 3988 12101 END
START -2960 5516 19116 1768 3971 12096 END
START -3284 5236 19200 1833 3836 12087 END
START -3540 5116 19168 1950 3811 12027 END
START -3880 4980 19148 2060 3658 11842 END
START -4104 4848 19336 2069 3621 11738 END
START -4208 4692 19240 2089 3478 11554 END
START -4512 4712 19380 2132 3423 11414 END
START -4660 4520 19508 2126 3405 11281 END
START -4792 4524 19592 2092 3381 11164 END
START -4984 4476 19416 2079 3400 11009 END
START -4916 4392 19652 2011 3462 10907 END
START -5164 4584 19700 1925 3535 10800 END
START -5212 4760 20012 1743 3558 10714 END
START -5444 4864 20148 1614 3582 10630 END
START -5692 4772 20520 1369 3550 10605 END
START -5964 4632 20768 1119 3405 10671 END
START -6076 4508 20928 916 3253 10653 END
START -6348 4576 21168 703 3055 10671 END
START -6572 4596 21312 517 2856 10689 END
START -6908 4756 21288 344 2636 10724 END
START -7048 4848 21460 143 2355 10747 END
START -7396 4776 21632 -55 2129 10778 END
START -7484 4736 21688 -311 1843 10819 END
START -7708 4684 21656 -621 1563 10859 END
START -8112 4412 21760 -938 1292 10818 END
START -8388 4508 21964 -1305 1011 10750 END
START -8600 4472 21956 -1683 664 10601 END
START -8884 4524 21960 -2036 356 10415 END
START -9104 4564 21956 -2448 30 10236 END
START -9156 4484 21804 -2887 -281 10088 END
START -9160 4580 21804 -3287 -537 9944 END
START -9192 4452 21396 -3739 -772 9727 END
START -9076 4352 21000 -4146 -927 9479 END
START -9076 4404 20644 -4541 -1031 9250 END
START -9132 4500 20436 -4910 -1115 8934 END
START -9128 4396 20160 -5246 -1122 8650 END
START -9116 4568 20028 -5544 -1162 8357 END
START -9184 4724 19772 -5820 -1164 8020 END
START -9028 4756 19968 -6108 -1210 7731 END
START -9060 4936 19620 -6390 -1249 7457 END
START -8884 4968 19592 -6675 -1331 7243 END
START -8724 5236 19292 -6979 -1412 7004 END
START -8644 5352 19196 -7258 -1491 6810 END
START -8676 5428 18896 -7532 -1584 6636 END
START -8264 5556 18684 -7773 -1685 6445 END
START -8240 5756 18432 -7973 -1770 6331 END
START -8096 5960 18220 -8152 -1795 6245 END
START -7908 6108 18096 -8350 -1898 6177 END
START -7912 6168 17956 -8511 -2024 6151 END
START -7824 6084 17984 -8698 -2193 6092 END
START -7744 6180 17716 -8845 -2386 6100 END
START -7696 6240 17664 -9015 -2678 6107 END
START -7616 6148 17668 -9147 -2947 6090 END
START -7416 6036 17336 -9242 -3242 6098 END
START -7216 6076 16980 -9339 -3582 6113 END