START -1976 -88 14452 781 -539 -1291 END
START -1380 -56 8380 1018 -1384 -1445 END
START -832 -780 9896 1032 -855 -1684 END
START -256 492 11480 1096 238 -1847 END
START -648 988 11880 1179 1085 -2028 END
START -1372 1028 12100 1169 1665 -2223 END
START -1760 1440 12648 1121 2021 -2458 END
START -1640 1660 12772 1033 2291 -2670 END
START -1360 1744 12684 936 2707 -2788 END
START -988 1788 12904 726 3348 -2901 END
START -632 1796 13172 463 4013 -2937 END
START -780 2092 13808 167 4528 -2907 END
START -1156 2236 14576 -204 4787 -2716 END
START -1432 2692 15640 -678 4838 -2519 END
START -1648 2968 16256 -1175 4776 -2153 END
START -1592 3216 16820 -1691 4635 -1771 END
START -1752 3052 17556 -2265 4360 -1330 END
START -1824 2852 17964 -2764 3927 -947 END
START -1948 2476 18104 -3192 3267 -596 END
START -2032 1828 18332 -3540 2519 -356 END
START -2060 1196 18148 -3789 1798 -214 END
START -1888 588 17376 -3880 1204 -87 END
START -1652 300 16632 -3810 856 -81 END
START -1512 108 16088 -3559 882 -69 END
START -1392 -56 15316 -3202 1062 -41 END
START -1504 -68 15008 -2832 1193 17 END
START -1860 -236 14800 -2414 1301 66 END
START -2064 -196 14660 -2030 1474 133 END
START -2200 -48 14480 -1670 1564 148 END
START -2748 944 14576 -1396 1531 98 END
START -2824 664 15000 -1275 1401 2 END
START -2936 80 15372 -1110 1259 40 END
START -2888 -452 15828 -929 1101 101 END
START -2860 -756 15808 -754 944 145 END
START -2672 -924 15888 -606 839 128 END
START -2872 -1012 15832 -409 830 119 END
START -2992 -1044 15980 -265 800 13 END
START -3288 -1056 15992 -123 739 -119 END
START -3388 -788 15972 -10 741 -285 END
START -3360 -900 15880 56 736 -449 END
START -3288 -968 15784 73 813 -588 END
START -3088 -1140 15876 27 929 -706 END
START -3176 -1248 15844 -73 1015 -878 END
START -3272 -1384 16068 -130 1169 -1003 END
START -3272 -1520 16248 -211 1266 -1168 END
START -3344 -1316 16104 -225 1438 -1351 END
START -3420 -1200 16376 -295 1542 -1552 END
START -3448 -1060 16648 -340 1622 -1696 END
START -3488 -1008 16932 -440 1605 -1786 END
START -3380 -1028 17168 -558 1500 -1880 END
START -3444 -912 17452 -701 1311 -1905 END
START -3380 -632 17436 -818 1093 -1902 END
START -3304 -304 17556 -996 859 -1853 END
START -3288 -44 17596 -1142 634 -1751 END
START -3076 -76 17620 -1308 335 -1573 END
START -2844 -228 17524 -1449 86 -1348 END
START -2620 -284 17428 -1485 -173 -1129 END
START -2280 -412 17296 -1516 -356 -967 END
START -2304 -772 17320 -1462 -538 -762 END
START -2136 -916 17256 -1325 -725 -612 END
START -1976 -1032 17000 -1102 -823 -466 END
START -2180 -1044 17120 -842 -951 -342 END
START -2488 -996 17176 -582 -1140 -260 END
START -2584 -876 17244 -396 -1351 -180 END
START -2496 -864 17280 -239 -1575 -110 END
START -2540 -920 17068 -101 -1792 -13 END
START -2224 -1028 16984 -6 -1934 -14 END
START -1960 -1100 16812 79 -1980 33 END
START -1944 -1048 16504 128 -1792 41 END
START -1956 -1180 16448 172 -1722 -19 END
START -1876 -1112 16412 204 -1480 -72 END
START -2028 -1072 16480 148 -1297 -127 END
START -2044 -1000 16700 113 -1149 -173 END
START -2200 -844 17052 53 -1024 -243 END
START -2300 -600 17200 -74 -997 -273 END
START -2156 -488 17336 -227 -958 -318 END
START -2240 -440 17328 -361 -1031 -360 END
START -2076 -312 17448 -598 -1094 -412 END
START -1972 -144 17512 -776 -1155 -424 END
START -2032 152 17352 -935 -1233 -428 END
START -1924 216 17088 -1090 -1263 -397 END
START -1620 288 17120 -1196 -1272 -296 END
START -1668 224 16904 -1291 -1210 -281 END
START -1436 200 16672 -1355 -1206 -201 END
START -1308 248 16608 -1385 -1150 -103 END
START -1216 336 16604 -1375 -1049 -41 END
START -1348 296 16656 -1402 -1040 -14 END
START -1368 420 16584 -1424 -1065 43 END
START -1388 400 16600 -1447 -1144 122 END
START -1308 488 16616 -1458 -1253 179 END
START -1420 556 16848 -1469 -1378 253 END
START -1368 584 16688 -1480 -1561 344 END
START -1472 748 16736 -1475 -1775 421 END
START -1416 952 16792 -1498 -1979 485 END
START -1336 1044 16752 -1511 -2180 626 END
START -1368 1088 16524 -1526 -2399 754 END
START -1296 1088 16460 -1552 -2536 911 END
START -1128 1076 16228 -1593 -2729 1031 END
START -932 1192 15928 -1603 -2796 1174 END
START -888 1056 15788 -1606 -2787 1225 END
START -780 1036 15680 -1618 -2761 1285 END
START -768 1116 15524 -1640 -2737 1337 END
START -804 1136 15504 -1654 -2664 1366 END
START -588 1056 15372 -1706 -2609 1421 END
START -656 1204 15632 -1755 -2537 1435 END
START -608 1336 15608 -1872 -2539 1488 END
START -636 1280 15592 -1999 -2551 1492 END
START -472 1216 15240 -2134 -2602 1509 END
START -364 1260 15020 -2240 -2542 1510 END
START -168 1312 14708 -2389 -2474 1496 END
START -4 1284 14268 -2461 -2232 1531 END
START 0 1368 14100 -2568 -2029 1475 END
START 84 1440 13800 -2583 -1744 1507 END
START 176 1404 13764 -2625 -1533 1498 END
START 208 1484 13564 -2650 -1344 1562 END
START 148 1472 13404 -2653 -1128 1571 END
START 80 1428 13408 -2652 -1012 1580 END
START 128 1364 13540 -2634 -921 1566 END
START 52 1544 13532 -2527 -836 1603 END
START 8 1552 13260 -2440 -773 1603 END
START 96 1660 13532 -2354 -761 1667 END
START 148 1712 13548 -2260 -760 1755 END
START 84 1772 13344 -2193 -810 1841 END
START 136 1924 13288 -2097 -858 2014 END
START 268 2076 13196 -2090 -882 2160 END
START 180 2024 13124 -2052 -893 2331 END
START 184 2016 12968 -2064 -926 2522 END
START 184 2092 13016 -2035 -1042 2675 END
START 220 1964 13036 -2097 -1017 2830 END
START 288 1988 12728 -2123 -1073 2957 END
START 120 2052 12672 -2124 -1096 3056 END
START 232 1992 12520 -2146 -1045 3194 END
START 180 2092 12332 -2148 -1062 3288 END
START 144 2004 12104 -2181 -1039 3403 END
START 188 1988 12096 -2155 -983 3501 END
START 236 1976 11864 -2172 -919 3599 END
START 168 1908 11752 -2175 -867 3682 END
START 68 1812 11780 -2228 -829 3741 END
START -44 1868 11820 -2272 -922 3790 END
START -140 1840 11720 -2362 -973 3771 END
START -300 2036 11660 -2413 -1046 3812 END
START -244 2024 11632 -2408 -1147 3839 END
START -328 2048 11384 -2403 -1294 3858 END
START -116 1932 11212 -2430 -1331 3894 END
START -80 2020 10992 -2364 -1377 4031 END
START -80 1900 10596 -2299 -1372 4091 END
START 16 1920 10092 -2225 -1302 4188 END
START 144 1788 9896 -2072 -1130 4278 END
START 176 1812 9560 -1868 -840 4384 END
START 152 1808 9396 -1687 -565 4440 END
START 28 1916 9004 -1467 -273 4556 END
START -260 1824 8884 -1328 -28 4582 END
START -432 1796 8692 -1154 318 4591 END
START -632 1692 8856 -961 604 4624 END
START -808 1524 9032 -728 850 4577 END
START -1068 1384 9164 -476 987 4600 END
START -1320 1100 9492 -226 1125 4559 END
START -1388 920 9668 -21 1201 4504 END
START -1356 832 9800 197 1275 4446 END
START -1292 864 9880 399 1392 4378 END
START -1256 908 9744 552 1462 4294 END
START -1336 1064 9764 648 1549 4193 END
START -1420 1248 9912 663 1662 4092 END
START -1296 1432 9804 681 1623 4033 END
START -1376 1600 9944 675 1702 3959 END
START -1444 1672 10056 623 1729 3959 END
START -1380 1936 9904 555 1721 4012 END
START -1468 2128 10052 527 1728 4017 END
START -1472 2248 10088 489 1669 4141 END
START -1504 2336 9852 484 1570 4261 END
START -1552 2488 9864 514 1525 4386 END
START -1620 2556 9676 604 1436 4544 END
START -1492 2560 9720 731 1449 4690 END
START -1520 2476 9612 877 1464 4827 END
START -1448 2360 9616 1108 1474 5018 END
START -1416 2272 9476 1340 1403 5217 END
START -1548 2268 9556 1591 1312 5404 END
START -1652 2112 9588 1900 1224 5615 END
START -1812 2008 9768 2181 1087 5806 END
START -1816 2056 9708 2482 955 5967 END
START -2076 2020 9712 2765 795 6183 END
START -2100 1976 9708 3055 687 6288 END
START -2128 1816 9660 3377 607 6456 END
START -2236 1804 9716 3655 571 6589 END
START -2244 1688 9772 3905 593 6710 END
START -2540 1776 10048 4040 575 6854 END
START -2432 1712 9800 4191 534 6934 END
START -2324 1484 9884 4288 639 7043 END
START -2184 1316 9968 4466 839 7108 END
START -2368 1080 9912 4586 1048 7132 END
START -2552 968 9864 4790 1247 7073 END
START -2688 864 10036 4972 1398 6980 END
START -2748 1036 9976 5218 1649 6913 END
START -2860 1172 10072 5410 1850 6818 END
START -2864 1432 10108 5568 2074 6735 END
START -3176 1580 10188 5663 2216 6631 END
START -3236 1764 10216 5717 2336 6605 END
START -3224 1908 10228 5754 2438 6536 END
START -3312 2064 10328 5781 2471 6495 END
START -3556 1972 10408 5852 2475 6474 END
START -3536 1960 10648 5975 2483 6456 END
START -3652 1920 10880 6180 2392 6438 END
START -3664 1728 10724 6445 2396 6429 END
START -3628 1772 11000 6755 2401 6452 END
START -3804 1612 11040 7056 2400 6460 END
START -3884 1604 11404 7332 2394 6490 END
START -3856 1784 11400 7621 2355 6524 END
START -4184 1808 11776 7843 2289 6572 END
START -4228 1772 11836 8082 2260 6623 END
START -4272 1940 12052 8306 2149 6703 END
START -4564 1836 12456 8504 2046 6756 END
START -4552 1884 12560 8687 1968 6822 END
START -4836 1860 12836 8849 1821 6886 END
START -4948 1680 13216 8956 1716 6897 END
START -5204 1752 13276 9064 1527 6922 END
START -5320 1844 13348 9137 1357 6878 END
START -5464 1900 13372 9228 1228 6827 END
START -5624 1976 13348 9295 1090 6734 END
START -5752 1888 13384 9375 978 6647 END
START -5800 1884 13428 9480 835 6506 END
START -6000 1816 13468 9555 753 6424 END
START -6016 1892 13612 9640 594 6315 END
START -5840 1976 13556 9710 507 6172 END
START -5720 2060 13584 9800 464 6083 END
START -5828 2152 13616 9835 459 5935 END
START -5864 2188 13604 9877 440 5784 END
START -5804 2312 13828 9919 482 5684 END
START -5852 2392 13804 9939 473 5582 END
START -5812 2588 14024 9936 542 5491 END
START -5928 2600 14064 9974 611 5407 END
START -6244 2820 14220 10033 664 5347 END
START -6204 2704 14604 10120 740 5323 END
START -6348 2700 14592 10214 817 5279 END
START -6512 2616 14784 10363 917 5211 END
START -6724 2548 15076 10514 978 5136 END
START -6876 2404 15224 10698 999 5016 END
START -7212 2508 15580 10867 931 4888 END
START -7344 2348 15800 11005 875 4737 END
START -7472 2420 15960 11066 740 4602 END
START -7788 2448 16176 11117 575 4422 END
START -8152 2288 16344 11120 354 4199 END
START -8140 2320 16668 11163 206 4003 END
START -7972 2216 16672 11205 97 3796 END
START -8008 2276 16792 11332 38 3613 END
START -8024 2324 16852 11357 -76 3401 END
START -8084 2540 16796 11362 -135 3180 END
START -8108 2688 16904 11424 -169 2972 END
START -8080 2768 16968 11338 -316 2763 END
START -8096 2860 16916 11270 -435 2564 END
START -8004 2908 17052 11180 -530 2341 END
START -7976 2920 16968 11187 -613 2117 END
START -7788 2856 16924 11228 -676 1937 END
START -7752 2824 17096 11260 -712 1741 END
START -7624 2816 17284 11418 -691 1574 END
START -7476 2920 17232 11507 -651 1395 END
START -7220 3136 17420 11564 -625 1258 END
START -7280 3336 17468 11589 -597 1084 END
START -7256 3440 17712 11515 -645 963 END
START -7224 3528 17880 11449 -662 851 END
START -7132 3688 17896 11353 -697 728 END
START -7112 3620 18124 11299 -687 666 END
START -6932 3784 18348 11183 -645 564 END
START -7004 4016 18292 11074 -554 490 END
START -7040 4132 18352 10910 -454 418 END
START -7012 4344 18180 10715 -338 339 END
START -7156 4356 18468 10530 -265 281 END
START -7288 4376 18468 10321 -139 221 END
START -7356 4336 18660 10199 -29 208 END
START -7544 4268 18756 10061 60 132 END
START -7652 4204 18788 9908 113 16 END
START -7956 4356 18984 9744 102 -46 END
START -8144 4116 19216 9676 117 -173 END
START -8476 4004 19336 9737 15 -244 END
START -8780 3980 19348 9778 -121 -338 END
START -8920 4060 19276 9864 -304 -496 END
START -8996 4036 19284 9894 -531 -701 END
START -8980 4040 19252 9869 -741 -957 END
START -9080 3972 19288 9803 -990 -1261 END
START -9060 3936 19156 9718 -1228 -1480 END
START -9012 3924 19040 9581 -1493 -1701 END
START -8948 4016 18932 9488 -1613 -1906 END
START -8852 3864 18668 9320 -1680 -2124 END
START -8812 3800 18608 9258 -1733 -2358 END
START -8712 3668 18544 9122 -1709 -2587 END
START -8680 3632 18532 9045 -1689 -2871 END
START -8724 3516 18576 8953 -1668 -3127 END
START -8780 3440 18580 8894 -1704 -3429 END
START -8892 3348 18608 8867 -1774 -3739 END
START -8880 3348 18584 8833 -1857 -4007 END
START -8900 3224 18716 8900 -1989 -4287 END
START -8744 3088 18664 8942 -2111 -4564 END
START -8544 3072 18648 9007 -2290 -4849 END
START -8348 3132 18580 9043 -2323 -5102 END
START -8104 3280 18380 9093 -2361 -5360 END
START -7884 3592 18252 8999 -2358 -5591 END
START -7684 3664 18224 8932 -2343 -5792 END
START -7492 3808 18144 8758 -2234 -5908 END
START -7328 3776 18012 8547 -2133 -5984 END
START -7144 3928 17956 8369 -2028 -6069 END
START -7048 3676 18092 8136 -1881 -6129 END
START -6988 3520 18200 7983 -1722 -6197 END
START -6888 3436 18216 7903 -1559 -6195 END
START -6816 3380 18228 7800 -1458 -6274 END
START -6792 3392 18236 7758 -1294 -6350 END
START -6884 3260 18368 7638 -1233 -6464 END
START -6976 3276 18564 7555 -1172 -6616 END
START -7116 3268 18684 7363 -1182 -6730 END
START -6928 3272 18436 7163 -1154 -6859 END
START -6944 3320 18572 6934 -1158 -7025 END
START -6932 3188 18452 6694 -1143 -7114 END
START -7076 2896 18496 6512 -1082 -7227 END
START -7012 2772 18468 6391 -972 -7361 END
START -7160 2656 18564 6279 -892 -7481 END
START -7368 2644 18516 6229 -897 -7674 END
START -7476 2680 18544 6114 -888 -7922 END
START -7388 2704 18608 6035 -925 -8203 END
START -7432 2720 18648 5946 -987 -8498 END
START -7576 2784 18864 5853 -1113 -8809 END
START -7588 3032 19020 5760 -1258 -9132 END
START -7544 3104 19052 5676 -1448 -9421 END
START -7456 3324 19312 5660 -1637 -9719 END
START -7320 3432 19344 5675 -1808 -9983 END
START -7124 3448 19672 5729 -1969 -10222 END
START -6880 3668 19884 5853 -2045 -10495 END
START -6864 3940 20168 5933 -2158 -10699 END
START -6576 4204 20432 6001 -2200 -10880 END
START -6324 4568 20896 5957 -2215 -11004 END
START -6188 5064 21080 5858 -2254 -11101 END
START -6020 5472 21252 5619 -2275 -11156 END
START -5772 5736 21576 5297 -2306 -11184 END
START -5472 5896 21708 4926 -2276 -11178 END
START -5016 5956 22164 4550 -2232 -11119 END
START -4808 5900 22080 4167 -2197 -11057 END
START -4564 5928 22456 3782 -2138 -11001 END
START -4540 6020 22464 3395 -2062 -10946 END
START -4324 6160 22552 3031 -2001 -10830 END
START -4344 6356 22864 2681 -2026 -10822 END
START -4336 6456 22624 2275 -2045 -10753 END
START -4276 6384 22868 1901 -2192 -10680 END
START -4196 6452 22864 1527 -2218 -10655 END
START -4120 6396 22624 1175 -2323 -10612 END
START -4072 6392 22728 870 -2429 -10645 END
START -4144 6208 22700 657 -2575 -10702 END
START -4020 6116 22604 473 -2711 -10751 END
START -3928 6060 22516 353 -2874 -10827 END
START -3812 6100 22292 220 -3035 -10900 END
START -3680 6052 22344 182 -3201 -10944 END
START -3480 6164 22472 45 -3330 -11002 END
START -3124 6348 22120 -39 -3452 -11015 END
START -2944 6512 21840 -186 -3486 -11010 END
START -2800 6636 21772 -387 -3592 -10974 END
START -2600 6792 21616 -603 -3663 -10930 END
START -2320 6840 21664 -819 -3702 -10883 END
START -2172 6788 21468 -1019 -3774 -10838 END
START -2024 6716 21440 -1213 -3791 -10756 END
START -1832 6752 21464 -1325 -3770 -10669 END
START -1616 6684 21204 -1470 -3794 -10565 END
START -1692 6824 21140 -1556 -3845 -10480 END
START -1684 6812 21064 -1708 -3887 -10401 END
START -1604 6888 20748 -1811 -3927 -10300 END
START -1656 6896 20732 -1964 -3971 -10254 END
START -1492 6756 20660 -2053 -4020 -10191 END
START -1504 6688 20584 -2124 -4025 -10141 END
START -1428 6544 20440 -2165 -4129 -10030 END
START -1288 6548 20580 -2186 -4136 -9964 END
START -972 6820 20328 -2234 -4166 -9892 END
START -868 6812 20308 -2314 -4233 -9806 END
START -652 7208 20124 -2498 -4221 -9701 END
START -396 7276 19936 -2649 -4214 -9558 END
START -176 7512 19828 -2957 -4116 -9427 END
START 164 7428 19760 -3229 -4043 -9251 END
START 444 7500 19712 -3495 -3927 -9080 END
START 768 7656 19692 -3766 -3795 -8868 END
START 844 7772 19780 -4039 -3609 -8713 END
START 1104 7848 19832 -4317 -3486 -8449 END
START 1208 7908 19756 -4668 -3356 -8230 END
START 1244 8064 19792 -4978 -3253 -7978 END
START 1220 8104 19644 -5240 -3121 -7763 END
START 1112 8164 19480 -5455 -3107 -7503 END
START 1168 8256 19728 -5689 -3063 -7227 END
START 1076 8296 19824 -5779 -3074 -6961 END
START 1116 8328 19716 -5908 -3143 -6652 END
START 988 8232 19516 -5985 -3240 -6385 END
START 1116 8260 19516 -6107 -3301 -6120 END
START 1164 8268 19284 -6270 -3392 -5878 END
START 1336 8224 19108 -6451 -3463 -5661 END
START 1352 8308 18972 -6641 -3495 -5441 END
START 1440 8224 18976 -6827 -3558 -5274 END
START 1412 8144 18624 -7050 -3549 -5077 END
START 1340 7872 18516 -7201 -3504 -4888 END
START 1328 7860 18312 -7335 -3498 -4780 END
START 1408 7928 18148 -7422 -3356 -4663 END
START 1588 7888 18156 -7509 -3236 -4533 END
START 1412 7948 18100 -7650 -3189 -4399 END
START 1496 7972 17964 -7784 -3098 -4264 END
START 1752 8064 17728 -7972 -2997 -4107 END
START 1944 8188 17656 -8181 -2896 -3998 END
START 2012 8100 17296 -8417 -2718 -3872 END
START 2108 8040 17044 -8571 -2580 -3743 END
START 2236 8020 17016 -8720 -2374 -3598 END
START 2416 7924 16908 -8779 -2189 -3429 END
START 2400 7828 17148 -8821 -1990 -3238 END
START 2424 7840 17100 -8884 -1938 -3011 END
START 2384 7920 17156 -8891 -1844 -2810 END
START 2292 8048 17132 -9010 -1831 -2556 END
START 2344 8072 17036 -9124 -1884 -2336 END
START 2432 8036 16816 -9238 -1890 -2045 END
START 2656 8000 16768 -9381 -1924 -1775 END
START 2500 7928 16440 -9451 -1913 -1518 END
START 2560 7872 16244 -9539 -1959 -1262 END
START 2476 7884 16056 -9571 -1857 -992 END
START 2572 7864 15980 -9589 -1807 -719 END
START 2276 7688 15612 -9634 -1705 -458 END
START 2320 7572 15472 -9625 -1600 -197 END
START 2208 7684 15296 -9668 -1481 9 END
START 2096 7608 15176 -9683 -1404 189 END
START 1964 7584 15036 -9707 -1334 395 END
START 1836 7452 14872 -9772 -1303 605 END
START 1608 7488 14984 -9763 -1266 795 END
START 1520 7288 15056 -9801 -1246 931 END
START 1564 7192 14860 -9762 -1251 1066 END
START 1560 7012 14888 -9681 -1241 1195 END
START 1416 6948 14768 -9611 -1192 1332 END
START 1352 6864 14616 -9558 -1188 1440 END
START 1316 6780 14500 -9481 -1188 1544 END
START 1096 6672 14396 -9420 -1174 1611 END
START 1084 6488 14408 -9334 -1188 1678 END
START 1028 6436 14324 -9248 -1258 1735 END
START 868 6232 14444 -9169 -1339 1764 END
START 776 6168 14156 -9096 -1393 1801 END
START 820 6132 13984 -9026 -1429 1805 END
START 876 6124 13888 -8993 -1476 1798 END
START 936 6188 13700 -8919 -1442 1847 END
START 1040 6216 13556 -8890 -1376 1880 END
START 1004 6252 13476 -8885 -1264 1933 END
START 1152 6304 13308 -8859 -1175 2045 END
START 1276 6452 13136 -8860 -1076 2134 END
START 1212 6384 13140 -8862 -1024 2249 END
START 1244 6496 12988 -8900 -935 2375 END
START 1392 6708 12752 -8920 -861 2520 END
START 1464 6736 12872 -9003 -837 2680 END
START 1280 6768 12824 -9016 -770 2886 END
START 1332 6632 13052 -9071 -771 3116 END
START 1252 6528 12964 -9102 -803 3409 END
START 1188 6568 13032 -9102 -846 3620 END
START 1220 6376 12944 -9072 -992 3856 END
START 1180 6244 12960 -8992 -1031 4095 END
START 1096 6032 12704 -8895 -1107 4283 END
START 916 5924 12692 -8743 -1218 4465 END
START 812 5760 12300 -8599 -1281 4690 END
START 776 5844 12072 -8456 -1332 4858 END
START 652 5604 11744 -8310 -1337 5002 END
START 708 5532 11716 -8149 -1292 5150 END
START 664 5556 11372 -8026 -1243 5253 END
START 620 5412 11268 -7891 -1123 5336 END
START 492 5300 11272 -7757 -1116 5391 END
START 508 5344 11316 -7659 -1104 5475 END
START 504 5220 11340 -7526 -1106 5510 END
START 416 5136 11348 -7396 -1070 5549 END
START 564 5148 11172 -7295 -1013 5629 END
START 568 5100 11112 -7182 -995 5675 END
START 404 4984 11056 -7043 -963 5728 END
START 280 5032 11036 -6903 -902 5734 END
START 480 5000 10976 -6828 -856 5798 END
START 368 5012 10904 -6735 -748 5773 END
START 332 4988 10768 -6699 -713 5826 END
START 388 4988 10860 -6636 -619 5805 END
START 264 4924 10744 -6643 -548 5814 END
START 196 5064 10696 -6641 -406 5803 END
START 256 5060 10328 -6645 -267 5836 END
START 336 5012 10244 -6665 -129 5879 END
START 260 4948 10312 -6620 40 5919 END
START 300 4976 10124 -6595 211 5943 END
START 280 4796 10224 -6566 369 6065 END
START 292 4844 10288 -6478 510 6167 END
START 156 4848 10240 -6457 655 6248 END
START 136 4808 10196 -6392 693 6335 END
START 76 4716 10208 -6379 778 6466 END
START 116 4572 10276 -6349 864 6606 END
START -16 4512 10212 -6276 914 6746 END
START -112 4380 10136 -6209 963 6879 END
START -100 4300 10016 -6121 973 6998 END
START -440 4136 9992 -5969 992 7109 END
START -316 4140 10220 -5826 981 7219 END
START -472 3980 10036 -5648 984 7311 END
START -496 4016 9868 -5513 1008 7419 END
START -592 3912 9900 -5363 1051 7556 END
START -676 3780 9724 -5243 1051 7643 END
START -800 3820 9876 -5098 1029 7749 END
START -964 3740 9824 -4913 1073 7872 END
START -944 3640 9648 -4777 1134 7942 END
START -1024 3704 9520 -4546 1192 8072 END
START -1220 3524 9636 -4337 1244 8092 END
START -1504 3524 9760 -4134 1307 8163 END
START -1612 3308 9820 -3861 1320 8214 END
START -1680 3288 9864 -3667 1318 8215 END
START -2008 3292 10056 -3493 1311 8270 END
START -2208 3172 10068 -3296 1237 8250 END
START -2364 2932 10360 -3108 1147 8208 END
START -2724 2820 10504 -2942 1068 8183 END
START -2720 2640 10520 -2752 922 8125 END
START -2776 2412 10616 -2564 839 8004 END
START -2816 2348 10316 -2378 748 7879 END
START -2904 2336 10432 -2189 745 7749 END
START -2872 2372 10332 -1995 718 7651 END
START -2932 2340 10348 -1835 693 7561 END
START -3012 2532 10428 -1675 699 7527 END
START -3028 2456 10612 -1525 756 7519 END
START -3204 2596 10712 -1403 743 7555 END
START -3272 2764 10716 -1277 773 7583 END
START -3292 2908 10968 -1222 729 7634 END
START -3336 2908 11140 -1209 752 7716 END
START -3496 2824 11088 -1264 736 7807 END
START -3624 2796 11004 -1250 744 7865 END
START -3812 2624 11144 -1307 742 7930 END
START -3780 2544 11084 -1335 833 7978 END
START -3984 2476 10948 -1290 953 8048 END
START -4108 2452 10756 -1267 1058 8048 END
START -4228 2300 10660 -1183 1206 8074 END
START -4480 2192 10724 -1075 1361 8089 END
START -4496 2144 10632 -976 1463 8065 END
START -4728 2060 10732 -863 1626 8027 END
START -4848 1880 10592 -735 1760 7924 END
START -5132 1724 10804 -574 1825 7846 END
START -5244 1784 11032 -444 1820 7765 END
START -5416 1772 11240 -282 1788 7623 END
START -5360 1744 11420 -205 1702 7527 END
START -5524 1644 11692 -109 1584 7408 END
START -5616 1592 11476 -43 1459 7255 END
START -5668 1568 11660 44 1355 7145 END
START -5544 1500 11460 118 1231 6984 END
START -5604 1552 11396 201 1172 6806 END
START -5568 1592 11436 265 1122 6641 END
START -5696 1568 11332 399 1035 6442 END
START -5576 1712 11396 478 1026 6290 END
START -5676 1656 11416 574 1061 6162 END
START -5692 1776 11284 660 1068 6036 END
START -5624 1716 11196 757 1080 5857 END
START -5520 1636 11112 842 1066 5727 END
START -5488 1664 11192 931 1095 5573 END
START -5472 1756 11080 1008 1116 5410 END
START -5344 1768 11228 1105 1115 5350 END
START -5204 1940 11012 1180 1189 5201 END
START -5216 2156 10916 1282 1255 5154 END
START -5116 2140 10988 1381 1363 5119 END
START -4996 2052 11128 1469 1362 5080 END
START -4872 2032 11368 1564 1402 5130 END
START -4876 2136 11236 1689 1412 5129 END
START -4768 2120 11352 1767 1412 5163 END
START -4788 2328 11516 1836 1451 5239 END
START -4820 2224 11304 1867 1508 5303 END
START -4728 2284 11504 1878 1496 5395 END
START -4680 2432 11340 1885 1500 5487 END
START -4776 2272 11328 1940 1533 5567 END
START -4800 2076 11344 2002 1600 5669 END
START -4924 1996 11344 2130 1732 5751 END
START -5040 1908 11368 2292 1768 5793 END
START -5276 1808 11568 2480 1821 5855 END
START -5336 1688 11632 2693 1808 5850 END
START -5484 1684 11708 2880 1821 5862 END
START -5680 1564 11764 3043 1701 5861 END
START -5672 1628 11808 3212 1642 5821 END
START -5760 1560 11916 3407 1628 5762 END
START -5780 1532 11864 3583 1579 5716 END
START -5832 1356 12020 3789 1533 5634 END
START -5780 1312 12176 3957 1507 5560 END
START -5792 1400 12112 4115 1447 5500 END
START -5888 1444 12500 4277 1405 5425 END
START -5900 1508 12652 4448 1381 5363 END
START -5992 1484 12728 4584 1309 5291 END
START -6108 1508 12952 4709 1237 5219 END
START -6176 1440 13076 4860 1206 5129 END
START -6044 1548 13260 4971 1136 5077 END
START -6080 1608 13296 5085 1084 4980 END
START -6016 1496 13648 5169 1084 4927 END
START -6104 1472 13704 5244 1031 4831 END
START -6212 1572 14076 5291 984 4808 END
START -6136 1448 14160 5332 942 4709 END
START -6232 1408 14712 5393 829 4588 END
START -6260 1348 14720 5446 760 4497 END
START -6496 1236 14916 5461 606 4361 END
START -6620 1232 15156 5503 491 4211 END
START -6708 1208 15340 5561 336 4062 END
START -6708 1104 15504 5597 171 3901 END
START -6776 964 15620 5679 55 3718 END
START -6844 864 15780 5739 -108 3543 END
START -6852 892 16048 5810 -202 3376 END
START -6864 924 16068 5907 -286 3205 END
START -7104 1072 16136 5967 -406 2996 END
START -7212 1120 16144 6087 -510 2829 END
START -7244 1032 16432 6182 -444 2735 END
START -7184 1088 16508 6270 -548 2671 END
START -7192 1180 16344 6342 -585 2649 END
START -7048 1368 16236 6398 -527 2609 END
START -6776 1444 16200 6446 -467 2532 END
START -6628 1672 16212 6524 -328 2408 END
START -6696 1980 16324 6544 -108 2253 END
START -6620 2192 16308 6598 -31 2063 END
START -6464 2312 16380 6607 99 1927 END
START -6376 2400 16516 6588 212 1787 END
START -6400 2488 16444 6560 295 1708 END