START -4100 1436 12560 2924 -886 -743 END
START -6312 2100 9952 2970 -1958 -867 END
START -2860 808 8892 2652 -1237 -1052 END
START -2500 2148 10320 2356 13 -1168 END
START -2392 1892 10580 2035 1180 -1222 END
START -2736 1004 10848 1516 2181 -1269 END
START -2648 720 11000 880 2828 -1377 END
START -2380 968 10756 177 3732 -1465 END
START -2296 1392 10692 -447 4947 -1614 END
START -2384 1468 10940 -1142 6174 -1802 END
START -2388 1228 11172 -1786 7145 -2056 END
START -2124 948 11340 -2441 8143 -2289 END
START -2464 1300 11752 -3025 9141 -2449 END
START -3228 1420 12428 -3491 10046 -2716 END
START -4016 1516 13468 -3945 10535 -2956 END
START -4320 1468 13772 -4260 10717 -3219 END
START -4836 1436 14144 -4550 10782 -3519 END
START -5216 1436 14332 -4768 10720 -3892 END
START -5544 1068 14568 -4822 10617 -4370 END
START -5532 692 14884 -4823 10307 -4932 END
START -5764 544 15192 -4745 9897 -5411 END
START -5832 772 15528 -4493 9451 -5994 END
START -5712 1180 15744 -4254 8915 -6487 END
START -4912 1124 15984 -3999 8412 -6919 END
START -3920 488 16208 -3770 7987 -7179 END
START -3200 64 16792 -3588 7243 -7322 END
START -2420 224 16996 -3414 6792 -7358 END
START -1564 556 17324 -3262 6388 -7349 END
START -796 732 17824 -3124 6107 -7167 END
START -432 796 18244 -3068 5758 -6869 END
START -68 1084 18948 -3111 5290 -6438 END
START 328 1624 19216 -3235 4727 -5933 END
START 308 1904 19680 -3418 4095 -5362 END
START 172 1632 19892 -3584 3338 -4683 END
START -64 1216 19804 -3678 2588 -3963 END
START -104 896 19204 -3666 1891 -3253 END
START -212 304 18732 -3460 1375 -2663 END
START -464 24 18300 -3129 991 -2133 END
START -832 -288 17908 -2670 627 -1682 END
START -1548 -352 17596 -2171 280 -1321 END
START -1864 -380 17332 -1630 -78 -1024 END
START -2284 -508 16888 -1119 -407 -737 END
START -2196 -696 16476 -610 -648 -483 END
START -1960 -848 16016 -136 -764 -264 END
START -1816 -664 16108 375 -745 -24 END
START -1628 -436 15896 812 -746 199 END
START -1444 -292 15976 1242 -669 508 END
START -1184 -168 16540 1666 -617 883 END
START -968 -372 16636 2018 -499 1326 END
START -1020 -264 16832 2310 -372 1701 END
START -1064 -216 16944 2573 -206 2037 END
START -1512 60 17464 2736 -209 2221 END
START -2060 684 17744 2759 -280 2287 END
START -2356 1440 17472 2707 -489 2321 END
START -2816 1884 17360 2601 -638 2256 END
START -3020 2100 17468 2372 -741 2262 END
START -3488 2736 17688 2166 -902 2331 END
START -3660 2832 17736 1934 -1067 2466 END
START -3644 2572 17788 1687 -1303 2592 END
START -3636 2180 17832 1453 -1458 2708 END
START -3576 1820 17828 1243 -1671 2788 END
START -3560 1460 17804 977 -1811 2775 END
START -3536 1156 17584 782 -1888 2633 END
START -3404 912 17436 559 -2023 2468 END
START -3328 708 17512 380 -2145 2303 END
START -3308 764 17580 224 -2190 2131 END
START -3056 780 17468 43 -2174 2039 END
START -2980 876 17400 -106 -2171 1973 END
START -2796 720 17276 -314 -2241 1966 END
START -2288 724 17016 -444 -2102 1930 END
START -2172 708 16888 -644 -1942 1919 END
START -2248 960 17072 -883 -1859 1926 END
START -2384 1220 17204 -1108 -1853 1911 END
START -2524 1232 17404 -1367 -2014 1944 END
START -2492 1300 17528 -1598 -2201 1997 END
START -2376 1160 17460 -1842 -2395 2066 END
START -2344 1084 17204 -2040 -2679 2123 END
START -2376 1080 16992 -2191 -2848 2166 END
START -1976 904 16300 -2272 -2928 2239 END
START -1928 752 15928 -2292 -2909 2248 END
START -1680 584 15464 -2257 -2856 2267 END
START -1520 544 15260 -2230 -2678 2285 END
START -1604 584 14928 -2162 -2590 2292 END
START -1716 488 14980 -2141 -2484 2243 END
START -1652 512 14900 -2123 -2426 2182 END
START -1468 500 14840 -2165 -2336 2121 END
START -1208 488 14776 -2164 -2230 2053 END
START -1160 584 14648 -2253 -2058 1995 END
START -1136 660 14544 -2390 -1946 1972 END
START -1028 696 14376 -2570 -1830 1975 END
START -652 936 14392 -2726 -1721 1964 END
START -736 1016 14184 -2900 -1622 1971 END
START -632 1080 14132 -3003 -1533 2017 END
START -484 1156 13880 -3156 -1506 2044 END
START -544 1344 13612 -3221 -1455 2052 END
START -512 1600 13348 -3275 -1400 2098 END
START -452 1712 13144 -3254 -1331 2202 END
START -524 1760 12884 -3225 -1307 2307 END
START -396 1760 12944 -3181 -1308 2451 END
START -640 1844 12980 -3120 -1359 2618 END
START -668 1840 12792 -3055 -1446 2817 END
START -828 2056 12692 -2881 -1600 3001 END
START -1012 2136 12708 -2800 -1831 3218 END
START -896 2100 12772 -2655 -2085 3444 END
START -1040 2068 12668 -2477 -2361 3713 END
START -1092 1988 12764 -2359 -2680 3983 END
START -1296 1924 12664 -2166 -3104 4245 END
START -1408 1776 12632 -1952 -3471 4470 END
START -1600 1648 12352 -1710 -3847 4639 END
START -1696 1512 12072 -1441 -4157 4780 END
START -1692 1464 11944 -1153 -4468 4895 END
START -1580 1204 11276 -916 -4724 4981 END
START -1072 720 10472 -697 -4757 5033 END
START -780 492 10176 -502 -4682 5143 END
START -356 180 9728 -270 -4306 5161 END
START -300 216 9392 -88 -3906 5133 END
START -108 456 9364 20 -3466 5208 END
START -268 760 9388 97 -3056 5205 END
START -440 832 9664 106 -2713 5274 END
START -600 960 9696 47 -2395 5314 END
START -676 964 9604 -32 -2195 5345 END
START -644 944 9576 -165 -1918 5292 END
START -784 1036 9508 -336 -1667 5218 END
START -808 1096 9420 -485 -1418 5129 END
START -808 1100 9064 -641 -1099 5056 END
START -812 1172 8940 -724 -761 4962 END
START -864 1116 8908 -767 -459 4946 END
START -1088 1268 8924 -786 -109 4906 END
START -1268 1272 9052 -721 118 4905 END
START -1440 1332 9200 -613 332 4921 END
START -1576 1436 9364 -445 440 4929 END
START -1816 1476 9588 -254 470 4975 END
START -2036 1572 9536 -12 453 5062 END
START -2176 1648 9536 211 401 5159 END
START -2352 1720 9584 480 349 5303 END
START -2592 1808 9620 749 266 5455 END
START -2872 1712 9672 1067 206 5726 END
START -3100 1912 9864 1342 65 5949 END
START -3360 1848 10028 1638 -128 6149 END
START -3728 1760 10288 1958 -416 6435 END
START -3984 1552 10416 2245 -811 6611 END
START -4276 1452 10640 2611 -1156 6827 END
START -4560 1440 10968 3012 -1658 6971 END
START -4904 1384 11092 3397 -2143 7139 END
START -4952 1168 11064 3795 -2593 7287 END
START -5212 1228 10928 4164 -3020 7468 END
START -5420 1092 10712 4509 -3386 7577 END
START -5464 1108 10540 4836 -3710 7690 END
START -5636 1156 10320 5154 -4003 7714 END
START -5628 1132 10196 5414 -4201 7726 END
START -5584 1024 10044 5642 -4412 7672 END
START -5612 1120 10036 5873 -4608 7578 END
START -5468 1108 9856 6053 -4683 7482 END
START -5380 960 9728 6200 -4771 7398 END
START -5164 928 9692 6296 -4785 7270 END
START -5004 984 9356 6358 -4704 7178 END
START -4920 1012 9260 6448 -4621 7032 END
START -4884 924 9184 6477 -4463 6862 END
START -4756 744 9092 6536 -4272 6615 END
START -4416 696 8936 6611 -4014 6370 END
START -4172 616 8804 6627 -3658 6055 END
START -3804 624 8816 6655 -3256 5773 END
START -3592 648 8796 6687 -2820 5445 END
START -3316 812 8816 6678 -2329 5116 END
START -3248 1044 8940 6617 -1829 4825 END
START -2984 1284 9064 6549 -1349 4623 END
START -2720 1512 9508 6418 -901 4449 END
START -2764 1652 9608 6310 -514 4326 END
START -2600 1908 9872 6148 -186 4255 END
START -2500 2120 10064 6046 87 4224 END
START -2372 2368 10252 5912 360 4248 END
START -2492 2620 10248 5848 602 4257 END
START -2308 2776 10100 5798 863 4312 END
START -2144 2888 10332 5788 1142 4374 END
START -2196 2900 10380 5792 1317 4456 END
START -2120 3016 10324 5802 1528 4580 END
START -2032 3256 10664 5834 1629 4733 END
START -2032 3344 10876 5875 1519 4883 END
START -1864 3608 11100 5948 1418 5083 END
START -1916 3760 11244 6091 1186 5320 END
START -1796 3916 11240 6311 915 5566 END
START -1716 4060 11348 6580 684 5836 END
START -1800 4212 11476 6966 459 6161 END
START -1932 4368 11696 7340 226 6478 END
START -1920 4520 11780 7797 -130 6832 END
START -2036 4780 11768 8161 -477 7125 END
START -2032 5072 11784 8510 -783 7522 END
START -2220 5220 11552 8819 -1084 7765 END
START -2504 5184 11504 9137 -1268 8065 END
START -2916 5088 11544 9425 -1478 8300 END
START -3056 4792 11572 9770 -1555 8408 END
START -3280 4484 11448 10074 -1528 8517 END
START -3264 4152 11476 10395 -1431 8467 END
START -3320 3704 11828 10703 -1241 8350 END
START -3552 3600 11932 10895 -992 8200 END
START -3596 3408 12184 10997 -755 7982 END
START -3676 3576 12280 11014 -447 7708 END
START -3708 3828 12532 10872 -166 7488 END
START -3968 4048 12772 10693 155 7239 END
START -4004 4140 12724 10389 442 6991 END
START -4000 4092 12772 10140 784 6806 END
START -3900 4116 12796 9895 1197 6576 END
START -4048 4044 12936 9666 1647 6383 END
START -3956 3940 12944 9500 2219 6218 END
START -3964 3872 12816 9316 2786 6007 END
START -4236 4056 12956 9175 3320 5787 END
START -4572 4224 13252 8964 3785 5583 END
START -4876 4420 13800 8789 4101 5395 END
START -5200 4444 14128 8613 4367 5250 END
START -5468 4472 14268 8466 4526 5143 END
START -5584 4600 14584 8382 4676 5019 END
START -5940 4596 14912 8315 4797 4940 END
START -6172 4552 15464 8270 4798 4861 END
START -6392 4640 15636 8286 4647 4795 END
START -6608 4600 15984 8366 4496 4699 END
START -6888 4608 16028 8459 4290 4651 END
START -7072 4700 16340 8626 4013 4600 END
START -7384 4824 16692 8836 3643 4575 END
START -7768 4876 16948 9016 3258 4614 END
START -8148 5092 17416 9262 2743 4630 END
START -8368 5096 17720 9546 2200 4655 END
START -8608 5168 18056 9842 1588 4649 END
START -8708 5096 18028 10145 949 4603 END
START -8556 4924 18160 10433 360 4592 END
START -8476 4792 18100 10670 -155 4519 END
START -8476 4824 18132 10826 -687 4401 END
START -8508 4772 17844 11006 -1068 4350 END
START -8560 4736 17772 11128 -1350 4272 END
START -8552 4676 17592 11274 -1519 4176 END
START -8640 4516 17388 11284 -1551 4110 END
START -8664 4336 17216 11432 -1475 3950 END
START -8736 4172 17316 11363 -1205 3769 END
START -8840 4012 17188 11348 -972 3550 END
START -8916 3880 17432 11252 -694 3228 END
START -9120 3792 17668 11084 -422 2949 END
START -9096 3784 17940 10885 -193 2557 END
START -9260 3840 18232 10606 -24 2200 END
START -9312 3872 18328 10330 134 1876 END
START -9388 4036 18404 10014 301 1562 END
START -9528 4160 18380 9707 431 1306 END
START -9560 4280 18176 9479 655 1021 END
START -9596 4348 18188 9272 897 795 END
START -9576 4412 18316 9100 1135 524 END
START -9660 4448 18216 8914 1325 222 END
START -9736 4292 18304 8768 1514 -21 END
START -9900 4368 18392 8651 1613 -252 END
START -9988 4304 18472 8503 1666 -556 END
START -10192 4364 18720 8375 1673 -813 END
START -10304 4456 19000 8155 1579 -1115 END
START -10500 4264 19508 8156 1403 -1276 END
START -10812 4284 19820 8258 1130 -1407 END
START -11052 4340 19804 8405 811 -1517 END
START -11000 4260 20080 8683 377 -1596 END
START -11200 4132 20324 8873 -52 -1720 END
START -11232 3900 20304 9109 -559 -1890 END
START -11152 3908 20412 9342 -1021 -2031 END
START -11236 3996 20344 9523 -1498 -2173 END
START -11248 4020 20112 9709 -1931 -2268 END
START -11056 3896 20100 9853 -2289 -2381 END
START -11016 4016 20016 9963 -2569 -2505 END
START -10916 4052 20012 10094 -2796 -2635 END
START -10816 4188 20184 10075 -2975 -2823 END
START -10792 4136 20372 10033 -3181 -2961 END
START -10664 4060 20468 9936 -3396 -3124 END
START -10412 3808 20644 9763 -3517 -3320 END
START -10432 3864 20692 9600 -3632 -3517 END
START -10456 3716 20744 9404 -3753 -3728 END
START -10376 3768 21076 9207 -3940 -4015 END
START -10536 3808 21048 9027 -4125 -4309 END
START -10404 3796 20996 8888 -4308 -4617 END
START -10300 3824 20964 8704 -4518 -4962 END
START -9992 3808 20596 8572 -4585 -5291 END
START -9564 3780 20260 8454 -4556 -5638 END
START -9180 3604 19856 8287 -4506 -5976 END
START -8732 3652 19484 8113 -4305 -6368 END
START -8280 3700 19268 7917 -4036 -6675 END
START -7900 3736 19104 7700 -3693 -7042 END
START -7536 3716 19000 7503 -3296 -7411 END
START -7148 3752 18784 7278 -2852 -7730 END
START -6976 3872 18932 7102 -2403 -8003 END
START -6752 4176 19268 6845 -1985 -8305 END
START -6680 4520 19284 6558 -1593 -8542 END
START -6460 4500 19340 6334 -1273 -8745 END
START -6360 4580 19568 6046 -1007 -8918 END
START -6364 4756 19840 5830 -836 -9071 END
START -6408 4776 19892 5598 -668 -9246 END
START -6280 4816 20440 5467 -624 -9321 END
START -6284 4964 20580 5333 -556 -9383 END
START -6224 4916 20724 5210 -550 -9414 END
START -6332 4968 20992 5073 -610 -9462 END
START -6164 4932 21328 4882 -805 -9493 END
START -6232 4776 21300 4680 -1062 -9499 END
START -6128 4776 21504 4591 -1317 -9546 END
START -6052 4836 21632 4445 -1614 -9603 END
START -6076 4744 21836 4379 -1913 -9636 END
START -5952 4844 22040 4365 -2257 -9670 END
START -5848 4816 22028 4369 -2680 -9683 END
START -5756 5012 21956 4353 -3040 -9691 END
START -5608 5092 21960 4374 -3377 -9642 END
START -5308 4956 21724 4360 -3647 -9590 END
START -4892 5052 21524 4323 -3781 -9544 END
START -4628 4956 21336 4238 -3817 -9551 END
START -4156 4908 21400 4133 -3807 -9531 END
START -3776 4852 21416 3939 -3692 -9551 END
START -3568 4968 21356 3716 -3603 -9539 END
START -3144 4952 21480 3442 -3467 -9551 END
START -3044 5052 21448 3186 -3255 -9610 END
START -2872 5136 21548 2886 -3080 -9619 END
START -2772 5240 21640 2605 -2804 -9629 END
START -2512 5472 21672 2289 -2523 -9663 END
START -2324 5528 21764 1928 -2214 -9611 END
START -2232 5664 21984 1501 -1981 -9516 END
START -2076 5692 22132 1058 -1778 -9452 END
START -1840 5792 22340 572 -1537 -9330 END
START -1864 5940 22212 108 -1387 -9270 END
START -1752 5824 22304 -364 -1172 -9185 END
START -1892 5780 22356 -734 -997 -9127 END
START -1976 5620 22408 -1079 -907 -9135 END
START -2024 5612 22548 -1432 -839 -9155 END
START -2172 5588 22564 -1730 -845 -9094 END
START -2280 5476 22656 -1992 -904 -9099 END
START -2220 5348 22592 -2205 -942 -9108 END
START -2000 5292 22628 -2440 -1082 -9071 END
START -2040 5260 22720 -2652 -1227 -9058 END
START -1936 5300 22636 -2837 -1321 -9076 END
START -1784 5456 22568 -3052 -1542 -8997 END
START -1612 5612 22740 -3171 -1694 -8943 END
START -1320 5752 22620 -3333 -1867 -8841 END
START -1024 5936 22628 -3555 -1996 -8695 END
START -752 5964 22368 -3748 -2101 -8493 END
START -312 6008 22352 -3964 -2101 -8318 END
START -220 6008 22384 -4193 -2233 -8093 END
START -56 6176 22348 -4453 -2298 -7862 END
START 248 6380 22160 -4693 -2309 -7642 END
START 504 6808 21792 -4967 -2318 -7394 END
START 760 7200 21792 -5309 -2298 -7127 END
START 912 7444 21284 -5639 -2204 -6839 END
START 1036 7476 21280 -6009 -2123 -6526 END
START 1108 7408 20856 -6336 -1971 -6196 END
START 1244 7388 20696 -6616 -1837 -5902 END
START 1176 7444 20684 -6845 -1759 -5615 END
START 1124 7292 20464 -7021 -1650 -5394 END
START 1012 7176 20532 -7130 -1685 -5174 END
START 948 7188 20552 -7221 -1713 -5011 END
START 848 7028 20280 -7220 -1880 -4811 END
START 700 7004 19892 -7208 -1955 -4633 END
START 740 7060 20060 -7164 -2066 -4501 END
START 692 7124 19660 -7149 -2178 -4373 END
START 512 6916 19728 -7085 -2304 -4257 END
START 588 6976 19748 -7046 -2405 -4188 END
START 500 6948 19500 -7026 -2539 -4140 END
START 740 7020 19540 -7049 -2679 -4102 END
START 656 6988 19660 -7094 -2809 -4072 END
START 676 6992 19544 -7213 -2965 -4072 END
START 708 6976 19272 -7373 -3095 -4083 END
START 896 7012 19048 -7556 -3119 -4101 END
START 984 7096 18968 -7714 -3161 -4080 END
START 1192 7096 18576 -7903 -3131 -4055 END
START 1228 7200 18168 -8047 -3106 -4053 END
START 1396 7288 17724 -8216 -3015 -4015 END
START 1668 7476 17372 -8288 -2936 -4020 END
START 1728 7708 17232 -8431 -2767 -3945 END
START 1808 7728 16828 -8532 -2650 -3832 END
START 2004 7828 16780 -8668 -2552 -3659 END
START 2100 7908 16432 -8847 -2451 -3455 END
START 2452 7964 16448 -8926 -2302 -3235 END
START 2516 8068 16284 -9064 -2253 -3029 END
START 2628 8228 16204 -9171 -2214 -2738 END
START 2572 8512 16132 -9324 -2249 -2493 END
START 2832 8392 15740 -9460 -2216 -2214 END
START 2812 8344 15504 -9542 -2231 -1887 END
START 2816 8284 15232 -9599 -2229 -1570 END
START 2792 8184 15104 -9606 -2217 -1317 END
START 2768 8056 14772 -9558 -2186 -1002 END
START 2852 7996 14564 -9472 -2188 -689 END
START 2804 7948 14424 -9369 -2190 -445 END
START 2716 7848 14272 -9233 -2217 -212 END
START 2520 7988 14212 -9167 -2269 24 END
START 2480 7792 13928 -9094 -2369 229 END
START 2548 7812 13900 -9019 -2474 415 END
START 2480 7688 13916 -8949 -2545 579 END
START 2324 7700 13564 -8836 -2641 719 END
START 2316 7692 13448 -8699 -2766 855 END
START 2208 7596 13192 -8566 -2865 956 END
START 2192 7468 13048 -8422 -2923 1053 END
START 2160 7512 12832 -8283 -2960 1153 END
START 2280 7480 12672 -8177 -2993 1274 END
START 2112 7564 12496 -8044 -2998 1366 END
START 2100 7416 12152 -8039 -3027 1437 END
START 1968 7492 11904 -8003 -2917 1514 END
START 2120 7384 11816 -7962 -2850 1542 END
START 1992 7296 11416 -7929 -2731 1615 END
START 2104 7308 11292 -7875 -2603 1636 END
START 2000 7380 11092 -7843 -2445 1651 END
START 1952 7368 10980 -7814 -2248 1663 END
START 2024 7432 10968 -7773 -2039 1743 END
START 1900 7552 10808 -7761 -1818 1781 END
START 2020 7736 10712 -7759 -1659 1870 END
START 2144 7656 10760 -7786 -1421 1997 END
START 2188 7832 10792 -7748 -1250 2141 END
START 2244 7772 10796 -7779 -1105 2329 END
START 2212 7752 10516 -7745 -947 2525 END
START 2172 7732 10780 -7716 -840 2705 END
START 2124 7796 10516 -7733 -830 2869 END
START 2016 7696 10660 -7688 -810 3039 END
START 1964 7668 10540 -7661 -824 3171 END
START 2096 7564 10520 -7611 -873 3345 END
START 2000 7416 10364 -7563 -900 3513 END
START 2052 7336 10040 -7464 -924 3701 END
START 1888 7320 9884 -7315 -959 3874 END
START 1996 7360 9796 -7160 -931 4036 END
START 2008 7148 9548 -7010 -878 4216 END
START 2104 7168 9316 -6800 -791 4403 END
START 2116 7268 9284 -6693 -641 4609 END
START 2064 7208 9136 -6580 -571 4804 END
START 1992 7364 9252 -6517 -503 5039 END
START 1924 7256 9072 -6430 -439 5252 END
START 1712 7156 8948 -6340 -353 5396 END
START 1620 7112 8904 -6251 -382 5563 END
START 1492 7080 8848 -6121 -318 5704 END
START 1404 6996 8672 -5953 -317 5864 END
START 1364 6840 8620 -5859 -268 6009 END
START 1232 6620 8752 -5690 -255 6142 END
START 1048 6684 8704 -5539 -265 6243 END
START 732 6504 8608 -5435 -272 6333 END
START 660 6300 8596 -5288 -328 6363 END
START 560 6144 8604 -5196 -401 6389 END
START 392 6064 8364 -5023 -412 6402 END
START 432 5888 8404 -4888 -417 6404 END
START 424 5816 8188 -4680 -317 6432 END
START 400 5756 8064 -4476 -270 6418 END
START 160 5700 7836 -4273 -151 6441 END
START -40 5768 7816 -4038 46 6460 END
START 0 5728 7572 -3878 159 6480 END
START -128 5672 7444 -3721 312 6514 END
START -204 5748 7488 -3532 479 6579 END
START -324 5748 7356 -3335 671 6607 END
START -516 5700 7512 -3146 854 6708 END
START -604 5724 7448 -2966 993 6734 END
START -864 5752 7376 -2738 1221 6793 END
START -928 5776 7532 -2523 1389 6856 END
START -1060 5844 7624 -2287 1576 6940 END
START -980 5740 7648 -2097 1827 7027 END
START -936 5808 8056 -1957 2085 7120 END
START -1004 5908 8268 -1869 2305 7266 END
START -1268 6036 8448 -1871 2581 7366 END
START -1420 6004 8756 -1873 2671 7511 END
START -1460 5884 9136 -1927 2706 7625 END
START -1780 5556 9388 -2008 2727 7787 END
START -1872 5404 9364 -2003 2703 7871 END
START -2072 5216 9456 -1999 2729 7913 END
START -2192 5200 9416 -1932 2802 7900 END
START -2500 5376 9256 -1892 2872 7922 END
START -2744 5428 9132 -1858 3017 7886 END
START -2908 5456 9112 -1861 3169 7915 END
START -3256 5180 9156 -1898 3241 7943 END
START -3600 4680 9384 -1902 3291 7896 END
START -3636 4484 9580 -1902 3299 7844 END
START -4088 4188 9560 -1895 3288 7656 END
START -4472 3964 9992 -1809 3271 7495 END
START -4996 4128 10340 -1785 3124 7204 END
START -5528 4020 10780 -1696 2868 6897 END
START -5936 3840 11368 -1625 2482 6589 END
START -6296 3536 11536 -1594 2047 6270 END
START -6112 3436 11540 -1535 1646 5917 END
START -5952 3408 11308 -1482 1353 5569 END
START -5744 3416 11128 -1461 1099 5265 END
START -5472 3652 11024 -1436 1004 4985 END
START -5088 3804 10688 -1405 972 4800 END
START -4964 4068 10544 -1405 1062 4693 END
START -4696 4604 10476 -1416 1208 4676 END
START -4664 5124 10284 -1431 1407 4802 END
START -4476 5460 10424 -1459 1634 4914 END
START -4376 5520 10488 -1546 1849 5129 END
START -4292 5112 10528 -1622 2043 5364 END
START -4068 4856 10584 -1649 2327 5635 END
START -3988 4496 10668 -1685 2620 5843 END
START -4100 4496 10604 -1654 2840 6009 END
START -4332 4376 10796 -1623 3042 6173 END
START -4584 4256 10988 -1537 3157 6356 END
START -4900 4080 11200 -1467 3265 6563 END
START -5084 3972 11188 -1377 3336 6733 END
START -5532 3736 11248 -1230 3235 6914 END
START -5520 3428 11284 -1047 3143 6998 END
START -5768 2980 11232 -747 2940 7112 END
START -5956 2604 11172 -388 2864 7178 END
START -5928 2336 11188 91 2770 7244 END
START -6136 2208 11092 575 2685 7323 END
START -6348 2100 11164 1093 2549 7389 END
START -6444 2120 11476 1646 2465 7490 END
START -6704 2016 11564 2131 2391 7542 END
START -6736 2040 11864 2567 2274 7548 END
START -6856 1928 12096 2921 2107 7532 END
START -6952 1836 12364 3227 1965 7473 END
START -7084 1744 12740 3409 1782 7409 END
START -7132 1536 13156 3517 1605 7327 END
START -7284 1396 13384 3647 1417 7301 END
START -7356 1168 13496 3715 1272 7179 END
START -7508 1248 13432 3771 1233 7082 END
START -7696 1172 13500 3780 1223 6890 END
START -7816 1036 13708 3830 1215 6754 END
START -8048 876 13892 3843 1254 6550 END
START -8264 796 13992 3846 1277 6386 END
START -8436 472 14120 3871 1381 6134 END
START -8532 360 14292 3884 1416 5901 END
START -8796 320 14536 3878 1482 5622 END
START -8868 400 14772 3868 1531 5344 END
START -9080 276 15028 3868 1518 5078 END
START -9180 144 15388 3853 1526 4757 END
START -9488 76 15676 3914 1446 4417 END
START -9456 260 16112 3885 1338 4119 END
START -9680 356 16108 3921 1240 3838 END
START -9684 496 16500 3911 1188 3531 END
START -9852 740 16748 3917 1095 3240 END
START -10004 920 17152 3879 996 3043 END
START -10280 1572 17688 3894 785 2886 END
START -10536 2032 18292 3816 531 2808 END
START -10560 2288 18624 3728 255 2777 END
START -10484 2428 19184 3592 -49 2785 END
START -10560 2188 19476 3472 -367 2858 END
START -10644 2284 20148 3265 -740 2912 END
START -10700 2288 20064 3050 -1055 2971 END
START -10592 2084 20236 2802 -1310 3001 END
START -10424 1868 20604 2609 -1499 3050 END
START -10360 1388 20740 2419 -1735 2997 END
START -10360 1220 20960 2300 -1877 2937 END
START -10436 1120 21208 2173 -1942 2851 END
START -10456 980 21388 2081 -2045 2729 END
START -10424 872 21724 2053 -2117 2597 END
START -10520 768 21892 2005 -2258 2445 END
START -10480 848 22040 1958 -2355 2330 END
START -10588 688 22288 1939 -2574 2183 END