START -3060 1216 14292 -749 3687 871 END
START -4496 1244 16656 -845 2776 750 END
START -2588 44 12196 -999 3214 559 END
START -2680 932 13296 -1068 3641 386 END
START -2964 1112 13708 -1095 4019 248 END
START -3416 1288 14468 -1150 4050 95 END
START -3568 1524 14496 -1122 4022 -1 END
START -3448 1776 14424 -1034 4081 -20 END
START -3216 2024 14356 -972 4232 15 END
START -2848 2588 14404 -1018 4418 92 END
START -2548 3388 14296 -1077 4637 212 END
START -2492 4324 14188 -1224 4818 372 END
START -2420 4856 14064 -1421 5035 691 END
START -2304 4920 14156 -1662 5155 1040 END
START -2112 4516 14220 -1879 5287 1454 END
START -2048 3720 14060 -2006 5400 1834 END
START -2144 3268 14176 -1996 5549 2076 END
START -2388 2872 14128 -1871 5687 2194 END
START -2768 2388 14040 -1628 5800 2130 END
START -3112 2092 14212 -1468 5830 2043 END
START -3232 1416 14500 -1194 5788 1869 END
START -3608 816 14780 -966 5645 1614 END
START -4020 440 14660 -758 5410 1334 END
START -4048 156 14480 -478 5267 984 END
START -3980 -108 14652 -246 5150 679 END
START -4168 64 14860 -31 5069 303 END
START -4328 108 15104 137 4867 21 END
START -4380 232 15312 231 4617 -276 END
START -4548 512 15544 295 4335 -524 END
START -4628 836 15636 307 4089 -707 END
START -4592 712 15824 365 3773 -869 END
START -4584 672 16104 489 3466 -1077 END
START -4612 728 16220 631 3183 -1230 END
START -4452 680 16240 791 2854 -1355 END
START -4080 656 16464 922 2559 -1463 END
START -3876 584 16756 1010 2164 -1542 END
START -3676 584 16932 1050 1823 -1580 END
START -3580 532 16992 927 1464 -1571 END
START -3280 644 16824 884 1090 -1559 END
START -3116 820 16848 739 888 -1524 END
START -3224 1220 16552 641 677 -1437 END
START -3088 1200 16456 557 512 -1388 END
START -2840 1284 16128 431 447 -1292 END
START -2828 1408 15868 296 428 -1171 END
START -2676 1604 15608 177 487 -1046 END
START -2788 1648 15472 54 580 -940 END
START -2688 1556 15240 -81 759 -782 END
START -2572 1536 15260 -217 892 -610 END
START -2584 1656 15268 -421 1009 -507 END
START -2520 1996 15188 -622 1126 -388 END
START -2360 2316 14964 -824 1308 -238 END
START -2408 2452 15072 -954 1404 -43 END
START -2472 2696 15256 -1102 1492 230 END
START -2480 2900 15464 -1205 1512 560 END
START -2632 3064 15536 -1300 1399 885 END
START -2884 3104 15640 -1324 1242 1213 END
START -3144 3276 15616 -1386 1004 1581 END
START -3452 3164 15600 -1330 710 1868 END
START -3760 2960 15452 -1306 392 2155 END
START -3912 2496 15276 -1182 74 2389 END
START -3956 2412 14992 -1035 -184 2558 END
START -4176 2228 14784 -862 -323 2622 END
START -4204 2016 14628 -654 -496 2616 END
START -4372 1920 14348 -458 -589 2596 END
START -4532 1956 14500 -298 -692 2559 END
START -4512 1752 14528 -124 -712 2519 END
START -4360 1656 14488 -9 -754 2451 END
START -4292 1616 14432 85 -667 2399 END
START -4364 1656 14556 80 -642 2331 END
START -4364 1584 14416 52 -546 2282 END
START -4476 1688 14592 30 -469 2209 END
START -4548 1684 14840 -46 -361 2172 END
START -4740 1512 14852 -97 -351 2125 END
START -4768 1360 14932 -172 -324 2069 END
START -4900 1196 15164 -192 -376 1967 END
START -5096 944 15188 -221 -370 1825 END
START -5264 900 15120 -202 -448 1670 END
START -5336 600 15068 -163 -445 1466 END
START -5332 212 14996 -123 -466 1230 END
START -5216 60 15020 -120 -468 1013 END
START -5212 188 15032 -137 -442 803 END
START -5304 312 14792 -162 -448 609 END
START -5564 536 14720 -219 -372 428 END
START -5476 500 14652 -248 -247 296 END
START -5440 460 14540 -242 -142 142 END
START -5520 652 14684 -257 56 9 END
START -5476 892 14492 -257 158 -113 END
START -5588 1080 14916 -347 253 -183 END
START -5544 1200 14916 -436 309 -262 END
START -5436 1264 14860 -578 322 -295 END
START -5628 1424 14996 -653 342 -305 END
START -5580 1796 15004 -758 303 -270 END
START -5560 1816 15144 -774 362 -167 END
START -5456 1932 15064 -808 360 -29 END
START -5468 2032 14964 -820 398 83 END
START -5528 2100 14808 -811 433 203 END
START -5712 1920 14768 -819 487 357 END
START -5988 1904 15044 -801 487 508 END
START -6116 1684 14968 -791 442 601 END
START -6420 1652 15148 -777 314 664 END
START -6732 1776 15184 -735 248 685 END
START -6956 1600 15276 -718 179 730 END
START -7064 1380 15412 -645 -4 740 END
START -7432 1304 15536 -659 -164 738 END
START -7652 1092 15500 -619 -416 745 END
START -7820 880 15540 -556 -599 662 END
START -7860 616 15408 -549 -736 571 END
START -8080 536 15272 -438 -919 404 END
START -8176 388 15292 -419 -1005 221 END
START -8332 484 15144 -342 -1077 37 END
START -8564 432 15124 -277 -1085 -131 END
START -8660 432 15180 -253 -1124 -285 END
START -8872 428 15184 -235 -1204 -432 END
START -8908 312 15428 -222 -1217 -588 END
START -9088 248 15320 -229 -1253 -819 END
START -8924 104 15068 -159 -1264 -1006 END
START -8908 -8 15100 -180 -1232 -1250 END
START -9124 -48 14928 -151 -1185 -1468 END
START -9148 -32 14924 -137 -1094 -1793 END
START -9080 64 15100 -149 -1101 -2020 END
START -9164 -48 14836 -173 -1013 -2289 END
START -9096 48 14856 -230 -978 -2490 END
START -9116 60 15000 -271 -907 -2649 END
START -9220 128 14992 -300 -868 -2833 END
START -9264 196 15048 -325 -857 -2974 END
START -9248 280 15096 -368 -823 -3129 END
START -9388 284 15124 -412 -860 -3296 END
START -9380 304 15280 -419 -928 -3372 END
START -9284 248 15056 -430 -967 -3507 END
START -9148 4 15004 -431 -961 -3638 END
START -9160 84 14916 -424 -917 -3795 END
START -9204 108 14732 -474 -882 -3902 END
START -9080 32 14540 -455 -763 -4058 END
START -9036 36 14112 -441 -672 -4184 END
START -8972 16 14188 -441 -506 -4320 END
START -9120 88 14296 -402 -370 -4455 END
START -9308 56 14272 -390 -264 -4593 END
START -9288 52 14360 -282 -245 -4716 END
START -9216 -48 14440 -242 -200 -4809 END
START -9208 16 14568 -228 -250 -4902 END
START -9200 152 14592 -220 -312 -4980 END
START -9108 312 14616 -249 -363 -5098 END
START -9012 252 14588 -265 -444 -5153 END
START -8956 152 14796 -284 -543 -5181 END
START -8740 156 14612 -316 -573 -5207 END
START -8684 148 14156 -303 -618 -5240 END
START -8560 -64 14180 -232 -564 -5346 END
START -8652 -88 14164 -118 -543 -5411 END
START -8848 -140 14148 -39 -597 -5542 END
START -8932 -100 14200 57 -613 -5650 END
START -8968 -92 14292 133 -748 -5770 END
START -8964 -184 14332 216 -890 -5910 END
START -8872 -204 14188 278 -1008 -6007 END
START -8764 -220 14072 360 -1135 -6171 END
START -8740 -316 14000 476 -1259 -6341 END
START -8596 -348 13848 567 -1285 -6571 END
START -8444 -476 13592 654 -1329 -6743 END
START -8424 -420 13376 793 -1276 -6979 END
START -8200 -460 13472 892 -1244 -7178 END
START -8136 -492 13188 1000 -1196 -7430 END
START -7948 -396 13188 1072 -1133 -7643 END
START -7860 -252 13124 1160 -1068 -7877 END
START -7512 -204 13116 1264 -1020 -8072 END
START -7316 140 13364 1335 -904 -8202 END
START -6952 168 13332 1449 -827 -8301 END
START -6408 256 13276 1475 -675 -8370 END
START -6092 580 13396 1512 -550 -8411 END
START -5912 592 13464 1471 -401 -8425 END
START -5700 856 13528 1448 -320 -8417 END
START -5532 952 13792 1428 -242 -8412 END
START -5468 1020 13864 1402 -284 -8339 END
START -5252 1212 13896 1393 -291 -8296 END
START -5096 1216 13796 1425 -270 -8222 END
START -4968 1192 13600 1472 -311 -8182 END
START -4928 1248 13616 1544 -334 -8148 END
START -4904 1224 13820 1637 -353 -8084 END
START -4756 1316 13872 1755 -408 -8066 END
START -4724 1264 13908 1839 -499 -8057 END
START -4684 1384 14060 1924 -580 -8022 END
START -4580 1376 14180 2011 -655 -8043 END
START -4504 1468 14304 2095 -763 -8039 END
START -4388 1368 14464 2182 -893 -8029 END
START -4248 1464 14616 2285 -986 -8086 END
START -4084 1556 14564 2360 -1129 -8092 END
START -3844 1528 14724 2437 -1256 -8079 END
START -3628 1520 14952 2532 -1372 -8115 END
START -3404 1456 14860 2578 -1476 -8104 END
START -3068 1440 14968 2624 -1568 -8120 END
START -2896 1412 14972 2630 -1575 -8121 END
START -2492 1228 14944 2682 -1602 -8160 END
START -2176 1112 14844 2693 -1580 -8202 END
START -1812 980 14776 2735 -1484 -8270 END
START -1516 912 14656 2787 -1349 -8297 END
START -1424 928 14600 2894 -1053 -8382 END
START -1268 864 14696 2881 -865 -8471 END
START -1148 796 14980 2956 -601 -8565 END
START -952 848 14792 2976 -365 -8719 END
START -876 924 14912 3000 -75 -8845 END
START -772 920 14992 3006 270 -9029 END
START -576 1356 15068 3004 627 -9192 END
START -500 1492 15116 2981 995 -9358 END
START -464 1780 15148 2950 1385 -9488 END
START -156 2136 15168 2935 1907 -9571 END
START 208 2532 15248 2944 2409 -9680 END
START 444 2868 15744 2925 2907 -9689 END
START 688 3164 15920 2892 3407 -9612 END
START 912 3596 16420 2784 3887 -9522 END
START 1204 3932 17060 2612 4310 -9361 END
START 1308 4320 17552 2374 4595 -9208 END
START 1528 4856 18304 2071 4850 -8986 END
START 1592 5184 18992 1731 4925 -8675 END
START 1732 5620 19468 1351 4887 -8318 END
START 1852 5860 19744 963 4649 -7896 END
START 1916 5928 20288 589 4392 -7441 END
START 2052 6176 20476 276 4003 -6976 END
START 2196 6212 20644 -29 3538 -6462 END
START 2176 6340 20736 -254 2952 -5915 END
START 2168 6404 20620 -509 2349 -5388 END
START 2080 6420 20616 -636 1605 -4845 END
START 2108 6300 20480 -685 850 -4306 END
START 2060 6292 19972 -660 117 -3741 END
START 2056 6396 19376 -547 -621 -3212 END
START 2196 6104 18900 -355 -1263 -2679 END
START 2272 5828 18024 -105 -1776 -2239 END
START 2356 5588 17272 118 -2124 -1758 END
START 2336 5464 16792 294 -2394 -1450 END
START 2300 5068 15996 430 -2530 -1213 END
START 2420 4820 15712 506 -2634 -1023 END
START 2412 4440 15156 571 -2586 -921 END
START 2312 4344 15004 523 -2463 -877 END
START 2180 4256 14704 523 -2312 -843 END
START 2180 4060 14512 442 -2165 -895 END
START 2208 3796 14092 393 -1932 -955 END
START 2208 3660 13808 333 -1678 -1029 END
START 2252 3304 13516 268 -1280 -1218 END
START 2396 3016 13120 220 -905 -1348 END
START 2464 3024 12960 223 -536 -1547 END
START 2412 3044 13052 126 -122 -1688 END
START 2372 2988 13060 106 256 -1844 END
START 2460 2996 13008 -5 663 -1957 END
START 2384 3148 13252 -63 921 -2052 END
START 2224 3196 13504 -142 1112 -2099 END
START 2128 3276 13396 -211 1260 -2085 END
START 2048 3208 13616 -238 1384 -2097 END
START 1968 3220 13572 -238 1374 -2096 END
START 1904 3312 13608 -209 1381 -2084 END
START 1976 3368 13808 -185 1350 -2039 END
START 1996 3380 13792 -150 1239 -1976 END
START 1904 3496 13796 -122 1176 -1872 END
START 2040 3716 13720 -57 1065 -1732 END
START 2104 3724 13540 -50 921 -1550 END
START 2100 3812 13504 -19 828 -1350 END
START 2096 3860 13404 32 734 -1144 END
START 2124 3984 13380 72 582 -867 END
START 2032 3988 13480 78 436 -650 END
START 1964 4116 13312 132 286 -420 END
START 1980 4112 13488 133 86 -168 END
START 1860 4168 13500 148 -131 47 END
START 1880 4180 13480 192 -362 330 END
START 1908 4240 13408 218 -602 492 END
START 1988 4196 13136 230 -784 750 END
START 1988 4180 12996 277 -917 966 END
START 1968 4220 12704 322 -1025 1180 END
START 1944 4364 12500 381 -1103 1360 END
START 1848 4408 12352 471 -1151 1535 END
START 1740 4440 12056 486 -1162 1732 END
START 1676 4476 11856 588 -1176 1859 END
START 1632 4412 11572 629 -1133 2010 END
START 1624 4352 11636 654 -1147 2110 END
START 1688 4452 11564 617 -1116 2196 END
START 1636 4556 11400 602 -1015 2259 END
START 1528 4684 11332 547 -978 2361 END
START 1640 4616 10988 535 -800 2432 END
START 1652 4656 10960 484 -691 2483 END
START 1624 4584 10664 414 -540 2531 END
START 1680 4796 10556 342 -358 2564 END
START 1476 4796 10476 271 -132 2595 END
START 1564 4904 10036 215 51 2609 END
START 1784 4928 9924 126 341 2649 END
START 1720 5028 9816 25 592 2668 END
START 1684 5080 9656 -24 866 2694 END
START 1724 4936 9524 -93 1070 2734 END
START 1700 5084 9596 -121 1266 2764 END
START 1600 5116 9400 -89 1453 2839 END
START 1616 5128 9420 -52 1601 2877 END
START 1524 5380 9472 16 1733 2971 END
START 1520 5376 9492 97 1843 3060 END
START 1364 5568 9452 169 1899 3222 END
START 1240 5672 9372 224 1932 3349 END
START 1120 5728 9532 330 1917 3559 END
START 1260 5672 9364 456 1878 3748 END
START 1148 5608 9396 556 1810 3940 END
START 1164 5532 9284 728 1730 4188 END
START 1188 5396 9132 916 1734 4373 END
START 928 5488 9152 1105 1659 4623 END
START 772 5344 9068 1325 1614 4799 END
START 860 5360 9008 1485 1540 4994 END
START 604 5324 8924 1686 1455 5212 END
START 404 5348 9044 1846 1399 5381 END
START 336 5528 8956 1977 1363 5607 END
START 196 5424 8960 2126 1268 5791 END
START 72 5360 9020 2251 1229 5953 END
START -124 5232 8944 2362 1123 6144 END
START -224 5260 9072 2448 1043 6298 END
START -456 5348 8888 2567 999 6425 END
START -720 5308 8776 2714 959 6615 END
START -1180 5272 8564 2890 965 6753 END
START -1340 5380 8488 3099 948 6894 END
START -1660 5132 8136 3300 982 6995 END
START -1848 4956 8236 3497 1006 7047 END
START -2188 4880 8016 3774 1025 7062 END
START -2364 4856 8060 3997 1112 7027 END
START -2720 4616 7952 4220 1216 6988 END
START -2788 4508 7824 4457 1288 6914 END
START -2816 4256 7796 4659 1435 6767 END
START -2864 4048 7652 4868 1605 6639 END
START -2764 3864 7824 5057 1821 6435 END
START -2872 3824 7716 5200 2047 6245 END
START -2812 3704 7716 5376 2268 5999 END
START -2672 3660 7832 5451 2501 5836 END
START -2656 3924 7704 5590 2767 5686 END
START -2732 4028 7800 5661 3054 5575 END
START -2708 4392 7684 5748 3322 5529 END
START -2776 4616 7940 5880 3641 5464 END
START -2904 4776 8100 5986 3848 5456 END
START -3036 4864 8292 6170 4060 5510 END
START -3120 5000 8344 6433 4202 5555 END
START -3396 5268 8784 6663 4270 5653 END
START -3644 5336 8840 6993 4327 5767 END
START -3852 5332 9380 7322 4252 5908 END
START -4016 5452 9456 7714 4131 6061 END
START -4276 5660 9780 8121 3971 6269 END
START -4476 5896 9908 8619 3790 6472 END
START -4868 6116 10504 9118 3607 6721 END
START -5088 6300 10916 9676 3290 6954 END
START -5392 6128 11228 10219 2833 7287 END
START -5492 6004 11932 10755 2319 7511 END
START -5572 5668 12720 11222 1661 7759 END
START -5540 5384 12976 11732 975 7911 END
START -5464 5348 13012 12220 394 8044 END
START -5464 5032 13488 12252 -162 8107 END
START -5348 4956 13496 12680 -630 8196 END
START -5296 4612 13972 12834 -1060 8248 END
START -5260 4544 13868 12982 -1272 8275 END
START -4932 4492 13528 12985 -1281 8233 END
START -4728 4572 13532 12938 -1191 8160 END
START -4676 4516 13628 12854 -867 8007 END
START -4568 4460 13620 12660 -484 7897 END
START -4784 4756 13876 12469 -3 7751 END
START -4924 4836 14140 11933 475 7623 END
START -5092 4900 14544 11819 917 7453 END
START -5460 5040 14700 11249 1371 7315 END
START -5764 5088 14992 10877 1707 7128 END
START -5852 5252 15328 10514 2102 6987 END
START -6152 5288 15320 10171 2360 6838 END
START -6420 5428 15652 9826 2580 6681 END
START -6608 5440 15860 9533 2760 6553 END
START -6760 5460 15904 9209 2991 6397 END
START -6900 5528 15752 8939 3181 6276 END
START -7056 5500 15632 8689 3379 6124 END
START -7208 5376 15532 8481 3578 5993 END
START -7128 5280 15660 8321 3800 5877 END
START -7260 5068 15888 8180 3998 5706 END
START -7464 5016 16120 8085 4166 5585 END
START -7500 5004 16312 7983 4208 5435 END
START -7820 4996 16596 7978 4213 5288 END
START -7768 4996 16816 7939 4190 5195 END
START -7796 4980 16976 7956 4067 5088 END
START -7844 5096 17176 7905 3941 5010 END
START -7688 5164 17384 7903 3770 4992 END
START -7840 5184 17308 7896 3636 5010 END
START -7936 5116 17236 7896 3458 5026 END
START -7912 5336 17400 7925 3298 5061 END
START -8080 5300 17348 7949 3111 5096 END
START -8224 5384 17420 8037 2939 5109 END
START -8272 5388 17304 8179 2735 5173 END
START -8404 5360 17372 8295 2602 5190 END
START -8508 5304 17232 8444 2399 5205 END
START -8616 5304 17224 8610 2264 5191 END
START -8812 5176 17328 8776 2147 5086 END
START -8864 4964 17520 8963 2046 5025 END
START -9112 5004 17608 9214 1922 4965 END
START -9164 5188 17864 9419 1793 4871 END
START -9248 5432 18000 9562 1757 4749 END
START -9456 5512 18124 9676 1728 4714 END
START -9632 5836 18164 9682 1732 4679 END
START -9780 5836 18508 9708 1802 4660 END
START -9908 5692 18584 9639 1875 4648 END
START -9780 5408 18912 9637 1970 4537 END
START -10028 5216 19068 9595 2108 4417 END
START -9972 4784 19756 9503 2226 4182 END
START -10244 4740 20108 9429 2317 3888 END
START -10384 4736 20868 9311 2268 3592 END
START -10380 4852 21164 9141 2142 3326 END
START -10356 4996 21484 8886 2029 3028 END
START -10288 5256 21788 8635 1849 2766 END
START -10244 5292 21864 8313 1698 2576 END
START -9924 5548 22072 7964 1539 2330 END
START -9784 5740 22248 7614 1410 2124 END
START -9540 5848 22428 7261 1302 1944 END
START -9312 5892 22476 6921 1233 1786 END
START -9100 6012 22388 6584 1172 1667 END
START -8772 6080 22420 6249 1103 1565 END
START -8624 6168 22400 5912 1097 1450 END
START -8540 6420 22424 5627 1100 1332 END
START -8180 6436 22540 5377 1133 1285 END
START -8012 6560 22532 5123 1116 1221 END
START -7872 6592 22708 4919 1137 1140 END
START -7608 6724 22776 4665 1095 1121 END
START -7576 6796 23008 4436 1039 1066 END
START -7428 6848 23108 4184 1038 1083 END
START -7344 6868 23200 3906 985 1115 END
START -7376 7120 23372 3661 923 1132 END
START -7356 6976 23600 3404 791 1140 END
START -7444 6816 23476 3125 720 1145 END
START -7296 6800 23548 2866 684 1124 END
START -7132 6492 23552 2653 645 1101 END
START -7096 6448 23592 2334 709 1018 END
START -7024 6396 23768 2105 714 967 END
START -7016 6328 23792 1832 744 899 END
START -7024 6268 23736 1587 772 844 END
START -6996 6244 23936 1339 819 784 END
START -7140 6240 23880 1152 865 738 END
START -7312 6296 23912 922 879 686 END
START -7340 6244 24084 734 895 615 END
START -7504 6328 24180 512 882 557 END
START -7524 6252 24460 344 854 490 END
START -7668 6308 24400 135 835 432 END
START -7700 6224 24288 -68 808 352 END
START -7764 6324 24424 -231 822 326 END
START -7856 6328 24616 -375 808 286 END
START -7792 6200 24864 -563 777 244 END
START -8036 6204 24996 -802 691 179 END
START -8248 6072 25284 -1023 562 105 END
START -8292 5960 25436 -1317 342 32 END
START -8280 5828 25568 -1515 158 -77 END
START -8344 5704 25800 -1789 -37 -201 END
START -8204 5596 25656 -2067 -267 -321 END
START -8164 5604 25788 -2350 -526 -497 END
START -8072 5436 25656 -2615 -703 -702 END
START -7832 5428 25504 -2937 -874 -867 END
START -7560 5456 25220 -3259 -954 -1083 END
START -7420 5624 24964 -3565 -986 -1265 END
START -7184 5576 24752 -3940 -1004 -1424 END
START -7092 5820 24476 -4340 -975 -1625 END
START -6732 5932 24148 -4728 -895 -1770 END
START -6468 5980 23928 -5128 -841 -1937 END
START -6284 5900 23828 -5513 -706 -2076 END
START -5924 5888 23444 -5842 -588 -2252 END
START -5728 5904 23100 -6244 -435 -2358 END
START -5428 6076 22944 -6565 -299 -2514 END
START -5288 6212 22820 -6907 -182 -2636 END
START -5180 6428 22552 -7211 -111 -2687 END
START -5048 6532 22392 -7484 -47 -2757 END
START -4896 6788 22084 -7719 -50 -2742 END
START -4676 6848 21908 -7995 -54 -2721 END
START -4304 6976 21476 -8208 -47 -2710 END
START -4176 7036 21284 -8430 19 -2674 END
START -3884 7088 21036 -8636 16 -2587 END
START -3764 6968 20828 -8817 -61 -2548 END
START -3612 6928 20532 -8952 -141 -2462 END
START -3516 6928 20264 -9037 -205 -2424 END
START -3496 6876 20076 -9102 -357 -2367 END
START -3396 6840 19712 -9138 -594 -2368 END
START -3208 6776 19492 -9138 -766 -2269 END
START -2996 6784 19268 -9159 -988 -2219 END
START -2788 6788 18664 -9157 -1139 -2198 END
START -2592 6984 18368 -9136 -1224 -2140 END
START -2420 6996 17980 -9107 -1373 -2073 END
START -2252 6960 17688 -9066 -1475 -1968 END
START -1892 7008 17388 -9046 -1494 -1891 END
START -1836 7084 17264 -8973 -1579 -1795 END
START -1608 7108 17068 -8962 -1636 -1687 END
START -1472 7212 16812 -8955 -1683 -1563 END
START -1320 7144 16524 -8933 -1779 -1414 END
START -1212 7260 16540 -8942 -1842 -1287 END
START -1016 7192 16228 -8930 -1936 -1172 END
START -824 7280 16120 -8903 -1989 -1054 END
START -652 7320 15728 -8858 -2119 -916 END
START -308 7152 15512 -8841 -2103 -805 END
START -148 7296 15288 -8798 -2118 -702 END
START -20 7424 14912 -8822 -2127 -569 END
START 332 7456 14692 -8830 -2075 -445 END
START 456 7452 14712 -8848 -1992 -312 END
START 676 7444 14376 -8875 -1941 -180 END
START 800 7544 14304 -8901 -1897 -96 END
START 1016 7648 14060 -8951 -1800 58 END
START 1124 7868 13684 -8988 -1711 198 END
START 1208 7940 13508 -9043 -1585 364 END
START 1340 7968 13248 -9117 -1473 504 END
START 1516 7912 12956 -9119 -1313 716 END
START 1512 7964 12780 -9129 -1165 896 END
START 1468 8112 12836 -9122 -1068 1047 END
START 1492 7960 12632 -9069 -936 1230 END
START 1404 7876 12532 -9004 -960 1373 END
START 1364 7848 12652 -8958 -933 1509 END
START 1124 7844 12388 -8851 -893 1606 END
START 1044 7896 12196 -8771 -955 1723 END
START 996 7860 12088 -8669 -1010 1822 END
START 848 7892 12032 -8550 -1022 1928 END
START 884 7864 12032 -8435 -1034 2022 END
START 804 7768 11796 -8353 -1033 2115 END
START 912 7720 11808 -8232 -1038 2212 END
START 816 7728 11668 -8126 -1038 2316 END
START 724 7784 11608 -8055 -1017 2417 END
START 720 7680 11588 -8008 -971 2480 END
START 824 7700 11708 -7957 -928 2578 END
START 868 7752 11708 -7919 -962 2728 END
START 780 7872 11592 -7927 -983 2835 END
START 760 7984 11564 -7909 -1023 2930 END
START 668 8064 11452 -7901 -956 3108 END
START 720 8364 11364 -7849 -1003 3257 END
START 512 8332 11280 -7810 -999 3466 END
START 580 8448 11360 -7745 -956 3656 END
START 440 8496 11056 -7646 -964 3814 END
START 396 8620 11148 -7596 -919 4032 END
START 244 8688 10968 -7515 -904 4208 END
START 44 8576 11000 -7463 -886 4443 END
START 12 8552 11076 -7434 -878 4630 END
START -308 8612 11040 -7385 -870 4853 END
START -392 8604 10900 -7339 -936 5026 END
START -696 8544 11036 -7263 -947 5232 END
START -904 8508 10936 -7176 -1005 5409 END
START -1152 8424 11064 -7073 -1026 5601 END
START -1368 8256 10960 -7018 -1100 5742 END
START -1768 8356 10996 -6952 -1169 5902 END
START -2016 8316 10900 -6909 -1232 6046 END
START -2368 8240 10968 -6851 -1308 6188 END
START -2664 8184 10816 -6836 -1359 6362 END
START -2960 8132 10916 -6780 -1413 6508 END
START -3304 7944 10844 -6754 -1513 6633 END
START -3604 7828 10696 -6696 -1551 6760 END
START -3896 7592 10548 -6697 -1565 6862 END
START -4208 7444 10400 -6643 -1576 6951 END
START -4684 7212 10516 -6620 -1651 7038 END
START -5132 6944 10340 -6553 -1707 7084 END
START -5620 6588 10412 -6468 -1800 7158 END
START -5968 6328 10252 -6366 -1852 7220 END
START -6720 6216 10268 -6224 -1957 7241 END
START -7140 5912 10120 -6103 -2063 7183 END
START -7596 5612 10048 -5888 -2182 7155 END
START -8044 5420 9956 -5798 -2292 7103 END
START -8452 5012 10120 -5600 -2339 6982 END
START -8920 4684 10148 -5426 -2514 6888 END
START -9420 4472 9936 -5206 -2620 6731 END
START -9764 4140 10016 -5012 -2795 6543 END
START -9952 4160 9808 -4802 -2918 6378 END
START -10208 3916 9576 -4647 -3064 6150 END
START -10444 3752 9420 -4460 -3136 5966 END
START -10608 3480 9400 -4313 -3183 5760 END
START -10740 3280 8960 -4178 -3215 5537 END
START -10940 3180 8804 -4047 -3188 5303 END
START -11052 2996 8560 -3920 -3131 5057 END
START -11160 2848 8412 -3766 -3025 4817 END
START -11204 2652 8252 -3572 -2956 4597 END
START -11244 2468 7852 -3372 -2832 4328 END
START -11236 2304 7756 -3198 -2674 4065 END
START -11212 1976 7632 -3014 -2502 3786 END
START -11332 1860 7620 -2844 -2357 3507 END
START -11288 1672 7492 -2736 -2233 3222 END
START -11384 1704 7292 -2561 -2077 2943 END
START -11532 1484 7416 -2405 -2001 2711 END
START -11536 1300 7404 -2297 -1910 2467 END
START -11488 1324 7396 -2143 -1818 2189 END
START -11508 1120 7048 -1968 -1684 1905 END
START -11620 1036 6840 -1839 -1546 1608 END
START -11508 876 6636 -1654 -1321 1289 END
START -11484 1040 6396 -1496 -1060 941 END
START -11420 1140 6264 -1359 -740 691 END
START -11492 1160 6244 -1218 -404 412 END
START -11556 1140 6264 -1052 -94 149 END
START -11644 1204 6240 -934 198 -32 END
START -11708 1300 6328 -800 472 -288 END
START -11852 1400 6384 -665 694 -453 END
START -11988 1568 6568 -508 915 -665 END
START -12164 1420 6780 -364 1095 -851 END
START -12280 1436 7136 -144 1143 -1041 END
START -12548 1300 7188 55 1181 -1251 END
START -12528 1380 7384 289 1220 -1419 END
START -12876 1404 7536 508 1164 -1622 END
START -12792 1360 7584 781 1107 -1840 END
START -13052 1440 7636 1050 1074 -1990 END
START -13160 1208 7892 1306 961 -2199 END
START -13236 1144 8020 1507 880 -2403 END
START -13308 1108 8176 1727 777 -2622 END
START -13424 1072 8024 1935 676 -2835 END
START -13476 1132 8064 2192 612 -3088 END
START -13592 1024 8340 2437 546 -3363 END
START -13776 924 8304 2769 512 -3641 END
START -13712 904 8280 3036 484 -3934 END
START -13680 932 8544 3317 445 -4295 END
START -13680 924 8668 3554 467 -4667 END
START -13636 744 8880 3820 498 -5022 END
START -13664 660 8952 4034 515 -5396 END
START -13584 608 9212 4186 594 -5743 END
START -13316 640 9108 4295 680 -6128 END
START -13204 660 9232 4469 812 -6509 END
START -13208 836 9500 4498 983 -6865 END
START -13080 1044 9608 4569 1134 -7279 END
START -13108 1140 10112 4594 1264 -7622 END
START -13144 1232 10304 4619 1330 -7932 END
START -13056 1048 10604 4629 1357 -8274 END
START -13064 996 10936 4671 1363 -8612 END
START -13136 1004 11108 4776 1346 -8980 END
START -13064 1068 11348 4878 1267 -9405 END
START -13092 1208 11560 5008 1218 -9779 END
START -13028 1272 11660 5141 1024 -10211 END
START -12872 1328 11764 5269 876 -10609 END
START -12516 1520 11736 5332 731 -10952 END
START -12076 1680 11500 5433 689 -11272 END
START -11632 1684 11428 5503 718 -11556 END
START -11172 2032 11616 5604 761 -11854 END
START -10880 2196 11748 5667 882 -12053 END
START -10584 2304 11944 5771 869 -12254 END
START -10456 2504 12144 5865 825 -12413 END
START -10160 2684 12240 5924 688 -12584 END
START -9720 2760 12488 6029 588 -12745 END
START -9528 2908 12696 6156 523 -12857 END
START -9156 3084 12832 6341 383 -12980 END
START -8876 3356 13232 6561 228 -13070 END
START -8504 3424 13360 6780 42 -13180 END
START -8296 3672 13392 6959 -84 -13306 END
START -7956 3964 13480 7113 -240 -13380 END
START -7444 4080 13724 7263 -348 -13486 END
START -6980 4296 13904 7417 -434 -13580 END
START -6556 4624 14148 7486 -492 -13685 END
START -6040 4868 14388 7524 -587 -13759 END
START -5572 5144 14544 7589 -716 -13858 END
START -5228 5492 14576 7546 -809 -13962 END
START -4752 5796 14764 7531 -870 -14023 END
START -4288 6048 15064 7531 -907 -14115 END
START -3772 6424 15052 7539 -908 -14183 END
START -3248 6932 15096 7551 -894 -14261 END
START -2752 7176 15440 7552 -925 -14257 END
START -2404 7636 15388 7523 -993 -14148 END
START -1912 7968 15716 7437 -1050 -14012 END
START -1364 8096 15640 7388 -1088 -13869 END
START -768 8432 15612 7321 -1073 -13662 END
START -140 8904 15564 7251 -1013 -13479 END
START 424 9228 15756 7084 -904 -13201 END
START 832 9328 15928 6927 -843 -12974 END
START 1384 9308 16276 6758 -763 -12597 END
START 1848 9356 16484 6600 -735 -12254 END
START 2236 9376 16876 6462 -758 -11892 END
START 2604 9440 17276 6287 -865 -11581 END
START 2964 9504 17480 6132 -993 -11255 END
START 3116 9616 17856 5983 -1225 -10940 END
START 3412 9768 18256 5803 -1488 -10610 END
START 3788 9816 18036 5647 -1638 -10312 END
START 4044 9836 18040 5454 -1809 -9996 END
START 4580 9884 18104 5249 -1880 -9699 END
START 5072 9932 17968 5002 -1891 -9395 END
START 5416 9964 17984 4814 -1847 -9045 END
START 5676 10064 17944 4520 -1750 -8714 END
START 5816 10120 17936 4216 -1558 -8357 END
START 5928 10364 18148 3898 -1473 -7996 END
START 5972 10424 18260 3653 -1404 -7649 END
START 5900 10496 18484 3373 -1403 -7296 END
START 5884 10372 18444 3108 -1427 -6968 END
START 5840 10224 18616 2842 -1479 -6657 END
START 5776 10004 18588 2624 -1515 -6381 END
START 5760 9824 18788 2347 -1649 -6151 END
START 5800 9816 18788 2199 -1725 -5936 END
START 5748 9744 18904 1921 -1888 -5700 END
START 5624 9900 19152 1713 -2045 -5466 END
START 5652 9840 19184 1464 -2162 -5201 END
START 5392 9908 19436 1174 -2372 -4930 END
START 5340 9712 19572 902 -2561 -4654 END
START 5440 9620 20016 597 -2758 -4408 END
START 5276 9396 20432 284 -3016 -4132 END
START 5164 9348 20988 -80 -3324 -3856 END
START 5124 9312 21204 -464 -3618 -3585 END
START 5092 9152 21292 -903 -4019 -3294 END
START 4892 9200 21308 -1368 -4340 -3061 END
START 4816 9184 21356 -1899 -4665 -2772 END
START 4716 9120 21024 -2419 -4925 -2487 END
START 4524 9108 20848 -2939 -5158 -2187 END
START 4336 8956 20424 -3466 -5283 -1898 END
START 4076 8932 19976 -3870 -5351 -1633 END
START 3808 8904 19368 -4297 -5387 -1376 END
START 3472 9248 18900 -4591 -5327 -1131 END
START 3380 9412 18212 -4840 -5231 -886 END
START 3140 9488 17696 -4920 -5037 -573 END
START 3056 9344 17384 -4979 -4767 -261 END
START 3112 9048 17100 -5004 -4457 126 END