START -2392 2404 15352 -3964 2478 1150 END
START -2684 4004 14632 -4266 1130 1236 END
START -1504 1536 12980 -4434 1708 1371 END
START -2340 1948 13676 -4381 2466 1372 END
START -2412 1940 13644 -4323 2993 1321 END
START -2572 1716 13716 -4243 3310 1073 END
START -2804 1592 13492 -4198 3524 848 END
START -3092 1584 13680 -4157 3659 649 END
START -2920 1320 13584 -4124 3840 465 END
START -2596 1072 13376 -4214 4064 303 END
START -2520 1136 12988 -4248 4504 99 END
START -2440 1500 12728 -4307 4865 -135 END
START -2572 1788 12448 -4275 5325 -292 END
START -2740 2112 12368 -4190 5793 -483 END
START -2648 1856 12580 -4040 6304 -638 END
START -2304 1492 12832 -3869 6629 -734 END
START -2280 1028 12832 -3742 6897 -849 END
START -2228 740 12892 -3538 7113 -956 END
START -2016 696 13148 -3315 7345 -1141 END
START -2204 904 13464 -3077 7572 -1338 END
START -2440 920 13808 -2880 7531 -1491 END
START -2688 1084 14420 -2664 7404 -1666 END
START -3140 1312 15124 -2472 7149 -1774 END
START -3132 1440 15388 -2327 6782 -1831 END
START -3140 1396 15888 -2241 6269 -1839 END
START -3008 1656 16364 -2163 5630 -1740 END
START -2936 1876 16508 -2116 4934 -1628 END
START -2800 2044 16760 -2082 4197 -1475 END
START -2684 2084 16812 -2011 3471 -1277 END
START -2460 2276 16776 -1923 2861 -1055 END
START -2408 2404 16684 -1872 2256 -760 END
START -2248 2584 16540 -1842 1839 -500 END
START -2352 2648 16464 -1919 1476 -199 END
START -2264 2704 16216 -2033 1076 89 END
START -2060 2704 16080 -2156 854 357 END
START -2144 2540 16000 -2280 603 637 END
START -2072 2384 15916 -2454 369 897 END
START -2344 2260 15792 -2545 198 1119 END
START -2480 2032 15832 -2624 -32 1274 END
START -2724 1912 15876 -2623 -257 1395 END
START -2956 1852 15868 -2620 -494 1475 END
START -3128 1472 15940 -2566 -727 1497 END
START -3480 1268 15824 -2570 -853 1384 END
START -3636 964 15784 -2550 -998 1261 END
START -3796 600 15976 -2569 -1146 1058 END
START -3724 344 15700 -2622 -1290 749 END
START -3680 112 15240 -2725 -1338 424 END
START -3620 256 14836 -2842 -1245 50 END
START -3328 296 14284 -2936 -1099 -351 END
START -3348 332 14044 -2996 -885 -666 END
START -3144 696 13524 -3022 -495 -966 END
START -3096 636 13428 -3000 -89 -1225 END
START -3048 744 12988 -2904 245 -1334 END
START -2844 932 12636 -2759 674 -1450 END
START -2796 1164 12764 -2598 1101 -1478 END
START -2700 1280 12940 -2316 1485 -1506 END
START -2628 1192 13228 -2025 1758 -1447 END
START -2668 1220 13684 -1761 1897 -1368 END
START -2684 1128 14068 -1481 1905 -1249 END
START -2656 1180 14476 -1260 1720 -1121 END
START -2700 1140 14872 -1052 1510 -955 END
START -2744 1084 15276 -881 1181 -810 END
START -2664 1016 15372 -705 794 -679 END
START -2376 1028 15192 -546 458 -557 END
START -2292 1144 15348 -388 191 -422 END
START -2132 1216 15140 -248 -9 -265 END
START -1980 1572 15168 -148 -121 -67 END
START -1984 1648 15272 -103 -253 181 END
START -1932 1696 15452 -113 -411 493 END
START -1860 1760 15240 -170 -482 820 END
START -1912 1716 15288 -252 -529 1087 END
START -1964 1748 15032 -387 -524 1339 END
START -2120 1700 14984 -460 -521 1536 END
START -2260 1476 15064 -530 -514 1706 END
START -2524 1508 14984 -642 -504 1783 END
START -2716 1492 15092 -696 -573 1899 END
START -2932 1404 15052 -751 -665 1936 END
START -3080 1196 14864 -789 -675 1979 END
START -3160 1152 14796 -739 -665 2000 END
START -3312 1000 14504 -679 -713 2013 END
START -3552 868 14500 -679 -698 1926 END
START -3712 828 14232 -580 -660 1869 END
START -3832 540 14156 -495 -586 1727 END
START -4084 460 14012 -402 -508 1541 END
START -4080 200 14148 -288 -406 1375 END
START -4448 120 14028 -208 -240 1143 END
START -4464 152 14244 -198 -151 954 END
START -4664 112 14244 -154 -89 719 END
START -4656 116 14124 -167 -10 504 END
START -4740 -88 14160 -176 85 275 END
START -4700 -100 14176 -195 215 83 END
START -4572 24 14100 -223 368 -127 END
START -4532 124 13908 -224 572 -304 END
START -4576 212 13872 -241 776 -422 END
START -4636 292 14152 -212 907 -585 END
START -4740 180 14268 -159 1051 -633 END
START -4988 244 14232 -171 1098 -709 END
START -5036 304 14464 -127 1155 -775 END
START -5152 268 14240 -69 1201 -858 END
START -5240 208 14328 -23 1173 -927 END
START -5416 228 14336 91 1206 -1014 END
START -5708 184 14232 188 1167 -1042 END
START -5636 504 14148 291 1161 -1123 END
START -5704 616 13976 499 1226 -1127 END
START -5780 516 14052 621 1327 -1140 END
START -5596 464 14024 799 1372 -1113 END
START -5848 600 14124 959 1352 -1143 END
START -5948 684 14168 1099 1335 -1120 END
START -5824 720 14328 1263 1312 -1101 END
START -6056 832 14556 1447 1204 -1087 END
START -6180 860 14856 1554 1062 -990 END
START -6244 840 15056 1679 945 -886 END
START -6284 792 15116 1789 765 -819 END
START -6384 752 15024 1899 602 -724 END
START -6412 740 15004 2017 467 -675 END
START -6468 644 15072 2078 438 -645 END
START -6528 516 15180 2135 393 -681 END
START -6740 484 15244 2128 263 -662 END
START -6764 384 15324 2103 179 -704 END
START -6852 476 15244 2107 110 -698 END
START -6912 280 15356 2044 102 -722 END
START -6888 236 15044 2013 107 -793 END
START -6960 180 14932 1933 142 -819 END
START -7028 180 15008 1874 259 -921 END
START -7248 196 14724 1855 357 -994 END
START -7408 60 14556 1768 552 -1091 END
START -7524 116 14484 1700 681 -1200 END
START -7616 108 14384 1673 842 -1329 END
START -7868 -52 14524 1652 961 -1477 END
START -7940 -168 14540 1670 1040 -1596 END
START -8136 -272 14688 1707 1045 -1740 END
START -8176 -348 14892 1808 1032 -1893 END
START -8288 -348 14752 1880 1029 -2052 END
START -8492 -312 14948 2015 957 -2154 END
START -8632 -380 14816 2095 891 -2324 END
START -8816 -420 15116 2198 794 -2451 END
START -8804 -308 15104 2251 717 -2624 END
START -8992 -284 15104 2295 697 -2787 END
START -9036 -224 14936 2323 608 -2923 END
START -9204 -128 14928 2381 621 -3072 END
START -9216 -172 14984 2439 625 -3214 END
START -9180 -160 15004 2485 623 -3383 END
START -9196 -244 15060 2539 653 -3518 END
START -9292 -236 15060 2550 749 -3665 END
START -9288 -332 15196 2587 759 -3838 END
START -9228 -296 15188 2586 799 -4047 END
START -9356 -232 15184 2560 826 -4243 END
START -9320 -308 15424 2526 905 -4474 END
START -9212 -292 15276 2521 915 -4654 END
START -9164 -300 15552 2479 972 -4850 END
START -9248 -392 15500 2422 1051 -5047 END
START -9244 -296 15644 2374 995 -5243 END
START -9212 -192 15748 2289 904 -5466 END
START -9180 -312 15736 2276 812 -5654 END
START -8948 -356 15848 2229 747 -5846 END
START -8792 -268 15844 2271 665 -6011 END
START -8820 -208 15836 2260 462 -6220 END
START -8808 -24 15764 2247 378 -6348 END
START -8536 28 15832 2264 209 -6520 END
START -8468 216 15668 2226 47 -6644 END
START -8240 284 15484 2279 -76 -6772 END
START -8176 532 15520 2305 -194 -6867 END
START -7948 808 15340 2353 -275 -6938 END
START -7644 756 15268 2378 -289 -7001 END
START -7664 852 15292 2396 -463 -7023 END
START -7352 948 15116 2410 -480 -7047 END
START -7076 860 15232 2425 -545 -7040 END
START -6764 964 15048 2410 -530 -7110 END
START -6632 848 15036 2352 -523 -7146 END
START -6476 992 15024 2345 -531 -7194 END
START -6512 940 14880 2306 -544 -7288 END
START -6432 1132 14964 2274 -523 -7371 END
START -6236 1176 14920 2241 -558 -7439 END
START -6056 1240 14816 2203 -561 -7554 END
START -5852 1188 14540 2203 -518 -7595 END
START -5644 1328 14680 2183 -516 -7662 END
START -5424 1376 14532 2189 -491 -7720 END
START -5180 1412 14440 2253 -407 -7695 END
START -4956 1324 14260 2351 -372 -7756 END
START -4784 1396 14264 2444 -283 -7804 END
START -4696 1376 14204 2522 -262 -7838 END
START -4632 1468 14348 2636 -201 -7911 END
START -4660 1472 14408 2760 -199 -7992 END
START -4492 1440 14360 2872 -224 -8103 END
START -4308 1436 14512 3018 -301 -8231 END
START -4052 1476 14612 3132 -330 -8359 END
START -3948 1496 14652 3251 -410 -8506 END
START -3756 1716 14504 3397 -445 -8603 END
START -3452 1920 14744 3475 -480 -8698 END
START -3056 2076 14800 3539 -576 -8779 END
START -2732 2184 14984 3602 -529 -8792 END
START -2356 2268 15024 3606 -521 -8779 END
START -1920 2472 15312 3561 -416 -8800 END
START -1716 2556 15216 3476 -320 -8758 END
START -1436 2692 15428 3349 -187 -8739 END
START -1300 2888 15556 3209 -159 -8692 END
START -1064 3024 15844 2980 -42 -8620 END
START -1012 3288 16128 2831 33 -8576 END
START -624 3380 16168 2685 52 -8499 END
START -404 3564 16436 2439 120 -8399 END
START -164 3728 16600 2279 72 -8351 END
START 20 3804 16748 2080 2 -8176 END
START 164 4028 17024 1843 -153 -8015 END
START 452 4328 17136 1596 -355 -7808 END
START 424 4364 17172 1379 -515 -7588 END
START 756 4452 17240 1148 -773 -7375 END
START 872 4604 17092 980 -954 -7142 END
START 856 4484 16988 836 -1130 -6985 END
START 988 4536 16772 709 -1246 -6791 END
START 912 4408 16492 665 -1371 -6620 END
START 936 4328 16336 634 -1508 -6460 END
START 972 4196 16128 629 -1602 -6364 END
START 1052 4036 16036 699 -1637 -6297 END
START 1144 3944 15816 727 -1635 -6290 END
START 1116 4016 15756 810 -1604 -6274 END
START 1224 4020 15692 854 -1590 -6309 END
START 1256 3936 15764 850 -1536 -6302 END
START 1464 4128 15740 794 -1486 -6270 END
START 1560 3984 15816 718 -1441 -6239 END
START 1528 4132 15896 619 -1381 -6233 END
START 1788 4232 16024 499 -1346 -6181 END
START 2020 4244 16032 355 -1259 -6136 END
START 2308 4240 15968 237 -1186 -6056 END
START 2456 4192 15956 114 -1108 -5976 END
START 2712 4320 15844 1 -981 -5820 END
START 3096 4240 15740 -136 -807 -5714 END
START 3364 4296 15668 -279 -678 -5585 END
START 3520 4316 15400 -409 -549 -5412 END
START 3748 4364 15400 -561 -338 -5356 END
START 3976 4348 15196 -664 -178 -5167 END
START 4112 4176 15232 -771 -61 -5048 END
START 4344 4212 15272 -834 7 -4871 END
START 4476 4196 14968 -894 94 -4702 END
START 4804 4252 15008 -932 99 -4457 END
START 4872 4336 14900 -980 208 -4287 END
START 5148 4292 14832 -1001 116 -4030 END
START 5268 4412 14608 -1018 133 -3746 END
START 5420 4468 14616 -993 71 -3492 END
START 5432 4456 14656 -962 29 -3204 END
START 5464 4680 14604 -931 -103 -2846 END
START 5544 4692 14636 -868 -157 -2509 END
START 5552 4832 14620 -756 -284 -2137 END
START 5528 4928 14364 -654 -320 -1747 END
START 5492 5100 14420 -555 -418 -1344 END
START 5344 5152 14140 -424 -428 -956 END
START 5284 5244 14220 -312 -497 -543 END
START 4980 5348 14548 -245 -592 -142 END
START 4728 5244 14488 -173 -645 251 END
START 4664 5280 14644 -162 -686 599 END
START 4336 5280 14392 -178 -706 965 END
START 4312 5084 14492 -218 -743 1272 END
START 4048 4940 14596 -303 -719 1539 END
START 3724 4828 14364 -417 -667 1818 END
START 3392 4624 14180 -557 -593 1981 END
START 2988 4544 14012 -674 -520 2141 END
START 2824 4384 13756 -817 -368 2256 END
START 2532 4232 13640 -962 -235 2327 END
START 2408 4144 13316 -1108 -86 2355 END
START 2148 3932 13100 -1296 114 2330 END
START 2092 3892 12780 -1427 289 2331 END
START 1896 3816 12584 -1455 544 2291 END
START 1820 3780 12196 -1473 774 2247 END
START 1748 3876 11984 -1437 1072 2220 END
START 1608 3764 11844 -1426 1304 2170 END
START 1472 3764 11832 -1348 1566 2173 END
START 1344 3740 11720 -1289 1661 2159 END
START 1224 3760 11536 -1237 1800 2155 END
START 1024 3756 11592 -1149 1815 2170 END
START 972 3824 11500 -1048 1869 2210 END
START 768 3840 11432 -932 1807 2212 END
START 660 3956 11372 -866 1738 2260 END
START 560 4124 11204 -744 1593 2307 END
START 668 4216 10968 -639 1514 2336 END
START 652 4268 10924 -572 1425 2383 END
START 552 4432 10828 -439 1324 2447 END
START 532 4692 10552 -348 1164 2551 END
START 508 4924 10352 -234 1029 2651 END
START 760 5072 10076 -109 943 2748 END
START 884 5156 9700 49 882 2991 END
START 984 5244 9528 164 867 3141 END
START 1084 5344 9216 305 806 3358 END
START 988 5364 9104 483 784 3572 END
START 1068 5380 8840 631 737 3788 END
START 1128 5436 8892 798 776 4000 END
START 1032 5356 8668 967 748 4162 END
START 852 5228 8484 1117 718 4399 END
START 756 5232 8552 1278 737 4544 END
START 752 5248 8180 1397 659 4735 END
START 688 5220 8008 1544 724 4853 END
START 804 5196 7920 1633 710 5013 END
START 692 5184 7712 1756 833 5140 END
START 640 5184 7624 1840 985 5304 END
START 768 5228 7256 1909 1223 5391 END
START 668 5168 7132 1941 1517 5500 END
START 660 5228 6984 1914 1836 5614 END
START 448 5048 6892 1894 2183 5730 END
START 340 5136 7000 1833 2578 5789 END
START 104 5036 7044 1777 2914 5892 END
START -88 5052 7060 1764 3277 5953 END
START -388 4860 7300 1771 3502 6051 END
START -424 4860 7440 1753 3699 6075 END
START -896 4816 7488 1808 3773 6115 END
START -1152 4380 7700 1927 3854 6173 END
START -1440 4372 7756 2071 3813 6153 END
START -1704 4360 7744 2263 3788 6164 END
START -1968 4288 7660 2516 3689 6165 END
START -1996 4184 7612 2770 3678 6077 END
START -1904 4044 7652 3091 3643 6101 END
START -1996 3836 7560 3400 3661 5991 END
START -2172 3848 7624 3675 3601 5948 END
START -2192 3900 7552 3975 3553 5871 END
START -1984 3956 7848 4243 3470 5828 END
START -2040 4092 7912 4479 3375 5841 END
START -1920 4032 8076 4701 3271 5818 END
START -1984 4320 8348 4941 3196 5877 END
START -1964 4436 8556 5127 3130 5940 END
START -1988 4696 8692 5318 3096 6045 END
START -2036 4672 8932 5498 2976 6093 END
START -2124 4728 9004 5692 2956 6215 END
START -2192 4836 9328 5811 2918 6306 END
START -2332 5040 9340 5976 2927 6398 END
START -2496 5100 9296 6090 2923 6498 END
START -2700 5316 9684 6223 2992 6621 END
START -2804 5452 9764 6311 3021 6719 END
START -2968 5512 9800 6411 3076 6911 END
START -3232 5432 10004 6464 3133 7073 END
START -3524 5592 10116 6552 3172 7232 END
START -3724 5388 10432 6590 3186 7334 END
START -3888 5252 10560 6619 3178 7394 END
START -4076 4992 10888 6665 3183 7383 END
START -4376 4776 10924 6683 3155 7371 END
START -4448 4552 11108 6771 3105 7211 END
START -4516 4240 11168 6846 3064 7096 END
START -4488 4124 11084 6922 3044 6971 END
START -4340 4088 10796 7027 3088 6766 END
START -4332 3892 10924 7150 3143 6614 END
START -4252 3908 10808 7232 3290 6414 END
START -4016 3984 10644 7383 3545 6245 END
START -3896 4248 10620 7403 3833 6083 END
START -3648 4488 10736 7418 4211 5937 END
START -3656 4616 11096 7392 4573 5784 END
START -3672 4940 11524 7302 4849 5698 END
START -3764 5048 11984 7255 5084 5601 END
START -4040 5296 12320 7185 5218 5584 END
START -4256 5408 12780 7156 5388 5588 END
START -4284 5692 13080 7113 5522 5641 END
START -4628 5740 13448 7147 5666 5707 END
START -4904 5820 13964 7153 5659 5751 END
START -5276 5984 14484 7201 5459 5851 END
START -5648 6040 14968 7272 5158 5944 END
START -5956 6016 15388 7412 4743 6047 END
START -6232 6020 15632 7594 4290 6202 END
START -6420 5876 16048 7808 3780 6351 END
START -6532 5676 16144 8118 3288 6474 END
START -6624 5456 16156 8387 2831 6565 END
START -6616 5332 16396 8669 2366 6616 END
START -6740 5224 16204 8889 1937 6642 END
START -6604 4876 16220 9074 1557 6622 END
START -6532 4556 16260 9206 1186 6571 END
START -6280 4336 15848 9309 895 6500 END
START -6120 4192 15696 9378 805 6357 END
START -5804 4120 15240 9433 790 6172 END
START -5548 3988 15064 9487 856 6029 END
START -5292 4020 15004 9513 1088 5847 END
START -5028 4216 14716 9519 1397 5735 END
START -4788 4248 14660 9533 1741 5500 END
START -4496 4308 14732 9469 2120 5433 END
START -4196 4540 14620 9455 2583 5307 END
START -3908 4544 14708 9393 3088 5279 END
START -3576 5060 14520 9323 3720 5200 END
START -3540 5300 14688 9200 4361 5166 END
START -3576 5596 14696 9061 5098 5242 END
START -3756 5832 15108 9012 5874 5399 END
START -4168 6164 15552 9013 6603 5701 END
START -4696 6328 15900 9063 7270 5999 END
START -5280 6404 16572 9094 7996 6356 END
START -6048 6420 17340 9134 8518 6665 END
START -7144 6256 18436 9148 8851 6907 END
START -8096 5888 19852 9203 8911 7127 END
START -9172 5428 21036 9227 8727 7206 END
START -9980 5128 21912 9173 8284 7260 END
START -10772 4920 22604 9166 7842 7227 END
START -11564 4668 23348 9174 7300 7148 END
START -12128 4372 24136 9190 6749 6977 END
START -12624 4036 24700 9196 6090 6786 END
START -13084 4032 25152 9124 5413 6532 END
START -13244 3744 25424 9010 4770 6290 END
START -13288 3808 25548 8867 4170 5922 END
START -13320 3688 25700 8680 3764 5613 END
START -13228 3720 25676 8385 3360 5269 END
START -13172 3776 25812 8059 3076 4985 END
START -13012 3892 25452 7744 2845 4680 END
START -12936 3980 25696 7399 2759 4450 END
START -12824 3868 25660 7089 2659 4188 END
START -12772 4012 25708 6754 2705 3943 END
START -12664 3980 25636 6458 2709 3729 END
START -12640 3912 25904 6132 2722 3492 END
START -12568 4020 26140 5853 2784 3295 END
START -12392 4108 26296 5458 2800 3067 END
START -12340 4168 26428 5157 2877 2862 END
START -12196 4404 26792 4695 2857 2720 END
START -12144 4500 26640 4242 2901 2550 END
START -11928 4568 26820 3791 2912 2421 END
START -11920 4688 26976 3293 2885 2324 END
START -11956 4812 27088 2836 2846 2212 END
START -12144 4764 27260 2416 2808 2183 END
START -12148 4728 27216 2050 2665 2112 END
START -12244 4780 27308 1682 2563 2098 END
START -12088 4672 26956 1261 2416 1997 END
START -12196 4568 26916 949 2303 1892 END
START -12392 4408 27072 676 2185 1822 END
START -12508 4340 27148 444 2015 1749 END
START -12448 4236 27100 249 1761 1687 END
START -12488 4124 27144 53 1528 1609 END
START -12544 3888 26964 -121 1222 1449 END
START -12432 3724 26864 -368 952 1205 END
START -12408 3680 26812 -594 705 1020 END
START -12200 3596 26676 -874 462 775 END
START -12112 3596 26400 -1130 319 552 END
START -12024 3572 26240 -1409 212 324 END
START -11920 3428 25932 -1641 103 68 END
START -11784 3544 25780 -1883 8 -180 END
START -11652 3576 25724 -2167 -46 -449 END
START -11576 3576 25576 -2403 -104 -731 END
START -11440 3588 25396 -2683 -267 -981 END
START -11240 3804 25148 -2898 -353 -1265 END
START -10912 3908 25036 -3105 -431 -1551 END
START -10612 3872 24824 -3303 -484 -1781 END
START -10272 3976 24628 -3416 -520 -2006 END
START -9936 4324 24728 -3534 -530 -2206 END
START -9568 4480 24688 -3689 -576 -2354 END
START -9536 4620 24772 -3899 -703 -2440 END
START -9108 4984 24644 -4121 -879 -2560 END
START -8888 5140 24468 -4400 -1010 -2599 END
START -8616 5232 24372 -4660 -1178 -2634 END
START -8372 5356 24172 -4899 -1335 -2670 END
START -8196 5404 24040 -5188 -1463 -2684 END
START -7840 5532 23628 -5390 -1534 -2662 END
START -7672 5576 23544 -5601 -1606 -2698 END
START -7372 5660 23156 -5848 -1638 -2664 END
START -7036 5788 23060 -6067 -1662 -2634 END
START -6916 5812 22928 -6315 -1679 -2603 END
START -6636 5724 22708 -6567 -1751 -2569 END
START -6284 5772 22536 -6810 -1833 -2544 END
START -6176 5736 22344 -7116 -1931 -2550 END
START -5972 5888 22228 -7312 -2054 -2522 END
START -5900 5884 21848 -7493 -2253 -2548 END
START -5692 6032 21688 -7677 -2327 -2547 END
START -5496 6048 21392 -7773 -2481 -2533 END
START -5364 6120 21312 -7822 -2597 -2584 END
START -5112 6028 20920 -7925 -2784 -2560 END
START -4880 6216 20532 -7988 -2873 -2540 END
START -4624 6176 20268 -8083 -3014 -2537 END
START -4480 6196 19920 -8155 -3042 -2561 END
START -4288 6272 19784 -8302 -3175 -2594 END
START -3992 6300 19344 -8385 -3148 -2631 END
START -3884 6344 19188 -8559 -3236 -2663 END
START -3868 6412 18808 -8645 -3298 -2725 END
START -3712 6408 18568 -8740 -3364 -2745 END
START -3528 6392 18424 -8783 -3417 -2830 END
START -3376 6296 18356 -8814 -3510 -2856 END
START -3068 6324 18168 -8786 -3630 -2903 END
START -2720 6452 17696 -8830 -3792 -2950 END
START -2436 6608 17284 -8800 -3877 -3030 END
START -2060 6640 16984 -8783 -3980 -2999 END
START -1832 6880 16712 -8785 -3990 -3033 END
START -1532 7116 16564 -8724 -4053 -3008 END
START -1268 7276 16308 -8766 -4110 -2937 END
START -976 7376 16088 -8791 -4186 -2807 END
START -544 7564 15940 -8804 -4265 -2722 END
START -132 7876 15744 -8828 -4299 -2572 END
START 176 7980 15660 -8891 -4378 -2406 END
START 624 8240 15524 -8932 -4387 -2211 END
START 1008 8500 15244 -8989 -4333 -2028 END
START 1312 8768 15196 -9129 -4245 -1807 END
START 1748 8964 15068 -9227 -4160 -1548 END
START 2004 9076 14728 -9404 -3972 -1298 END
START 2392 9344 14628 -9588 -3878 -1018 END
START 2576 9480 14152 -9787 -3748 -764 END
START 2796 9548 14248 -10033 -3629 -478 END
START 2932 9724 13808 -10211 -3556 -205 END
START 3060 9820 13756 -10358 -3464 127 END
START 3128 9868 13504 -10416 -3424 438 END
START 3220 9900 13392 -10453 -3400 749 END
START 3212 9864 13304 -10443 -3440 1112 END
START 3492 9876 12884 -10369 -3509 1438 END
START 3452 9936 12556 -10290 -3473 1794 END
START 3680 10008 12228 -10226 -3480 2191 END
START 3644 9908 12028 -10124 -3442 2532 END
START 3748 10036 11680 -10051 -3393 2944 END
START 3796 10124 11332 -9955 -3358 3336 END
START 3708 10252 11044 -9936 -3296 3712 END
START 3744 10240 10592 -9908 -3168 4146 END
START 3720 10292 10440 -9902 -3043 4556 END
START 3612 10160 10192 -9848 -2876 4973 END
START 3432 10068 9880 -9829 -2719 5377 END
START 3028 9928 9860 -9774 -2596 5767 END
START 2744 9800 9572 -9743 -2395 6111 END
START 2440 9444 9364 -9664 -2243 6427 END
START 2076 9376 9360 -9593 -2140 6674 END
START 1580 9100 9368 -9466 -2089 6893 END
START 1144 8852 9172 -9299 -2054 7019 END
START 732 8564 9088 -9151 -2062 7180 END
START 348 8472 9000 -8962 -2063 7316 END
START 20 8264 9000 -8773 -2181 7425 END
START -548 8156 8968 -8526 -2205 7551 END
START -952 7860 8640 -8353 -2237 7646 END
START -1228 7596 8332 -8132 -2308 7734 END
START -1596 7404 8180 -8003 -2287 7744 END
START -1944 7140 7820 -7819 -2281 7757 END
START -2248 6940 7660 -7681 -2148 7775 END
START -2452 6712 7556 -7544 -2006 7762 END
START -2860 6400 7272 -7425 -1836 7684 END
START -3364 6148 7020 -7306 -1648 7639 END
START -3756 5800 7040 -7228 -1429 7517 END
START -4080 5576 7088 -7071 -1204 7425 END
START -4432 5300 7012 -7012 -1027 7246 END
START -4876 4984 7052 -6943 -819 7106 END
START -5376 4696 7024 -6887 -782 6929 END
START -5788 4660 7000 -6784 -690 6780 END
START -6292 4380 7028 -6654 -663 6571 END
START -6472 4268 7060 -6491 -634 6374 END
START -6924 4160 7236 -6285 -610 6251 END
START -7396 4200 6956 -6041 -583 6163 END
START -7720 3964 6976 -5783 -602 6110 END
START -8036 3888 7056 -5505 -610 6064 END
START -8448 3652 7040 -5187 -671 6050 END
START -8908 3280 7128 -4926 -712 6038 END
START -9268 3072 7028 -4610 -760 5957 END
START -9668 2912 7152 -4331 -915 5892 END
START -10080 2828 7204 -4038 -1043 5761 END
START -10548 2528 7304 -3761 -1148 5668 END
START -10956 2216 7328 -3477 -1211 5539 END
START -11276 1952 7452 -3181 -1296 5389 END
START -11748 1512 7424 -2911 -1385 5264 END
START -12200 1308 7532 -2656 -1453 5073 END
START -12604 1052 7592 -2446 -1539 4869 END
START -13124 740 7608 -2232 -1639 4670 END
START -13396 220 7632 -2013 -1782 4346 END
START -13752 -216 7636 -1793 -1825 4048 END
START -14120 -576 7752 -1551 -1889 3650 END
START -14288 -964 7760 -1352 -1918 3221 END
START -14544 -1208 7452 -1157 -1933 2758 END
START -14604 -1240 7312 -946 -1853 2207 END
START -14608 -1340 7208 -764 -1641 1651 END
START -14472 -1272 7172 -626 -1446 1132 END
START -14460 -1192 7096 -524 -1137 659 END
START -14496 -1144 7260 -422 -799 224 END
START -14464 -976 7272 -434 -483 -133 END
START -14548 -932 7404 -476 -172 -425 END
START -14516 -800 7568 -513 148 -782 END
START -14396 -796 7512 -619 467 -1081 END
START -14332 -816 7564 -707 816 -1465 END
START -14392 -828 7756 -778 1134 -1810 END
START -14412 -800 7784 -842 1415 -2168 END
START -14528 -700 7988 -875 1686 -2512 END
START -14500 -596 8292 -856 1910 -2850 END
START -14584 -364 8196 -824 2014 -3172 END
START -14752 -336 8376 -669 2060 -3488 END
START -14628 -268 8444 -538 2152 -3781 END
START -14560 -396 8716 -360 2164 -4070 END
START -14624 -348 8776 -177 2154 -4326 END
START -14604 -244 8984 79 2073 -4622 END
START -14588 -64 8896 224 1957 -4879 END
START -14696 -36 8944 502 1822 -5123 END
START -14548 132 8724 791 1682 -5406 END
START -14424 116 8840 1075 1577 -5622 END
START -14380 236 8760 1392 1495 -5899 END
START -14180 524 8704 1764 1501 -6160 END
START -14032 740 8940 2037 1446 -6347 END
START -13864 816 9124 2392 1424 -6537 END
START -13468 920 9144 2625 1407 -6672 END
START -13196 1056 9280 2783 1432 -6748 END
START -12728 1136 9184 2933 1547 -6837 END
START -12504 1200 9312 2977 1626 -6936 END
START -12088 1280 9572 3070 1747 -7013 END
START -11744 1112 9660 3128 1853 -7100 END
START -11412 1088 9532 3143 1936 -7186 END
START -11084 1064 9548 3169 2132 -7282 END
START -10816 1104 9528 3187 2324 -7385 END
START -10472 932 9748 3239 2583 -7531 END
START -10272 848 9876 3277 2795 -7694 END
START -10316 888 10072 3325 2955 -7876 END
START -10152 732 10228 3483 2982 -8051 END
START -10252 776 10544 3696 2941 -8253 END
START -10364 924 11020 4011 2898 -8517 END
START -10492 1132 10996 4303 2751 -8697 END
START -10448 1112 11064 4696 2628 -8862 END
START -10304 1228 11176 5055 2540 -9077 END
START -10160 1420 11492 5422 2458 -9225 END
START -9876 1624 11336 5743 2398 -9424 END
START -9412 1548 11636 5986 2409 -9578 END
START -9148 1752 11812 6200 2471 -9745 END
START -8900 1796 12036 6290 2559 -9960 END
START -8452 1868 12144 6363 2692 -10176 END
START -8148 1952 12396 6350 2791 -10393 END
START -7920 2120 12656 6307 2901 -10620 END
START -7604 2264 12692 6276 3001 -10904 END
START -7408 2240 13196 6223 2944 -11106 END
START -7212 2404 13380 6200 2894 -11311 END
START -6888 2424 13908 6265 2700 -11482 END
START -6700 2476 14204 6371 2417 -11641 END
START -6632 2540 14468 6613 2010 -11771 END
START -6168 2740 14736 6821 1611 -11925 END
START -6000 2924 15084 7124 1134 -12015 END
START -5784 3124 15296 7426 537 -12125 END
START -5432 3348 15432 7728 46 -12155 END
START -5076 3688 15456 8011 -466 -12213 END
START -4688 3884 15476 8277 -912 -12239 END
START -4116 4204 15352 8508 -1290 -12254 END
START -3544 4476 15300 8683 -1545 -12234 END
START -3132 4860 15284 8897 -1687 -12208 END
START -2560 5244 15460 9032 -1768 -12123 END
START -2236 5600 15428 9167 -1770 -12009 END
START -1928 5932 15468 9238 -1794 -11886 END
START -1540 6196 15896 9243 -1716 -11763 END
START -1176 6380 15996 9204 -1561 -11647 END
START -772 6544 16320 9077 -1487 -11545 END
START -556 6876 16852 8903 -1330 -11432 END
START 24 6996 16984 8637 -1244 -11333 END
START 332 7136 17328 8405 -1166 -11211 END
START 660 7404 17528 8059 -1063 -11107 END
START 1080 7440 17608 7681 -1034 -10923 END
START 1296 7544 17864 7324 -1031 -10759 END
START 1536 7588 18148 7019 -1059 -10569 END
START 1908 7708 18032 6718 -1123 -10466 END
START 2120 7652 18084 6453 -1181 -10258 END
START 2448 7752 17956 6213 -1274 -10100 END
START 2848 7632 17872 5986 -1346 -9911 END
START 2992 7788 17748 5786 -1491 -9736 END
START 3420 7808 17648 5622 -1562 -9580 END
START 3640 7756 17564 5474 -1699 -9405 END
START 3844 7860 17296 5376 -1788 -9186 END
START 4004 7756 17380 5294 -1927 -8979 END
START 4224 7812 17172 5264 -2092 -8811 END
START 4468 7904 17108 5309 -2224 -8598 END
START 4652 8024 16748 5382 -2304 -8461 END
START 4828 8132 16436 5480 -2230 -8259 END
START 5048 8128 16656 5562 -2176 -8102 END
START 5224 8268 16696 5612 -2059 -7916 END
START 5196 8292 16948 5638 -2022 -7768 END
START 5456 8296 17136 5632 -1979 -7568 END
START 5480 8288 17556 5526 -1966 -7397 END
START 5404 8332 17696 5465 -1965 -7199 END
START 5344 8412 18292 5307 -1988 -7004 END
START 5144 8352 18440 5118 -2071 -6758 END
START 5204 8468 18912 4898 -2147 -6560 END
START 5052 8548 18964 4634 -2292 -6332 END
START 5072 8484 19232 4329 -2310 -6177 END
START 4944 8324 19372 3962 -2373 -5974 END