START -3968 1264 15956 -1269 -1243 -205 END
START -2140 2580 10848 -1439 -2546 -478 END
START -520 1320 10604 -1704 -1567 -629 END
START -2212 2828 12424 -1989 -490 -820 END
START -2752 3664 12584 -2241 491 -1073 END
START -2680 3892 12568 -2501 1544 -1166 END
START -2856 4068 12700 -2741 2463 -1152 END
START -2932 4176 12772 -2902 3069 -924 END
START -3044 4196 12344 -3005 3820 -616 END
START -3004 4436 11964 -3151 4611 -372 END
START -3196 4500 11052 -3287 5513 -228 END
START -3200 3548 10172 -3473 6415 -142 END
START -3280 2424 9256 -3498 7474 -189 END
START -3756 1440 8840 -3363 8570 -368 END
START -4640 812 8820 -2974 9595 -740 END
START -5600 572 9440 -2346 10501 -1257 END
START -6636 116 10536 -1440 11046 -1865 END
START -7140 -208 11168 -482 11204 -2511 END
START -7692 -792 12224 588 11079 -3173 END
START -8036 -1336 13176 1523 10640 -3844 END
START -8264 -1500 13840 2374 9981 -4491 END
START -8048 -1384 14384 3118 9175 -5101 END
START -7340 -964 14628 3765 8488 -5648 END
START -6136 -468 15196 4333 7864 -6039 END
START -5020 -188 15828 4813 7323 -6333 END
START -4000 372 16224 5179 6795 -6373 END
START -2860 984 16868 5379 6371 -6182 END
START -1844 1536 18004 5319 5895 -5848 END
START -984 2088 18932 5084 5344 -5393 END
START -412 2384 19608 4623 4665 -4790 END
START -324 2712 20096 3959 3906 -4102 END
START -36 3084 20360 3231 3124 -3287 END
START 8 2984 20492 2489 2442 -2621 END
START 56 2740 20336 1785 1792 -1957 END
START -236 2816 19940 1120 1117 -1301 END
START -564 2700 19568 436 570 -759 END
START -716 2328 18680 -151 154 -261 END
START -1012 2052 18224 -668 -116 172 END
START -1272 1560 17440 -1074 -315 547 END
START -1736 1564 17020 -1414 -493 846 END
START -2216 1712 16384 -1642 -593 1059 END
START -2704 1616 15696 -1769 -689 1255 END
START -3152 1516 15260 -1773 -771 1420 END
START -3612 1140 15480 -1703 -835 1567 END
START -4012 792 15644 -1584 -1076 1601 END
START -4416 704 15940 -1435 -1371 1594 END
START -4892 700 16040 -1264 -1816 1516 END
START -5220 740 16404 -1155 -2291 1382 END
START -5424 876 16116 -1044 -2668 1209 END
START -5380 1256 15852 -962 -2909 1043 END
START -5156 1456 15268 -957 -2984 868 END
START -5040 1544 14780 -978 -2836 745 END
START -5036 1860 14284 -1049 -2566 582 END
START -5100 1716 14064 -1174 -2167 486 END
START -5124 1352 13928 -1221 -1801 325 END
START -5200 1096 13860 -1332 -1420 232 END
START -5300 944 14072 -1371 -1144 50 END
START -5488 1060 14044 -1344 -946 -116 END
START -5568 1388 13876 -1319 -726 -254 END
START -5480 1584 13816 -1298 -554 -381 END
START -5484 1516 13952 -1199 -442 -471 END
START -5060 1120 13956 -1013 -404 -514 END
START -4744 1060 14048 -794 -381 -504 END
START -4608 1052 14100 -619 -409 -504 END
START -4340 928 14332 -411 -360 -483 END
START -3924 1236 14328 -258 -379 -401 END
START -3748 1524 14756 -72 -388 -280 END
START -3572 1684 15004 13 -469 -78 END
START -3464 1688 14992 112 -572 163 END
START -3400 1604 15240 180 -726 379 END
START -3416 1480 15432 246 -826 618 END
START -3428 1276 15308 263 -969 821 END
START -3480 920 15408 288 -1110 994 END
START -3624 544 15096 268 -1210 1114 END
START -3764 568 15368 316 -1302 1202 END
START -3796 464 15216 288 -1367 1234 END
START -4268 592 15120 321 -1492 1249 END
START -4708 672 15132 316 -1623 1286 END
START -4892 736 14928 341 -1732 1241 END
START -4984 784 14628 405 -1817 1228 END
START -5124 780 14460 529 -1872 1127 END
START -5248 920 14244 604 -1865 1048 END
START -5452 1256 14196 718 -1824 968 END
START -5476 1336 14256 845 -1834 864 END
START -5388 1404 13776 907 -1805 818 END
START -4996 1500 13708 1012 -1582 752 END
START -4916 1772 13440 1086 -1219 742 END
START -5016 1736 13540 1110 -944 759 END
START -5028 1348 14208 1095 -852 829 END
START -5148 1304 14484 1060 -800 919 END
START -5200 1172 14740 1009 -870 941 END
START -5484 1064 14892 907 -951 922 END
START -5668 956 14700 858 -995 884 END
START -5900 752 14496 772 -937 816 END
START -6120 764 14192 697 -884 761 END
START -6200 556 14012 693 -753 642 END
START -6200 380 13896 659 -520 513 END
START -6384 120 13736 673 -299 355 END
START -6652 92 13872 697 -80 164 END
START -6964 -8 13824 738 78 -39 END
START -7148 -76 14176 800 204 -231 END
START -7556 -160 14516 875 295 -477 END
START -7712 -160 14520 943 324 -673 END
START -8024 -28 14720 1016 273 -897 END
START -8096 48 14976 1092 184 -1031 END
START -8160 104 15144 1111 94 -1240 END
START -8272 184 15164 1177 10 -1396 END
START -8256 156 15332 1188 -68 -1537 END
START -8252 212 15360 1228 -180 -1669 END
START -8384 428 15348 1178 -189 -1799 END
START -8136 516 15228 1164 -213 -1910 END
START -7964 684 15108 1106 -119 -2053 END
START -7668 688 15160 946 4 -2136 END
START -7464 532 14988 811 78 -2170 END
START -7404 624 15120 593 194 -2195 END
START -7492 668 14940 422 277 -2220 END
START -7488 668 14880 253 385 -2261 END
START -7740 552 14848 163 498 -2304 END
START -7828 424 14544 139 588 -2381 END
START -7912 344 14708 203 645 -2497 END
START -8060 252 14720 274 721 -2562 END
START -8360 116 14684 426 802 -2709 END
START -8396 240 14700 649 819 -2827 END
START -8724 140 14724 825 808 -2951 END
START -8616 128 14844 1051 746 -3076 END
START -8668 164 14960 1247 810 -3156 END
START -8652 60 15032 1466 781 -3278 END
START -8568 180 15128 1636 795 -3411 END
START -8636 88 15476 1763 809 -3510 END
START -8756 256 15628 1872 774 -3633 END
START -8796 380 15756 1939 755 -3785 END
START -8732 488 15904 1960 775 -3905 END
START -8752 492 15816 2015 828 -4026 END
START -8880 428 16076 2001 844 -4150 END
START -8956 500 16244 1993 887 -4292 END
START -8980 552 16400 1916 835 -4410 END
START -9016 624 16676 1832 687 -4529 END
START -8984 512 16540 1772 624 -4645 END
START -8856 620 16472 1729 511 -4819 END
START -8788 628 16564 1662 471 -4957 END
START -8672 588 16460 1622 393 -5125 END
START -8432 512 16508 1574 342 -5249 END
START -8424 464 16436 1479 226 -5343 END
START -8204 372 16436 1406 241 -5474 END
START -7992 484 16048 1308 194 -5550 END
START -7840 364 16016 1214 180 -5648 END
START -7796 304 15968 1093 199 -5782 END
START -7444 228 15856 1013 255 -5868 END
START -7480 228 15732 931 243 -5972 END
START -7404 220 15428 871 285 -6064 END
START -7196 328 15232 807 387 -6190 END
START -7024 252 15236 805 457 -6278 END
START -7048 380 15092 764 512 -6304 END
START -6972 396 14956 705 552 -6315 END
START -6948 504 14880 724 603 -6274 END
START -7020 484 14860 657 597 -6290 END
START -6940 488 14812 656 520 -6267 END
START -6916 288 14856 711 427 -6278 END
START -6984 288 14716 701 377 -6258 END
START -6896 212 14460 769 275 -6289 END
START -6876 108 14216 855 262 -6298 END
START -6884 -112 14044 978 222 -6331 END
START -6892 -48 13860 1137 284 -6410 END
START -7040 -96 13972 1327 292 -6519 END
START -7120 -8 13768 1507 307 -6636 END
START -7152 -224 13836 1673 260 -6710 END
START -7248 -456 14036 1855 205 -6870 END
START -7332 -440 14100 2003 99 -7035 END
START -7284 -652 14272 2163 -71 -7246 END
START -7088 -604 14372 2283 -164 -7509 END
START -6944 -536 14140 2396 -224 -7749 END
START -6764 -260 14200 2494 -254 -7974 END
START -6484 32 14088 2569 -264 -8170 END
START -6192 392 14108 2590 -245 -8271 END
START -5680 424 14176 2610 -184 -8320 END
START -5432 580 14276 2630 -165 -8318 END
START -5180 732 14212 2606 -112 -8279 END
START -5000 676 14448 2572 -109 -8240 END
START -4752 760 14572 2517 -87 -8205 END
START -4752 996 14456 2484 -43 -8151 END
START -4628 1160 14488 2475 -32 -8130 END
START -4580 1336 14624 2458 19 -8070 END
START -4284 1472 14852 2461 -18 -8023 END
START -4344 1444 14812 2478 -74 -7863 END
START -4396 1720 15004 2443 -117 -7849 END
START -4368 1792 14992 2384 -272 -7712 END
START -4276 1748 15052 2334 -355 -7684 END
START -4004 1728 14968 2238 -433 -7621 END
START -3816 1712 14900 2173 -464 -7630 END
START -3472 1728 14784 2079 -428 -7649 END
START -3688 1792 14680 2031 -359 -7633 END
START -3456 1940 14704 1981 -316 -7630 END
START -3472 1972 14744 1936 -314 -7655 END
START -3316 1944 14920 1906 -383 -7685 END
START -3296 2020 15092 1947 -448 -7691 END
START -3100 2064 15048 1940 -524 -7736 END
START -3052 2196 15024 1960 -589 -7781 END
START -2816 2196 15032 1991 -675 -7896 END
START -2668 2156 15072 1985 -770 -7951 END
START -2364 2328 15032 1984 -823 -8022 END
START -2208 2544 15224 2010 -941 -8076 END
START -1976 2540 15204 1999 -968 -8142 END
START -1704 2832 15184 1979 -981 -8211 END
START -1464 3012 14924 1980 -937 -8242 END
START -1348 3004 14940 1968 -918 -8274 END
START -1092 3220 15216 1907 -882 -8328 END
START -948 3372 15008 1956 -805 -8384 END
START -696 3556 15060 1974 -802 -8431 END
START -340 3740 15132 1977 -665 -8500 END
START -84 4036 15228 1990 -591 -8478 END
START 124 4380 15420 1969 -590 -8453 END
START 504 4672 15540 1887 -556 -8373 END
START 832 5012 15860 1785 -572 -8239 END
START 1128 5180 15860 1683 -624 -8079 END
START 1264 5292 16160 1504 -647 -7888 END
START 1528 5448 16124 1372 -744 -7677 END
START 1860 5708 16240 1191 -815 -7485 END
START 2256 5816 16252 1022 -873 -7301 END
START 2536 6032 16012 819 -888 -7085 END
START 2844 6204 15964 603 -961 -6802 END
START 3044 6432 16008 392 -1025 -6564 END
START 3376 6588 15808 187 -1080 -6242 END
START 3656 6556 15516 68 -1172 -5869 END
START 3920 6524 15460 -11 -1215 -5524 END
START 4148 6408 15096 -52 -1311 -5170 END
START 4632 6384 15016 -70 -1304 -4845 END
START 4744 6276 14756 -22 -1313 -4546 END
START 4860 6292 14596 5 -1269 -4260 END
START 4932 6296 14240 71 -1289 -3972 END
START 5096 6272 14008 99 -1303 -3731 END
START 5172 6332 13780 118 -1189 -3507 END
START 5508 6072 13492 164 -1064 -3291 END
START 5624 5980 13248 240 -898 -3159 END
START 5536 5976 13288 362 -737 -3038 END
START 5592 6040 13296 449 -612 -2965 END
START 5624 6056 13244 587 -428 -2882 END
START 5700 6224 13260 651 -255 -2826 END
START 5712 6356 13204 687 -33 -2735 END
START 5792 6492 13108 697 145 -2621 END
START 5948 6624 13212 650 422 -2479 END
START 5904 6580 13132 567 686 -2338 END
START 5788 6752 13188 493 1004 -2160 END
START 5684 6932 13124 400 1320 -2030 END
START 5560 6992 12936 316 1674 -1871 END
START 5468 6988 13044 251 1985 -1718 END
START 5404 6984 13248 193 2308 -1535 END
START 5156 6764 13300 217 2559 -1362 END
START 4900 6620 13392 199 2667 -1179 END
START 4784 6588 13228 257 2833 -961 END
START 4684 6520 13572 305 2853 -787 END
START 4728 6452 13992 423 2934 -576 END
START 4492 6380 14252 461 2801 -311 END
START 4320 6364 14492 452 2580 -41 END
START 4540 6368 14576 386 2425 290 END
START 4588 6428 14348 307 2253 638 END
START 4552 6508 14344 156 2223 958 END
START 4340 6348 14052 18 2169 1350 END
START 4020 6228 14068 -128 2122 1742 END
START 3824 6208 13968 -285 2066 2094 END
START 3512 5992 14028 -405 2023 2455 END
START 3112 5804 14004 -460 1892 2787 END
START 2776 5584 13800 -550 1846 3055 END
START 2356 5444 13676 -581 1681 3303 END
START 1932 5256 13604 -584 1561 3521 END
START 1512 4992 13328 -638 1472 3791 END
START 1284 4844 12968 -607 1394 3964 END
START 652 4500 12964 -544 1340 4173 END
START 360 4464 12704 -492 1234 4280 END
START 72 4168 12800 -421 1092 4397 END
START -460 3868 12620 -305 917 4456 END
START -880 3628 12508 -219 708 4469 END
START -1096 3344 12384 -112 495 4470 END
START -1344 3336 12124 3 278 4452 END
START -1504 3288 12144 128 32 4426 END
START -1560 3028 11948 265 -158 4397 END
START -1792 2916 11776 427 -340 4354 END
START -1720 2828 11404 522 -475 4348 END
START -1832 2868 11260 627 -550 4292 END
START -1908 2836 10864 733 -587 4256 END
START -1936 2788 10772 794 -567 4184 END
START -1960 2748 10416 864 -586 4150 END
START -2080 2768 10264 904 -580 4074 END
START -2020 2792 10024 999 -574 4026 END
START -2044 2644 9840 1065 -515 3944 END
START -1972 2728 9700 1127 -480 3920 END
START -1980 2892 9524 1229 -423 3874 END
START -1976 2964 9476 1321 -415 3842 END
START -1940 2984 8984 1411 -337 3895 END
START -1776 3012 8916 1566 -271 3868 END
START -1800 3028 8736 1668 -176 3921 END
START -1816 3124 8376 1791 -52 3966 END
START -1752 3372 8216 1933 57 4007 END
START -1844 3220 8132 2098 206 4040 END
START -1824 3188 8428 2227 227 4073 END
START -1948 3188 8264 2407 297 4063 END
START -1784 3112 8260 2563 404 4085 END
START -1644 3260 8460 2683 464 4057 END
START -1724 3612 8340 2768 505 4068 END
START -1692 3660 8316 2849 504 4095 END
START -1740 3852 8096 2902 547 4162 END
START -1852 4120 8128 2967 586 4222 END
START -1848 4268 8192 3033 613 4316 END
START -1800 4444 7948 3134 651 4422 END
START -1672 4460 7696 3212 743 4523 END
START -1620 4556 7688 3359 809 4612 END
START -1668 4528 7504 3517 937 4724 END
START -1576 4632 7652 3682 1035 4852 END
START -1816 4656 7728 3918 1077 4989 END
START -1868 4708 7756 4114 1025 5088 END
START -1996 4888 7852 4400 977 5210 END
START -2052 4900 7960 4684 875 5341 END
START -2056 5136 8164 4940 761 5455 END
START -2232 5212 7936 5226 661 5612 END
START -2108 5072 8080 5535 548 5734 END
START -2148 4904 8024 5790 492 5889 END
START -2112 5192 7964 6044 540 6004 END
START -2404 5304 7760 6286 602 6074 END
START -2392 5364 7784 6432 759 6228 END
START -2584 5256 8108 6624 914 6336 END
START -2780 5220 8260 6795 1006 6459 END
START -3116 5124 8392 6915 1151 6502 END
START -3116 4948 8504 7009 1247 6559 END
START -3460 4780 8608 7137 1359 6538 END
START -3656 4484 8708 7227 1466 6489 END
START -3828 4436 8920 7355 1609 6496 END
START -4112 4344 9088 7447 1697 6350 END
START -4380 4408 9204 7583 1769 6235 END
START -4568 4420 9456 7748 1844 6113 END
START -4732 4560 9520 7880 1890 6021 END
START -4952 4580 9684 8003 1889 5919 END
START -5136 4768 9680 8121 1917 5858 END
START -5212 4792 9744 8231 1999 5795 END
START -5140 4696 9800 8325 2167 5701 END
START -5368 4652 9780 8445 2239 5624 END
START -5424 4740 10224 8483 2355 5525 END
START -5308 4780 10368 8537 2409 5401 END
START -5464 4732 10628 8551 2446 5288 END
START -5428 4832 10924 8596 2465 5187 END
START -5416 4972 10872 8581 2522 5087 END
START -5548 5028 10968 8575 2518 5002 END
START -5452 5124 11132 8560 2541 4943 END
START -5468 5208 11060 8556 2551 4865 END
START -5504 5280 11280 8552 2543 4801 END
START -5392 5316 11288 8606 2473 4717 END
START -5320 5468 11656 8622 2387 4711 END
START -5392 5528 11736 8726 2245 4667 END
START -5268 5656 12000 8888 2088 4688 END
START -5208 5688 11868 9043 1875 4710 END
START -5068 5836 11804 9258 1734 4732 END
START -4916 6056 11772 9528 1586 4822 END
START -4880 6196 11656 9744 1538 4954 END
START -4860 6380 11584 9982 1431 5051 END
START -4888 6412 11776 10193 1424 5247 END
START -4816 6380 11756 10434 1324 5399 END
START -4868 6488 11996 10694 1304 5511 END
START -4928 6484 12104 10920 1219 5655 END
START -4832 6472 12296 11140 1205 5746 END
START -5000 6572 12104 11409 1252 5863 END
START -5216 6360 12296 11657 1322 5916 END
START -5340 6308 12556 11668 1413 5966 END
START -5396 6160 12748 12123 1521 6013 END
START -5588 5928 13068 12129 1615 6008 END
START -5804 5608 13244 12125 1790 5914 END
START -5936 5412 13600 12087 1941 5756 END
START -6108 5028 13820 12089 2081 5547 END
START -6268 4944 14020 12084 2223 5260 END
START -6248 4788 14372 12054 2480 4954 END
START -6256 4784 14528 12045 2726 4665 END
START -6148 4752 14824 12006 2992 4310 END
START -6160 4772 15244 11876 3354 3970 END
START -6116 5068 15416 11555 3696 3630 END
START -6328 5248 15828 11355 4045 3325 END
START -6308 5532 16080 11118 4350 3045 END
START -6480 5776 16744 10903 4569 2824 END
START -6420 5996 17060 10741 4783 2643 END
START -6692 6288 17484 10590 4923 2497 END
START -6876 6528 17852 10471 5081 2330 END
START -7004 6856 18444 10389 5163 2254 END
START -7448 7040 19104 10266 5151 2185 END
START -7760 7256 19640 10176 5056 2124 END
START -8008 7388 20272 10083 4810 2084 END
START -8260 7544 20976 10000 4518 2064 END
START -8548 7584 21628 10007 4183 2060 END
START -8724 7756 22084 9981 3831 2031 END
START -8768 7764 22284 9974 3454 2041 END
START -8896 8008 22780 9963 3131 2127 END
START -8860 8148 22964 9927 2799 2264 END
START -8848 8144 23160 9860 2561 2329 END
START -8832 8088 23196 9758 2374 2384 END
START -8808 7896 23680 9573 2188 2415 END
START -8624 7896 24020 9425 2003 2398 END
START -8584 7816 24168 9197 1850 2417 END
START -8728 7804 24296 8993 1704 2429 END
START -8692 7740 24620 8703 1497 2435 END
START -8644 7704 24676 8432 1350 2421 END
START -8368 7468 24732 8130 1293 2428 END
START -8176 7404 24488 7855 1209 2370 END
START -8208 7356 24712 7509 1251 2329 END
START -8116 7184 24940 7214 1269 2276 END
START -8140 7048 25004 6859 1379 2242 END
START -8216 6996 25304 6542 1385 2179 END
START -8392 7020 25220 6207 1398 2122 END
START -8552 6860 25636 5878 1358 2046 END
START -8752 6816 25868 5572 1297 1939 END
START -8828 6652 26008 5259 1233 1848 END
START -9100 6556 26152 4975 1099 1693 END
START -9000 6544 26228 4702 1021 1549 END
START -9152 6532 26276 4404 949 1411 END
START -9176 6528 26268 4130 889 1272 END
START -9304 6584 26452 3856 815 1184 END
START -9320 6508 26872 3573 728 1099 END
START -9540 6608 26944 3320 626 1044 END
START -9588 6452 27216 3029 489 998 END
START -9692 6328 27492 2793 295 888 END
START -9652 6200 27452 2571 127 802 END
START -9548 6060 27684 2276 -17 631 END
START -9416 5908 27632 1996 -114 519 END
START -9308 5776 27792 1664 -245 340 END
START -9272 5832 27736 1337 -340 197 END
START -9196 5848 27688 940 -404 28 END
START -9020 5984 27652 590 -503 -86 END
START -8848 5964 27648 223 -570 -205 END
START -8596 5928 27548 -130 -534 -324 END
START -8492 5940 27496 -534 -533 -405 END
START -8376 5928 27612 -908 -579 -555 END
START -8536 5856 27472 -1295 -659 -694 END
START -8392 5840 27536 -1669 -764 -824 END
START -8252 5900 27292 -2026 -871 -1001 END
START -8236 6004 27192 -2375 -996 -1165 END
START -8224 6016 27044 -2641 -1081 -1287 END
START -8176 6192 26848 -2952 -1210 -1385 END
START -8092 6288 26664 -3237 -1284 -1499 END
START -7904 6296 26316 -3506 -1367 -1583 END
START -7848 6372 26136 -3757 -1463 -1686 END
START -7828 6488 26140 -3998 -1544 -1812 END
START -7724 6668 25824 -4224 -1686 -1883 END
START -7768 6728 25816 -4467 -1884 -1976 END
START -7496 6736 25428 -4658 -1944 -2049 END
START -7400 6836 25248 -4856 -2098 -2174 END
START -7256 6904 25272 -5078 -2214 -2254 END
START -7012 7108 24944 -5323 -2338 -2298 END
START -6804 7276 24724 -5529 -2372 -2364 END
START -6628 7276 24516 -5778 -2487 -2402 END
START -6316 7300 24288 -6044 -2486 -2380 END
START -6124 7352 23992 -6300 -2541 -2420 END
START -5780 7552 23760 -6565 -2518 -2429 END
START -5464 7548 23456 -6888 -2512 -2425 END
START -5060 7588 23208 -7230 -2424 -2420 END
START -4904 7580 22880 -7542 -2383 -2396 END
START -4776 7604 22668 -7998 -2242 -2408 END
START -4524 7620 22152 -8430 -2105 -2413 END
START -4288 7612 21964 -8843 -1890 -2426 END
START -4232 7664 21712 -9310 -1748 -2454 END
START -4232 7500 21128 -9665 -1610 -2484 END
START -4184 7516 20952 -10044 -1478 -2550 END
START -4112 7432 20652 -10333 -1393 -2588 END
START -4080 7448 20364 -10618 -1345 -2711 END
START -3984 7432 19696 -10812 -1249 -2805 END
START -3880 7428 19324 -11004 -1140 -2862 END
START -3748 7368 18960 -11141 -1069 -2957 END
START -3796 7412 18704 -11253 -1036 -3033 END
START -3716 7372 18304 -11328 -1067 -3072 END
START -3624 7416 18016 -11395 -1050 -3159 END
START -3452 7512 17668 -11374 -1053 -3175 END
START -3268 7564 17428 -11325 -1142 -3210 END
START -3124 7676 17108 -11309 -1167 -3222 END
START -2944 7588 16820 -11232 -1251 -3214 END
START -2748 7796 16768 -11236 -1309 -3172 END
START -2488 8052 16316 -11263 -1403 -3094 END
START -2268 8060 16048 -11211 -1486 -2980 END
START -1992 7968 15792 -11192 -1585 -2829 END
START -1836 7908 15728 -11133 -1776 -2667 END
START -1592 8056 15504 -11073 -2042 -2521 END
START -1532 8132 15284 -10953 -2277 -2310 END
START -1292 8040 15048 -10789 -2569 -2121 END
START -952 7968 14632 -10638 -2826 -1897 END
START -840 7928 14488 -10418 -3087 -1714 END
START -724 7992 14068 -10183 -3362 -1488 END
START -596 8020 13572 -9977 -3561 -1271 END
START -348 7980 13200 -9767 -3714 -1072 END
START -128 7924 12800 -9569 -3807 -854 END
START 32 7936 12432 -9364 -3831 -656 END
START -36 7768 12276 -9159 -3874 -500 END
START 208 7680 11888 -8945 -3901 -346 END
START 132 7812 11556 -8759 -3929 -259 END
START 296 7828 11316 -8560 -3890 -209 END
START 492 7832 11084 -8388 -3733 -178 END
START 432 7928 11080 -8285 -3592 -123 END
START 700 8012 10872 -8220 -3420 -90 END
START 916 8144 10700 -8159 -3271 -42 END
START 1024 8400 10688 -8146 -3015 -3 END
START 1248 8480 10652 -8120 -2837 39 END
START 1364 8596 10484 -8148 -2640 110 END
START 1632 8716 10772 -8184 -2449 210 END
START 1956 9044 10636 -8269 -2279 360 END
START 2216 9224 10636 -8355 -2107 539 END
START 2400 9400 10672 -8468 -1943 764 END
START 2500 9616 10548 -8608 -1839 1054 END
START 2724 9728 10560 -8742 -1679 1320 END
START 2844 9744 10296 -8887 -1587 1560 END
START 2888 9784 10116 -9006 -1492 1821 END
START 3020 9808 9952 -9099 -1359 2029 END
START 3028 9812 9816 -9133 -1295 2181 END
START 3000 9892 9592 -9155 -1244 2354 END
START 2844 9928 9564 -9048 -1232 2544 END
START 2868 10060 9432 -8972 -1254 2751 END
START 3036 9996 9352 -8797 -1318 2984 END
START 3204 9900 9056 -8579 -1328 3230 END
START 3384 9964 8900 -8355 -1341 3456 END
START 3592 10040 8856 -8128 -1311 3715 END
START 3524 10164 8728 -7943 -1332 4050 END
START 3608 10372 8792 -7747 -1257 4312 END
START 3684 10404 8564 -7597 -1254 4658 END
START 3644 10492 8448 -7502 -1180 4973 END
START 3644 10616 8400 -7400 -1065 5293 END
START 3564 10752 8528 -7311 -946 5630 END
START 3412 10696 8340 -7246 -821 5864 END
START 3360 10708 8208 -7154 -625 6195 END
START 3300 10788 8500 -7131 -441 6484 END
START 3140 10616 8420 -7066 -225 6804 END
START 3056 10748 8192 -7031 -112 7099 END
START 2800 10804 8160 -7022 140 7403 END
START 2692 10736 8200 -7010 299 7722 END
START 2616 10636 8028 -6995 481 8034 END
START 2384 10492 8064 -6965 725 8363 END
START 2224 10452 8032 -6951 900 8686 END
START 1856 10256 7996 -6919 1026 8930 END
START 1604 9996 8388 -6870 1162 9220 END
START 1368 9900 8284 -6880 1319 9469 END
START 1052 9640 8160 -6843 1410 9710 END
START 704 9544 8200 -6850 1499 9957 END
START 372 9328 8276 -6777 1636 10180 END
START 52 9140 8008 -6755 1642 10408 END
START -300 9028 8128 -6691 1735 10621 END
START -644 8780 8164 -6649 1850 10825 END
START -1056 8432 8056 -6568 1939 11012 END
START -1704 8216 8180 -6496 2040 11188 END
START -2300 7968 8188 -6312 2115 11403 END
START -2984 7680 8256 -6162 2121 11579 END
START -3768 7248 8492 -5976 2130 11779 END
START -4376 6832 8492 -5788 2059 11863 END
START -5096 6372 8536 -5616 1941 11948 END
START -5808 5928 8492 -5371 1843 11923 END
START -6596 5508 8604 -5166 1752 11994 END
START -7348 4984 8688 -4908 1662 11907 END
START -7960 4312 8772 -4661 1614 11862 END
START -8728 3904 8932 -4356 1540 11767 END
START -9376 3432 9032 -4092 1469 11634 END
START -9760 3248 8964 -3885 1405 11465 END
START -10284 2848 9092 -3725 1397 11198 END
START -10812 2420 9148 -3605 1430 10940 END
START -11256 2016 9160 -3513 1476 10603 END
START -11700 1544 9188 -3444 1499 10285 END
START -12200 1148 9424 -3355 1572 9991 END
START -12740 832 9640 -3268 1589 9630 END
START -13224 500 9676 -3163 1593 9302 END
START -13692 248 9924 -3042 1564 8894 END
START -13972 92 10220 -2915 1467 8542 END
START -14476 -180 10504 -2810 1322 8185 END
START -14652 -584 10804 -2648 1176 7830 END
START -15248 -828 11056 -2578 1018 7430 END
START -15424 -968 11028 -2521 807 7053 END
START -15688 -1096 11092 -2389 630 6609 END
START -16008 -1140 11160 -2297 470 6154 END
START -16168 -1172 11280 -2239 342 5694 END
START -16420 -1224 11292 -2146 257 5223 END
START -16488 -1088 11416 -2085 152 4736 END
START -16656 -1276 11548 -2060 92 4324 END
START -16644 -1408 11664 -2079 9 3915 END
START -16832 -1468 11964 -2106 -111 3565 END
START -16864 -1428 11856 -2211 -139 3173 END
START -16816 -1512 11784 -2319 -181 2765 END
START -16892 -1580 11740 -2469 -125 2352 END
START -16896 -1748 11924 -2637 -91 1932 END
START -16980 -2052 12416 -2865 -69 1504 END
START -16924 -2324 12584 -3101 -73 1052 END
START -16688 -2608 12768 -3395 -98 512 END
START -16612 -2568 12268 -3745 -28 -17 END
START -16400 -2556 12196 -4044 166 -551 END
START -16336 -2548 11756 -4426 433 -1135 END
START -16276 -2592 11556 -4721 791 -1743 END
START -16204 -2832 11284 -5014 1080 -2308 END
START -16072 -2848 11072 -5298 1446 -2881 END
START -16096 -2952 10844 -5496 1792 -3438 END
START -16008 -2936 10640 -5688 2150 -4024 END
START -15988 -3016 10392 -5795 2418 -4537 END
START -16032 -3020 10396 -5863 2642 -5070 END
START -15936 -3232 10416 -5841 2740 -5594 END
START -15844 -3184 10360 -5734 2767 -6095 END
START -15544 -3092 10136 -5512 2690 -6542 END
START -15476 -3100 10192 -5236 2545 -6953 END
START -15164 -3072 9952 -4880 2364 -7290 END
START -14900 -2980 9800 -4472 2151 -7577 END
START -14816 -2720 9508 -4015 1879 -7815 END
START -14656 -2668 9080 -3514 1641 -8039 END
START -14416 -2656 8808 -2944 1387 -8233 END
START -14384 -2668 8652 -2328 1095 -8449 END
START -14264 -2744 8676 -1598 798 -8668 END
START -14152 -2560 8508 -788 395 -8881 END
START -13944 -2392 8332 78 -21 -9102 END
START -13804 -2232 8168 883 -329 -9279 END
START -13572 -1864 8112 1790 -721 -9429 END
START -13284 -1676 8132 2755 -1122 -9580 END
START -12936 -1616 8028 3711 -1530 -9618 END
START -12552 -1324 8256 4552 -1842 -9719 END
START -12188 -1196 8172 5405 -2063 -9839 END
START -11824 -1132 8136 6120 -2208 -9953 END
START -11268 -872 8668 6797 -2283 -10123 END
START -10960 -688 9000 7288 -2381 -10293 END
START -10736 -612 9568 7664 -2562 -10450 END
START -10552 -304 10116 7931 -2826 -10616 END
START -10424 -292 10424 8116 -2974 -10794 END
START -9984 -92 10588 8259 -3091 -11021 END
START -9644 160 10848 8428 -3146 -11245 END
START -9440 424 10844 8560 -3054 -11518 END
START -9120 820 10744 8624 -2878 -11801 END
START -8756 1304 10700 8640 -2609 -12054 END
START -8316 1452 10764 8622 -2288 -12303 END
START -7928 1660 10828 8518 -1795 -12540 END
START -7396 1640 10744 8402 -1278 -12772 END
START -7028 1832 11060 8264 -751 -13006 END
START -6868 2088 11212 8106 -220 -13232 END
START -6776 2392 11720 7953 253 -13446 END
START -6708 2432 12168 7795 611 -13702 END
START -6588 2700 12724 7620 916 -13949 END
START -6408 3016 12996 7494 1169 -14215 END
START -6292 3216 13268 7316 1421 -14480 END
START -6064 3516 13616 7175 1560 -14606 END
START -5912 4044 13864 6953 1708 -14791 END
START -5788 4164 14152 6811 1792 -14911 END
START -5616 4348 14640 6705 1828 -15015 END
START -5364 4588 14980 6606 1747 -15109 END
START -4908 4880 15008 6523 1639 -15177 END
START -4704 4988 15228 6474 1499 -15207 END
START -4232 4932 15376 6448 1337 -15234 END
START -3800 5144 15392 6469 1194 -15262 END
START -3424 5312 15548 6503 969 -15253 END
START -3176 5588 15588 6526 801 -15286 END
START -2624 5996 15636 6623 653 -15290 END
START -2132 6300 15612 6723 507 -15248 END
START -1708 6664 15656 6834 390 -15151 END
START -1376 7208 15976 6928 207 -14983 END
START -900 7520 16172 7016 22 -14790 END
START -332 7852 16296 7099 -178 -14576 END
START 264 8244 16572 7181 -435 -14321 END
START 936 8504 16604 7229 -678 -14062 END
START 1260 8912 16852 7290 -1006 -13728 END
START 1864 9276 17132 7296 -1277 -13402 END
START 2244 9672 17376 7310 -1607 -13071 END
START 2628 9980 17576 7357 -1963 -12640 END
START 3336 10480 17780 7337 -2307 -12160 END
START 3788 10832 17824 7294 -2660 -11669 END
START 4332 10992 18032 7196 -2862 -11183 END
START 5116 11004 18064 7021 -3034 -10692 END
START 5644 11244 18368 6781 -3061 -10189 END
START 6288 11592 18292 6436 -2984 -9711 END
START 6676 12136 18492 6009 -2755 -9277 END
START 7132 12676 18340 5393 -2399 -8790 END
START 7504 13216 18656 4690 -1976 -8277 END
START 7728 13472 18828 3829 -1564 -7652 END
START 8092 13632 19060 2852 -1069 -6979 END
START 8304 13740 19228 1800 -599 -6300 END
START 8092 13944 19728 810 -201 -5635 END
START 7952 13916 19836 -235 100 -4990 END
START 7644 13836 20164 -1247 175 -4330 END
START 7300 13560 20580 -2184 152 -3804 END
START 6784 13336 20612 -3073 17 -3252 END
START 6192 13260 20584 -3884 -343 -2851 END
START 5520 13424 20204 -4596 -719 -2447 END
START 4916 13404 19876 -5235 -1043 -2154 END
START 4324 13076 19256 -5754 -1306 -1780 END