START -5292 616 17576 40 97 -1114 END
START -5800 400 18240 -219 -1205 -1250 END
START -3480 76 14408 -327 -319 -1278 END
START -2632 104 13992 -598 582 -1268 END
START -3252 196 14568 -871 1451 -1237 END
START -3508 236 14840 -1298 2083 -1254 END
START -4052 444 15288 -1739 2440 -1223 END
START -4436 736 15364 -2190 2648 -1225 END
START -4448 860 15428 -2592 2840 -1147 END
START -4400 764 15360 -2837 3066 -1077 END
START -4056 540 15380 -2983 3354 -1067 END
START -4064 436 15404 -2966 3550 -1008 END
START -4020 172 15552 -2912 3634 -943 END
START -4220 -12 15728 -2766 3716 -923 END
START -4400 -100 15896 -2622 3642 -890 END
START -4508 -184 16040 -2407 3475 -842 END
START -4388 -472 16268 -2189 3188 -827 END
START -4496 -680 16276 -1913 2893 -831 END
START -4368 -760 16220 -1646 2623 -880 END
START -4468 -804 16352 -1344 2398 -925 END
START -4560 -820 16332 -1048 2021 -997 END
START -4708 -764 16492 -809 1655 -1016 END
START -4488 -896 16140 -547 1357 -1047 END
START -4440 -1040 16040 -308 1127 -995 END
START -4424 -988 15892 -165 946 -976 END
START -4612 -820 15960 -15 740 -962 END
START -4640 -832 16092 40 522 -957 END
START -4656 -932 15964 117 371 -1002 END
START -4620 -1004 16080 218 185 -1048 END
START -4412 -1004 16188 326 21 -1104 END
START -4276 -1016 16464 404 -174 -1138 END
START -4260 -876 16504 485 -364 -1185 END
START -4168 -540 16628 514 -543 -1138 END
START -4152 -328 16736 559 -650 -1107 END
START -4176 -4 16828 557 -836 -1000 END
START -4008 224 16964 506 -1002 -853 END
START -3816 292 17196 415 -1131 -635 END
START -3576 192 17192 345 -1237 -420 END
START -3216 -44 17068 154 -1294 -239 END
START -3144 -176 16664 24 -1348 -76 END
START -2936 -288 16472 -61 -1261 77 END
START -2904 -160 16320 -123 -1114 130 END
START -2832 -144 16300 -200 -963 212 END
START -3080 -200 16044 -243 -815 256 END
START -3044 -116 15820 -258 -729 299 END
START -3272 -76 15948 -291 -624 330 END
START -3384 -96 15952 -282 -530 432 END
START -3316 -256 16044 -266 -499 474 END
START -3548 -384 15960 -278 -502 522 END
START -3456 -548 16164 -210 -573 515 END
START -3676 -596 16276 -130 -670 489 END
START -3740 -716 16452 -29 -796 469 END
START -3808 -584 16376 53 -971 376 END
START -3820 -532 16360 138 -1115 323 END
START -3840 -492 16328 202 -1242 294 END
START -3740 -596 16384 306 -1371 215 END
START -3448 -580 16392 309 -1396 162 END
START -3284 -504 16584 322 -1437 148 END
START -3392 -604 16688 355 -1482 104 END
START -3444 -628 16920 339 -1626 71 END
START -3484 -744 17228 351 -1805 9 END
START -3236 -864 17592 312 -2040 -42 END
START -3032 -912 17684 313 -2314 -70 END
START -2860 -1104 17588 306 -2551 -127 END
START -2784 -1208 17380 374 -2820 -182 END
START -2420 -1396 17248 463 -2910 -211 END
START -2184 -1448 16920 631 -2983 -326 END
START -2132 -1556 16772 799 -2997 -425 END
START -1876 -1684 16784 924 -3045 -505 END
START -1720 -1572 16676 1028 -2985 -536 END
START -1440 -1540 16884 1157 -2867 -581 END
START -1216 -1316 16764 1161 -2795 -544 END
START -1028 -1080 17144 1193 -2736 -520 END
START -868 -916 17056 1183 -2683 -437 END
START -716 -756 17452 1109 -2674 -316 END
START -464 -516 17536 1052 -2629 -185 END
START -188 -320 17588 949 -2603 8 END
START -44 -236 17812 858 -2536 195 END
START 284 -136 17896 730 -2428 429 END
START 428 -68 18060 608 -2284 650 END
START 536 -148 18232 528 -2186 915 END
START 612 144 18192 451 -2105 1149 END
START 520 244 18464 342 -2033 1444 END
START 596 392 18720 224 -1998 1695 END
START 528 424 18940 133 -2018 1978 END
START 304 584 19292 -9 -2107 2249 END
START 76 648 19340 -162 -2213 2484 END
START -100 724 19604 -252 -2352 2757 END
START -184 588 19672 -386 -2546 2952 END
START -180 400 19648 -460 -2681 3117 END
START -284 472 19424 -524 -2812 3234 END
START -244 460 19304 -618 -2856 3282 END
START -452 260 19232 -685 -2887 3310 END
START -424 248 19184 -771 -2857 3340 END
START -616 328 19144 -761 -2779 3309 END
START -776 500 19532 -903 -2736 3287 END
START -1000 820 19692 -1027 -2740 3250 END
START -1152 944 19832 -1209 -2830 3227 END
START -1284 952 19652 -1455 -2863 3193 END
START -1340 928 19692 -1679 -2873 3130 END
START -1476 972 19900 -1915 -2878 2993 END
START -1488 920 19692 -2129 -2945 2879 END
START -1568 988 20028 -2391 -2917 2742 END
START -1564 1140 19868 -2640 -2971 2616 END
START -1476 1388 19716 -2895 -3025 2456 END
START -1492 1608 19772 -3183 -3011 2381 END
START -1248 1928 19664 -3519 -3029 2340 END
START -1112 2176 19436 -3842 -3033 2307 END
START -956 2556 19328 -4173 -3012 2354 END
START -888 2720 19260 -4559 -3013 2468 END
START -640 2704 19060 -4923 -3011 2587 END
START -412 2548 18736 -5244 -3077 2755 END
START -92 2360 18384 -5517 -3145 2936 END
START 144 2396 17972 -5769 -3122 3068 END
START 316 2408 17584 -5930 -3009 3200 END
START 192 2460 17432 -6071 -2938 3342 END
START 248 2532 17172 -6233 -2923 3507 END
START 184 2704 16924 -6369 -2987 3675 END
START 136 2900 16560 -6530 -3045 3862 END
START 92 3196 16120 -6626 -3099 4046 END
START 112 3212 15884 -6777 -3143 4279 END
START 188 3152 15508 -6843 -3210 4486 END
START 172 3176 15208 -6885 -3256 4696 END
START 260 3092 14712 -6948 -3334 4843 END
START 260 3012 14384 -6932 -3332 4984 END
START 304 3044 14152 -6961 -3337 5115 END
START 448 3084 13684 -6884 -3333 5209 END
START 444 3120 13428 -6874 -3293 5338 END
START 640 3264 13104 -6848 -3242 5448 END
START 888 3360 12580 -6838 -3177 5566 END
START 940 3476 11980 -6850 -3046 5724 END
START 1032 3560 11608 -6871 -2871 5853 END
START 1160 3524 11224 -6843 -2651 6015 END
START 1220 3452 10656 -6769 -2353 6181 END
START 1420 3408 10504 -6747 -2024 6289 END
START 1512 3440 10012 -6610 -1647 6445 END
START 1576 3408 9688 -6491 -1293 6607 END
START 1536 3540 9556 -6418 -957 6789 END
START 1548 3468 9428 -6392 -657 7004 END
START 1460 3532 9360 -6299 -367 7245 END
START 1360 3624 9208 -6262 -133 7500 END
START 1308 3776 8944 -6176 91 7780 END
START 1084 3916 9060 -6123 289 8082 END
START 808 3844 9020 -6027 400 8420 END
START 784 3860 8940 -5964 507 8779 END
START 604 3840 8936 -5863 559 9139 END
START 620 3704 8652 -5773 603 9500 END
START 416 3524 8688 -5702 627 9848 END
START 284 3252 8568 -5580 704 10202 END
START 256 3176 8360 -5438 726 10558 END
START 120 3352 8412 -5295 823 10870 END
START -360 3488 8252 -5169 773 11224 END
START -752 3692 8384 -5058 771 11632 END
START -1048 3696 8352 -4886 709 11998 END
START -1276 3740 8236 -4789 616 12326 END
START -1692 3668 7996 -4651 511 12901 END
START -1852 3776 7920 -4526 479 13058 END
START -2032 3928 7800 -4351 483 13614 END
START -2288 3728 7508 -4206 516 13993 END
START -2776 3584 7372 -4056 557 14289 END
START -3012 3348 7444 -3843 646 14610 END
START -3448 3240 7280 -3638 728 14873 END
START -4160 3108 7348 -3405 768 15133 END
START -4832 2952 7564 -3224 758 15320 END
START -5540 2820 7404 -2987 683 15435 END
START -6148 2616 7260 -2745 687 15492 END
START -6428 2528 7196 -2485 709 15498 END
START -6952 2544 7092 -2177 733 15458 END
START -7464 2252 7064 -1925 798 15359 END
START -7900 2188 7012 -1616 876 15255 END
START -8320 1836 6972 -1327 993 15082 END
START -8812 1688 7236 -1044 1076 14844 END
START -9040 1336 7152 -747 1111 14591 END
START -9192 1076 7184 -513 1258 14286 END
START -9288 1040 7268 -269 1394 14019 END
START -9400 1060 7388 -100 1589 13679 END
START -9568 1072 7636 40 1811 13468 END
START -9484 1260 7640 103 1949 13283 END
START -9660 1212 8028 170 2119 12911 END
START -9724 1300 8188 143 2219 13044 END
START -9912 1132 8284 143 2398 12699 END
START -10024 964 8460 141 2514 12706 END
START -10328 564 8768 146 2547 12661 END
START -10376 400 9032 148 2631 12475 END
START -10576 248 9108 183 2655 12236 END
START -10744 40 9304 262 2623 11917 END
START -11108 -240 9288 302 2600 11682 END
START -11448 -268 9800 379 2517 11368 END
START -11860 -436 9956 453 2350 11078 END
START -12104 -600 10052 537 2209 10759 END
START -12444 -640 10140 563 1998 10426 END
START -12720 -836 10216 587 1854 10109 END
START -12928 -1068 10304 649 1620 9751 END
START -12988 -1232 10276 697 1503 9345 END
START -13256 -1528 10260 704 1365 8958 END
START -13272 -1896 10120 777 1243 8484 END
START -13352 -2072 9912 846 1136 8032 END
START -13268 -2328 9736 1004 1033 7517 END
START -13192 -2544 9576 1135 1007 6992 END
START -13024 -2760 9396 1388 1104 6462 END
START -13172 -2576 9212 1620 1144 5968 END
START -13084 -2564 9256 1815 1182 5555 END
START -13104 -2444 9328 2080 1204 5121 END
START -13172 -2304 9492 2348 1139 4816 END
START -13092 -2396 9536 2591 1049 4445 END
START -13172 -2436 9704 2871 911 4156 END
START -12996 -2404 9876 3183 813 3864 END
START -13240 -2460 9884 3498 610 3572 END
START -13268 -2372 10000 3898 448 3268 END
START -13272 -2360 10056 4345 229 2967 END
START -13348 -2324 10108 4854 4 2678 END
START -13576 -2244 10396 5385 -272 2408 END
START -13680 -2292 10620 5896 -535 2147 END
START -13572 -2300 10692 6397 -851 1875 END
START -13592 -2232 10804 6879 -1107 1585 END
START -13576 -2160 11016 7283 -1303 1312 END
START -13476 -2180 10900 7734 -1457 999 END
START -13512 -2368 11228 8120 -1561 686 END
START -13372 -2356 11264 8446 -1599 294 END
START -13092 -2340 11372 8728 -1553 -37 END
START -13012 -2312 11356 8962 -1436 -410 END
START -13016 -2180 11648 9147 -1250 -742 END
START -12792 -1972 11620 9243 -1040 -1112 END
START -12856 -2036 11792 9307 -786 -1452 END
START -12740 -2120 12052 9288 -563 -1846 END
START -12768 -2128 12352 9310 -304 -2219 END
START -12936 -2220 12560 9284 -142 -2599 END
START -12960 -2188 12756 9292 52 -3081 END
START -13024 -2272 13024 9271 194 -3495 END
START -13000 -2480 13252 9322 301 -4026 END
START -12956 -2620 13492 9392 366 -4535 END
START -13004 -2572 13656 9530 409 -5039 END
START -12896 -2564 13928 9630 397 -5593 END
START -12920 -2560 14100 9732 373 -6100 END
START -12756 -2300 14248 9788 320 -6597 END
START -12592 -2168 14352 9813 366 -7074 END
START -12280 -1884 14296 9875 402 -7525 END
START -12172 -1740 14688 9843 461 -7957 END
START -11892 -1676 14784 9825 501 -8321 END
START -11664 -1472 14924 9820 653 -8736 END
START -11488 -1180 14896 9749 814 -9087 END
START -11360 -992 15068 9683 1012 -9463 END
START -11288 -904 15252 9573 1205 -9813 END
START -11052 -868 15436 9455 1416 -10118 END
START -10860 -716 15532 9221 1638 -10470 END
START -10784 -504 15748 8990 1917 -10863 END
START -10696 -320 15808 8747 2243 -11210 END
START -10828 -136 15780 8461 2570 -11574 END
START -10676 -28 15920 8192 2873 -11872 END
START -10740 92 16024 7985 3125 -12178 END
START -10784 156 16148 7714 3424 -12487 END
START -10832 96 16228 7483 3606 -12809 END
START -10864 124 16324 7316 3776 -13149 END
START -11016 16 16364 7165 3948 -13522 END
START -10932 -100 16372 7027 4035 -13859 END
START -10880 -280 16300 6900 4146 -14264 END
START -10796 -336 16396 6810 4158 -14673 END
START -10888 -368 16284 6699 4251 -15088 END
START -10964 -424 16152 6644 4181 -15497 END
START -10792 -444 16344 6588 4142 -15929 END
START -10880 -496 16192 6627 4040 -16425 END
START -10928 -460 16312 6686 3840 -16823 END
START -10968 -280 16164 6757 3614 -17330 END
START -10968 76 16444 6867 3313 -17795 END
START -10964 436 16192 7030 2930 -18262 END
START -10868 844 16424 7278 2445 -18740 END
START -10564 1104 16328 7479 2002 -19139 END
START -10484 1412 16248 7750 1356 -19463 END
START -10216 2028 16124 8058 779 -19760 END
START -9768 2388 16088 8427 139 -19964 END
START -9220 2664 15980 8777 -357 -20114 END
START -8600 3020 15644 9140 -905 -20243 END
START -7980 3340 15580 9470 -1346 -20349 END
START -7432 3508 15112 9764 -1796 -20452 END
START -6800 3852 15128 10084 -2133 -20546 END
START -6460 4064 14776 10324 -2462 -20651 END
START -5916 4144 14480 10567 -2663 -20728 END
START -5200 4232 14148 10772 -2753 -20766 END
START -4576 4484 13900 10914 -2718 -20845 END
START -4040 4796 13760 11053 -2686 -20889 END
START -3424 5324 13160 11080 -2389 -20923 END
START -2996 5752 13052 11074 -2119 -20929 END
START -2400 6096 12924 10985 -1719 -20923 END
START -2156 6316 12884 10823 -1358 -20829 END
START -1892 6528 12968 10692 -937 -20733 END
START -1640 6708 12940 10484 -599 -20622 END
START -1420 6860 13004 10310 -309 -20513 END
START -1212 7044 13120 10143 -19 -20428 END
START -1196 7132 13112 10002 235 -20404 END
START -1104 7380 13212 9882 420 -20370 END
START -828 7548 13140 9799 576 -20313 END
START -692 7740 13116 9747 685 -20250 END
START -388 7964 13116 9758 816 -20137 END
START -100 8088 13024 9815 923 -20007 END
START -24 8284 13100 9846 973 -19818 END
START 116 8244 13100 9897 965 -19629 END
START 364 8376 13108 10024 977 -19416 END
START 424 8496 13192 10170 943 -19203 END
START 740 8812 13080 10405 939 -18991 END
START 884 9128 13008 10628 929 -18727 END
START 1200 9384 13204 10819 910 -18432 END
START 1500 9276 13372 10999 784 -18073 END
START 1648 9376 13596 11189 630 -17672 END
START 1912 9468 13764 11403 454 -17202 END
START 1980 9624 13964 11635 277 -16734 END
START 2284 9808 13976 11706 115 -16264 END
START 2388 10084 14100 12171 -14 -15717 END
START 2684 10088 13948 12174 -58 -15183 END
START 2936 10292 14068 12131 -71 -14623 END
START 3284 10340 13752 12370 -28 -14085 END
START 3448 10452 13880 12423 94 -13516 END
START 3692 10636 13952 12521 261 -12879 END
START 3632 10712 14016 12531 373 -12256 END
START 3892 10864 14044 12423 573 -11663 END
START 4028 10888 14232 12517 729 -11044 END
START 3960 10820 14384 12567 916 -10474 END
START 4040 10872 14336 12173 1061 -9928 END
START 4208 10940 14468 12512 1173 -9373 END
START 4132 10976 14748 12039 1368 -8891 END
START 4212 10904 14848 12044 1526 -8367 END
START 4308 10716 14804 12045 1673 -7813 END
START 4376 10480 15012 12026 1816 -7338 END
START 4420 10488 14956 12007 2027 -6837 END
START 4336 10548 15136 11849 2246 -6385 END
START 4280 10624 15168 11692 2520 -5955 END
START 4096 10588 15272 11522 2746 -5539 END
START 3980 10760 15364 11452 2961 -5112 END
START 3880 10916 15624 11256 3130 -4683 END
START 3756 10884 15824 11155 3260 -4265 END
START 3652 11036 15988 10970 3328 -3878 END
START 3620 11124 16352 10849 3373 -3417 END
START 3472 10964 16832 10728 3340 -2950 END
START 3368 10960 17032 10588 3266 -2536 END
START 3160 11072 17304 10464 3055 -2078 END
START 3164 11200 17684 10373 2901 -1623 END
START 3160 11168 17720 10279 2774 -1147 END
START 3080 11224 17684 10182 2650 -662 END
START 3192 11256 17612 10022 2549 -169 END
START 3020 11256 17516 9871 2523 310 END
START 3040 11420 17720 9692 2496 796 END
START 2984 11488 17712 9518 2565 1242 END
START 2828 11556 17724 9360 2563 1783 END
START 2540 11736 17956 9205 2581 2284 END
START 2508 11736 18228 9105 2507 2812 END
START 2392 11780 18432 8984 2414 3369 END
START 2340 11876 18544 8831 2258 3919 END
START 2288 11876 18460 8736 2156 4418 END
START 2276 11968 18476 8601 2080 4995 END
START 2344 12028 18228 8444 2025 5483 END
START 2228 12304 18472 8323 2055 6018 END
START 2216 12460 18600 8252 2003 6522 END
START 2156 12816 18780 8137 1948 7031 END
START 1884 12896 19120 8011 1809 7572 END
START 1592 13400 19292 7899 1685 8126 END
START 1436 13608 19804 7852 1429 8761 END
START 1260 13764 20008 7759 1243 9368 END
START 1212 13856 20360 7752 945 9855 END
START 1064 14000 20588 7681 650 10306 END
START 1012 13808 20824 7530 324 10648 END
START 1096 13836 21100 7466 43 10951 END
START 1220 13760 21004 7277 -192 11252 END
START 1360 13832 21048 7000 -340 11520 END
START 1412 13860 21136 6649 -346 11761 END
START 1860 13804 21000 6237 -213 11921 END
START 2228 13724 20672 5760 76 12068 END
START 2756 13560 20496 5132 643 12209 END
START 3152 13376 20388 4469 1256 12332 END
START 3716 13436 20564 3682 1948 12639 END
START 3904 13308 20684 2760 2693 12804 END
START 4080 13188 20980 1807 3360 12912 END
START 4184 13120 21120 814 4003 12901 END
START 4216 13076 21404 -89 4457 13472 END
START 4164 12852 21428 -938 4902 13802 END
START 4076 12820 21508 -1679 5239 14193 END
START 3976 12584 21340 -2381 5603 14679 END
START 3632 12576 21380 -2968 5883 15178 END
START 3444 12488 21284 -3504 6118 15676 END
START 3076 12268 21128 -3936 6251 16201 END
START 2732 12132 21000 -4303 6288 16714 END
START 2396 11744 21104 -4602 6328 17228 END
START 2104 11448 20788 -4821 6249 17763 END
START 1740 11172 20848 -4995 6127 18226 END
START 1556 10920 20804 -5164 6029 18731 END
START 1156 10704 20616 -5323 5888 19176 END
START 800 10640 20424 -5468 5785 19702 END
START 452 10512 20240 -5600 5696 20155 END
START 40 10392 19968 -5757 5687 20668 END
START -252 10116 19932 -5902 5605 21137 END
START -924 9848 20236 -6054 5528 21655 END
START -1292 9620 20340 -6176 5384 22149 END
START -1972 9360 20608 -6348 5173 22661 END
START -2776 9004 20780 -6464 4956 23113 END
START -3544 8564 21092 -6583 4551 23562 END
START -4492 8144 21216 -6685 4086 23968 END
START -4996 7836 21272 -6717 3508 24266 END
START -5864 7400 21372 -6716 2973 24569 END
START -6608 7012 21608 -6665 2343 24784 END
START -7444 6564 21708 -6525 1724 24962 END
START -8200 6316 21808 -6415 1093 25073 END
START -8844 5952 21748 -6355 397 25114 END
START -9548 5680 21748 -6371 -216 25083 END
START -10180 5176 21436 -6442 -888 24938 END
START -10684 4968 21132 -6519 -1426 24767 END
START -11296 4632 20776 -6643 -1914 24471 END
START -11796 4476 20712 -6796 -2180 24138 END
START -12248 4120 20432 -6948 -2370 23753 END
START -12560 3796 20144 -7090 -2414 23272 END
START -12840 3576 19684 -7362 -2376 22746 END
START -12900 3180 19492 -7605 -2164 22195 END
START -13124 2900 19392 -7916 -1882 21592 END
START -13528 2812 19376 -8279 -1600 21003 END
START -13640 2672 19356 -8648 -1258 20384 END
START -13824 2420 19528 -9029 -954 19746 END
START -14036 2252 19288 -9451 -571 19130 END
START -14140 1856 19336 -9897 -334 18475 END
START -14376 1560 19604 -10318 -78 17769 END
START -14656 1328 19388 -10729 95 17045 END
START -15028 1152 19588 -11094 218 16295 END
START -15384 1028 19388 -11424 145 15530 END
START -15736 940 19300 -11644 34 14807 END
START -16016 972 19172 -11782 -190 14097 END
START -16264 748 19284 -11818 -447 13361 END
START -16592 588 19224 -11781 -848 12733 END
START -16884 556 19248 -11657 -1222 12408 END
START -17104 556 19048 -11450 -1677 11597 END
START -17208 472 18760 -11227 -2191 11044 END
START -17396 200 18768 -10965 -2756 10438 END
START -17456 8 18372 -10596 -3355 9860 END
START -17684 -120 18496 -10282 -3964 9249 END
START -17796 -148 18204 -9911 -4582 8574 END
START -17924 -84 17828 -9511 -5194 7921 END
START -18016 -72 17724 -9081 -5857 7242 END
START -18088 -124 17700 -8620 -6571 6568 END
START -18188 -108 17732 -8148 -7301 5892 END
START -18192 -52 17664 -7647 -8165 5247 END
START -18136 -104 17524 -7091 -8943 4638 END
START -17896 72 17464 -6582 -9757 4039 END
START -17668 424 17188 -6064 -10508 3474 END
START -17412 812 17164 -5513 -11282 2961 END
START -17224 1248 16780 -5003 -12013 2512 END
START -16880 1756 16588 -4551 -12648 2101 END
START -16528 1888 16180 -4136 -13208 1782 END
START -16168 2012 16036 -3798 -13609 1470 END
START -15712 1912 15868 -3482 -13940 1199 END
START -15440 1852 15224 -3192 -14049 842 END
START -15024 1944 15076 -3017 -14020 440 END
START -14644 2236 14732 -2928 -13876 -63 END
START -14380 2296 14344 -2883 -13598 -560 END
START -14156 2652 14044 -2894 -13215 -1132 END
START -13716 2772 13928 -3033 -12571 -1733 END
START -13304 2752 13764 -3228 -11971 -2337 END
START -13000 2740 13696 -3494 -11182 -2873 END
START -12820 2524 13648 -3827 -10383 -3541 END
START -12576 2552 13496 -4208 -9569 -4165 END
START -12420 2428 13508 -4619 -8735 -4857 END
START -12152 2328 13480 -5095 -7977 -5576 END
START -11960 2376 13580 -5569 -7225 -6337 END
START -12032 2556 13400 -6059 -6593 -7053 END
START -11936 2536 13532 -6490 -5998 -7741 END
START -11968 2888 13504 -6909 -5531 -8382 END
START -11976 3180 13572 -7240 -5123 -8989 END
START -12024 3564 13400 -7531 -4796 -9602 END
START -11932 3596 13240 -7692 -4575 -10129 END
START -11904 3500 13044 -7753 -4346 -10648 END
START -11692 3468 12836 -7777 -4175 -11142 END
START -11648 3600 12756 -7729 -4094 -11620 END
START -11456 3464 12676 -7642 -3983 -12041 END
START -11140 3644 12284 -7511 -3929 -12404 END
START -10928 3780 12188 -7417 -3904 -12752 END
START -10720 3848 12168 -7258 -3864 -13004 END
START -10480 4052 12008 -7098 -3906 -13190 END
START -10288 4096 11900 -6910 -4002 -13374 END
START -10144 4156 12028 -6697 -4100 -13487 END
START -10016 4088 12084 -6408 -4305 -13626 END
START -9892 4044 12092 -6149 -4510 -13689 END
START -9908 4036 11984 -5833 -4775 -13823 END
START -9848 4008 11832 -5548 -5023 -13962 END
START -9532 3852 11648 -5298 -5275 -14142 END
START -9372 3980 11656 -4939 -5540 -14315 END
START -9180 3948 11652 -4615 -5786 -14476 END
START -9032 3872 11760 -4279 -6045 -14593 END
START -8828 3884 11696 -3918 -6313 -14663 END
START -8632 3884 11692 -3558 -6550 -14743 END
START -8304 3832 11544 -3178 -6776 -14808 END
START -8048 3792 11480 -2799 -6972 -14865 END
START -7812 3748 11472 -2470 -7073 -14962 END
START -7516 3720 11524 -2140 -7178 -15036 END
START -7304 3780 11628 -1849 -7279 -15132 END
START -7096 3776 11524 -1614 -7339 -15240 END
START -6936 3864 11620 -1400 -7278 -15301 END
START -6484 3892 11612 -1159 -7187 -15395 END
START -6192 3884 11724 -943 -7049 -15468 END
START -5964 3824 11944 -799 -6850 -15526 END
START -5576 3628 12108 -641 -6656 -15628 END
START -5220 3568 12124 -548 -6346 -15707 END
START -4820 3536 12140 -511 -5935 -15867 END
START -4488 3480 12216 -501 -5543 -16009 END
START -4320 3644 12632 -586 -5055 -16069 END
START -4016 3784 13096 -672 -4621 -16157 END
START -3916 3844 13180 -827 -4247 -16185 END
START -3796 4024 13712 -967 -3874 -16237 END
START -3640 4060 13976 -1165 -3511 -16231 END
START -3484 4192 14436 -1397 -3236 -16216 END
START -3252 4188 14648 -1652 -2939 -16199 END
START -3068 4124 14968 -1860 -2755 -16131 END
START -2732 4020 15208 -2123 -2503 -16073 END
START -2452 4068 15452 -2316 -2296 -15984 END
START -2260 4048 15792 -2508 -2131 -15898 END
START -2000 4116 16000 -2672 -2036 -15815 END
START -1868 4172 16160 -2894 -1975 -15664 END
START -1684 4064 16468 -3055 -1991 -15490 END
START -1604 4036 16596 -3209 -2045 -15319 END
START -1388 3912 16720 -3299 -2092 -15175 END
START -1064 3976 16784 -3352 -2096 -15018 END
START -856 4104 16748 -3393 -2137 -14866 END
START -556 4068 16920 -3389 -2155 -14694 END
START -336 3960 16924 -3376 -2200 -14554 END
START 84 4024 17072 -3371 -2256 -14388 END
START 576 4020 17004 -3321 -2313 -14235 END
START 900 3912 17012 -3365 -2298 -14089 END
START 1284 3980 17236 -3271 -2305 -13960 END
START 1724 3852 17100 -3234 -2251 -13826 END
START 2036 3876 17204 -3136 -2179 -13653 END
START 2416 4052 17208 -3067 -2129 -13500 END
START 2632 4224 17584 -3005 -2067 -13344 END
START 2792 4596 17528 -3001 -2058 -13043 END
START 2936 4840 18004 -2966 -2083 -12764 END
START 3152 4964 18064 -3009 -2119 -12436 END
START 3416 5024 18096 -3038 -2175 -12070 END
START 3580 5156 18252 -3094 -2223 -11718 END
START 3696 5316 18260 -3184 -2290 -11392 END
START 3784 5400 18280 -3239 -2360 -11068 END
START 3956 5532 18220 -3285 -2389 -10726 END
START 4100 5604 18144 -3345 -2390 -10438 END
START 4352 5664 18052 -3420 -2341 -10138 END
START 4520 5704 17832 -3468 -2262 -9865 END
START 4704 5728 17580 -3521 -2054 -9549 END
START 4680 5924 17352 -3593 -1844 -9331 END
START 4760 5988 17236 -3665 -1561 -9117 END
START 4836 6012 17436 -3750 -1215 -8990 END
START 4808 6224 17444 -3943 -916 -8824 END
START 4856 6236 17592 -4092 -611 -8686 END
START 4880 6440 17840 -4331 -437 -8549 END
START 4884 6496 17996 -4524 -285 -8426 END
START 4964 6524 18136 -4734 -116 -8325 END
START 5116 6712 18200 -4892 -21 -8213 END
START 5312 6808 18688 -5101 89 -8161 END
START 5440 6860 18496 -5222 134 -8046 END
START 5684 7052 18560 -5452 172 -7919 END
START 6052 7220 18664 -5650 193 -7779 END
START 6168 7496 18744 -5894 230 -7633 END
START 6516 7780 18596 -6155 329 -7475 END
START 6616 7992 18616 -6451 418 -7241 END
START 7048 8324 18500 -6821 507 -6949 END
START 7312 8488 18408 -7102 568 -6691 END
START 7460 8624 18208 -7372 672 -6349 END
START 7692 8700 18136 -7564 729 -6007 END
START 7784 8848 18216 -7731 798 -5642 END
START 7896 9056 18060 -7879 787 -5250 END
START 8092 9212 17984 -7958 839 -4872 END
START 8148 9328 17788 -8139 741 -4447 END
START 8252 9536 17764 -8288 684 -3986 END
START 8164 9556 17652 -8444 567 -3526 END
START 8444 9616 17416 -8574 395 -2989 END
START 8436 9664 16944 -8753 359 -2447 END
START 8640 9768 16552 -8883 285 -1934 END
START 8780 9676 16136 -8908 331 -1400 END
START 8788 9524 15616 -9041 415 -919 END
START 8720 9588 15216 -9098 536 -418 END
START 8688 9332 14760 -9130 702 52 END
START 8820 9148 14472 -9218 897 503 END
START 8792 9004 13988 -9270 1202 956 END
START 8932 8780 13492 -9297 1550 1315 END
START 9000 8564 13152 -9337 1915 1741 END
START 8972 8504 12928 -9389 2381 2111 END
START 9032 8624 12548 -9455 2873 2501 END
START 8960 8496 12384 -9584 3352 2884 END
START 8968 8232 12320 -9731 3749 3296 END
START 9008 8224 11996 -9898 4233 3689 END
START 9332 8136 11684 -10099 4824 4147 END
START 9544 7956 11240 -10328 5420 4544 END
START 9804 8000 11192 -10546 6171 5010 END
START 9840 7940 10732 -10819 6922 5444 END
START 9936 7988 10456 -11094 7772 5949 END
START 10084 8124 10248 -11377 8688 6481 END
START 10036 8100 10120 -11681 9557 7042 END
START 9880 8060 9844 -11982 10419 7648 END
START 9516 7916 9432 -12296 11311 8219 END
START 9264 7800 9436 -12545 12164 8710 END
START 9008 7516 9196 -12756 13152 9241 END
START 8476 7328 9004 -12941 13495 9696 END
START 7932 7172 8836 -13145 14393 10135 END
START 7260 7052 8860 -13295 14885 10582 END
START 6740 7032 8600 -13467 15347 10976 END
START 5864 7000 8464 -13610 15711 11417 END
START 5100 6904 8316 -13667 15957 11819 END
START 4176 6524 8252 -13760 15929 12080 END
START 3664 6340 8320 -13672 15814 12410 END
START 2928 6208 8220 -13447 15615 12746 END
START 2116 5804 8420 -13126 15274 12866 END
START 1576 5280 8716 -12693 14732 12896 END
START 956 4824 8912 -12153 13988 13313 END
START 668 4492 9276 -11601 13186 13303 END
START 256 4168 9612 -10974 12388 13240 END
START -8 4104 10044 -10340 11176 13278 END
START -224 3916 10384 -9746 10026 13272 END
START -468 3868 10548 -9156 8696 13411 END
START -456 3844 10736 -8596 7423 13628 END
START -316 3848 10636 -8083 6329 13885 END
START -76 3976 10668 -7572 5363 14214 END
START 76 3996 10076 -7190 4624 14593 END
START 180 4172 9960 -6876 4085 15072 END
START 312 4108 9724 -6682 3711 15486 END
START 200 4212 9448 -6485 3479 16006 END
START 112 4296 9268 -6427 3373 16520 END
START -28 4368 9060 -6369 3464 17079 END
START -348 4416 8768 -6454 3594 17653 END
START -892 4380 8876 -6475 3776 18180 END
START -1468 4220 8784 -6534 4011 18735 END
START -2100 4136 8848 -6574 4180 19283 END
START -2732 3832 9000 -6636 4353 19790 END
START -3372 3568 9248 -6579 4461 20222 END
START -4084 3368 9192 -6563 4541 20546 END
START -4576 3064 9384 -6451 4576 20847 END
START -5520 2672 9472 -6289 4544 21024 END
START -6348 2296 9744 -6077 4503 21166 END
START -7308 2020 9700 -5780 4374 21228 END
START -8288 1536 10048 -5443 4170 21174 END
START -9400 1304 10084 -5102 3950 21028 END
START -10368 816 10280 -4653 3683 20812 END
START -11252 376 10584 -4200 3415 20472 END
START -12232 -88 10740 -3727 3097 20020 END