START -668 -1440 13164 3416 4111 -244 END
START 2712 -424 5412 3753 3488 -491 END
START 1192 -504 9076 3970 4405 -698 END
START -176 96 12156 4031 5462 -797 END
START -1200 428 13924 4003 5885 -997 END
START -1760 276 14908 3796 6056 -1145 END
START -2360 172 15676 3494 5935 -1269 END
START -2872 548 16168 3134 5654 -1362 END
START -3460 1652 16720 2718 5217 -1445 END
START -3788 2628 16884 2241 4700 -1518 END
START -3888 3404 17200 1660 4266 -1528 END
START -3796 3780 17324 1002 3838 -1498 END
START -3808 3428 17712 261 3493 -1414 END
START -3860 2768 18252 -448 3091 -1212 END
START -4216 2420 18720 -1135 2596 -1032 END
START -4416 2048 18820 -1702 2105 -900 END
START -4660 1828 19048 -2075 1483 -852 END
START -5224 1936 19016 -2300 812 -923 END
START -5428 1940 18824 -2398 259 -1135 END
START -5456 1460 18448 -2426 -223 -1359 END
START -5428 608 17976 -2401 -720 -1576 END
START -5472 -12 17396 -2337 -1080 -1835 END
START -5340 -384 16476 -2186 -1165 -2116 END
START -5048 -428 15628 -2038 -957 -2414 END
START -4708 -336 14936 -1791 -550 -2762 END
START -4028 -320 14720 -1622 143 -3111 END
START -3644 -328 14572 -1498 861 -3448 END
START -3428 -356 14856 -1482 1540 -3757 END
START -3180 -644 15312 -1559 2102 -4053 END
START -3024 -940 15552 -1685 2653 -4209 END
START -2908 -1060 16068 -1844 3115 -4365 END
START -2884 -1080 16364 -2010 3487 -4464 END
START -2860 -696 16768 -2222 3754 -4567 END
START -2720 -440 17184 -2408 3937 -4609 END
START -2688 -188 17516 -2601 3965 -4576 END
START -2440 216 17440 -2801 3934 -4437 END
START -2452 544 17336 -3016 3880 -4323 END
START -2416 688 17192 -3225 3770 -4139 END
START -2256 996 16932 -3338 3627 -3877 END
START -2184 980 16740 -3404 3474 -3580 END
START -1948 1004 16344 -3433 3390 -3312 END
START -1896 1072 16216 -3304 3263 -2985 END
START -1804 1004 15656 -3124 3133 -2687 END
START -1716 872 15572 -2898 3012 -2267 END
START -1960 820 15508 -2618 2832 -1974 END
START -1976 780 15684 -2320 2542 -1598 END
START -2016 872 15604 -1973 2225 -1240 END
START -2192 980 15536 -1637 1927 -893 END
START -2360 1308 15300 -1356 1550 -541 END
START -2544 1372 15368 -1067 1184 -223 END
START -2616 1452 15236 -853 863 108 END
START -2636 1400 15164 -650 644 457 END
START -2788 1300 15144 -513 443 800 END
START -2952 1052 15164 -479 248 1134 END
START -2892 892 15156 -393 41 1439 END
START -2948 740 15148 -354 -134 1626 END
START -3008 488 15176 -260 -253 1749 END
START -3160 172 15224 -181 -480 1862 END
START -3368 40 15284 -38 -644 1976 END
START -3524 -36 15300 113 -823 2015 END
START -3504 -68 14888 243 -920 2016 END
START -3604 24 14872 391 -950 2059 END
START -3740 184 14724 501 -979 2071 END
START -4004 344 14784 613 -1051 2071 END
START -4292 84 14632 693 -1010 2072 END
START -4156 -176 14732 756 -946 2025 END
START -4444 -380 14560 878 -800 1923 END
START -4356 -644 14456 979 -651 1736 END
START -4312 -896 14744 1105 -446 1470 END
START -4412 -1304 14804 1096 -246 1160 END
START -4272 -1420 15000 1104 -85 749 END
START -4128 -1348 15052 987 108 364 END
START -4096 -1180 15444 836 226 20 END
START -4140 -1144 15816 646 301 -296 END
START -4000 -1076 16052 421 307 -558 END
START -3836 -1136 16160 235 242 -778 END
START -3692 -1144 16192 179 260 -996 END
START -3460 -1084 16280 99 272 -1184 END
START -3416 -1164 16276 105 225 -1357 END
START -3284 -932 16204 150 201 -1556 END
START -3188 -744 16052 189 166 -1661 END
START -2916 -632 16300 242 -28 -1746 END
START -2676 -596 16324 280 -126 -1771 END
START -2476 -136 16236 393 -323 -1733 END
START -2440 428 16484 477 -572 -1678 END
START -2096 752 16576 533 -925 -1539 END
START -1900 732 16700 599 -1182 -1304 END
START -1456 828 16608 637 -1421 -1037 END
START -1272 968 16668 646 -1620 -687 END
START -1092 1008 16596 608 -1852 -391 END
START -692 1128 16552 566 -2027 -115 END
START -624 1100 16740 526 -2180 227 END
START -612 1056 16860 473 -2357 521 END
START -292 920 16736 395 -2529 846 END
START -88 840 16708 380 -2626 1166 END
START 60 748 16756 384 -2712 1379 END
START -56 928 16676 356 -2784 1645 END
START -16 1068 16776 321 -2936 1919 END
START -168 1160 16508 330 -3027 2173 END
START -396 1228 16444 287 -3138 2394 END
START -452 1296 16484 299 -3217 2601 END
START -468 1124 16312 331 -3242 2774 END
START -524 972 16332 355 -3182 2899 END
START -520 988 16468 384 -3106 2985 END
START -704 1044 16336 336 -3031 3005 END
START -660 956 16396 237 -2960 3015 END
START -524 752 16568 74 -2838 3019 END
START -444 444 16676 -89 -2658 3010 END
START -224 440 16632 -214 -2440 2902 END
START -104 332 16592 -391 -2205 2757 END
START -136 236 16596 -585 -1918 2587 END
START -32 100 16888 -731 -1686 2434 END
START -136 84 17048 -849 -1525 2187 END
START -328 212 17348 -966 -1426 1993 END
START -232 408 17444 -1044 -1414 1753 END
START -432 548 17488 -1182 -1452 1548 END
START -328 668 17660 -1224 -1545 1413 END
START -312 796 17828 -1303 -1666 1275 END
START -168 824 17932 -1301 -1773 1168 END
START 72 964 17912 -1299 -1925 1096 END
START 340 1220 18136 -1285 -2049 1043 END
START 656 1472 17912 -1313 -2154 984 END
START 736 1912 18044 -1373 -2307 978 END
START 876 2088 18144 -1478 -2471 1074 END
START 1284 2232 18332 -1577 -2587 1217 END
START 1684 2580 18568 -1687 -2701 1420 END
START 1868 2956 18708 -1818 -2850 1682 END
START 1976 3128 18900 -2060 -3024 2032 END
START 1880 3504 18928 -2310 -3261 2374 END
START 1984 3684 18880 -2595 -3482 2738 END
START 2092 3700 18624 -2876 -3689 3138 END
START 2072 3772 18544 -3140 -3901 3493 END
START 2184 3764 18368 -3401 -4051 3906 END
START 2120 3892 18192 -3681 -4125 4274 END
START 2116 3964 18160 -3965 -4209 4639 END
START 2088 3844 17912 -4271 -4261 4943 END
START 1980 3724 17616 -4536 -4354 5228 END
START 1920 3752 17268 -4875 -4320 5523 END
START 1816 3664 17036 -5161 -4318 5785 END
START 1788 3436 16788 -5488 -4283 6002 END
START 1660 3620 16452 -5738 -4215 6211 END
START 1496 3552 16216 -5994 -4138 6416 END
START 1432 3656 15952 -6282 -4054 6647 END
START 1440 3752 15624 -6544 -3996 6838 END
START 1408 3716 15308 -6784 -3972 7105 END
START 1580 3484 14916 -7030 -3840 7346 END
START 1832 3232 14628 -7176 -3691 7579 END
START 1980 3112 14104 -7261 -3359 7851 END
START 2048 3056 13712 -7283 -3016 8066 END
START 2008 3124 13496 -7274 -2738 8308 END
START 1732 3224 13420 -7246 -2396 8506 END
START 1456 3264 13440 -7142 -2175 8724 END
START 1184 3400 13636 -7107 -2046 8952 END
START 780 3496 13384 -7090 -2018 9209 END
START 516 3532 13424 -7085 -2047 9428 END
START 292 3496 13296 -7087 -2059 9670 END
START 268 3376 13104 -7104 -2093 9916 END
START 72 3140 12920 -7073 -2078 10150 END
START -24 2860 12704 -7021 -1972 10389 END
START -100 2712 12680 -6992 -1869 10592 END
START -420 2620 12444 -6902 -1729 10779 END
START -524 2520 12492 -6865 -1621 10954 END
START -828 2432 12340 -6810 -1513 11096 END
START -928 2484 12300 -6795 -1442 11243 END
START -1272 2432 12084 -6807 -1416 11347 END
START -1336 2560 11864 -6874 -1356 11469 END
START -1600 2444 11736 -6939 -1312 11599 END
START -1528 2568 11516 -7028 -1280 11768 END
START -1612 2420 11220 -7070 -1099 11909 END
START -1764 2420 10776 -7083 -906 12019 END
START -1804 2328 10532 -7096 -660 12133 END
START -1908 2228 10132 -7016 -320 12212 END
START -2208 2292 9652 -6967 38 12565 END
START -2528 2220 9468 -6866 375 12392 END
START -2904 2352 9356 -6760 704 12789 END
START -3388 2316 9168 -6592 990 12836 END
START -3876 2280 9276 -6421 1173 12811 END
START -4388 2076 9092 -6190 1322 12786 END
START -4972 1788 9220 -5917 1410 12794 END
START -5392 1404 9344 -5591 1330 12789 END
START -5708 1072 9448 -5262 1208 12700 END
START -5832 948 9284 -4916 1088 12622 END
START -6140 628 9040 -4467 927 12669 END
START -6180 368 8892 -4051 863 12541 END
START -6264 148 8636 -3606 889 12177 END
START -6148 -12 8684 -3117 986 12013 END
START -6228 48 8504 -2692 1048 11811 END
START -6180 152 8440 -2324 1140 11645 END
START -6248 240 8480 -1991 1245 11524 END
START -6056 268 8324 -1695 1404 11447 END
START -6148 500 8496 -1477 1615 11393 END
START -6304 516 8512 -1235 1811 11394 END
START -6356 636 8668 -1065 1963 11440 END
START -6528 684 8832 -865 2112 11526 END
START -6680 728 8736 -682 2283 11583 END
START -6872 908 8604 -475 2467 11640 END
START -7140 892 8720 -265 2661 11744 END
START -7312 980 8808 -9 2802 11769 END
START -7416 848 8916 222 2913 11864 END
START -7700 752 9104 431 2996 11927 END
START -7960 772 9056 697 2985 12030 END
START -8312 788 9460 918 2927 12021 END
START -8528 548 9560 1242 2901 12015 END
START -8836 300 9732 1537 2823 12018 END
START -9080 80 9900 1917 2669 12065 END
START -9288 -324 9832 2330 2629 11963 END
START -9504 -572 10004 2738 2511 11846 END
START -9808 -584 10108 3153 2482 11670 END
START -10076 -760 9824 3545 2381 11427 END
START -10240 -860 10152 3877 2365 11150 END
START -10400 -916 9892 4195 2316 10870 END
START -10652 -876 9884 4475 2337 10523 END
START -10912 -1016 10128 4671 2462 10172 END
START -11172 -944 10428 4845 2536 9807 END
START -11260 -1120 10452 4961 2670 9429 END
START -11188 -1096 10784 5081 2846 9001 END
START -11364 -1128 10724 5112 3049 8633 END
START -11536 -1180 10948 5141 3217 8164 END
START -11792 -1140 11240 5172 3360 7787 END
START -11920 -988 11484 5176 3514 7341 END
START -12024 -1080 11900 5174 3598 6951 END
START -12196 -996 12168 5129 3549 6523 END
START -12280 -1056 12380 5135 3552 6234 END
START -12528 -1096 12424 5108 3546 5842 END
START -12548 -1224 12616 5119 3535 5493 END
START -12888 -1232 12764 5157 3476 5105 END
START -12920 -1376 12752 5197 3482 4689 END
START -12980 -1572 12784 5278 3514 4326 END
START -13116 -1736 12888 5381 3572 3851 END
START -13240 -1852 12848 5469 3581 3472 END
START -13228 -1816 12956 5547 3562 3000 END
START -13392 -1668 13152 5639 3548 2565 END
START -13400 -1872 13144 5697 3549 2146 END
START -13448 -1996 13220 5776 3504 1719 END
START -13352 -2024 13184 5891 3498 1337 END
START -13364 -2064 13480 6006 3468 900 END
START -13404 -2276 13484 6124 3429 456 END
START -13324 -2364 13680 6251 3350 9 END
START -13196 -2300 13716 6419 3312 -451 END
START -13228 -2072 14128 6544 3223 -893 END
START -13096 -1892 14156 6675 3088 -1382 END
START -13064 -1436 14204 6722 2927 -1782 END
START -13084 -1220 14620 6779 2746 -2135 END
START -12976 -1028 14720 6804 2538 -2408 END
START -12812 -1004 14764 6821 2385 -2640 END
START -12788 -1028 14992 6834 2200 -2866 END
START -12728 -1044 15028 6887 2038 -3113 END
START -12652 -1004 14924 6953 1916 -3344 END
START -12620 -964 14956 7063 1733 -3593 END
START -12508 -1028 14816 7169 1672 -3842 END
START -12420 -1024 14756 7264 1652 -4146 END
START -12384 -1052 14836 7330 1578 -4445 END
START -12340 -992 14576 7366 1557 -4743 END
START -12288 -828 14652 7393 1521 -5053 END
START -12472 -860 14736 7451 1429 -5388 END
START -12276 -816 14812 7491 1360 -5725 END
START -12072 -948 14892 7520 1345 -6063 END
START -11960 -888 14800 7559 1306 -6408 END
START -11760 -1020 14856 7597 1273 -6768 END
START -11724 -948 14780 7588 1281 -7181 END
START -11460 -836 14652 7589 1276 -7598 END
START -11456 -956 14800 7568 1305 -8061 END
START -11420 -912 14600 7581 1324 -8519 END
START -11396 -816 14620 7571 1352 -9030 END
START -11356 -744 14580 7566 1336 -9556 END
START -11312 -704 14616 7554 1306 -10021 END
START -11192 -520 14652 7615 1285 -10567 END
START -11128 -340 14548 7621 1174 -11084 END
START -11132 -304 14628 7686 1127 -11594 END
START -10960 -144 14624 7763 1121 -12098 END
START -10948 -124 14544 7803 1126 -12663 END
START -10524 108 14528 7846 1094 -13187 END
START -10292 440 14344 7817 1186 -13699 END
START -10084 796 14436 7682 1219 -14169 END
START -9724 1056 14372 7588 1282 -14557 END
START -9424 1144 14300 7495 1309 -14997 END
START -9280 1276 14204 7364 1361 -15358 END
START -9016 1444 14204 7295 1360 -15749 END
START -8648 1780 13988 7240 1371 -16041 END
START -8360 2044 14192 7245 1386 -16379 END
START -7968 2112 14264 7154 1322 -16598 END
START -7564 2432 14536 7113 1214 -16784 END
START -7196 2836 14480 7036 1136 -16868 END
START -6892 3124 14660 6932 905 -16955 END
START -6648 3396 14780 6839 669 -16919 END
START -6320 3556 14812 6785 371 -16926 END
START -5916 3724 15004 6711 -26 -16905 END
START -5720 3680 14936 6689 -353 -16866 END
START -5368 3568 14844 6766 -808 -16827 END
START -5124 3728 14608 6828 -1151 -16803 END
START -4820 3776 14124 7018 -1510 -16783 END
START -4616 3868 13844 7172 -1797 -16739 END
START -4536 4052 13464 7395 -2064 -16721 END
START -4284 4196 13324 7613 -2276 -16752 END
START -4144 4184 12692 7835 -2456 -16746 END
START -3980 4380 12372 8028 -2576 -16775 END
START -3528 4520 12112 8219 -2545 -16786 END
START -3216 4616 11640 8406 -2411 -16770 END
START -3012 4668 11456 8498 -2247 -16783 END
START -2852 4756 11236 8597 -1996 -16771 END
START -2812 4672 11368 8671 -1770 -16825 END
START -2784 4740 11276 8753 -1490 -16856 END
START -2772 4836 11180 8804 -1252 -16915 END
START -2852 4944 11232 8934 -1051 -16982 END
START -2668 5100 11212 9054 -906 -17053 END
START -2676 5292 11292 9192 -740 -17114 END
START -2128 5272 11280 9307 -477 -17172 END
START -1864 5352 11296 9362 -149 -17213 END
START -1764 5400 11312 9403 110 -17177 END
START -1596 5504 11448 9405 407 -17220 END
START -1628 5664 11684 9350 625 -17222 END
START -1572 5764 12020 9316 735 -17230 END
START -1584 5892 12296 9254 695 -17286 END
START -1640 5904 12300 9203 730 -17323 END
START -1360 6092 12496 9166 684 -17373 END
START -1076 6280 12664 9107 557 -17362 END
START -676 6476 12632 9065 504 -17378 END
START -456 6916 12480 8953 415 -17297 END
START -4 7416 12360 8884 380 -17149 END
START 512 7540 12332 8773 381 -16929 END
START 880 7908 12120 8682 355 -16646 END
START 1436 7980 11932 8665 389 -16296 END
START 1820 8156 11900 8662 434 -15915 END
START 2016 8248 11836 8730 465 -15514 END
START 2020 8464 11812 8880 468 -15067 END
START 2336 8604 11884 9058 402 -14627 END
START 2428 8592 11940 9307 292 -14200 END
START 2360 8676 12160 9629 139 -13751 END
START 2376 8772 12284 9930 -70 -13347 END
START 2388 9000 12420 10306 -317 -12926 END
START 2568 9144 12568 10614 -685 -12502 END
START 2572 9176 12852 10991 -998 -11998 END
START 2608 9284 12964 11369 -1318 -11539 END
START 2648 9388 13192 11706 -1683 -11017 END
START 2772 9420 13088 11993 -2019 -10521 END
START 2968 9548 13044 12215 -2289 -10053 END
START 3016 9700 12892 12139 -2386 -9596 END
START 3100 9784 12732 12297 -2372 -9216 END
START 3192 9748 12640 12517 -2289 -8861 END
START 3328 9800 12700 12684 -2091 -8570 END
START 3360 9812 12904 12915 -1862 -8303 END
START 3628 9908 13228 12954 -1572 -8051 END
START 3676 9916 13544 12937 -1246 -7810 END
START 3760 9916 13880 12926 -948 -7577 END
START 3772 9984 14476 12776 -720 -7336 END
START 3880 9972 14908 12621 -512 -7065 END
START 3952 10036 15084 12081 -342 -6805 END
START 4180 10136 15404 11950 -157 -6517 END
START 4316 10344 15744 11923 59 -6218 END
START 4324 10492 15848 11399 222 -5944 END
START 4272 10748 15824 11223 403 -5584 END
START 4200 10924 16244 10853 523 -5140 END
START 4352 10992 16356 10598 684 -4648 END
START 4424 11088 16420 10342 727 -4139 END
START 4504 11056 16220 10175 796 -3654 END
START 4428 11056 16240 9992 869 -3170 END
START 4408 11112 16072 9868 979 -2725 END
START 4192 11148 16148 9792 1029 -2247 END
START 4084 11228 16068 9766 1092 -1783 END
START 3892 11252 16436 9773 1113 -1336 END
START 3504 11132 16620 9805 989 -867 END
START 3204 11196 16868 9853 824 -463 END
START 2900 11020 17024 9929 625 -72 END
START 2928 10904 16968 10063 429 280 END
START 2940 10848 17136 10220 247 575 END
START 2780 10744 16920 10345 33 900 END
START 2876 10824 17136 10489 -82 1185 END
START 2972 10928 17000 10530 -188 1533 END
START 3096 11252 17272 10512 -186 1835 END
START 3116 11296 17232 10445 -141 2184 END
START 3240 11352 17340 10348 -142 2546 END
START 3356 11468 17528 10169 -12 2903 END
START 3528 11376 17620 9934 188 3304 END
START 3728 11020 17724 9705 451 3649 END
START 3764 10976 17888 9459 751 3984 END
START 3924 10908 18036 9126 1079 4287 END
START 3716 10876 18040 8730 1426 4608 END
START 3772 10824 18240 8281 1820 4909 END
START 3768 10904 18408 7786 2196 5226 END
START 3708 10916 18296 7296 2607 5542 END
START 3520 11004 18464 6739 3041 5897 END
START 3448 11020 18348 6233 3440 6246 END
START 3180 11140 18556 5713 3840 6620 END
START 2984 11000 18764 5289 4191 7012 END
START 2740 10996 18720 4867 4447 7377 END
START 2264 10808 19068 4523 4632 7802 END
START 1820 10740 19368 4250 4693 8220 END
START 1500 10768 19372 4034 4630 8650 END
START 1136 10560 19504 3887 4507 9132 END
START 792 10424 19628 3833 4292 9561 END
START 448 10220 19948 3818 4054 9995 END
START 80 10008 19948 3867 3797 10410 END
START -372 9892 20228 3956 3453 10785 END
START -672 9680 20356 4099 3110 11124 END
START -932 9500 20492 4182 2700 11442 END
START -1176 9480 20360 4241 2339 11742 END
START -1344 9196 20492 4272 1978 11891 END
START -1444 9092 20592 4276 1635 12142 END
START -1488 9004 20632 4200 1361 12348 END
START -1324 8980 20664 4093 1150 12329 END
START -1264 9112 20672 3913 960 12512 END
START -1072 9160 20504 3721 894 12588 END
START -664 9192 20220 3373 894 12766 END
START -624 9176 20196 3047 1036 12816 END
START -552 9108 20228 2701 1175 12854 END
START -484 9540 20116 2476 1448 13015 END
START -348 9496 20168 2151 1738 13331 END
START -296 9544 20020 1835 1999 13579 END
START -204 9556 20104 1382 2284 13666 END
START -228 9424 20212 887 2501 13817 END
START -336 9364 20356 372 2676 13920 END
START -528 9512 20484 -111 2815 14067 END
START -532 9528 20712 -541 2964 14229 END
START -856 9524 20656 -953 3077 14449 END
START -1040 9448 20916 -1309 3166 14707 END
START -1508 9376 21172 -1615 3205 14968 END
START -1720 9240 21132 -1897 3205 15290 END
START -2044 9132 21300 -2223 3178 15536 END
START -2108 8916 21388 -2514 3100 15779 END
START -2288 8732 21172 -2802 3060 16019 END
START -2432 8544 21060 -3070 3002 16182 END
START -2588 8504 20980 -3312 2987 16385 END
START -2904 8532 20668 -3549 3009 16564 END
START -3044 8460 20612 -3780 3125 16726 END
START -3092 8448 20516 -4044 3190 16907 END
START -3308 8380 20624 -4299 3281 17091 END
START -3580 8228 20468 -4569 3352 17272 END
START -3768 8088 20640 -4847 3423 17425 END
START -4096 8092 20776 -5120 3479 17563 END
START -4440 7828 20980 -5335 3413 17695 END
START -4548 7716 21012 -5559 3334 17822 END
START -4724 7612 21296 -5729 3230 17866 END
START -5008 7528 21340 -5865 2982 17950 END
START -5432 7280 21524 -5998 2739 18028 END
START -5656 7168 21396 -6167 2472 18086 END
START -5756 7012 21520 -6312 2174 18140 END
START -6148 6852 21388 -6497 1910 18169 END
START -6324 6600 21448 -6633 1670 18168 END
START -6712 6380 21120 -6809 1488 18075 END
START -7036 6104 21120 -6890 1389 18025 END
START -7300 5960 21104 -6961 1328 17897 END
START -7580 5624 21100 -7048 1288 17799 END
START -7984 5508 21264 -7196 1160 17640 END
START -8108 5380 21296 -7349 1155 17505 END
START -8336 5292 21336 -7550 1120 17339 END
START -8572 5088 21452 -7787 1094 17152 END
START -8616 5072 21264 -8118 1084 16941 END
START -9024 4908 21088 -8447 1148 16731 END
START -9224 4604 21176 -8808 1230 16480 END
START -9460 4420 21108 -9177 1409 16204 END
START -9712 4028 20896 -9567 1592 15920 END
START -9968 3772 20816 -9957 1836 15582 END
START -10288 3532 20712 -10386 2128 15191 END
START -10652 3384 20444 -10812 2457 14750 END
START -11068 3020 20368 -11239 2859 14245 END
START -11224 2604 20252 -11659 3178 13737 END
START -11576 2260 20232 -12024 3554 13163 END
START -12216 1956 20156 -12356 3865 12498 END
START -12628 1576 20220 -12673 4069 11842 END
START -13284 1188 20220 -12854 4203 11179 END
START -13856 760 20148 -13077 4247 10400 END
START -14344 332 20268 -13163 4198 9563 END
START -14992 120 20136 -13246 4091 8678 END
START -15304 -36 20136 -13323 3889 7796 END
START -15884 -8 20056 -13417 3508 6814 END
START -15968 8 19908 -13487 3060 5966 END
START -16108 -100 19816 -13554 2624 5076 END
START -15852 -424 19508 -13557 2246 4291 END
START -15644 -608 19408 -13495 1865 3626 END
START -15380 -908 19124 -13410 1580 2979 END
START -15184 -764 19180 -13291 1302 2379 END
START -15056 -608 19172 -13226 972 1837 END
START -14956 -500 19108 -13154 644 1307 END
START -14892 -432 19048 -13111 267 812 END
START -14736 -304 18828 -13119 -162 345 END
START -14652 -468 18688 -13094 -573 -25 END
START -14488 -332 18284 -13093 -942 -425 END
START -14436 -216 18068 -13047 -1303 -820 END
START -14304 36 17804 -12996 -1562 -1153 END
START -14316 196 17504 -12919 -1832 -1548 END
START -14172 264 17292 -12844 -2109 -1891 END
START -14140 396 16948 -12749 -2447 -2218 END
START -14124 404 16656 -12679 -2777 -2506 END
START -14072 392 16636 -12536 -3127 -2740 END
START -13788 500 16240 -12392 -3455 -3008 END
START -13552 636 15992 -12208 -3793 -3244 END
START -13564 688 15724 -11987 -4076 -3448 END
START -13492 768 15356 -11772 -4418 -3635 END
START -13476 880 15276 -11580 -4758 -3740 END
START -13520 736 15144 -11315 -5142 -3902 END
START -13380 696 14804 -11047 -5494 -4035 END
START -13452 436 14652 -10709 -5887 -4242 END
START -13532 444 14404 -10295 -6274 -4460 END
START -13372 372 14052 -9875 -6663 -4699 END
START -13240 304 13788 -9411 -7014 -4926 END
START -12980 380 13708 -8999 -7372 -5177 END
START -12896 456 13332 -8567 -7569 -5422 END
START -12756 372 13044 -8154 -7753 -5677 END
START -12484 528 12768 -7790 -7868 -5979 END
START -12688 564 12632 -7472 -8047 -6206 END
START -12508 808 12328 -7131 -8138 -6489 END
START -12572 876 12188 -6824 -8166 -6751 END
START -12500 852 11824 -6524 -8080 -7071 END
START -12392 864 11564 -6212 -7919 -7403 END
START -12304 952 11440 -5904 -7738 -7766 END
START -12288 1044 11384 -5565 -7534 -8078 END
START -12120 1064 11360 -5287 -7323 -8379 END
START -12164 1180 11692 -5041 -7158 -8659 END
START -12284 1304 11720 -4824 -6965 -9000 END
START -12112 1344 12032 -4632 -6852 -9309 END
START -12136 1188 12204 -4394 -6768 -9637 END
START -12112 1176 12372 -4203 -6652 -10012 END
START -12044 1188 12560 -4047 -6508 -10433 END
START -11936 1228 12672 -3933 -6442 -10834 END
START -11824 1276 12824 -3881 -6267 -11280 END
START -11544 1360 12416 -3844 -6076 -11779 END
START -11288 1492 12168 -3835 -5794 -12219 END
START -10868 1572 12204 -3793 -5369 -12684 END
START -10620 1752 12044 -3782 -4867 -13147 END
START -10164 1912 11984 -3755 -4397 -13563 END
START -10004 2208 12368 -3793 -3971 -14029 END
START -9668 2432 12440 -3827 -3596 -14409 END
START -9208 2732 12816 -3834 -3294 -14755 END
START -8860 2992 13056 -3935 -2978 -14956 END
START -8364 3448 13220 -4010 -2717 -15072 END
START -8120 3832 13572 -4105 -2590 -15140 END
START -7612 4056 13940 -4219 -2508 -15062 END
START -7196 4044 14164 -4382 -2464 -15011 END
START -6940 4140 14284 -4479 -2450 -14839 END
START -6696 4100 14468 -4555 -2555 -14641 END
START -6484 4148 14248 -4571 -2655 -14416 END
START -6292 4168 14132 -4514 -2773 -14127 END
START -6276 4080 14100 -4446 -2917 -13892 END
START -6172 3992 14056 -4280 -3123 -13689 END
START -6132 3680 13804 -4019 -3383 -13489 END
START -5880 3444 13836 -3686 -3687 -13317 END
START -5704 3208 13528 -3356 -3871 -13182 END
START -5408 3076 13308 -2900 -4050 -13069 END
START -5080 3016 12988 -2422 -4290 -12962 END
START -4788 2976 13040 -2017 -4440 -12862 END
START -4472 2944 12748 -1631 -4464 -12797 END
START -4060 2876 12536 -1277 -4443 -12716 END
START -3612 2892 12280 -974 -4305 -12695 END
START -3224 2680 12224 -727 -4032 -12640 END
START -2860 2556 12152 -556 -3644 -12661 END
START -2516 2592 12004 -372 -3192 -12707 END
START -2324 2688 11940 -277 -2676 -12767 END
START -2104 2792 12064 -254 -2087 -12823 END
START -1756 3064 12200 -269 -1586 -12865 END
START -1656 3044 12416 -374 -1080 -12888 END
START -1584 3292 12688 -463 -576 -12852 END
START -1396 3480 13040 -616 -159 -12771 END
START -1340 3712 13296 -748 205 -12668 END
START -1488 3768 13620 -847 512 -12547 END
START -1480 3892 13776 -920 825 -12486 END
START -1600 3952 14156 -933 1027 -12377 END
START -1612 3896 14492 -904 1198 -12348 END
START -1696 3912 14788 -898 1330 -12290 END
START -1764 3888 15196 -903 1354 -12268 END
START -1744 3944 15412 -840 1301 -12265 END
START -1876 4044 15776 -820 1242 -12281 END
START -1916 4100 16128 -818 986 -12303 END
START -1584 4096 16176 -826 728 -12351 END
START -1428 4180 16372 -786 462 -12398 END
START -1140 4200 16472 -809 206 -12376 END
START -704 4388 16524 -820 -64 -12352 END
START -300 4468 16568 -879 -326 -12255 END
START 20 4720 16628 -890 -608 -12189 END
START 480 4872 16716 -975 -827 -12034 END
START 920 5068 16632 -1091 -994 -11893 END
START 1412 5352 16472 -1227 -1163 -11649 END
START 1888 5380 16388 -1315 -1242 -11403 END
START 2328 5412 16328 -1426 -1312 -11149 END
START 2832 5332 16312 -1460 -1334 -10867 END
START 3492 5404 16080 -1543 -1293 -10607 END
START 3892 5448 16128 -1603 -1168 -10332 END
START 4488 5480 16048 -1685 -923 -10035 END
START 4708 5664 16004 -1815 -658 -9710 END
START 5100 5932 16116 -2042 -456 -9381 END
START 5360 6152 16156 -2287 -126 -8994 END
START 5616 6252 16044 -2649 179 -8589 END
START 5716 6520 15896 -3039 610 -8229 END
START 5976 6672 15916 -3427 963 -7859 END
START 5956 6864 16024 -3819 1359 -7515 END
START 5996 7048 16040 -4201 1779 -7139 END
START 6096 7104 16088 -4567 2139 -6802 END
START 5964 7020 16264 -4932 2498 -6401 END
START 6020 7220 16228 -5218 2767 -6046 END
START 5696 7168 16072 -5477 2984 -5666 END
START 5528 7084 16172 -5709 3145 -5328 END
START 5340 7024 16188 -5836 3276 -5029 END
START 5032 6872 16088 -5867 3321 -4732 END
START 4892 6848 16232 -5815 3327 -4490 END
START 4696 6784 16132 -5723 3197 -4246 END
START 4552 6796 16212 -5576 3065 -4004 END
START 4396 6796 16124 -5413 2886 -3738 END
START 4416 6756 16160 -5252 2624 -3472 END
START 4520 6716 16280 -5062 2338 -3171 END
START 4508 6824 16200 -4927 2050 -2858 END
START 4676 6588 16172 -4749 1761 -2528 END
START 4752 6548 16156 -4612 1471 -2238 END
START 4952 6428 16020 -4471 1178 -1845 END
START 4896 6356 16028 -4372 931 -1548 END
START 5144 6428 15788 -4260 713 -1224 END
START 5228 6320 15504 -4195 587 -892 END
START 5140 6412 15532 -4154 431 -636 END
START 5188 6340 15392 -4087 318 -275 END
START 5112 6224 15484 -4083 149 -7 END
START 5216 6220 15408 -4070 98 327 END
START 5184 6080 15232 -4061 -58 640 END
START 5100 6076 14808 -4046 -76 932 END
START 5188 6052 14860 -4045 -83 1141 END
START 5192 6032 14452 -4053 -84 1395 END
START 5224 5932 14352 -4080 -18 1655 END
START 5404 5972 14088 -4144 157 1902 END
START 5264 6044 13804 -4270 451 2120 END
START 5236 6196 13592 -4450 808 2401 END
START 5068 6188 13480 -4649 1172 2628 END
START 4996 6016 13580 -4903 1550 2868 END
START 5000 5984 13596 -5188 1871 3070 END
START 4756 5976 13860 -5517 2204 3262 END
START 4536 5964 13744 -5868 2362 3456 END
START 4296 5836 13684 -6138 2552 3651 END
START 4280 5772 13724 -6405 2688 3833 END
START 4036 5788 13440 -6653 2750 3975 END
START 3796 5752 13496 -6787 2799 4172 END
START 3808 5676 13248 -6933 2809 4362 END
START 3684 5660 13160 -6940 2722 4630 END
START 3504 5576 13148 -6971 2637 4884 END
START 3348 5492 13032 -6911 2484 5171 END
START 3236 5596 12884 -6804 2368 5466 END
START 3028 5680 12540 -6737 2263 5793 END
START 2948 5576 12464 -6636 2092 6136 END
START 2788 5716 12104 -6520 1964 6533 END
START 2576 5528 11988 -6402 1927 6920 END
START 2512 5588 11700 -6268 1852 7344 END
START 2244 5388 11556 -6132 1798 7696 END
START 2232 5408 11312 -5970 1813 8170 END
START 1828 5276 11132 -5785 1910 8592 END
START 1496 5120 11268 -5590 1876 9070 END
START 1020 4920 11332 -5351 1865 9529 END
START 712 4800 11352 -5137 1724 9967 END
START 292 4504 11616 -4812 1573 10406 END
START -148 4196 11656 -4510 1274 10846 END
START -368 3868 11736 -4138 949 11240 END