START -1152 2700 13508 -1526 -818 1047 END
START -1544 3800 15968 -2079 -1624 880 END
START 128 1972 7504 -2585 -786 872 END
START 392 2772 9784 -3197 281 757 END
START 96 3084 10816 -3638 1230 599 END
START -852 3120 11144 -4144 2188 453 END
START -1740 2976 11616 -4632 2811 246 END
START -2360 2956 11624 -5081 3240 20 END
START -2688 3000 11724 -5472 3682 -159 END
START -3012 2820 11528 -5794 4206 -284 END
START -3332 2644 11492 -6035 4774 -411 END
START -3644 2140 11576 -6195 5317 -516 END
START -3996 1660 11752 -6294 5776 -733 END
START -4396 1268 11944 -6353 6096 -1047 END
START -5028 972 12272 -6375 6216 -1418 END
START -5440 776 12360 -6325 6193 -1873 END
START -5612 364 12708 -6167 5924 -2399 END
START -5536 -96 13088 -6020 5612 -2956 END
START -5484 -336 13392 -5753 5219 -3511 END
START -5288 -380 13564 -5393 4823 -3979 END
START -5176 -380 13740 -5054 4274 -4463 END
START -5020 -452 13992 -4640 3741 -4832 END
START -4804 -324 14060 -4248 3130 -5143 END
START -4516 -300 14192 -3871 2498 -5313 END
START -4040 -288 14236 -3442 1957 -5432 END
START -3728 -568 14068 -3047 1468 -5398 END
START -3332 -508 14032 -2557 1055 -5306 END
START -3044 -296 13896 -2005 722 -5059 END
START -2700 -172 13576 -1489 583 -4699 END
START -2528 48 13352 -945 533 -4265 END
START -2528 4 13256 -398 600 -3834 END
START -2396 148 13076 88 719 -3318 END
START -2324 16 13108 521 802 -2826 END
START -2348 -224 13200 930 890 -2339 END
START -2296 -296 13328 1221 883 -1953 END
START -2536 -324 13436 1509 872 -1580 END
START -2396 -604 13724 1663 866 -1212 END
START -2524 -848 13864 1757 832 -989 END
START -2580 -1136 14072 1827 772 -796 END
START -2540 -1304 14160 1914 694 -637 END
START -2352 -1652 14140 1967 807 -569 END
START -2392 -1976 14376 2075 906 -544 END
START -2436 -1928 14320 2197 1025 -513 END
START -2576 -1976 14404 2310 1177 -535 END
START -2792 -1872 14660 2437 1287 -624 END
START -2928 -1856 14988 2470 1383 -659 END
START -3096 -1748 15288 2527 1447 -823 END
START -3428 -1580 15632 2499 1422 -924 END
START -3556 -1436 16132 2458 1310 -1127 END
START -3724 -1264 16364 2409 1201 -1327 END
START -3904 -1292 16608 2330 1025 -1526 END
START -3812 -1248 17196 2249 876 -1803 END
START -3628 -1276 17632 2195 776 -2036 END
START -3656 -1384 17812 2063 680 -2263 END
START -3340 -1216 18008 1859 545 -2462 END
START -3188 -1148 18152 1608 479 -2649 END
START -3016 -808 18384 1280 369 -2835 END
START -3004 -200 18556 942 273 -2941 END
START -2712 408 18816 642 195 -2976 END
START -2528 808 18788 314 192 -2900 END
START -2304 1080 19040 21 183 -2798 END
START -2084 1220 18928 -223 267 -2649 END
START -1772 1328 19120 -603 299 -2425 END
START -1776 1376 19208 -871 254 -2226 END
START -1560 1516 19236 -1196 235 -2072 END
START -1148 1320 19404 -1519 233 -1951 END
START -900 1316 19360 -1767 214 -1818 END
START -660 1316 19192 -2021 233 -1701 END
START -372 1524 19280 -2213 200 -1551 END
START -256 1488 19436 -2404 167 -1378 END
START -220 1572 19436 -2507 102 -1158 END
START -76 1592 19264 -2661 62 -868 END
START -16 1464 19152 -2733 26 -604 END
START 112 1332 19288 -2803 -63 -330 END
START 340 1256 19012 -2883 -120 -72 END
START 388 1180 19016 -2953 -149 145 END
START 420 1032 18620 -3035 -200 363 END
START 420 680 18608 -3002 -287 504 END
START 356 444 18496 -2896 -369 666 END
START 400 312 18620 -2675 -400 740 END
START 216 268 18540 -2444 -489 819 END
START 216 332 18420 -2227 -601 942 END
START 220 416 18492 -2028 -680 1044 END
START 160 484 18596 -1836 -843 1184 END
START 184 608 18316 -1693 -1018 1345 END
START 348 652 18360 -1633 -1124 1447 END
START 472 520 18352 -1662 -1222 1572 END
START 720 472 18184 -1708 -1312 1685 END
START 704 444 18128 -1782 -1393 1730 END
START 772 364 18060 -1860 -1470 1812 END
START 856 380 17872 -1948 -1518 1877 END
START 988 500 17644 -2049 -1540 1942 END
START 948 516 17512 -2080 -1564 2021 END
START 1056 540 17464 -2178 -1541 2116 END
START 1180 668 17192 -2187 -1561 2187 END
START 888 712 17176 -2198 -1536 2266 END
START 964 696 17004 -2222 -1594 2329 END
START 1032 748 16928 -2255 -1578 2377 END
START 1232 864 16504 -2292 -1624 2440 END
START 1396 952 16264 -2316 -1602 2422 END
START 1548 980 16256 -2398 -1585 2482 END
START 1616 1160 15936 -2461 -1527 2501 END
START 1880 1452 15908 -2560 -1487 2615 END
START 1728 1552 16116 -2670 -1496 2789 END
START 1604 1732 16000 -2839 -1624 2927 END
START 1744 1852 15992 -2963 -1725 3164 END
START 1896 2104 15908 -3106 -1810 3349 END
START 1976 2188 15764 -3294 -1875 3595 END
START 2048 2328 15568 -3489 -1899 3805 END
START 2204 2356 15504 -3701 -1918 4029 END
START 2316 2324 15328 -3882 -1954 4280 END
START 2372 2328 15144 -4110 -1944 4522 END
START 2436 2172 14876 -4309 -1900 4720 END
START 2568 2268 14636 -4499 -1856 4941 END
START 2396 2268 14344 -4654 -1768 5149 END
START 2484 2316 14076 -4814 -1686 5311 END
START 2448 2224 13704 -4957 -1512 5513 END
START 2756 2132 13312 -5010 -1314 5667 END
START 2608 2112 13036 -5091 -1060 5798 END
START 2516 1888 12788 -5142 -864 5915 END
START 2296 2112 12652 -5168 -686 6005 END
START 2140 2120 12356 -5193 -537 6116 END
START 1948 2200 12144 -5224 -477 6187 END
START 1912 2164 11832 -5227 -338 6244 END
START 1752 2268 11568 -5182 -243 6362 END
START 1708 2280 11376 -5136 -80 6447 END
START 1560 2416 11124 -5039 -5 6620 END
START 1256 2492 11108 -4923 71 6793 END
START 1192 2632 11184 -4775 33 7052 END
START 676 2540 11096 -4597 53 7235 END
START 244 2512 11140 -4312 -20 7473 END
START -52 2528 10876 -4076 -104 7619 END
START -516 2448 11020 -3772 -205 7800 END
START -724 2356 10840 -3497 -382 7966 END
START -1120 2376 10880 -3186 -599 8105 END
START -1248 2432 10872 -2918 -820 8260 END
START -1556 2408 10792 -2714 -1050 8375 END
START -1864 2380 10752 -2484 -1290 8528 END
START -1932 2084 10640 -2290 -1502 8663 END
START -2176 2124 10512 -2162 -1707 8755 END
START -2256 2032 10568 -2011 -1847 8808 END
START -2356 2144 10280 -1911 -1941 8883 END
START -2524 2076 9900 -1809 -2035 8953 END
START -2760 1948 9884 -1764 -2065 8953 END
START -2848 1976 9456 -1749 -2153 9001 END
START -2896 1856 9316 -1734 -2084 8952 END
START -3152 1832 9180 -1761 -2071 8943 END
START -3224 1836 9028 -1744 -1980 8851 END
START -3360 1860 8868 -1758 -1905 8797 END
START -3432 1904 8620 -1744 -1807 8721 END
START -3340 1884 8336 -1792 -1711 8677 END
START -3484 1984 8148 -1760 -1587 8629 END
START -3440 2056 8212 -1754 -1454 8608 END
START -3364 2148 8036 -1760 -1370 8605 END
START -3436 2160 7792 -1789 -1312 8621 END
START -3524 2348 7796 -1776 -1210 8673 END
START -3484 2328 7580 -1730 -1178 8713 END
START -3436 2268 7300 -1694 -1103 8768 END
START -3408 2084 7272 -1519 -976 8799 END
START -3592 1904 6936 -1293 -902 8817 END
START -3928 1840 6776 -949 -786 8851 END
START -4196 1756 6668 -573 -708 8883 END
START -4460 1656 6700 -169 -669 8857 END
START -4712 1612 6788 294 -611 8885 END
START -4948 1472 6740 752 -653 8929 END
START -5316 1452 7012 1182 -709 8917 END
START -5688 1356 7108 1660 -824 8909 END
START -6032 1172 7384 2069 -986 8832 END
START -6392 968 7604 2508 -1174 8769 END
START -6652 928 7692 2906 -1379 8630 END
START -6852 844 7720 3283 -1539 8484 END
START -6976 616 7900 3634 -1684 8298 END
START -7052 584 7816 3933 -1813 8082 END
START -7032 488 7912 4157 -1866 7904 END
START -7080 528 7984 4341 -1891 7664 END
START -6972 644 7908 4505 -1842 7465 END
START -7036 744 7984 4611 -1776 7236 END
START -7128 684 8020 4783 -1675 7051 END
START -7220 616 8420 4888 -1589 6835 END
START -7252 636 8564 5095 -1562 6661 END
START -7152 528 8356 5279 -1489 6508 END
START -7168 584 8508 5438 -1341 6330 END
START -7048 564 8520 5568 -1226 6189 END
START -6900 572 8408 5719 -1091 6020 END
START -6980 588 8572 5816 -927 5887 END
START -7064 596 8744 5922 -784 5775 END
START -7048 604 8848 6040 -613 5618 END
START -7100 728 9004 6089 -494 5528 END
START -7168 668 9236 6165 -393 5376 END
START -7124 856 9244 6244 -302 5255 END
START -7112 916 9120 6316 -200 5154 END
START -7152 988 9432 6424 -104 5080 END
START -7172 1036 9352 6458 39 5031 END
START -7284 1008 9380 6577 102 4943 END
START -7396 924 9408 6666 193 4906 END
START -7600 972 9436 6842 297 4827 END
START -7756 776 9696 6993 392 4768 END
START -8124 552 9920 7248 463 4668 END
START -8548 400 10344 7557 517 4522 END
START -8756 336 10776 7839 444 4386 END
START -9184 304 11172 8193 320 4176 END
START -9428 324 11376 8523 101 3970 END
START -9652 328 11736 8866 -133 3732 END
START -9732 408 12044 9221 -342 3503 END
START -9892 420 12392 9478 -516 3300 END
START -10024 500 12592 9802 -695 3102 END
START -10148 636 12840 10023 -836 2899 END
START -10136 668 12964 10255 -918 2726 END
START -10220 664 13232 10409 -993 2585 END
START -10212 728 13268 10534 -975 2429 END
START -10084 660 13552 10599 -927 2244 END
START -10064 472 13784 10672 -782 2055 END
START -9980 420 13828 10669 -680 1870 END
START -9884 248 14128 10673 -466 1650 END
START -9888 308 14448 10601 -224 1415 END
START -9856 144 14588 10523 -101 1184 END
START -9900 232 14828 10396 70 940 END
START -9780 224 15112 10267 236 651 END
START -9720 248 15308 10153 388 400 END
START -9688 292 15236 9980 572 161 END
START -9756 448 15432 9889 721 -131 END
START -9720 544 15740 9763 891 -360 END
START -9732 548 15812 9711 1000 -597 END
START -9912 740 16160 9715 1123 -782 END
START -9828 848 16432 9749 1280 -961 END
START -9888 832 16812 9824 1358 -1091 END
START -10116 844 17264 9942 1395 -1216 END
START -10416 864 17628 10073 1409 -1343 END
START -10656 948 18128 10162 1351 -1461 END
START -10968 1112 18480 10226 1197 -1592 END
START -11112 1216 18900 10312 1081 -1773 END
START -11364 1188 19224 10314 885 -1989 END
START -11432 1316 19676 10288 738 -2222 END
START -11656 1548 19732 10246 578 -2412 END
START -11800 1656 20044 10165 396 -2626 END
START -11904 1692 20156 10091 252 -2842 END
START -11904 1644 20396 9966 167 -3076 END
START -11836 1588 20568 9875 135 -3295 END
START -11768 1584 20572 9712 27 -3553 END
START -11536 1392 20528 9635 69 -3801 END
START -11196 1220 20748 9443 120 -4020 END
START -11028 1152 20724 9269 223 -4261 END
START -10768 936 20848 9085 292 -4517 END
START -10620 704 21124 8865 391 -4728 END
START -10544 636 21064 8666 453 -4953 END
START -10108 528 21372 8568 466 -5171 END
START -9872 500 21392 8372 529 -5378 END
START -9656 612 21560 8257 561 -5553 END
START -9500 848 21652 8139 661 -5689 END
START -9216 756 21752 8028 716 -5794 END
START -9080 704 21928 7964 817 -5883 END
START -9044 684 22144 7843 846 -5974 END
START -9052 704 22244 7680 923 -6085 END
START -8972 872 22204 7668 922 -6154 END
START -8948 960 22412 7534 924 -6257 END
START -9036 988 22448 7454 925 -6388 END
START -8980 1072 22596 7386 961 -6494 END
START -9108 1200 22780 7243 921 -6583 END
START -8932 1164 22888 7098 931 -6701 END
START -9008 1080 22932 7087 927 -6835 END
START -8960 1108 23220 6906 959 -7008 END
START -8768 1032 23268 6796 1034 -7219 END
START -8652 1000 23684 6666 1069 -7408 END
START -8492 1068 23900 6500 1121 -7611 END
START -8352 1024 24192 6298 1174 -7838 END
START -8052 812 24268 6080 1224 -8029 END
START -7808 764 24508 5838 1267 -8236 END
START -7676 904 25020 5571 1361 -8426 END
START -7424 1052 25220 5338 1433 -8614 END
START -7400 1144 25328 5011 1446 -8781 END
START -7272 1320 25840 4709 1465 -8947 END
START -7180 1540 26100 4356 1422 -9054 END
START -7016 1552 26228 4029 1355 -9173 END
START -6876 1720 26500 3660 1265 -9250 END
START -6584 1896 26796 3296 1192 -9361 END
START -6204 1976 27028 2975 1123 -9389 END
START -5904 2280 27096 2638 1068 -9416 END
START -5624 2624 27248 2307 1013 -9406 END
START -5412 2836 27252 1942 987 -9354 END
START -5176 3104 27572 1637 935 -9290 END
START -4824 3264 27820 1252 878 -9159 END
START -4656 3332 27940 907 767 -9028 END
START -4384 3356 28132 600 719 -8905 END
START -4052 3364 27996 288 615 -8797 END
START -3992 3408 28136 -12 576 -8715 END
START -3640 3432 28204 -329 548 -8638 END
START -3396 3532 28132 -601 549 -8595 END
START -3204 3640 28212 -910 556 -8528 END
START -2828 3812 28180 -1239 586 -8438 END
START -2548 4004 28096 -1613 653 -8367 END
START -2268 3944 27976 -2006 747 -8265 END
START -2060 4224 28020 -2461 821 -8149 END
START -1980 4188 27972 -2883 882 -8073 END
START -1640 4324 27756 -3367 950 -7971 END
START -1368 4396 27708 -3825 1048 -7881 END
START -1232 4396 27456 -4308 1144 -7735 END
START -1204 4596 27448 -4707 1224 -7636 END
START -1248 4672 27464 -5083 1226 -7417 END
START -1272 4912 27416 -5439 1175 -7239 END
START -1216 4948 27312 -5755 1096 -7054 END
START -1164 4928 27052 -6087 977 -6839 END
START -1148 4932 26952 -6326 869 -6698 END
START -1168 4884 26688 -6604 680 -6508 END
START -984 4820 26528 -6835 529 -6399 END
START -820 4748 26444 -7124 375 -6224 END
START -764 4632 26152 -7360 251 -6098 END
START -620 4640 25816 -7533 193 -5957 END
START -564 4588 25552 -7732 131 -5827 END
START -480 4592 25096 -7944 131 -5726 END
START -408 4780 24752 -8183 140 -5640 END
START -156 4728 24468 -8417 172 -5525 END
START -100 4660 24268 -8687 162 -5416 END
START -124 4736 24208 -8909 142 -5328 END
START -68 4844 24056 -9188 117 -5223 END
START -112 4816 23688 -9372 127 -5068 END
START -140 4804 23688 -9645 36 -4959 END
START -136 4940 23432 -9869 26 -4833 END
START -120 4900 22988 -10077 -27 -4684 END
START -200 4892 22788 -10314 0 -4549 END
START -136 4892 22476 -10524 -32 -4446 END
START -200 4896 22320 -10744 -69 -4273 END
START -124 4596 22200 -10894 -101 -4188 END
START -364 4468 22008 -11061 -190 -4016 END
START -436 4472 21660 -11181 -320 -3900 END
START -416 4504 21556 -11327 -430 -3765 END
START -592 4564 21252 -11422 -649 -3615 END
START -836 4680 20928 -11563 -824 -3470 END
START -804 4728 20376 -11665 -976 -3322 END
START -700 4588 19996 -11781 -1156 -3128 END
START -640 4492 19352 -11923 -1274 -2964 END
START -756 4336 19144 -11989 -1347 -2773 END
START -752 4236 18740 -12052 -1360 -2636 END
START -728 4036 17964 -12114 -1384 -2502 END
START -732 3968 17728 -12257 -1382 -2414 END
START -732 3820 17404 -12378 -1374 -2375 END
START -736 3596 16936 -12458 -1390 -2301 END
START -684 3588 16576 -12564 -1349 -2251 END
START -688 3508 16424 -12625 -1323 -2221 END
START -616 3428 16148 -12705 -1249 -2120 END
START -576 3404 15568 -12758 -1158 -2088 END
START -480 3360 15152 -12832 -1048 -2006 END
START -420 3396 14856 -12856 -936 -1955 END
START -420 3344 14456 -12945 -828 -1925 END
START -472 3408 14492 -12961 -768 -1811 END
START -620 3356 14052 -12975 -792 -1762 END
START -644 3284 13888 -12976 -785 -1675 END
START -748 3092 13636 -12977 -845 -1608 END
START -812 2892 13356 -12895 -825 -1535 END
START -828 2784 12968 -12762 -860 -1469 END
START -1096 2684 12624 -12635 -908 -1430 END
START -1104 2644 12300 -12500 -957 -1361 END
START -1360 2620 11872 -12434 -989 -1330 END
START -1276 2524 11636 -12279 -1068 -1305 END
START -1300 2536 11200 -12238 -1100 -1307 END
START -1216 2420 10852 -12124 -1158 -1284 END
START -1056 2456 10420 -12037 -1189 -1231 END
START -1008 2408 10048 -11901 -1142 -1162 END
START -1156 2400 9860 -11774 -1106 -1122 END
START -1196 2392 9580 -11605 -1099 -1038 END
START -1316 2248 9404 -11421 -1127 -969 END
START -1516 2264 9204 -11216 -1185 -908 END
START -1500 2184 8936 -10990 -1234 -877 END
START -1776 2024 8628 -10705 -1379 -835 END
START -1876 1996 8400 -10432 -1530 -859 END
START -1920 1852 8092 -10176 -1655 -862 END
START -2052 1864 7888 -9881 -1822 -907 END
START -2012 1768 7548 -9595 -1960 -920 END
START -1948 1708 7044 -9254 -2067 -924 END
START -1996 1772 6756 -8936 -2135 -959 END
START -1852 1680 6424 -8617 -2210 -948 END
START -2040 1636 6308 -8291 -2205 -943 END
START -1944 1716 5944 -7990 -2217 -964 END
START -1920 1716 5912 -7722 -2297 -968 END
START -1812 1796 5600 -7464 -2330 -1013 END
START -1864 1948 5380 -7227 -2377 -1050 END
START -1856 1908 5312 -7016 -2408 -1086 END
START -1468 2164 5020 -6822 -2438 -1087 END
START -1336 2204 4888 -6641 -2469 -1068 END
START -1184 2336 4664 -6470 -2536 -1028 END
START -800 2340 4436 -6282 -2580 -955 END
START -716 2372 4284 -6127 -2527 -845 END
START -428 2308 3976 -5885 -2393 -730 END
START -232 2384 3656 -5701 -2294 -585 END
START -236 2440 3340 -5477 -2157 -475 END
START 16 2384 3216 -5236 -2010 -294 END
START 64 2468 3008 -5078 -1924 -136 END
START 4 2452 2904 -4927 -1750 -10 END
START 36 2612 2772 -4784 -1671 153 END
START 36 2640 2532 -4637 -1549 310 END
START 140 2480 2596 -4471 -1466 465 END
START 28 2472 2516 -4291 -1416 608 END
START 132 2396 2456 -4088 -1371 745 END
START -44 2308 2484 -3834 -1358 889 END
START -188 2272 2276 -3600 -1333 1025 END
START -380 2204 2148 -3244 -1335 1178 END
START -608 2156 1952 -2908 -1401 1390 END
START -696 1992 1972 -2525 -1434 1540 END
START -860 1940 1724 -2099 -1444 1648 END
START -1172 1692 1620 -1658 -1443 1753 END
START -1504 1496 1328 -1207 -1512 1815 END
START -1640 1268 1360 -717 -1612 1816 END
START -1752 1160 1268 -247 -1719 1783 END
START -1932 944 992 219 -1741 1737 END
START -2348 812 844 729 -1807 1637 END
START -2496 876 792 1203 -1907 1524 END
START -2688 708 752 1693 -1930 1408 END
START -2784 620 540 2194 -1978 1289 END
START -2904 560 356 2635 -1924 1146 END
START -2888 604 316 3037 -1891 943 END
START -2800 724 132 3422 -1818 790 END
START -2528 820 72 3754 -1691 581 END
START -2484 840 36 4045 -1541 471 END
START -2292 944 168 4324 -1419 332 END
START -2276 916 224 4607 -1257 280 END
START -2192 1092 272 4856 -1103 221 END
START -1972 1128 316 5125 -962 152 END
START -1960 1272 280 5403 -808 84 END
START -1884 1308 452 5628 -633 48 END
START -1848 1488 380 5905 -548 -19 END
START -1808 1656 572 6157 -317 -39 END
START -1760 1776 484 6469 -145 -55 END
START -1836 1920 752 6818 10 -108 END
START -1660 1880 968 7103 175 -95 END
START -1568 2172 1120 7445 350 -71 END
START -1412 2304 1364 7756 547 -5 END
START -1364 2612 1688 8024 673 48 END
START -1468 2692 1880 8271 846 160 END
START -1468 3080 2060 8424 954 299 END
START -1516 3376 2376 8640 993 433 END
START -1608 3632 2936 8814 999 549 END
START -1792 3756 3180 9008 938 714 END
START -1816 3764 3332 9225 812 866 END
START -2256 3844 3832 9532 631 1018 END
START -2412 3780 4296 9937 369 1203 END
START -2512 3740 4568 10386 115 1363 END
START -2640 3796 4724 10862 -120 1507 END
START -2760 3988 4800 11382 -354 1638 END
START -2832 4236 4992 12045 -612 1780 END
START -2880 4388 5164 12351 -801 1882 END
START -2924 4520 5408 12838 -1013 2061 END
START -3144 4560 5660 13250 -1179 2181 END
START -3204 4452 5908 13609 -1353 2219 END
START -3212 4380 6196 13907 -1430 2198 END
START -3192 4168 6352 14202 -1427 2061 END
START -3148 4068 6652 14473 -1306 1900 END
START -3268 4044 6944 14638 -1203 1634 END
START -3168 4184 7136 14781 -985 1393 END
START -3056 4404 7364 14859 -711 1127 END
START -2916 4676 7724 14900 -391 904 END
START -2772 4992 8128 14892 -21 683 END
START -2692 5148 8208 14822 379 480 END
START -2376 5424 8548 14707 829 335 END
START -2200 5848 9088 14607 1267 219 END
START -2088 6040 9492 14479 1750 166 END
START -1924 6420 9996 14379 2178 151 END
START -1872 6668 10492 14274 2555 199 END
START -2152 6908 11136 14182 2902 381 END
START -2284 7240 11708 14114 3079 535 END
START -2400 7268 12160 14085 3174 799 END
START -2628 7344 12792 14063 3116 1063 END
START -2864 7288 13440 14105 3002 1343 END
START -3032 7220 13796 14181 2868 1614 END
START -3284 7152 14336 14230 2610 1875 END
START -3360 6960 14724 14286 2346 2103 END
START -3604 6764 14984 14384 1944 2259 END
START -3672 6732 15268 14435 1593 2465 END
START -3736 6624 15408 14587 1251 2645 END
START -3764 6352 15464 14706 1000 2779 END
START -3748 6144 15444 14805 832 2874 END
START -3856 5944 15560 14932 710 2966 END
START -3824 5608 15668 15034 633 3012 END
START -3684 5448 15768 15075 589 2969 END
START -3728 5292 16144 15086 570 2860 END
START -3628 5288 16152 15091 559 2728 END
START -3656 5240 16304 15099 559 2527 END
START -3564 5244 16300 15057 565 2369 END
START -3500 5248 16512 15090 620 2160 END
START -3532 5484 16684 15078 619 2005 END
START -3440 5632 16720 15087 669 1899 END
START -3292 5760 16860 15047 741 1799 END
START -3352 6088 17280 14996 793 1713 END
START -3444 6436 17708 14826 786 1614 END
START -3552 6776 17932 14665 821 1566 END
START -3620 6864 18408 14473 821 1509 END
START -3660 7144 18928 14243 838 1519 END
START -4000 7092 19236 14079 947 1597 END
START -4264 7060 19788 13954 956 1756 END
START -4504 7020 20212 13909 982 1930 END
START -4648 6920 20624 13894 899 2014 END
START -5060 6784 21048 13914 767 2104 END
START -5204 6632 21380 13866 563 2106 END
START -5336 6388 21496 13803 406 2058 END
START -5356 6232 21828 13688 280 1950 END
START -5512 6048 21980 13559 153 1800 END
START -5716 5776 22080 13431 2 1640 END
START -5472 5616 21884 13223 -99 1441 END
START -5508 5392 21956 13043 -180 1222 END
START -5348 5044 21936 12894 -154 1041 END
START -5164 4928 21996 12745 -178 796 END
START -5016 4832 22028 12598 -103 553 END
START -5024 4908 22100 12502 -84 318 END
START -4936 5004 22060 12056 -10 34 END
START -4668 5140 22284 12018 28 -155 END
START -4528 5124 22672 11990 66 -394 END
START -4288 5164 22852 11868 46 -570 END
START -4220 5300 23216 11531 -41 -663 END
START -4204 5400 23388 11297 -206 -766 END
START -4084 5604 23624 11112 -328 -769 END
START -4108 5728 23856 10924 -504 -690 END
START -4340 5832 24084 10742 -677 -523 END
START -4452 5876 24124 10633 -869 -389 END
START -4584 5884 24336 10475 -1087 -199 END
START -4876 5856 24440 10372 -1317 -53 END
START -4936 5652 24524 10271 -1577 72 END
START -5228 5376 24768 10155 -1781 143 END
START -5440 5096 24892 10057 -2034 282 END
START -5448 4940 24908 9970 -2277 285 END
START -5292 4952 24684 9706 -2401 192 END
START -5752 4428 25492 9595 -2403 133 END
START -6148 4196 25876 9631 -2603 206 END
START -6288 3888 25888 9745 -2809 256 END
START -6068 3644 25836 9847 -3039 227 END
START -5928 3444 25732 9916 -3108 92 END
START -5800 3380 25552 9910 -3109 -120 END
START -5652 3184 25552 9855 -3045 -456 END
START -5592 3084 25352 9780 -3026 -749 END
START -5188 3236 25080 9539 -2846 -1074 END
START -4792 3256 24856 9234 -2508 -1378 END
START -4648 3300 24680 8885 -2066 -1663 END
START -4492 3440 24708 8471 -1601 -1865 END
START -4436 3300 24804 8124 -1121 -2127 END
START -4400 3564 24940 7695 -640 -2343 END
START -4368 4000 25292 7358 -26 -2550 END
START -4616 4564 25244 7012 397 -2641 END
START -4648 5544 25596 6672 789 -2732 END
START -4604 6188 25740 6293 1088 -2798 END
START -4608 6816 25804 5870 1449 -2778 END
START -4740 6824 26212 5525 1721 -2651 END