START -4520 868 12916 -2296 571 -3680 END
START -2712 2292 6920 -2410 -111 -4150 END
START -2024 80 8036 -2816 623 -4606 END
START -3208 1240 10480 -3062 1427 -4895 END
START -3312 1536 11260 -3125 2513 -5213 END
START -3036 1320 11296 -3252 3449 -5409 END
START -2940 1088 11264 -3338 4121 -5568 END
START -2916 956 10896 -3499 4676 -5553 END
START -2800 932 10980 -3556 5209 -5435 END
START -2412 756 10720 -3552 5834 -5273 END
START -2184 660 10676 -3479 6545 -5038 END
START -1988 584 10972 -3234 7208 -4840 END
START -1972 532 11272 -2857 7876 -4577 END
START -1936 552 12192 -2409 8234 -4280 END
START -1992 660 13088 -1942 8324 -4057 END
START -2400 832 14176 -1382 8145 -3662 END
START -2656 864 15020 -922 7564 -3308 END
START -2984 704 15936 -450 6788 -2930 END
START -2948 588 16540 -73 5830 -2568 END
START -2832 440 16716 317 4904 -2235 END
START -2648 612 17040 684 3920 -1950 END
START -2476 752 17216 952 2961 -1623 END
START -2492 1048 17376 1093 1981 -1284 END
START -2896 1144 17632 1133 979 -919 END
START -3116 1112 17708 1118 72 -580 END
START -3360 1104 17508 1064 -761 -244 END
START -3404 812 17288 937 -1414 0 END
START -3284 700 16776 843 -1934 113 END
START -3280 384 16448 712 -2337 136 END
START -3436 140 16004 657 -2522 98 END
START -3592 12 15568 615 -2695 26 END
START -3856 -140 15448 579 -2777 -63 END
START -4104 -392 15116 625 -2792 -206 END
START -4332 -356 14996 697 -2790 -340 END
START -4528 -396 14512 718 -2709 -540 END
START -4700 -260 14512 769 -2485 -726 END
START -4808 -200 14164 802 -2237 -927 END
START -4748 -220 14044 782 -1876 -1128 END
START -4468 -304 13924 759 -1481 -1383 END
START -4412 -308 13848 753 -1011 -1556 END
START -4248 -276 13736 653 -413 -1766 END
START -4040 -296 13684 587 203 -1914 END
START -3704 -700 13756 435 833 -2105 END
START -3476 -900 14264 285 1435 -2215 END
START -3532 -888 14632 114 1926 -2384 END
START -3316 -588 15004 -66 2359 -2460 END
START -3188 -568 15444 -245 2710 -2515 END
START -3368 -584 15792 -397 2992 -2525 END
START -3176 -732 16064 -520 3237 -2486 END
START -3184 -652 16484 -679 3363 -2386 END
START -3128 -764 16796 -818 3442 -2247 END
START -3100 -884 17168 -924 3417 -2145 END
START -3184 -932 17396 -1023 3303 -2041 END
START -3224 -1084 17568 -1081 3127 -1898 END
START -3280 -1156 17608 -1030 2927 -1764 END
START -3336 -1260 17788 -911 2659 -1589 END
START -3448 -1156 18092 -743 2330 -1469 END
START -3428 -836 18128 -567 1966 -1270 END
START -3592 -600 18312 -330 1506 -1056 END
START -3716 -524 18352 -183 1111 -816 END
START -3592 -464 18632 8 672 -563 END
START -3428 -536 18736 170 224 -281 END
START -3472 -396 18676 294 -158 -48 END
START -3416 -480 18812 395 -503 232 END
START -3280 -592 18684 507 -755 446 END
START -3028 -812 18404 608 -1043 663 END
START -2996 -852 18428 720 -1162 810 END
START -2824 -880 18552 765 -1294 950 END
START -2824 -988 18440 815 -1304 1032 END
START -2872 -1072 18376 826 -1322 1112 END
START -3040 -996 18268 794 -1309 1160 END
START -3156 -948 18488 691 -1295 1147 END
START -3308 -896 18724 620 -1242 1114 END
START -3408 -828 18908 512 -1238 1065 END
START -3376 -872 18872 368 -1236 960 END
START -3112 -820 19176 219 -1201 883 END
START -3196 -876 19112 57 -1178 774 END
START -3104 -880 19180 -170 -1175 692 END
START -3020 -744 19376 -382 -1118 588 END
START -2884 -724 19420 -629 -1073 477 END
START -2744 -608 19448 -857 -1019 402 END
START -2600 -392 19116 -1076 -974 323 END
START -2472 -192 18960 -1280 -835 211 END
START -2204 -124 18732 -1477 -679 166 END
START -1876 136 18680 -1662 -608 166 END
START -1728 36 18664 -1816 -444 175 END
START -1552 -88 18512 -1953 -363 317 END
START -1304 -276 18748 -2106 -238 419 END
START -1072 -460 18572 -2189 -117 522 END
START -972 -680 18356 -2334 8 587 END
START -744 -724 18368 -2424 80 652 END
START -756 -588 18364 -2491 214 675 END
START -900 -408 18408 -2532 247 718 END
START -904 -452 18628 -2631 186 759 END
START -840 -448 18768 -2701 144 835 END
START -700 -344 19004 -2806 11 935 END
START -828 -284 18844 -2891 -142 1015 END
START -808 -276 18704 -2972 -262 1123 END
START -568 -332 18556 -3026 -429 1226 END
START -660 -176 18240 -3114 -563 1295 END
START -472 -76 17976 -3211 -668 1381 END
START -336 24 17928 -3245 -740 1473 END
START -244 180 17508 -3236 -844 1591 END
START -60 208 17396 -3325 -866 1730 END
START 52 400 17368 -3360 -908 1857 END
START 128 312 17064 -3360 -938 2059 END
START 264 380 16980 -3452 -934 2184 END
START 336 340 16808 -3485 -899 2312 END
START 456 460 16772 -3538 -944 2438 END
START 392 408 16564 -3656 -976 2526 END
START 448 580 16468 -3727 -1039 2622 END
START 492 552 16312 -3847 -1109 2689 END
START 532 560 16204 -3952 -1202 2793 END
START 496 728 16044 -4001 -1336 2872 END
START 520 824 15820 -4083 -1408 2966 END
START 516 828 15516 -4115 -1494 3057 END
START 608 924 15368 -4121 -1682 3124 END
START 676 864 14988 -4050 -1676 3225 END
START 896 1040 14664 -4011 -1696 3296 END
START 836 1076 14512 -3944 -1667 3344 END
START 732 1308 14244 -3926 -1653 3430 END
START 732 1428 14344 -3930 -1665 3530 END
START 764 1592 13944 -4009 -1665 3687 END
START 840 1740 13792 -4092 -1613 3785 END
START 908 1884 13496 -4198 -1558 3949 END
START 1044 2116 13140 -4318 -1437 4087 END
START 1020 2120 13136 -4437 -1333 4253 END
START 1100 2120 12844 -4496 -1193 4408 END
START 892 2132 12884 -4577 -1074 4596 END
START 936 2200 12664 -4636 -1028 4762 END
START 700 2320 12740 -4723 -1058 4969 END
START 548 2284 12760 -4802 -1128 5106 END
START 416 2360 12768 -4857 -1252 5333 END
START 384 2432 12432 -4834 -1397 5570 END
START 272 2472 12272 -4838 -1568 5767 END
START 148 2492 11944 -4835 -1719 5982 END
START 96 2696 11740 -4817 -1897 6228 END
START -36 2784 11304 -4773 -1966 6402 END
START -96 2584 10968 -4786 -2013 6641 END
START 12 2652 10732 -4705 -2148 6835 END
START -60 2584 10376 -4691 -2179 7042 END
START -88 2492 10052 -4619 -2218 7246 END
START -232 2504 9792 -4498 -2233 7410 END
START -308 2572 9484 -4409 -2231 7614 END
START -532 2596 9120 -4326 -2160 7777 END
START -636 2444 8924 -4194 -2214 7957 END
START -668 2320 8712 -4122 -2203 8110 END
START -828 2340 8404 -3983 -2208 8311 END
START -880 2264 8216 -3810 -2179 8432 END
START -1008 2280 7860 -3615 -2081 8536 END
START -1176 2128 7652 -3409 -2023 8642 END
START -1328 1920 7236 -3237 -1930 8702 END
START -1432 1872 7080 -2995 -1779 8787 END
START -1660 1960 6744 -2847 -1647 8822 END
START -1736 1772 6528 -2650 -1536 8814 END
START -2032 1740 6260 -2445 -1331 8791 END
START -2184 1604 5944 -2235 -1145 8795 END
START -2336 1640 5744 -1932 -929 8766 END
START -2648 1676 5440 -1663 -694 8711 END
START -2804 1784 5288 -1338 -418 8735 END
START -2860 1912 5264 -1025 -101 8745 END
START -3008 1836 4996 -699 213 8796 END
START -3280 1908 5116 -422 559 8821 END
START -3484 1740 5236 -117 821 8909 END
START -3756 1848 5440 206 1048 8981 END
START -4000 1772 5604 502 1277 9045 END
START -4224 1736 5936 782 1403 9057 END
START -4480 1484 6028 1070 1519 9095 END
START -4696 1628 6212 1307 1583 9135 END
START -5020 1688 6280 1540 1647 9158 END
START -5260 1612 6472 1749 1659 9237 END
START -5820 1676 6604 2009 1606 9331 END
START -6020 1608 6664 2228 1526 9318 END
START -6288 1512 6860 2543 1432 9374 END
START -6588 1428 6976 2895 1284 9383 END
START -6748 1216 7180 3253 1189 9405 END
START -7180 916 7208 3583 1022 9304 END
START -7396 888 7292 3969 825 9208 END
START -7576 692 7420 4293 672 9088 END
START -7704 612 7556 4627 518 8965 END
START -7680 448 7600 4945 419 8829 END
START -7848 416 7832 5250 320 8661 END
START -7932 512 7836 5535 287 8568 END
START -8036 620 8068 5809 187 8418 END
START -8096 660 8028 6011 127 8294 END
START -8120 904 8292 6159 78 8205 END
START -8208 888 8552 6324 59 8124 END
START -8284 1000 8412 6430 46 8090 END
START -8172 1076 8520 6505 64 8029 END
START -8236 860 8540 6609 108 7988 END
START -8220 836 8624 6688 193 7945 END
START -8184 800 8676 6771 317 7876 END
START -8332 680 8656 6856 439 7805 END
START -8644 872 8784 6944 654 7765 END
START -8588 884 8948 7017 743 7698 END
START -8824 832 9144 7068 958 7579 END
START -8892 916 9528 7139 1073 7497 END
START -9100 844 9572 7229 1202 7384 END
START -9280 860 9700 7310 1336 7261 END
START -9444 824 9844 7400 1392 7066 END
START -9644 932 9972 7517 1483 6879 END
START -9884 980 10056 7667 1546 6666 END
START -10248 968 10424 7829 1576 6476 END
START -10512 976 10672 7962 1580 6267 END
START -10676 820 10868 8145 1547 6053 END
START -10844 824 11236 8338 1480 5757 END
START -11156 816 11616 8505 1305 5485 END
START -11396 812 11936 8680 1135 5132 END
START -11528 584 12192 8867 879 4837 END
START -11572 576 12300 9037 639 4449 END
START -11440 544 12504 9251 409 4088 END
START -11400 484 12700 9412 232 3726 END
START -11380 472 13020 9585 80 3352 END
START -11280 560 13024 9676 -103 3007 END
START -11124 516 13088 9770 -196 2732 END
START -10948 556 13068 9810 -329 2419 END
START -10884 616 13148 9892 -309 2153 END
START -10740 584 13080 9983 -325 1845 END
START -10628 540 13272 10057 -179 1564 END
START -10508 532 13440 10122 -143 1292 END
START -10488 600 13536 10240 -24 1028 END
START -10436 928 13516 10321 87 824 END
START -10212 1148 13784 10418 191 665 END
START -10208 1368 14000 10493 327 517 END
START -10152 1440 14452 10485 446 466 END
START -10192 1628 14564 10526 506 364 END
START -10260 1740 15084 10503 551 282 END
START -10268 1604 15376 10459 554 187 END
START -10372 1632 15624 10478 539 78 END
START -10408 1728 15848 10460 518 -10 END
START -10424 1664 16188 10458 479 -85 END
START -10696 1732 16356 10513 373 -184 END
START -10744 1740 16552 10564 269 -270 END
START -11132 1476 16916 10593 89 -371 END
START -11172 1464 17028 10709 -14 -499 END
START -11288 1356 17044 10781 -190 -674 END
START -11328 1148 17044 10901 -314 -904 END
START -11212 1080 17372 11011 -464 -1147 END
START -11252 948 17476 11107 -505 -1412 END
START -11204 948 17476 11130 -614 -1728 END
START -10976 1028 17508 11110 -639 -2002 END
START -10924 1080 17636 11068 -684 -2252 END
START -10756 1024 17892 11016 -738 -2528 END
START -10528 980 18004 10959 -730 -2720 END
START -10408 972 18032 10864 -691 -2876 END
START -10244 1048 18276 10782 -635 -3042 END
START -10176 1328 18384 10694 -558 -3158 END
START -10096 1336 18496 10620 -441 -3233 END
START -10004 1364 18436 10473 -284 -3307 END
START -9884 1344 18664 10315 -143 -3411 END
START -9904 1344 18640 10180 52 -3513 END
START -9960 1356 18948 10021 164 -3657 END
START -10096 1368 19268 9852 258 -3741 END
START -10220 1416 19336 9716 337 -3869 END
START -10472 1416 19508 9591 279 -3974 END
START -10580 1244 20028 9510 201 -4073 END
START -10700 1032 20168 9450 80 -4206 END
START -10512 740 20180 9424 -73 -4364 END
START -10520 444 20556 9418 -252 -4577 END
START -10192 256 20612 9456 -436 -4864 END
START -9804 72 20648 9432 -603 -5135 END
START -9552 20 20812 9445 -755 -5398 END
START -9168 100 20828 9383 -920 -5620 END
START -8736 280 21080 9336 -1021 -5800 END
START -8260 568 21028 9248 -1113 -5928 END
START -8040 844 21088 9113 -1108 -5942 END
START -7840 1292 21104 8981 -1063 -5936 END
START -7592 1520 21160 8845 -915 -5902 END
START -7332 1656 21340 8679 -707 -5851 END
START -7136 1796 21568 8538 -476 -5740 END
START -7072 1936 21764 8313 -186 -5664 END
START -7116 2164 22156 8105 10 -5534 END
START -7220 2260 22464 7882 166 -5401 END
START -7492 2504 22912 7625 282 -5229 END
START -7672 2664 23368 7401 312 -5064 END
START -7948 2620 23720 7156 330 -4865 END
START -8336 2652 24092 6967 215 -4738 END
START -8760 2564 24448 6787 159 -4641 END
START -9208 2384 24744 6655 12 -4636 END
START -9316 2196 25320 6530 -84 -4707 END
START -9452 2172 25348 6436 -215 -4804 END
START -9640 1988 25696 6333 -300 -5061 END
START -9860 1880 25980 6134 -353 -5297 END
START -9880 1772 26324 5902 -457 -5626 END
START -9788 1776 26524 5599 -485 -6009 END
START -9828 1884 26788 5289 -542 -6406 END
START -9556 1904 27064 4895 -525 -6843 END
START -9380 1952 27104 4472 -496 -7306 END
START -9140 2160 27296 4065 -421 -7777 END
START -8756 2476 27612 3656 -265 -8174 END
START -8360 2656 27780 3245 -123 -8693 END
START -7904 3020 27752 2827 90 -9016 END
START -7660 3312 27960 2342 296 -9410 END
START -7040 3596 27956 1799 533 -9703 END
START -6716 3976 27996 1243 800 -9957 END
START -6272 4444 28164 710 1107 -10122 END
START -5868 4704 28272 83 1381 -10292 END
START -5308 5224 28272 -464 1674 -10347 END
START -4992 5552 28496 -1095 2009 -10321 END
START -4652 5856 28644 -1766 2207 -10278 END
START -4496 6244 29036 -2420 2307 -10153 END
START -4248 6212 29168 -3073 2328 -9990 END
START -3984 6412 29292 -3664 2278 -9822 END
START -3748 6484 29312 -4193 2146 -9637 END
START -3584 6564 29468 -4750 2027 -9415 END
START -3364 6528 29332 -5240 1789 -9235 END
START -3200 6628 29212 -5655 1577 -8985 END
START -2956 6528 28868 -6066 1284 -8748 END
START -2916 6596 28608 -6429 1031 -8533 END
START -2632 6580 28344 -6815 752 -8285 END
START -2416 6520 27896 -7127 519 -8054 END
START -2448 6448 27588 -7440 360 -7856 END
START -2256 6364 27176 -7665 172 -7620 END
START -2204 6296 26732 -7898 -8 -7411 END
START -2048 6180 26756 -8113 -236 -7215 END
START -2036 5996 26312 -8289 -358 -7014 END
START -2012 5884 25896 -8424 -569 -6849 END
START -1916 5796 25656 -8569 -695 -6693 END
START -1876 5760 25452 -8718 -819 -6549 END
START -1836 5656 25100 -8862 -967 -6422 END
START -1852 5508 25164 -8985 -998 -6292 END
START -1892 5556 24764 -9143 -1154 -6148 END
START -1824 5388 24440 -9313 -1276 -6056 END
START -1944 5480 24248 -9537 -1348 -5941 END
START -1988 5348 24008 -9745 -1408 -5872 END
START -1876 5164 23672 -9980 -1450 -5785 END
START -1796 5004 23328 -10211 -1487 -5784 END
START -1736 4836 23104 -10435 -1487 -5749 END
START -1720 4808 22576 -10686 -1438 -5738 END
START -1648 4700 22200 -10894 -1361 -5770 END
START -1648 4808 21832 -11145 -1273 -5791 END
START -1580 4936 21600 -11368 -1172 -5792 END
START -1524 5072 21020 -11615 -997 -5818 END
START -1480 5316 20852 -11885 -810 -5769 END
START -1240 5276 20500 -12124 -580 -5697 END
START -960 5212 20152 -12403 -346 -5602 END
START -1020 5024 19996 -12619 -228 -5486 END
START -1020 4928 19680 -12914 -81 -5340 END
START -980 5072 19776 -13122 -31 -5184 END
START -988 5028 19280 -13326 21 -5061 END
START -1132 4836 19408 -13450 2 -4885 END
START -1144 4808 19172 -13579 -44 -4745 END
START -1172 4820 19016 -13655 -223 -4548 END
START -1412 4688 18928 -13713 -484 -4357 END
START -1652 4532 18768 -13724 -812 -4186 END
START -1792 4364 18308 -13753 -1143 -4006 END
START -1912 4452 18000 -13716 -1461 -3867 END
START -2032 4224 17556 -13639 -1856 -3702 END
START -1956 3984 17144 -13539 -2147 -3601 END
START -2144 3864 16636 -13396 -2433 -3446 END
START -2152 3816 16300 -13296 -2702 -3422 END
START -2324 3616 15796 -13200 -2862 -3327 END
START -2228 3408 15356 -13058 -3013 -3288 END
START -2376 3520 14812 -13024 -3158 -3292 END
START -2484 3412 14580 -12922 -3316 -3312 END
START -2508 3400 14192 -12908 -3394 -3331 END
START -2552 3476 13856 -12862 -3508 -3348 END
START -2564 3372 13448 -12842 -3618 -3370 END
START -2532 3248 12984 -12807 -3675 -3378 END
START -2500 3220 12700 -12739 -3713 -3375 END
START -2404 3080 12148 -12726 -3688 -3389 END
START -2288 3188 11660 -12695 -3614 -3395 END
START -2144 3196 11156 -12657 -3520 -3422 END
START -2032 3204 10784 -12623 -3454 -3414 END
START -2112 3324 10440 -12559 -3305 -3389 END
START -1908 3308 10048 -12542 -3170 -3320 END
START -1988 3208 9480 -12430 -2986 -3279 END
START -1916 3036 9492 -12314 -2898 -3183 END
START -1888 2936 9032 -12129 -2826 -3120 END
START -1852 2860 8588 -12003 -2740 -3097 END
START -2036 2684 8128 -11816 -2674 -3133 END
START -1960 2584 7812 -11546 -2580 -3137 END
START -2012 2436 7316 -11266 -2482 -3174 END
START -2028 2500 7084 -10957 -2364 -3165 END
START -1888 2576 6628 -10647 -2252 -3157 END
START -1916 2772 6580 -10344 -2193 -3164 END
START -1888 2744 6556 -10029 -2156 -3092 END
START -1660 2660 6544 -9766 -2184 -3011 END
START -1604 2796 6388 -9550 -2274 -2905 END
START -1556 2912 6220 -9319 -2338 -2808 END
START -1384 2872 5952 -9106 -2465 -2670 END
START -1220 3024 5756 -8912 -2561 -2553 END
START -1224 3036 5516 -8679 -2668 -2391 END
START -1160 3068 5448 -8432 -2699 -2233 END
START -1056 3192 5028 -8163 -2732 -2059 END
START -936 3188 4904 -7939 -2786 -1863 END
START -1024 3176 4372 -7682 -2803 -1653 END
START -924 3288 4108 -7394 -2879 -1475 END
START -828 3372 3976 -7139 -2877 -1268 END
START -988 3504 3768 -6870 -2893 -1090 END
START -892 3424 3572 -6651 -2925 -935 END
START -1120 3420 3480 -6387 -2955 -728 END
START -1016 3468 3264 -6150 -2966 -604 END
START -1192 3428 3228 -5913 -3033 -482 END
START -1192 3424 2896 -5652 -3048 -345 END
START -1136 3348 2712 -5356 -3061 -293 END
START -1176 3260 2596 -5043 -3023 -199 END
START -1332 3204 2396 -4696 -3012 -120 END
START -1344 3208 2356 -4372 -3002 -30 END
START -1644 3124 2104 -3999 -3008 35 END
START -1652 3120 2340 -3676 -3015 77 END
START -1832 3044 2052 -3330 -3000 117 END
START -1816 2864 1928 -2993 -3045 122 END
START -1952 2792 2176 -2668 -3020 162 END
START -1848 2648 1840 -2377 -2996 126 END
START -1792 2428 1652 -2083 -2940 69 END
START -1740 2512 1372 -1802 -2840 42 END
START -1588 2384 1536 -1562 -2760 6 END
START -1428 2540 1168 -1301 -2626 -16 END
START -1436 2352 1172 -1069 -2506 7 END
START -1204 2292 1180 -867 -2331 29 END
START -1044 2352 1048 -642 -2192 58 END
START -952 2416 1076 -385 -2047 85 END
START -808 2192 852 -181 -1867 164 END
START -740 2156 948 44 -1754 235 END
START -672 2212 1004 269 -1665 356 END
START -496 2388 764 454 -1602 451 END
START -472 2340 944 760 -1501 618 END
START -280 2452 804 1005 -1433 762 END
START -308 2604 824 1305 -1341 956 END
START -320 2692 912 1571 -1317 1163 END
START -416 2752 860 1875 -1312 1429 END
START -412 2700 812 2204 -1280 1647 END
START -516 2584 840 2563 -1271 1889 END
START -608 2540 880 2938 -1236 2093 END
START -636 2436 952 3332 -1225 2270 END
START -760 2304 984 3714 -1223 2420 END
START -752 2264 1156 4076 -1228 2563 END
START -988 2364 1272 4474 -1246 2700 END
START -1012 2292 1304 4804 -1192 2831 END
START -1088 2228 1324 5195 -1117 2930 END
START -1040 2240 1140 5566 -962 3064 END
START -1100 2244 1268 5894 -789 3116 END
START -1156 2216 1412 6244 -580 3205 END
START -1188 2348 1588 6519 -409 3285 END
START -1448 2324 1796 6773 -158 3335 END
START -1576 2284 2040 7022 8 3392 END
START -1724 2244 2348 7204 199 3419 END
START -1916 2272 2504 7418 341 3430 END
START -1864 2196 2680 7630 493 3458 END
START -1736 2208 2824 7886 654 3426 END
START -1976 2268 3048 8101 796 3407 END
START -2040 2220 3036 8369 964 3425 END
START -2032 2256 3216 8595 1137 3396 END
START -2040 2212 3312 8805 1405 3378 END
START -2084 2252 3400 9046 1592 3411 END
START -2120 2264 3592 9171 1809 3454 END
START -2352 2292 3736 9348 1964 3452 END
START -2428 2448 3860 9483 2121 3437 END
START -2612 2432 4164 9690 2231 3479 END
START -2860 2372 4356 9900 2382 3481 END
START -3028 2452 4552 10108 2435 3492 END
START -3164 2344 4904 10382 2534 3472 END
START -3484 2300 5288 10713 2527 3478 END
START -3708 2284 5544 11018 2462 3403 END
START -4036 2400 6132 11432 2398 3336 END
START -4320 2496 6356 11794 2257 3225 END
START -4432 2568 6748 11795 2172 3110 END
START -4472 2688 7028 12178 2071 2990 END
START -4792 2808 7420 12163 2002 2833 END
START -4696 2976 7516 12688 2013 2687 END
START -4720 3208 7968 12761 1996 2539 END
START -4792 3372 8456 12855 2083 2428 END
START -4804 3560 9020 13014 2195 2316 END
START -4800 3728 9352 13096 2349 2202 END
START -4776 3936 9968 13095 2536 2157 END
START -4912 4192 10408 13071 2641 2070 END
START -4772 4296 10752 12967 2707 1977 END
START -4628 4448 11220 12777 2798 1915 END
START -4544 4608 11352 12619 2942 1844 END
START -4296 4460 11628 12363 3109 1818 END
START -4204 4640 11856 12339 3332 1834 END
START -4264 4876 12132 12040 3499 1786 END
START -4212 4852 12176 11992 3668 1828 END
START -4372 4960 12396 12054 3752 1847 END
START -4252 4916 12584 12050 3922 1868 END
START -4144 4748 12692 12045 4008 1870 END
START -3916 4780 12684 12077 4154 1917 END
START -3684 4904 12844 12090 4443 1923 END
START -3684 4720 12832 12117 4619 1942 END
START -3728 4864 13204 12125 4864 1983 END
START -3552 4984 13540 12101 5115 2053 END
START -3624 5192 13852 12092 5279 2136 END
START -3656 5336 14192 12094 5374 2278 END
START -3684 5388 14572 12092 5466 2414 END
START -3656 5472 14884 12123 5517 2591 END
START -3612 5448 15276 12364 5557 2720 END
START -3656 5304 15620 12310 5504 2860 END
START -3812 5196 15952 12636 5450 3013 END
START -3980 5164 16448 12706 5338 3108 END
START -4044 5180 16752 12894 5124 3233 END
START -4140 5232 16900 13021 4869 3352 END
START -4172 5260 17156 13182 4612 3439 END
START -4228 5160 17408 13325 4390 3552 END
START -4404 5240 17368 13410 4073 3659 END
START -4448 5212 17572 13550 3820 3708 END
START -4376 5256 17840 13719 3595 3725 END
START -4376 5412 17884 13888 3460 3723 END
START -4532 5344 18088 14028 3300 3709 END
START -4536 5504 18496 14230 3126 3651 END
START -4652 5568 18800 14374 2950 3655 END
START -4608 5904 19044 14513 2792 3572 END
START -4476 5968 19280 14640 2727 3543 END
START -4376 6336 19464 14713 2711 3551 END
START -4416 6708 19904 14740 2677 3567 END
START -4328 6808 20160 14697 2731 3570 END
START -4104 6944 20708 14614 2900 3584 END
START -4028 7356 20936 14459 3059 3651 END
START -4064 7596 21348 14232 3269 3785 END
START -3908 7644 21596 13976 3494 3902 END
START -3896 7752 21748 13656 3806 4041 END
START -3916 7416 22076 13316 4162 4141 END
START -3816 7036 22352 12940 4589 4149 END
START -3820 6792 22640 12444 5053 4128 END
START -4040 6464 22732 11818 5527 4017 END
START -4232 6292 23040 11579 6007 3938 END
START -4360 6232 23292 10871 6413 3727 END
START -4500 6152 23476 10230 6868 3550 END
START -4696 6120 23808 9494 7339 3346 END
START -4908 6180 24012 8883 7717 3143 END
START -5036 5916 24036 8211 8100 2981 END
START -5136 5992 24240 7614 8400 2760 END
START -5324 5956 24368 6884 8659 2529 END
START -5184 5996 24328 6232 8957 2302 END
START -5196 5824 24396 5579 9254 2051 END
START -5212 5876 24420 4904 9534 1846 END
START -5292 5920 24388 4172 9887 1551 END
START -5372 5836 24376 3423 10203 1336 END
START -5348 5784 24668 2625 10580 1038 END
START -5352 5800 24568 1826 10887 715 END
START -5188 5500 24584 1101 11272 354 END
START -4776 5472 24376 401 11738 11 END
START -4352 5736 24536 -269 12253 -359 END
START -4284 6508 24932 -956 12917 -618 END
START -4112 6976 25196 -1617 12738 -813 END
START -3904 7756 25188 -2436 13124 -964 END
START -3936 8200 25904 -3206 13014 -1000 END
START -3832 8564 26436 -3799 12903 -739 END
START -3472 8784 26880 -4156 12206 -300 END
START -2920 9020 26616 -4368 11744 173 END
START -2160 9192 26296 -4436 11248 610 END
START -1628 9176 26100 -4408 10733 1041 END
START -1448 9076 25984 -4364 10070 1519 END
START -1292 9164 25956 -4270 9298 2073 END
START -1024 9140 25732 -4148 8434 2705 END
START -756 9048 25276 -3993 7562 3364 END
START -380 8980 24988 -3796 6808 4058 END
START -76 8516 24344 -3586 6094 4770 END
START 240 8112 23968 -3309 5493 5494 END
START 280 8040 23572 -3007 5019 6106 END
START 240 7800 23232 -2660 4645 6740 END
START 344 7412 22740 -2457 4295 7340 END
START -8 7052 22480 -2234 4114 7949 END
START -416 6796 22384 -2052 3975 8462 END
START -740 6452 22028 -1981 3878 9009 END
START -1228 6284 21796 -1941 3864 9508 END
START -1904 5780 21548 -1946 3862 9953 END
START -2560 5348 21348 -1965 3910 10356 END
START -3108 5016 21008 -2029 3948 10722 END
START -3700 4636 20960 -2044 4072 10993 END
START -4676 4252 21060 -2094 4139 11226 END
START -5640 3496 21352 -2142 4191 11424 END
START -6348 3200 21308 -2257 4076 11554 END
START -7384 2484 21660 -2345 3856 11546 END
START -8376 1888 21832 -2495 3562 11366 END
START -9192 1208 21768 -2629 3282 11070 END
START -9668 600 21872 -2764 2979 10670 END
START -10056 288 22036 -2929 2724 10228 END
START -10368 -180 21908 -3114 2454 9693 END
START -10528 -108 21812 -3363 2227 9168 END
START -10624 -132 21780 -3641 2041 8735 END
START -10748 -104 21508 -3974 1853 8267 END
START -10584 -80 21480 -4292 1713 7911 END
START -10452 36 21008 -4587 1593 7617 END
START -10264 40 20804 -4821 1581 7381 END
START -10396 104 20512 -5063 1545 7133 END
START -10348 280 20436 -5327 1481 6919 END
START -10552 328 20728 -5555 1415 6744 END
START -10508 324 20684 -5767 1246 6600 END
START -10684 280 20808 -5951 996 6439 END
START -10720 216 20732 -6155 669 6262 END
START -10840 404 20380 -6250 291 6128 END
START -10988 296 20648 -6215 -98 6022 END
START -10988 480 20388 -6127 -571 5983 END
START -11000 896 20220 -6027 -1049 5937 END
START -10952 1160 20284 -5961 -1618 5892 END
START -10816 1176 19984 -5903 -2164 5885 END
START -10652 1392 19568 -5925 -2699 5928 END
START -10468 1496 19488 -5922 -3164 5969 END
START -10160 1728 19044 -5922 -3569 6071 END
START -10004 1960 18672 -5904 -3787 6184 END
START -9836 2104 18576 -5878 -4010 6341 END
START -9892 2216 18400 -5905 -4156 6457 END
START -9968 2208 18052 -5953 -4264 6626 END
START -9984 2312 18148 -6058 -4439 6709 END
START -10020 2460 18068 -6215 -4555 6753 END
START -10104 2432 17908 -6380 -4681 6777 END
START -10204 2628 17752 -6565 -4750 6787 END
START -10072 2684 17436 -6776 -4793 6782 END
START -10212 2540 17332 -6915 -4771 6760 END
START -10176 2612 16964 -7026 -4783 6766 END
START -10236 2604 16688 -7175 -4678 6771 END
START -10416 2640 16440 -7274 -4665 6739 END
START -10416 2716 16152 -7403 -4626 6639 END
START -10516 2644 15944 -7462 -4614 6591 END
START -10752 2516 15820 -7475 -4658 6442 END
START -10808 2416 15376 -7463 -4597 6282 END
START -11024 2372 15192 -7427 -4577 6088 END
START -11260 2404 15108 -7335 -4571 5897 END
START -11420 2432 14900 -7266 -4664 5600 END
START -11424 2468 14920 -7206 -4761 5352 END
START -11368 2520 14812 -7138 -4862 5055 END
START -11208 2548 14580 -7121 -4875 4830 END
START -10992 2524 14460 -7123 -4807 4548 END
START -10756 2612 14292 -7230 -4728 4316 END
START -10560 2736 13836 -7369 -4535 4084 END
START -10352 2748 13740 -7560 -4319 3884 END
START -10192 2984 13620 -7814 -3989 3660 END
START -10192 3020 13468 -8054 -3647 3445 END
START -10052 2980 13484 -8350 -3275 3225 END
START -9908 2964 13356 -8644 -2968 3012 END
START -9764 2800 13380 -8939 -2552 2749 END
START -9784 2720 13576 -9266 -2340 2529 END
START -10048 2924 13752 -9562 -2169 2266 END
START -10204 2780 14016 -9806 -2191 2035 END
START -10532 2712 13924 -10045 -2385 1769 END
START -10592 2572 13800 -10199 -2627 1523 END
START -10552 2428 13636 -10212 -2972 1324 END
START -10620 2424 13328 -10117 -3299 1139 END
START -10620 2416 12892 -9914 -3590 979 END
START -10448 2304 12424 -9614 -3842 944 END
START -10100 2652 12212 -9215 -4075 948 END
START -9912 3128 11584 -8727 -4264 906 END
START -9784 3808 10948 -8332 -4420 877 END
START -9656 4140 10372 -7949 -4484 827 END
START -9444 4456 10068 -7531 -4501 861 END
START -9340 4528 9908 -7177 -4530 929 END
START -9208 4476 9508 -6866 -4516 968 END
START -8928 4304 9224 -6517 -4482 1026 END
START -8724 4296 8972 -6284 -4404 1044 END
START -8536 4344 8708 -5984 -4298 1050 END
START -8404 4304 8668 -5678 -4139 1074 END
START -8328 4260 8420 -5379 -3861 1045 END
START -7940 4396 8072 -5137 -3521 1010 END