START 4348 1084 26544 -7118 -3664 -2144 END
START 9368 1624 19824 -7079 -3077 -1946 END
START 8344 1668 21572 -7290 -2053 -1824 END
START 7816 1932 20660 -7412 -1738 -1714 END
START 9252 1900 19432 -7622 -1721 -1585 END
START 9828 2240 18404 -7801 -1537 -1424 END
START 9084 2728 19108 -7977 -1494 -1196 END
START 9056 3252 19052 -8104 -1660 -923 END
START 10048 3884 18220 -8208 -1622 -592 END
START 10888 4356 17588 -8341 -1382 -232 END
START 10908 4752 17572 -8477 -1216 199 END
START 11492 5012 17160 -8608 -991 674 END
START 11464 5188 16936 -8815 -784 1283 END
START 11832 5768 16804 -9045 -451 1904 END
START 12336 6104 16212 -9330 -75 2622 END
START 12828 6500 15788 -9600 322 3370 END
START 12796 6784 15732 -9919 678 4132 END
START 13036 7008 15236 -10245 999 5011 END
START 13368 7004 14936 -10580 1375 5885 END
START 13496 6808 14296 -10880 1895 6808 END
START 13428 6912 14212 -11185 2424 7741 END
START 13104 7044 13952 -11470 2970 8676 END
START 12872 7124 13644 -11739 3444 9607 END
START 12492 6992 13472 -11971 3931 10497 END
START 12100 6716 13088 -12193 4379 11371 END
START 11660 6480 12752 -12450 4732 12136 END
START 11292 6132 12560 -12608 5090 12864 END
START 10716 6072 12272 -12722 5434 13274 END
START 10296 6088 11876 -12830 5791 13998 END
START 9528 5992 11536 -12853 6041 14493 END
START 9176 6016 11096 -12925 6291 15007 END
START 8636 6036 10660 -12857 6540 15480 END
START 8048 6008 10344 -12850 6689 15887 END
START 7452 5852 10132 -12726 6731 16268 END
START 6936 5628 9996 -12528 6767 16621 END
START 6588 5444 9780 -12292 6746 16906 END
START 6084 5180 9536 -11977 6735 17228 END
START 5752 5112 9256 -11638 6550 17490 END
START 5332 5012 8904 -11225 6477 17726 END
START 5036 4776 8636 -10736 6267 17953 END
START 4840 4612 8232 -10222 6105 18150 END
START 4572 4408 7852 -9669 5966 18386 END
START 4324 4316 7576 -9060 5830 18588 END
START 4220 4312 7216 -8440 5801 18793 END
START 3928 4248 6604 -7806 5810 19071 END
START 3780 4364 6384 -7196 5814 19306 END
START 3604 4476 6204 -6665 5881 19577 END
START 3500 4576 6240 -6107 5930 19848 END
START 3164 4632 5932 -5473 5989 20250 END
START 2996 4740 5952 -4945 5970 20598 END
START 2668 4708 5660 -4413 6048 21064 END
START 2496 4632 5604 -3893 6078 21442 END
START 2140 4624 5608 -3362 6056 21806 END
START 1800 4876 5380 -2852 6068 22213 END
START 1448 4940 5016 -2402 6054 22647 END
START 1116 5140 4780 -1923 6069 23057 END
START 748 5012 4368 -1427 6128 23535 END
START 264 5036 4012 -970 6219 24012 END
START -204 5148 3848 -464 6370 24458 END
START -568 5136 3528 64 6470 24863 END
START -1296 5308 3132 611 6586 25245 END
START -1604 5140 2816 1221 6725 25572 END
START -2080 5044 2356 1778 6962 25844 END
START -2400 4808 2172 2417 7248 26095 END
START -3020 4532 2064 3080 7580 26266 END
START -3552 4288 2084 3720 7859 26418 END
START -4264 3944 2324 4401 8102 26467 END
START -4820 3500 2592 5034 8253 26446 END
START -5488 3284 2812 5716 8299 26345 END
START -6216 3076 3016 6327 8319 26125 END
START -6588 2808 3168 6958 8314 25860 END
START -7084 2684 3316 7532 8173 25476 END
START -7628 2288 3696 8061 8020 25072 END
START -8140 2088 3700 8516 7853 24660 END
START -8556 2040 3576 8980 7570 24122 END
START -8944 2020 3624 9415 7293 23642 END
START -9340 1908 3628 9841 7065 23102 END
START -9548 1844 3452 10260 6832 22541 END
START -9568 1876 3272 10749 6582 21983 END
START -9628 1836 3176 11275 6365 21447 END
START -9532 1620 3064 11998 6169 20859 END
START -9684 1544 3072 12431 5945 20263 END
START -9544 1412 3024 13081 5761 19706 END
START -9612 1412 2956 13814 5518 19161 END
START -9636 1348 3096 14623 5380 18650 END
START -9716 1420 3048 15458 5163 18104 END
START -9748 1328 3440 16356 4994 17555 END
START -10012 1388 3496 17246 4854 17088 END
START -10144 1524 3696 18142 4708 16590 END
START -10300 1484 3860 19123 4574 16108 END
START -10488 1588 4364 20062 4396 15677 END
START -10476 1672 4264 20947 4367 15250 END
START -10728 1956 4500 21740 4254 14872 END
START -11032 2092 4684 22491 4186 14520 END
START -11336 2284 5168 23174 4059 14099 END
START -11556 2180 5652 23806 3905 13628 END
START -11760 1884 6176 24426 3684 13214 END
START -11976 1524 6788 24988 3506 12742 END
START -12032 1260 7500 25484 3336 12458 END
START -12256 868 8540 25866 3118 11741 END
START -12592 544 9316 26138 2880 11190 END
START -12696 188 9716 26332 2613 10535 END
START -12852 -184 10352 26397 2288 9851 END
START -12976 -652 10992 26346 2111 9065 END
START -13036 -744 11496 26165 1920 8303 END
START -13188 -696 11632 25878 1910 7556 END
START -13108 -632 11868 25448 2027 6795 END
START -13216 -464 11800 24946 2194 6122 END
START -13212 -216 11948 24260 2449 5440 END
START -13424 64 11780 23571 2774 4772 END
START -13716 268 11968 22875 3089 4120 END
START -13728 260 12460 22211 3361 3488 END
START -13864 252 12860 21598 3653 2820 END
START -13988 -12 13456 21076 3890 2166 END
START -14204 -56 13892 20714 4054 1484 END
START -14216 -228 14740 20392 4192 789 END
START -14456 -476 15260 20199 4208 105 END
START -14688 -780 16124 20028 4077 -649 END
START -14868 -1084 16716 19944 3905 -1340 END
START -15080 -1376 17340 19855 3614 -2220 END
START -15268 -1744 18076 19778 3212 -3043 END
START -15364 -1844 18608 19723 2738 -3982 END
START -15448 -2040 19212 19681 2283 -4959 END
START -15492 -2204 19608 19540 1755 -6000 END
START -15340 -2188 19972 19331 1274 -7053 END
START -15260 -2216 20432 19108 783 -8151 END
START -15084 -2084 20796 18844 346 -9216 END
START -15092 -1904 20948 18499 -6 -10251 END
START -14708 -1540 21344 18121 -336 -11255 END
START -14612 -992 21456 17695 -619 -12259 END
START -14288 -364 21636 17300 -874 -13231 END
START -13688 104 21576 16846 -973 -14157 END
START -13216 120 21904 16402 -957 -15008 END
START -12632 480 22224 15979 -848 -15739 END
START -12280 916 22648 15505 -762 -16413 END
START -11860 1320 23160 15004 -594 -17021 END
START -11420 1608 23820 14488 -644 -17593 END
START -11016 1808 24356 13900 -621 -18126 END
START -10688 2120 24808 13264 -716 -18605 END
START -10116 2292 25372 12622 -840 -19040 END
START -9652 2444 25816 11989 -943 -19468 END
START -9120 2264 26308 11619 -1147 -19816 END
START -8920 2472 26756 10963 -1362 -20201 END
START -8776 2820 27248 10435 -1607 -20540 END
START -8680 3264 27752 9972 -1974 -20865 END
START -8780 3900 27608 9640 -2429 -21193 END
START -8792 4544 27880 9361 -2817 -21483 END
START -8564 5084 27824 8974 -3229 -21798 END
START -8156 5240 27832 8648 -3525 -22115 END
START -8032 5236 27720 8240 -3719 -22386 END
START -7672 5352 27808 7747 -3876 -22692 END
START -7460 5248 27860 7136 -3879 -22974 END
START -7104 5324 27712 6402 -3958 -23270 END
START -6980 5248 28104 5615 -3923 -23614 END
START -6544 5248 27996 4766 -3809 -23965 END
START -6148 5168 28144 3883 -3555 -24331 END
START -5728 4924 28708 2976 -3366 -24719 END
START -5508 5128 28952 1992 -3181 -25148 END
START -5268 5412 29448 1031 -3009 -25508 END
START -5132 5796 29760 -41 -2846 -25822 END
START -5004 6136 30328 -1100 -2704 -26037 END
START -4788 6028 30568 -2255 -2603 -26273 END
START -4480 5708 30876 -3431 -2429 -26461 END
START -4116 5432 30940 -4668 -2362 -26568 END
START -3552 5036 31148 -5880 -2259 -26729 END
START -3236 5028 30948 -7086 -1989 -26799 END
START -2868 4952 31136 -8284 -1672 -26885 END
START -2700 4944 31056 -9440 -1414 -26972 END
START -2456 5076 30928 -10593 -1060 -26999 END
START -2456 5056 31096 -11702 -851 -26995 END
START -2528 5024 31096 -12759 -773 -26945 END
START -2448 5004 31116 -13731 -789 -26860 END
START -2380 4712 30896 -14658 -944 -26793 END
START -2196 4100 30248 -15532 -1040 -26767 END
START -1720 3784 29836 -16289 -964 -26791 END
START -1668 3936 29296 -16903 -843 -26884 END
START -1572 4468 28828 -17459 -722 -27019 END
START -1616 4748 28212 -17863 -646 -27153 END
START -1564 5456 27868 -18197 -645 -27205 END
START -1440 6100 27324 -18468 -735 -27216 END
START -1368 6632 27004 -18681 -814 -27135 END
START -936 7088 26548 -18857 -933 -26969 END
START -604 7452 26424 -19072 -1094 -26668 END
START -272 7648 25960 -19276 -1304 -26158 END
START 220 8056 25452 -19495 -1528 -25487 END
START 836 8444 24888 -19778 -1729 -24756 END
START 1304 8792 24128 -20051 -1890 -23830 END
START 1916 8956 23572 -20333 -1926 -22788 END
START 2496 9052 22908 -20683 -1998 -21692 END
START 3204 8920 22340 -21023 -1897 -20543 END
START 3192 8748 21848 -21437 -1614 -19380 END
START 3900 8488 21452 -21813 -1425 -18079 END
START 4088 8296 20940 -22162 -1174 -16811 END
START 4340 8136 20676 -22495 -958 -15531 END
START 4364 7232 20380 -22798 -855 -14228 END
START 4928 5168 20220 -23050 -647 -12829 END
START 5076 3212 19340 -23216 -515 -11398 END
START 3696 4788 18340 -23330 -657 -10188 END
START 2712 7668 17244 -23297 -501 -9357 END
START 2636 9000 16312 -23246 -297 -8804 END
START 3060 8680 15604 -23189 -21 -8248 END
START 3904 7336 14936 -23097 312 -7591 END
START 4320 5888 14236 -23014 729 -6825 END
START 4608 5012 13912 -22963 1072 -5942 END
START 4500 4856 13416 -22841 1478 -4983 END
START 4408 5012 12864 -22762 1816 -4080 END
START 4120 5464 12392 -22710 2158 -3302 END
START 3796 5664 11980 -22641 2429 -2557 END
START 3948 5364 11616 -22526 2635 -1864 END
START 3932 4900 11448 -22381 2751 -1183 END
START 3768 4736 11352 -22204 2884 -546 END
START 3476 4720 10936 -21997 2853 35 END
START 3348 4852 11120 -21726 2659 617 END
START 2936 5112 10812 -21442 2303 1142 END
START 2724 5472 10732 -21078 1795 1671 END
START 2300 5756 10572 -20644 1153 2260 END
START 2204 5816 10408 -20093 337 2793 END
START 2336 5800 10112 -19459 -435 3434 END
START 2284 5804 9632 -18741 -1377 4102 END
START 2228 5744 9008 -17940 -2260 4781 END
START 2108 5884 7796 -17057 -3123 5542 END
START 2232 6228 6444 -16210 -3685 6296 END
START 2200 6644 5148 -15186 -4175 7093 END
START 2168 6864 3628 -14150 -4393 7873 END
START 2016 7328 2304 -12924 -4538 8677 END
START 1952 7484 1160 -11752 -4601 9471 END
START 1840 7676 -344 -10399 -4507 10291 END
START 1732 8040 -1932 -8923 -4267 11181 END
START 1744 8132 -3544 -7484 -3825 12013 END
START 1776 8308 -4836 -5867 -3148 13101 END
START 1424 8220 -6072 -4152 -2471 13808 END
START 1072 8504 -6916 -2270 -1705 14668 END
START 596 8548 -7492 -212 -995 15384 END
START 348 8224 -7768 1772 -432 15865 END
START 100 7660 -8072 4045 125 16330 END
START -184 6892 -8028 6448 652 16606 END
START -12 6004 -7976 8994 1176 16777 END
START 28 5180 -7320 11473 1577 16869 END
START -76 4672 -6844 14121 1987 16781 END
START -328 4584 -6048 16606 2206 16718 END
START -508 4580 -4824 18980 2264 16609 END
START -568 4852 -3936 21214 2125 16494 END
START -668 5160 -3080 23072 1842 16419 END
START -828 5544 -2328 24757 1441 16334 END
START -864 5932 -1404 26140 1001 16346 END
START -908 6392 -544 27400 564 16422 END
START -1008 6784 -296 28383 143 16592 END
START -944 7296 -296 29227 -172 16846 END
START -1016 7536 32 29937 -449 17143 END
START -1240 7740 408 30525 -615 17491 END
START -1680 7720 528 31094 -630 17848 END
START -2016 7576 912 31564 -576 18205 END
START -2540 7408 1172 32036 -438 18522 END
START -3248 7120 1704 32503 -324 18793 END
START -4024 6640 2192 32767 -150 18932 END
START -4612 6304 2772 32767 -12 18991 END
START -5288 5724 3336 32767 186 18880 END
START -6124 4992 4268 32767 443 18645 END
START -6752 4372 4892 32767 590 18239 END
START -7472 3776 6280 32767 761 17773 END
START -8216 2980 7360 32767 905 17170 END
START -8936 2200 8804 32767 959 16548 END
START -9812 1332 10060 32767 936 15827 END
START -10748 636 11132 32767 837 15102 END
START -11612 116 11960 32767 763 14221 END
START -12524 -384 12704 32261 712 13253 END
START -13364 -1048 13584 31292 667 12553 END
START -13888 -1952 14088 30176 762 11180 END
START -14292 -3288 14820 29034 963 9860 END
START -15052 -4616 15000 27836 1296 8416 END
START -15720 -5504 15560 26660 1583 6953 END
START -16668 -5616 16060 25454 1805 5348 END
START -17860 -4212 15988 24239 2044 3591 END
START -18260 -3100 15980 22994 2294 1521 END
START -18244 -2944 16204 21582 2803 -655 END
START -17572 -3740 16168 20157 3507 -2869 END
START -17464 -3796 16568 18599 4227 -5001 END
START -17652 -3284 16876 16987 4883 -7084 END
START -17784 -2740 17640 15233 5580 -9149 END
START -17448 -2500 18728 13630 6045 -11000 END
START -16980 -2256 19708 12150 6437 -12761 END
START -16632 -1972 20512 10468 6700 -14521 END
START -16104 -1788 21632 9128 6836 -16115 END
START -15588 -1460 22672 7875 6873 -17593 END
START -15112 -1036 23572 6857 6726 -18911 END
START -14632 -476 24012 6037 6527 -20073 END
START -14060 56 24468 5373 6309 -21204 END
START -13480 500 24788 4915 6065 -22252 END
START -13044 784 25092 4566 5825 -23237 END
START -12492 1000 25484 4374 5579 -24192 END
START -11956 1500 25716 4374 5283 -25194 END
START -11300 2144 26244 4401 5125 -26212 END
START -10484 2676 26596 4564 4928 -27256 END
START -9696 3264 27496 4737 4791 -28203 END
START -9056 3596 28508 4927 4636 -29097 END
START -8320 3944 29544 5033 4474 -29821 END
START -7808 4104 30596 5115 4195 -30379 END
START -7156 4208 31524 5020 3930 -30799 END
START -6468 4428 32296 4827 3648 -31144 END
START -5764 4860 32767 4486 3282 -31407 END