START -2816 336 14020 -358 967 -651 END
START -452 232 9048 -143 310 -1106 END
START -1236 -4 10316 193 1108 -1364 END
START -2564 308 12356 367 1555 -1692 END
START -3132 656 12836 567 2081 -2100 END
START -3532 1228 12840 719 2429 -2394 END
START -3768 1656 12816 868 2670 -2669 END
START -3932 2044 12680 1079 3009 -2943 END
START -3708 2384 12556 1443 3367 -3095 END
START -3220 2416 12356 1777 3748 -3178 END
START -2628 2448 12540 2202 4067 -3150 END
START -2332 2400 12712 2615 4331 -2975 END
START -2028 2928 12888 2986 4494 -2809 END
START -1696 3388 13316 3302 4635 -2448 END
START -1320 3496 13728 3564 4630 -2075 END
START -1088 3576 14172 3722 4507 -1545 END
START -740 3780 14624 3815 4214 -930 END
START -712 4200 15088 3817 3849 -332 END
START -532 4572 15352 3794 3342 303 END
START -308 4592 15604 3675 3026 938 END
START -168 4600 15796 3523 2733 1603 END
START -288 4248 16028 3207 2477 2195 END
START -456 3784 16268 2926 2093 2719 END
START -704 3476 16220 2641 1779 3145 END
START -1180 3168 16308 2404 1429 3396 END
START -1504 2792 16200 2203 1116 3576 END
START -2052 2300 16036 2060 849 3619 END
START -2444 2024 16120 1997 481 3569 END
START -3084 1840 16108 1991 161 3440 END
START -3464 1500 16084 1966 -277 3228 END
START -3924 1500 15856 1997 -617 2940 END
START -4300 1612 16044 1979 -969 2631 END
START -4720 1484 15976 2066 -1363 2224 END
START -4812 1140 16100 2154 -1701 1794 END
START -4844 1000 15824 2257 -1999 1240 END
START -4784 1152 15816 2374 -2231 680 END
START -4724 1364 15476 2478 -2386 121 END
START -4380 1272 15260 2586 -2455 -456 END
START -3856 1420 15076 2613 -2395 -972 END
START -3136 1480 14572 2619 -2198 -1400 END
START -2708 1432 14280 2665 -1809 -1748 END
START -2436 1796 14000 2699 -1383 -2048 END
START -2380 2368 13916 2688 -796 -2300 END
START -2156 2772 13944 2671 -274 -2500 END
START -2224 3040 13860 2603 317 -2682 END
START -1976 3052 14048 2456 857 -2837 END
START -2152 3580 14372 2292 1337 -2942 END
START -2048 4212 14636 2046 1818 -3046 END
START -1948 4536 14968 1852 2146 -3057 END
START -1860 4444 15816 1560 2317 -2920 END
START -1816 4516 16336 1278 2305 -2632 END
START -1732 4932 16472 1045 2138 -2279 END
START -1644 5084 16568 857 1906 -1875 END
START -1224 5068 16436 771 1807 -1420 END
START -1004 4772 16208 770 1679 -885 END
START -952 4492 16248 759 1471 -378 END
START -888 4304 16088 785 1229 100 END
START -828 4380 16100 846 1058 520 END
START -976 4420 15864 893 855 883 END
START -1064 4048 15828 1015 655 1261 END
START -1284 3824 15884 1175 448 1638 END
START -1512 3480 15716 1362 176 1920 END
START -1740 3180 15208 1530 -2 2123 END
START -1992 2768 15000 1699 -70 2203 END
START -2156 2392 14808 1842 -191 2168 END
START -2452 2092 14600 1984 -282 2040 END
START -2600 1624 14380 2183 -297 1899 END
START -2848 1808 14164 2446 -270 1700 END
START -3472 2336 14076 2663 -231 1302 END
START -3832 2584 14212 2860 -123 902 END
START -3812 2112 14384 3012 -204 525 END
START -3780 1608 14544 3118 -248 219 END
START -3816 1496 14492 3226 -333 -122 END
START -3748 1868 14176 3353 -307 -510 END
START -3704 2244 14152 3483 -196 -867 END
START -3796 2300 14064 3619 -71 -1223 END
START -3616 2448 14200 3701 -48 -1520 END
START -3376 2488 14260 3776 52 -1796 END
START -3164 2568 14392 3815 103 -2024 END
START -3060 2724 14368 3813 181 -2208 END
START -2884 3040 14704 3798 244 -2313 END
START -2868 3320 14864 3839 211 -2395 END
START -2576 3624 15092 3786 203 -2387 END
START -2396 3712 15312 3761 164 -2393 END
START -2120 4144 15420 3623 163 -2262 END
START -1960 4756 15500 3456 172 -2173 END
START -1676 4712 15516 3205 206 -1915 END
START -1292 4748 15708 2943 285 -1637 END
START -1204 4728 15816 2622 232 -1293 END
START -1100 4948 15880 2335 273 -1022 END
START -1172 5012 15892 2076 254 -735 END
START -1444 4788 15856 1834 231 -502 END
START -1308 4668 15896 1665 201 -239 END
START -1548 4412 15960 1514 110 -83 END
START -1708 4144 15904 1446 53 122 END
START -1792 4108 15888 1376 2 180 END
START -2220 4100 15884 1311 -144 275 END
START -2164 4108 15896 1246 -235 390 END
START -2400 3848 15856 1221 -375 444 END
START -2528 3544 15768 1209 -470 445 END
START -2592 3392 15692 1185 -555 412 END
START -2748 3148 15724 1225 -525 353 END
START -2984 3012 15572 1258 -524 220 END
START -3168 2884 15472 1299 -461 96 END
START -3188 2736 15508 1349 -363 -34 END
START -3312 2876 15512 1377 -222 -139 END
START -3388 2904 15488 1417 -97 -315 END
START -3564 2972 15480 1444 111 -459 END
START -3680 2892 15664 1525 279 -593 END
START -3508 2680 15796 1668 449 -710 END
START -3736 2668 16088 1801 601 -829 END
START -3840 2788 16360 1957 689 -938 END
START -4096 2920 16340 2150 812 -998 END
START -4112 3012 16624 2320 938 -1096 END
START -4288 3136 16944 2512 982 -1189 END
START -4448 3148 17596 2724 949 -1236 END
START -4716 3156 18084 2907 816 -1252 END
START -4744 3264 18776 3182 621 -1317 END
START -4776 3252 18896 3448 452 -1316 END
START -4772 3436 19396 3755 287 -1343 END
START -4632 3692 19892 4020 121 -1275 END
START -4640 3768 20432 4214 -48 -1112 END
START -4416 3952 21132 4290 -205 -903 END
START -4424 4092 21764 4283 -399 -596 END
START -4460 4308 22320 4196 -513 -266 END
START -4688 4284 22812 4052 -594 139 END
START -5024 4032 23272 3817 -696 484 END
START -5436 3676 23836 3579 -769 801 END
START -5920 3136 24504 3312 -862 1062 END
START -6344 2644 24892 3075 -881 1240 END
START -7108 2376 25576 2733 -966 1301 END
START -7560 1996 26132 2394 -1115 1268 END
START -8028 1708 26488 1995 -1271 1129 END
START -8240 1560 26988 1538 -1415 951 END
START -8240 1252 27088 1068 -1476 720 END
START -8244 1092 27256 502 -1519 404 END
START -8204 872 27336 1 -1528 104 END
START -8024 600 27176 -518 -1499 -153 END
START -7916 512 27240 -1023 -1379 -493 END
START -7744 424 27088 -1537 -1233 -886 END
START -7412 492 26800 -2056 -961 -1226 END
START -7296 588 26700 -2520 -677 -1576 END
START -6964 648 26828 -3040 -449 -1821 END
START -6724 728 26916 -3520 -176 -2066 END
START -6392 736 26884 -3995 6 -2266 END
START -6348 928 26980 -4488 254 -2393 END
START -6276 972 26856 -4923 423 -2545 END
START -6264 1080 27096 -5275 565 -2599 END
START -6240 1184 27160 -5667 572 -2652 END
START -6316 1180 27288 -5978 501 -2679 END
START -6284 1188 27544 -6262 389 -2642 END
START -6212 1156 27444 -6511 240 -2700 END
START -6096 1168 27356 -6776 122 -2677 END
START -5996 1312 27184 -7025 -33 -2698 END
START -5932 1248 27020 -7273 -99 -2663 END
START -5812 1308 26968 -7486 -178 -2648 END
START -5608 1496 26600 -7686 -211 -2642 END
START -5172 1568 26348 -7895 -130 -2634 END
START -5032 1400 26232 -8079 -7 -2571 END
START -4832 1256 26068 -8261 98 -2533 END
START -4648 1148 26224 -8461 239 -2515 END
START -4560 1000 26396 -8630 242 -2418 END
START -4688 980 26516 -8843 252 -2435 END
START -4772 932 26460 -9019 161 -2409 END
START -4440 884 26412 -9190 110 -2419 END
START -4528 896 26372 -9398 99 -2437 END
START -4388 1020 26252 -9593 -9 -2498 END
START -4288 1208 26128 -9786 -36 -2480 END
START -4288 1412 26104 -10014 -39 -2507 END
START -4232 1624 25984 -10273 -91 -2467 END
START -4340 1776 25800 -10561 -32 -2486 END
START -4340 1960 25652 -10899 -48 -2522 END
START -4488 2136 25612 -11249 -54 -2579 END
START -4636 2304 25276 -11718 -55 -2692 END
START -4616 2600 25160 -12130 -39 -2821 END
START -4640 2724 24768 -12708 -11 -2980 END
START -4708 3024 24368 -13171 -16 -3144 END
START -4792 3180 24196 -13684 38 -3320 END
START -4864 3412 23880 -14156 90 -3485 END
START -4896 3696 23416 -14608 57 -3646 END
START -5016 3744 23196 -14987 91 -3887 END
START -5052 3848 22724 -15291 45 -4092 END
START -5068 3968 22236 -15540 -55 -4297 END
START -5088 4044 22092 -15791 -152 -4538 END
START -5016 4284 21688 -15949 -291 -4731 END
START -5048 4508 21376 -16090 -492 -4910 END
START -5052 4596 21112 -16180 -767 -5135 END
START -4880 4612 20584 -16218 -983 -5280 END
START -4904 4800 20156 -16265 -1349 -5462 END
START -4528 4932 19684 -16269 -1653 -5620 END
START -4320 5080 19216 -16223 -1953 -5728 END
START -3940 5176 18516 -16245 -2203 -5769 END
START -3756 5340 17784 -16269 -2377 -5758 END
START -3580 5384 17136 -16284 -2559 -5713 END
START -3612 5456 16644 -16228 -2716 -5636 END
START -3484 5492 15828 -16138 -2876 -5570 END
START -3508 5404 15028 -15968 -2988 -5509 END
START -3188 5348 14484 -15684 -3078 -5478 END
START -2972 5264 14020 -15350 -3183 -5409 END
START -2976 5308 13440 -15001 -3320 -5384 END
START -2732 5316 12936 -14588 -3499 -5322 END
START -2744 5404 12400 -14159 -3672 -5284 END
START -2444 5604 11956 -13760 -3843 -5179 END
START -2052 5756 11440 -13329 -4064 -5013 END
START -1720 5852 11244 -12854 -4273 -4819 END
START -1468 5920 10764 -12506 -4456 -4533 END
START -912 6092 10324 -12149 -4669 -4240 END
START -308 6180 9744 -11799 -4788 -3931 END
START -252 6176 9416 -11480 -4907 -3583 END
START 244 6132 9180 -11181 -5013 -3204 END
START 572 6200 8664 -10912 -5135 -2778 END
START 864 6196 8316 -10655 -5253 -2393 END
START 1140 6068 8004 -10379 -5306 -1992 END
START 1328 6124 7476 -10109 -5364 -1568 END
START 1576 5956 6824 -9880 -5360 -1178 END
START 1868 5856 6280 -9650 -5292 -769 END
START 2104 5816 5708 -9404 -5112 -443 END
START 2300 5684 4792 -9196 -4852 -110 END
START 2232 5480 4580 -9013 -4510 150 END
START 2168 5376 4120 -8785 -4143 409 END
START 2040 5220 3780 -8533 -3811 631 END
START 1728 4968 3716 -8315 -3523 814 END
START 1732 4816 3424 -8118 -3197 933 END
START 1568 4500 3224 -7913 -2951 1018 END
START 1588 4244 2912 -7695 -2678 1064 END
START 1420 4216 2716 -7505 -2337 1094 END
START 1296 4084 2560 -7261 -2048 1115 END
START 1092 3916 2348 -7007 -1726 1112 END
START 812 3560 2240 -6823 -1424 1078 END
START 688 3260 2284 -6559 -1159 1037 END
START 308 3260 2188 -6352 -947 972 END
START -48 3328 2228 -6210 -741 824 END
START -68 3252 2248 -6058 -670 712 END
START -292 3100 1924 -5931 -486 558 END
START -356 3028 1916 -5890 -293 439 END
START -512 2924 1732 -5841 -131 311 END
START -644 2952 1536 -5746 108 182 END
START -692 3016 1492 -5675 263 61 END
START -768 2920 1264 -5602 475 -74 END
START -784 2660 1168 -5523 698 -194 END
START -796 2496 1140 -5460 948 -318 END
START -852 2516 944 -5407 1162 -438 END
START -892 2384 928 -5293 1351 -541 END
START -936 2408 688 -5239 1557 -677 END
START -868 2324 532 -5102 1770 -789 END
START -860 2212 324 -5003 1967 -866 END
START -820 2268 256 -4846 2146 -951 END
START -696 2316 44 -4668 2365 -979 END
START -748 2320 156 -4497 2491 -976 END
START -728 2292 -200 -4244 2725 -977 END
START -692 2276 -248 -4034 2868 -912 END
START -704 2184 -224 -3698 2999 -873 END
START -632 2160 -512 -3371 3108 -791 END
START -656 2076 -524 -3056 3236 -697 END
START -704 2020 -448 -2650 3298 -582 END
START -568 2032 -780 -2261 3404 -464 END
START -632 1864 -924 -1887 3476 -331 END
START -564 1812 -976 -1435 3571 -141 END
START -668 1672 -1160 -990 3692 7 END
START -584 1584 -1292 -560 3819 180 END
START -824 1376 -1628 -66 3993 329 END
START -920 1232 -1476 417 4126 452 END
START -1160 1056 -1572 963 4204 545 END
START -1368 896 -1592 1545 4378 657 END
START -1480 876 -1440 2062 4395 716 END
START -1604 644 -1440 2670 4423 753 END
START -1868 432 -1196 3221 4410 759 END
START -2160 300 -904 3782 4310 752 END
START -2492 76 -712 4343 4159 730 END
START -2676 144 -756 4875 4074 639 END
START -2928 96 -560 5391 3950 564 END
START -3188 -12 -304 5881 3821 452 END
START -3300 -36 -460 6328 3764 375 END
START -3492 -164 -416 6777 3716 223 END
START -3544 -268 -152 7220 3752 84 END
START -3652 -352 -164 7624 3730 -106 END
START -3752 -448 -204 8061 3790 -291 END
START -3892 -404 32 8477 3817 -497 END
START -3936 -364 508 8859 3835 -730 END
START -3872 -236 336 9212 3898 -925 END
START -4012 -296 764 9545 3948 -1052 END
START -3844 -212 996 9883 4077 -1225 END
START -3884 -104 992 10130 4116 -1319 END
START -3968 20 1172 10325 4196 -1408 END
START -3948 324 1356 10418 4357 -1482 END
START -3904 536 1404 10503 4588 -1507 END
START -3728 544 1616 10603 4779 -1559 END
START -3660 736 1832 10675 5018 -1546 END
START -3636 1024 2060 10722 5290 -1556 END
START -3900 1444 2260 10821 5507 -1549 END
START -3912 1360 2384 10858 5634 -1466 END
START -3972 1420 2580 10953 5769 -1374 END
START -4120 1512 2648 11119 5855 -1265 END
START -4192 1580 2676 11392 5878 -1175 END
START -4436 1684 2756 11722 5932 -1129 END
START -4632 1836 2892 11891 5887 -1105 END
START -4800 1700 2860 12224 5947 -1086 END
START -5176 1596 2948 12766 5971 -1116 END
START -5528 1484 2836 13202 5946 -1218 END
START -5916 1372 3200 13738 5900 -1369 END
START -6176 1428 3280 14268 5836 -1612 END
START -6216 1412 3564 14827 5754 -1889 END
START -6524 1448 3696 15416 5681 -2241 END
START -6544 1476 4008 15903 5574 -2556 END
START -6624 1764 4328 16469 5449 -2876 END
START -6616 1952 4712 16993 5296 -3156 END
START -6508 2388 4924 17527 5205 -3393 END
START -6332 2768 5228 18047 5120 -3626 END
START -6296 2932 5596 18533 5021 -3786 END
START -6128 3112 6220 19022 4906 -3921 END
START -5880 3384 6568 19418 4849 -4033 END
START -5784 3684 7012 19813 4813 -4159 END
START -5736 4204 7296 20155 4845 -4238 END
START -5720 4680 7784 20462 4873 -4310 END
START -5600 5148 7896 20732 4994 -4363 END
START -5384 5392 8588 20980 5152 -4359 END
START -5372 5732 9004 21166 5348 -4359 END
START -5324 6076 9384 21235 5552 -4313 END
START -5320 6276 10088 21240 5785 -4285 END
START -5356 6528 10492 21153 6002 -4290 END
START -5424 6632 11064 21040 6264 -4327 END
START -5520 6792 11352 20895 6537 -4363 END
START -5520 7028 11484 20740 6890 -4434 END
START -5736 7184 12024 20573 7268 -4550 END
START -5912 7432 12284 20435 7634 -4691 END
START -6004 7540 12760 20292 7975 -4823 END
START -5992 7648 13280 20195 8322 -4924 END
START -6396 7820 13992 20164 8513 -5067 END
START -6512 8000 14680 20144 8615 -5167 END
START -6560 8268 15356 20138 8555 -5278 END
START -6456 8472 16012 20164 8498 -5322 END
START -6484 8592 16840 20179 8193 -5278 END
START -6436 8788 17468 20289 7888 -5191 END
START -6288 9020 18036 20428 7445 -5018 END
START -6128 9124 18828 20610 6937 -4799 END
START -5960 9280 19376 20857 6422 -4554 END
START -5840 9280 20064 21071 5847 -4292 END
START -5468 9476 20732 21336 5178 -4030 END
START -5360 9420 21172 21536 4529 -3775 END
START -4988 9512 21812 21795 3888 -3510 END
START -4680 9660 22148 21933 3271 -3262 END
START -4388 9932 22328 22086 2775 -3035 END
START -3944 10068 22572 22156 2496 -2857 END
START -3576 10392 22864 22182 2338 -2686 END
START -3248 10524 22984 22102 2354 -2521 END
START -3004 10684 23120 21992 2470 -2429 END
START -2800 11064 23428 21854 2729 -2354 END
START -2596 11408 23864 21700 3043 -2270 END
START -2712 11976 24348 21505 3353 -2150 END
START -2772 12384 24932 21317 3687 -1993 END
START -2836 12576 25804 21100 3904 -1856 END
START -3196 12868 26664 20972 4079 -1673 END
START -3280 13244 27432 20817 4042 -1480 END
START -3628 13592 28512 20632 3816 -1269 END
START -3708 13544 29664 20406 3437 -1126 END
START -3840 13444 30572 20088 2994 -928 END
START -3780 13220 31436 19703 2460 -826 END
START -3680 12996 32188 19250 1942 -764 END
START -3652 12740 32767 18670 1349 -758 END
START -3588 12436 32767 17978 757 -844 END
START -3484 11856 32767 17204 232 -984 END
START -3164 11352 32767 16313 -249 -1254 END
START -2764 11108 32767 15291 -576 -1634 END
START -2664 10772 32767 14254 -795 -1978 END
START -2128 10496 32767 13146 -879 -2425 END
START -1768 10044 32767 11797 -766 -2866 END
START -1524 9788 32767 10958 -579 -3351 END
START -1260 9720 32767 9867 -403 -3828 END
START -1184 9796 32767 8885 -242 -4224 END
START -1144 9924 32767 8061 -211 -4578 END
START -760 10092 32767 7276 -287 -4841 END
START -628 10320 32767 6620 -510 -5007 END
START -444 10540 32767 6173 -803 -5016 END
START -176 10780 32767 5732 -1125 -4948 END
START 244 11096 32767 5345 -1513 -4673 END
START 540 11400 32767 4988 -1878 -4322 END
START 1016 11700 32767 4607 -2275 -3843 END
START 1308 11872 32767 4182 -2680 -3303 END
START 1568 11932 32767 3737 -3096 -2656 END
START 1928 11928 32767 3212 -3511 -2001 END
START 1976 11856 32767 2666 -3872 -1289 END
START 2100 11732 32767 2099 -4224 -657 END
START 2008 11616 32767 1526 -4535 1 END
START 2204 11476 32767 877 -4854 602 END
START 2080 11316 32767 199 -5180 1188 END
START 1948 11160 32767 -561 -5421 1700 END
START 1796 11024 32308 -1277 -5675 2240 END
START 1752 10832 31820 -2046 -5898 2676 END
START 1492 10516 31368 -2782 -6082 3035 END
START 1392 10184 30872 -3525 -6249 3310 END
START 1148 9940 30216 -4226 -6342 3515 END
START 952 9788 29548 -4889 -6571 3712 END
START 620 9728 28932 -5525 -6728 3820 END
START 564 9624 28132 -6053 -6829 3838 END
START 580 9576 27388 -6511 -6910 3831 END
START 632 9636 26804 -6901 -6933 3813 END
START 528 9716 26160 -7214 -6901 3789 END
START 556 9768 25392 -7481 -6839 3778 END
START 724 10000 24600 -7841 -6649 3710 END
START 776 9884 23956 -8077 -6517 3629 END
START 972 9724 23448 -8396 -6308 3528 END
START 1204 9688 22956 -8641 -6066 3435 END
START 1412 9440 22512 -8910 -5753 3253 END
START 1704 9556 22204 -9186 -5396 3041 END
START 1868 9680 21804 -9476 -5119 2861 END
START 2152 9812 21580 -9799 -4851 2680 END
START 2308 10036 21496 -10103 -4617 2571 END
START 2784 10264 21128 -10452 -4366 2489 END
START 3020 10744 20904 -10812 -4207 2484 END
START 3436 10892 20620 -11130 -4055 2562 END
START 3952 11292 20248 -11425 -3915 2758 END
START 4104 11448 20128 -11690 -3899 2999 END
START 4448 11648 19824 -11884 -3927 3253 END
START 4784 11816 19640 -12090 -4019 3578 END
START 4960 12056 19208 -12240 -4130 3950 END
START 5220 12484 18956 -12303 -4239 4348 END
START 5440 12844 18596 -12434 -4417 4836 END
START 5604 13004 18216 -12444 -4562 5376 END
START 5800 13268 18024 -12537 -4793 5987 END
START 6132 13416 17644 -12570 -5014 6641 END
START 6304 13656 17472 -12599 -5237 7292 END
START 6472 13832 17144 -12677 -5443 8001 END
START 6816 13868 16872 -12696 -5715 8744 END
START 6944 14012 16224 -12782 -5956 9479 END
START 7036 14016 16044 -12864 -6127 10313 END
START 6876 13964 15520 -12918 -6287 11101 END
START 7088 13976 15052 -12985 -6363 11875 END
START 6836 13972 14560 -13026 -6406 12635 END
START 6700 13912 13980 -13060 -6315 13088 END
START 6488 13868 13532 -13057 -6207 13688 END
START 6176 13964 13116 -13096 -6003 14247 END
START 5976 13780 12892 -13162 -5735 14737 END
START 5628 13568 12724 -13203 -5507 15154 END
START 5424 13348 12636 -13311 -5264 15529 END
START 5220 13172 12192 -13525 -5059 15801 END
START 4832 12992 12128 -13702 -4832 16123 END
START 4768 12880 11456 -13899 -4577 16312 END
START 4432 12776 11392 -14103 -4268 16529 END
START 4144 12756 10940 -14196 -3942 16757 END
START 4064 12664 10640 -14371 -3672 16931 END
START 3860 12576 10368 -14423 -3330 17122 END
START 3560 12588 9936 -14570 -3017 17312 END
START 3300 12476 9572 -14650 -2644 17507 END
START 2980 12340 9232 -14711 -2334 17711 END
START 2616 12276 9100 -14745 -2015 17935 END
START 2320 12040 8588 -14725 -1703 18165 END
START 1932 11788 8256 -14675 -1409 18372 END
START 1484 11736 8052 -14560 -1080 18611 END
START 1048 11636 7600 -14432 -782 18891 END
START 600 11596 7440 -14276 -489 19174 END
START 12 11296 7084 -14111 -135 19507 END
START -384 11072 6944 -13920 142 19899 END
START -932 10924 6948 -13680 438 20242 END
START -1336 10600 6672 -13434 689 20662 END
START -2228 10480 6804 -13232 907 21049 END
START -3028 10200 6832 -12964 1038 21507 END
START -3784 9704 6876 -12699 1072 21919 END
START -4612 9072 6828 -12384 1044 22343 END
START -5412 8516 6848 -12096 1070 22715 END
START -6392 7920 6516 -11698 1011 23036 END
START -7424 7212 6524 -11291 1018 23329 END
START -8560 6448 6548 -10832 939 23468 END
START -9812 5624 6588 -10382 830 23567 END
START -10924 4780 6708 -9940 689 23483 END
START -11844 3968 6520 -9421 465 23309 END
START -12812 3340 6488 -8927 366 23024 END
START -13556 2600 6512 -8477 273 22671 END
START -14264 2256 6572 -8060 231 22264 END
START -15088 1540 6664 -7651 151 21768 END
START -15744 972 6576 -7302 114 21208 END
START -16392 296 6416 -6960 203 20609 END
START -16996 -380 6540 -6646 309 19928 END
START -17528 -920 6468 -6298 510 19150 END
START -18064 -1528 6508 -5964 722 18376 END
START -18644 -1840 6616 -5695 961 17635 END
START -19048 -2268 6800 -5429 1197 16806 END
START -19720 -2836 6948 -5199 1420 15940 END
START -20260 -3212 7024 -4950 1589 15044 END
START -20700 -3664 7428 -4722 1723 14077 END
START -21252 -4152 7504 -4516 1893 13063 END
START -21640 -4560 7636 -4300 2056 12142 END
START -22016 -4808 7932 -4121 2181 11040 END
START -22168 -5116 7888 -3885 2298 10067 END
START -22504 -5156 8220 -3717 2472 9128 END
START -22856 -5400 8356 -3548 2543 8228 END
START -22960 -5444 8500 -3409 2581 7384 END
START -23340 -5652 8744 -3236 2608 6454 END
START -23640 -5680 8940 -3073 2608 5576 END
START -23864 -5716 9156 -2867 2603 4678 END
START -24028 -5804 9408 -2669 2550 3797 END
START -23952 -6048 9476 -2483 2562 2877 END
START -24144 -6124 9860 -2299 2495 2013 END
START -24252 -6156 9956 -2137 2376 1187 END
START -24336 -6116 10220 -1929 2214 407 END
START -24496 -6020 10380 -1701 1960 -415 END
START -24540 -6172 10452 -1486 1662 -1158 END
START -24448 -6148 10432 -1195 1329 -1974 END
START -24520 -6148 10600 -893 970 -2715 END
START -24300 -6356 10500 -609 568 -3508 END
START -23900 -6468 10520 -206 209 -4294 END
START -23628 -6380 10248 190 -152 -5064 END
START -23372 -6260 10344 615 -497 -5861 END
START -23064 -6268 10256 1008 -780 -6645 END
START -22856 -6016 10440 1449 -1124 -7478 END
START -22472 -5660 10452 1882 -1463 -8202 END
START -22140 -5360 10436 2280 -1698 -8943 END
START -21476 -5036 10160 2623 -1864 -9705 END
START -21112 -4636 10060 2954 -1886 -10435 END
START -20628 -4332 10048 3226 -1887 -11185 END
START -20016 -4068 10076 3470 -1757 -11974 END
START -19576 -3764 10012 3652 -1574 -12733 END
START -19168 -3352 9960 3835 -1264 -13573 END
START -18476 -2964 9808 3900 -882 -14427 END
START -17800 -2540 9752 3958 -270 -15241 END
START -17268 -2144 9920 3947 357 -16114 END
START -16920 -1900 10128 3920 1020 -16936 END
START -16644 -1500 10332 3830 1625 -17759 END
START -16064 -868 10616 3742 2284 -18540 END
START -15920 -532 10740 3648 2793 -19263 END
START -15440 -148 11144 3552 3243 -19997 END
START -14976 356 11416 3501 3693 -20621 END
START -14452 740 11636 3461 4020 -21220 END
START -13892 1120 11904 3404 4330 -21731 END
START -13132 1584 12204 3380 4606 -22150 END
START -12560 2160 12424 3354 4876 -22514 END
START -12032 2380 12588 3340 5090 -22789 END
START -11452 2636 13092 3395 5247 -23005 END
START -11032 2780 13596 3459 5205 -23176 END
START -10628 3024 14028 3589 4978 -23356 END
START -10292 3312 14428 3757 4617 -23492 END
START -9808 3712 14744 4029 4098 -23518 END
START -9336 4048 15060 4378 3401 -23484 END
START -8812 4396 15344 4736 2592 -23369 END
START -8040 4576 15276 5162 1775 -23180 END
START -7116 4908 15252 5537 961 -22966 END
START -6144 5204 15156 5980 242 -22709 END
START -5296 5456 14840 6431 -413 -22351 END
START -4428 5920 14752 6850 -863 -21976 END
START -3536 6400 14352 7269 -1295 -21599 END
START -2668 6548 13916 7655 -1472 -21168 END
START -1868 6652 13712 7890 -1574 -20762 END
START -1044 6848 13576 8096 -1467 -20341 END
START -440 7172 13340 8162 -1259 -19985 END
START 412 7084 13136 8171 -942 -19632 END
START 920 7304 13152 8127 -476 -19372 END
START 1392 7720 12948 8088 88 -19161 END
START 1824 7968 13004 7965 685 -18944 END
START 2244 8216 13424 7856 1306 -18747 END
START 2392 8360 13756 7702 1844 -18536 END
START 2616 8428 14020 7540 2369 -18325 END
START 2996 8784 14672 7334 2861 -18173 END
START 3136 8992 15160 7011 3180 -17954 END
START 3360 9164 15540 6738 3412 -17795 END
START 3372 9308 16120 6391 3515 -17621 END
START 3480 9396 16384 6089 3533 -17508 END
START 3388 9504 16768 5854 3377 -17389 END
START 3448 9568 17012 5741 3180 -17352 END
START 3644 9828 17440 5642 2834 -17345 END
START 3984 10092 17580 5576 2454 -17296 END
START 4324 10392 17996 5525 2005 -17194 END
START 4852 10720 18176 5451 1508 -16957 END
START 5436 11004 18292 5389 998 -16739 END
START 5960 11420 18476 5285 625 -16386 END
START 6724 11876 18580 5182 222 -16013 END
START 7252 12256 18572 5063 -182 -15544 END
START 7772 12608 18760 4932 -557 -15016 END
START 8216 12816 18884 4804 -860 -14435 END
START 8660 13184 19052 4664 -1187 -13778 END
START 8912 13472 19200 4485 -1491 -13081 END
START 9276 13628 19504 4246 -1781 -12415 END
START 9552 13892 19896 3890 -2030 -11674 END
START 9740 13908 20200 3506 -2323 -10995 END
START 9532 14160 20672 3099 -2688 -10222 END
START 9532 14428 20620 2594 -3140 -9458 END
START 9520 14576 20580 2108 -3516 -8694 END
START 9596 14576 20620 1580 -3845 -7946 END
START 9548 14524 20296 993 -4132 -7226 END
START 9532 14484 20168 496 -4393 -6536 END
START 9344 14736 20012 -26 -4621 -5852 END
START 9288 14808 19784 -530 -4771 -5142 END
START 8996 14836 19352 -1043 -4865 -4350 END
START 8536 14464 19380 -1591 -5028 -3670 END
START 8244 14012 19112 -2191 -5200 -3047 END
START 8160 13816 18676 -2735 -5336 -2436 END
START 7960 13340 18380 -3256 -5483 -1869 END
START 7632 13236 18028 -3715 -5603 -1317 END
START 7304 12868 17356 -4075 -5658 -856 END
START 7020 12484 17220 -4405 -5723 -454 END
START 6684 11900 16568 -4714 -5710 -108 END
START 6552 11292 16228 -5005 -5642 242 END
START 6628 10876 15876 -5273 -5534 478 END
START 6648 10424 15268 -5521 -5336 766 END
START 6552 9944 14944 -5808 -5070 948 END
START 6568 9600 14476 -6015 -4772 1129 END