START -980 4576 17352 -10449 -5992 6030 END
START 928 4848 13648 -10195 -5542 6422 END
START 3188 4712 10064 -9968 -4296 6691 END
START 2496 4284 9528 -9682 -3094 6882 END
START 3492 4272 8240 -9365 -2250 7062 END
START 3444 4544 7804 -9121 -1463 7159 END
START 2780 4676 8276 -8926 -555 7216 END
START 2332 4928 8564 -8774 359 7263 END
START 2508 5028 8452 -8682 1039 7341 END
START 2724 5020 8188 -8661 1746 7416 END
START 2904 4940 8108 -8665 2482 7552 END
START 2964 4988 8440 -8703 3143 7698 END
START 2948 4920 8548 -8728 3621 7836 END
START 3028 4900 8788 -8770 4073 8039 END
START 2952 4996 9108 -8743 4571 8280 END
START 2808 5032 9356 -8716 4930 8457 END
START 2968 5140 9472 -8666 5202 8726 END
START 2820 5120 9684 -8608 5347 8952 END
START 2764 5152 9700 -8481 5347 9194 END
START 2624 5256 9932 -8404 5335 9468 END
START 2584 5508 9968 -8239 5202 9706 END
START 2416 5636 9952 -8052 4964 10008 END
START 2332 5816 9956 -7864 4650 10305 END
START 2192 5916 9932 -7585 4315 10580 END
START 2068 5936 9740 -7317 3975 10923 END
START 2060 5972 9388 -6972 3699 11312 END
START 1856 6012 9128 -6614 3502 11716 END
START 1536 5880 9000 -6241 3317 12176 END
START 1180 6044 8676 -5761 3205 12506 END
START 732 6184 8500 -5408 3115 12812 END
START 260 6272 8344 -4961 2935 13353 END
START -224 6236 8104 -4639 2791 13630 END
START -384 6156 7900 -4294 2664 13919 END
START -908 5888 7940 -3958 2475 14127 END
START -1292 5528 7780 -3626 2288 14278 END
START -1848 5256 7400 -3286 2178 14293 END
START -2012 4752 7360 -2934 2036 14282 END
START -2500 4480 7228 -2558 1969 14143 END
START -2780 4080 7308 -2130 1859 13977 END
START -3188 3876 7204 -1686 1760 13755 END
START -3564 3636 7228 -1219 1660 13503 END
START -3996 3476 7088 -743 1579 13277 END
START -4188 3324 6896 -297 1486 12666 END
START -4296 3060 6716 217 1474 12622 END
START -4452 2960 6480 621 1514 12470 END
START -4400 2808 6060 1064 1696 12044 END
START -4524 2800 6016 1471 1966 11753 END
START -4484 2824 5976 1828 2200 11496 END
START -4528 2764 5784 2168 2506 11235 END
START -4516 2932 5960 2433 2726 11054 END
START -4660 3040 6316 2674 2867 10856 END
START -4740 3156 6364 2951 3002 10754 END
START -4696 3304 6528 3191 3121 10695 END
START -4700 3112 6776 3458 3212 10634 END
START -4760 3140 6880 3724 3266 10659 END
START -4996 3272 7092 4022 3264 10669 END
START -5104 3232 7344 4297 3222 10713 END
START -5116 3168 7552 4605 3185 10810 END
START -5264 3008 7844 4949 3093 10867 END
START -5560 2912 8176 5250 3037 10915 END
START -5740 2736 8560 5600 2893 10923 END
START -6120 2644 8616 5869 2726 10914 END
START -6472 2712 8712 6121 2510 10879 END
START -6756 2556 9148 6379 2291 10777 END
START -6892 2404 9164 6594 2107 10690 END
START -7172 2316 9240 6783 1940 10542 END
START -7308 2144 9344 6879 1830 10407 END
START -7444 1960 9408 6996 1764 10234 END
START -7740 1816 9396 7082 1733 10079 END
START -7964 1536 9464 7148 1736 9870 END
START -8064 1580 9424 7254 1836 9720 END
START -8168 1444 9320 7292 1930 9526 END
START -8412 1552 9512 7407 2133 9319 END
START -8696 1480 9732 7469 2353 9237 END
START -8892 1484 9604 7537 2487 9029 END
START -9164 1628 9532 7536 2634 8898 END
START -9520 1584 9576 7615 2806 8756 END
START -9532 1524 9556 7643 2939 8633 END
START -9864 1364 9732 7775 3082 8471 END
START -9956 1128 9932 7908 3098 8321 END
START -10252 844 10268 8070 3128 8139 END
START -10368 624 10244 8256 3092 7895 END
START -10608 416 10464 8533 3047 7681 END
START -10744 264 10624 8772 2849 7388 END
START -10992 108 10736 9081 2788 7063 END
START -11012 20 10660 9337 2598 6730 END
START -11276 -160 11000 9630 2414 6384 END
START -11316 -424 10968 9942 2181 6021 END
START -11340 -576 10900 10283 1980 5595 END
START -11372 -668 11168 10669 1806 5094 END
START -11536 -628 11172 11125 1600 4613 END
START -11564 -492 11508 11491 1412 4106 END
START -11524 -464 11848 12075 1268 3689 END
START -11640 -356 11864 12289 1102 3265 END
START -11668 -380 12124 12264 994 2922 END
START -11628 -508 12440 12694 922 2580 END
START -11600 -488 12604 12900 890 2251 END
START -11784 -516 13012 13031 881 1895 END
START -11840 -548 13388 13124 970 1527 END
START -11836 -600 13756 13156 1004 1175 END
START -11964 -536 14328 13208 1103 826 END
START -11948 -684 14700 13127 1093 500 END
START -11828 -784 15244 12989 1157 158 END
START -11980 -1108 15972 12738 1149 -190 END
START -12088 -1212 16392 12427 1104 -609 END
START -12120 -1344 16960 12404 1061 -1004 END
START -12100 -1456 17200 11987 1043 -1433 END
START -12200 -1488 17480 11765 1074 -1909 END
START -12164 -1488 17844 11250 1089 -2365 END
START -12152 -1640 18316 10898 1102 -2923 END
START -12328 -1588 18584 10524 1086 -3414 END
START -12248 -1476 18808 10184 1058 -3870 END
START -12256 -1512 19124 9829 1018 -4378 END
START -12200 -1584 19352 9492 945 -4837 END
START -12112 -1320 19784 9176 786 -5316 END
START -12032 -1340 20056 8971 613 -5765 END
START -11932 -1320 20060 8692 427 -6171 END
START -11640 -1316 20408 8550 195 -6663 END
START -11464 -1140 20500 8407 -4 -7126 END
START -11320 -1060 20996 8304 -305 -7560 END
START -11228 -896 21212 8252 -576 -7978 END
START -10960 -800 21340 8191 -924 -8339 END
START -10784 -544 21476 8200 -1235 -8753 END
START -10504 -504 21680 8223 -1596 -9095 END
START -10216 -424 21760 8212 -1855 -9425 END
START -9808 -296 21924 8202 -2068 -9761 END
START -9500 -244 21696 8146 -2147 -9983 END
START -9056 -140 22136 7993 -2133 -10228 END
START -8692 -48 22148 7803 -2030 -10464 END
START -8296 284 22088 7494 -1896 -10673 END
START -8204 552 22216 7111 -1750 -10837 END
START -7788 664 22500 6718 -1610 -11008 END
START -7528 768 22632 6276 -1466 -11155 END
START -7308 820 22584 5812 -1222 -11258 END
START -6928 1044 22804 5437 -994 -11423 END
START -6672 1276 23136 5053 -751 -11518 END
START -6608 1388 23284 4710 -573 -11666 END
START -6636 1676 23664 4370 -485 -11730 END
START -6456 1816 23964 4046 -458 -11861 END
START -6280 1868 24240 3786 -488 -11965 END
START -6036 1864 24568 3486 -632 -12124 END
START -5920 1784 24816 3221 -841 -12239 END
START -5716 1744 25016 2987 -1111 -12417 END
START -5468 1816 25248 2730 -1421 -12547 END
START -5380 2072 25420 2545 -1787 -12736 END
START -5168 2272 25460 2323 -2124 -12923 END
START -4892 2436 25536 2133 -2542 -13030 END
START -4520 2584 25612 1927 -2907 -13171 END
START -4272 2680 25720 1753 -3217 -13230 END
START -3780 2708 25540 1570 -3470 -13210 END
START -3356 2808 25344 1341 -3546 -13187 END
START -3000 2964 25380 1117 -3558 -13161 END
START -2576 3184 25252 818 -3430 -13040 END
START -2368 3308 25356 495 -3240 -13026 END
START -1964 3292 25144 32 -2967 -12917 END
START -1736 3416 25108 -484 -2614 -12816 END
START -1316 3464 25148 -1038 -2220 -12699 END
START -1132 3412 25320 -1701 -1824 -12490 END
START -868 3472 25208 -2399 -1499 -12376 END
START -608 3428 25372 -3099 -1195 -12229 END
START -332 3376 25412 -3772 -896 -12057 END
START -152 3556 25432 -4426 -691 -11940 END
START -28 3756 25480 -4968 -573 -11828 END
START -4 3592 25532 -5517 -528 -11716 END
START 176 3684 25288 -6051 -510 -11604 END
START 360 3632 24980 -6439 -479 -11460 END
START 452 3476 24828 -6789 -446 -11330 END
START 640 3664 24496 -7110 -351 -11137 END
START 748 3852 24288 -7364 -364 -10990 END
START 764 3888 24060 -7548 -334 -10766 END
START 836 3940 23880 -7717 -366 -10528 END
START 752 4024 23700 -7852 -465 -10348 END
START 908 4024 23596 -8007 -555 -10134 END
START 940 3992 23408 -8100 -653 -9895 END
START 1064 4016 22908 -8247 -722 -9697 END
START 1100 3912 22756 -8324 -788 -9542 END
START 1192 3704 22580 -8445 -859 -9395 END
START 1216 3740 22356 -8553 -864 -9239 END
START 1176 3772 21996 -8639 -887 -9085 END
START 1272 3804 21740 -8718 -834 -8900 END
START 1212 3872 21340 -8807 -708 -8706 END
START 1384 3904 21192 -8906 -527 -8517 END
START 1276 3956 20776 -9036 -278 -8294 END
START 1200 3952 20504 -9172 -7 -8119 END
START 1260 4140 20476 -9361 266 -7906 END
START 1300 4228 19912 -9611 532 -7697 END
START 1224 4216 19980 -9863 858 -7421 END
START 1664 4244 19408 -10173 1222 -7217 END
START 1508 4208 19212 -10550 1628 -6940 END
START 1660 4280 18804 -10917 2122 -6636 END
START 1736 4308 18592 -11291 2581 -6293 END
START 1720 4292 18516 -11634 3026 -5994 END
START 1736 4352 18156 -11982 3510 -5674 END
START 1668 4352 17920 -12288 3929 -5369 END
START 1608 4412 17780 -12630 4222 -5062 END
START 1524 4452 17628 -12932 4500 -4836 END
START 1428 4348 17704 -13170 4632 -4615 END
START 1192 4292 17472 -13373 4672 -4435 END
START 1200 4400 17468 -13514 4603 -4255 END
START 1112 4228 17208 -13588 4432 -4093 END
START 932 4144 17144 -13587 4117 -3839 END
START 1132 4116 16992 -13536 3697 -3628 END
START 1052 4120 16612 -13406 3271 -3386 END
START 1092 4016 16160 -13208 2781 -3173 END
START 1040 4140 15724 -13036 2358 -3004 END
START 972 4196 15312 -12716 1929 -2810 END
START 1060 4352 14664 -12502 1482 -2666 END
START 984 4352 14088 -12229 1030 -2474 END
START 920 4444 13964 -11954 523 -2343 END
START 812 4464 13340 -11586 65 -2161 END
START 936 4568 12796 -11289 -364 -2012 END
START 824 4504 12356 -10914 -751 -1831 END
START 864 4576 11680 -10539 -1132 -1647 END
START 864 4524 10928 -10137 -1386 -1488 END
START 896 4592 10560 -9719 -1579 -1330 END
START 700 4604 10084 -9306 -1777 -1179 END
START 576 4512 9768 -8877 -2015 -1047 END
START 472 4608 9488 -8422 -2287 -888 END
START 332 4720 8908 -7977 -2544 -742 END
START 404 4616 8408 -7546 -2766 -586 END
START 256 4560 7884 -7033 -2897 -440 END
START 172 4392 7148 -6571 -2918 -326 END
START 64 4448 6712 -6058 -2851 -222 END
START -48 4520 6164 -5604 -2751 -118 END
START -232 4624 5776 -5154 -2607 -94 END
START -200 4520 5200 -4724 -2480 -40 END
START -356 4488 4728 -4308 -2251 -34 END
START -284 4448 4376 -3886 -1990 -15 END
START -148 4496 4072 -3476 -1680 4 END
START -356 4368 3828 -3101 -1370 36 END
START -364 4540 3656 -2747 -1014 30 END
START -220 4660 3228 -2434 -634 72 END
START -252 4768 3128 -2108 -209 118 END
START 52 4952 2884 -1847 188 171 END
START 264 4964 2724 -1606 633 235 END
START 356 4992 2896 -1409 1079 304 END
START 452 5040 2756 -1178 1409 418 END
START 612 5088 2888 -1002 1661 534 END
START 844 5320 2812 -847 1897 666 END
START 936 5396 3084 -668 2006 855 END
START 1136 5596 3380 -476 1973 1025 END
START 1280 5864 3332 -268 1979 1312 END
START 1436 5952 3324 -27 1915 1557 END
START 1588 6160 3264 209 1814 1929 END
START 1572 6516 3288 498 1764 2281 END
START 1896 6836 3480 807 1555 2694 END
START 1812 6968 3392 1181 1291 3131 END
START 1880 7080 3568 1599 1005 3625 END
START 1948 7112 3528 2015 698 4146 END
START 1716 7236 3520 2577 378 4743 END
START 1920 7276 3476 3081 30 5175 END
START 1804 7268 3360 3656 -223 5674 END
START 1716 7560 3260 4209 -499 6118 END
START 1712 7528 3120 4793 -674 6585 END
START 1564 7528 3144 5364 -889 7032 END
START 1452 7480 3048 5910 -1056 7473 END
START 1328 7428 2800 6458 -1156 7943 END
START 1168 7360 2756 6977 -1220 8413 END
START 892 7496 2588 7465 -1152 8868 END
START 772 7628 2188 7919 -972 9334 END
START 404 7844 1952 8376 -707 9792 END
START 196 8048 1640 8763 -344 10290 END
START -148 8016 1012 9118 176 10715 END
START -400 7984 840 9468 845 11180 END
START -528 7936 388 9723 1713 11632 END
START -876 7888 148 9968 2646 11970 END
START -1176 7728 224 10171 3620 12372 END
START -1544 7552 380 10334 4667 12729 END
START -1860 7268 844 10427 5668 12872 END
START -2056 7056 848 10535 6589 13022 END
START -2504 6716 1560 10590 7425 13259 END
START -3020 6364 2412 10699 8116 13330 END
START -3360 6008 3308 10759 8598 13489 END
START -3768 5848 3992 10914 8907 13486 END
START -4176 5740 4916 11048 8987 13402 END
START -4588 5752 5716 11207 8909 13375 END
START -5016 5684 6760 11506 8607 13401 END
START -5356 5672 7636 11765 8112 13475 END
START -5848 5512 8280 12214 7449 13428 END
START -6100 5404 8876 12210 6747 13365 END
START -6364 5380 8936 12795 6012 13425 END
START -6540 5628 8864 13118 5410 13483 END
START -6940 5724 9104 13496 4839 13511 END
START -7296 5844 9180 13942 4351 13445 END
START -7704 5656 9372 14381 3825 13535 END
START -8096 5560 9720 14820 3345 13513 END
START -8508 5212 9972 15333 2887 13467 END
START -8712 4696 10044 15832 2440 13392 END
START -8964 4168 10332 16319 2123 13291 END
START -9084 3828 10304 16717 1986 12765 END
START -9280 3428 10564 17102 1956 12567 END
START -9600 3392 10692 17353 2018 12554 END
START -9840 3580 10896 17528 2163 12088 END
START -10248 3820 10856 17592 2513 12059 END
START -10500 4076 10744 17535 2955 11847 END
START -10892 4256 10608 17435 3601 11751 END
START -11340 4088 10668 17230 4294 11629 END
START -11624 3652 10588 17063 5061 11490 END
START -11748 3052 10960 16924 5851 11340 END
START -12312 2432 11260 16794 6719 11040 END
START -12820 2032 11860 16753 7432 10630 END
START -13648 1604 12512 16712 8021 10042 END
START -14304 1104 13264 16704 8380 9251 END
START -14968 864 14360 16632 8369 8315 END
START -15492 484 15480 16554 8133 7221 END
START -15444 -176 16524 16480 7782 5968 END
START -15544 -196 17680 16365 7186 4635 END
START -15732 -116 18552 16215 6450 3403 END
START -15632 -416 19488 15940 5567 2263 END
START -15240 -612 20136 15652 4643 1245 END
START -14688 -528 20304 15297 3720 293 END
START -14332 -156 20324 14815 3025 -510 END
START -13960 452 20240 14322 2398 -1344 END
START -13620 988 19900 13761 1875 -2078 END
START -13224 1452 19460 13210 1498 -2750 END
START -13064 1904 18940 12702 1244 -3437 END
START -12708 2368 18428 12112 1197 -4008 END
START -12508 2748 17996 11925 1314 -4544 END
START -12148 2972 17776 11997 1512 -5027 END
START -11984 3232 17800 11911 1833 -5513 END
START -11704 3388 17908 11664 2225 -5934 END
START -11388 3564 18064 11597 2607 -6282 END
START -11088 3716 18504 11519 3018 -6691 END
START -10740 4048 18564 11286 3391 -6998 END
START -10416 4424 19204 10948 3691 -7297 END
START -10136 4792 19448 10523 3986 -7496 END
START -9956 4856 19720 10071 4207 -7705 END
START -9704 4996 20312 9611 4346 -7886 END
START -9356 5128 20792 9180 4391 -8057 END
START -9248 5172 20976 8743 4398 -8222 END
START -8948 5432 21596 8434 4365 -8369 END
START -8728 5512 21728 8107 4260 -8494 END
START -8572 5736 21900 7857 4121 -8589 END
START -8452 6072 22472 7648 3961 -8596 END
START -8276 6316 22548 7424 3682 -8515 END
START -8240 6612 22640 7253 3454 -8408 END
START -8244 6708 22600 7027 3175 -8328 END
START -8044 6712 22604 6895 2866 -8312 END
START -8156 6488 22744 6789 2444 -8382 END
START -8156 6348 23040 6743 2053 -8536 END
START -8368 6080 23108 6697 1526 -8796 END
START -8300 5860 23204 6682 931 -9070 END
START -8308 5480 23336 6640 293 -9369 END
START -8244 5464 23396 6563 -365 -9698 END
START -8076 5500 23256 6494 -1019 -10002 END
START -7740 5536 23088 6399 -1506 -10318 END
START -7488 5440 22628 6264 -1928 -10620 END
START -7036 5564 22236 6157 -2136 -10908 END
START -6832 5732 21856 5987 -2226 -11208 END
START -6436 5888 21748 5783 -2239 -11511 END
START -6392 6004 21668 5601 -2151 -11741 END
START -6188 6136 21680 5337 -2049 -12017 END
START -5884 6296 21596 5066 -1919 -12242 END
START -5648 6528 21756 4696 -1722 -12467 END
START -5372 6580 21940 4307 -1562 -12677 END
START -5020 6760 21960 3879 -1360 -12845 END