START -2356 2576 15068 1590 2467 -538 END
START -1632 2908 13896 1757 1575 -364 END
START -1456 3612 13200 2003 2434 -15 END
START -2184 4180 14112 2128 2706 108 END
START -2304 4000 14360 2219 2890 388 END
START -2436 3780 14796 2224 2799 695 END
START -2596 3520 15136 2194 2668 1084 END
START -2692 3300 15404 2157 2490 1448 END
START -2816 3000 15332 2046 2298 1701 END
START -2664 2600 15128 1858 2207 1872 END
START -2920 1980 14796 1661 2273 1888 END
START -3476 1684 14824 1437 2426 1794 END
START -3916 1260 14828 1227 2492 1562 END
START -4272 760 14892 916 2573 1283 END
START -4812 596 14780 604 2702 892 END
START -4948 380 14824 248 2784 464 END
START -5296 424 14552 -27 2949 1 END
START -5776 648 14692 -204 3158 -495 END
START -6060 424 14784 -267 3364 -1024 END
START -6320 112 15004 -232 3465 -1616 END
START -6368 -4 14960 -227 3519 -2196 END
START -6200 -156 15156 -205 3366 -2785 END
START -5824 36 15144 -195 3294 -3353 END
START -5376 532 15108 -145 3290 -3910 END
START -4624 760 14912 -92 3367 -4330 END
START -3832 988 15184 20 3509 -4724 END
START -3372 1124 15248 104 3554 -4924 END
START -2736 1772 15536 235 3652 -5022 END
START -2268 2588 15636 231 3771 -4900 END
START -1664 3156 15824 160 3829 -4680 END
START -1072 3584 16024 68 3879 -4257 END
START -928 4112 16464 -96 3916 -3819 END
START -800 4316 16624 -311 3872 -3297 END
START -732 4316 17052 -487 3744 -2729 END
START -912 4260 17040 -707 3658 -2160 END
START -888 4172 17204 -920 3448 -1620 END
START -1104 4112 17464 -1089 3248 -1130 END
START -1436 4240 17368 -1242 2880 -643 END
START -1652 4148 17340 -1290 2531 -216 END
START -1864 4044 17288 -1316 2111 294 END
START -1876 3932 17220 -1213 1664 744 END
START -1964 3780 17056 -1040 1260 1218 END
START -1944 3844 16524 -818 862 1662 END
START -1952 3740 16500 -649 547 2154 END
START -2272 3728 16248 -463 180 2558 END
START -2500 3676 16332 -328 -196 2969 END
START -2900 3216 16348 -191 -573 3261 END
START -3208 2828 16072 -22 -929 3455 END
START -3296 2508 16124 117 -1287 3562 END
START -3636 2340 16064 326 -1641 3571 END
START -3648 2184 15960 530 -1999 3520 END
START -3744 1568 15452 737 -2291 3387 END
START -3676 1260 15008 855 -2399 3232 END
START -3624 1000 14448 1008 -2415 3007 END
START -3644 844 14152 1127 -2282 2740 END
START -3640 636 13880 1220 -2051 2397 END
START -3852 624 13508 1375 -1659 2070 END
START -3880 644 13292 1574 -1355 1697 END
START -4028 488 13268 1733 -937 1362 END
START -4276 524 13324 1823 -579 984 END
START -4444 668 13392 1852 -223 591 END
START -4336 748 13276 1838 112 203 END
START -4452 788 13388 1785 480 -162 END
START -4328 888 13552 1748 788 -479 END
START -4372 948 13616 1684 1145 -791 END
START -4236 1044 13740 1645 1457 -1123 END
START -3956 1120 14088 1631 1751 -1404 END
START -3712 1368 14460 1596 1979 -1652 END
START -3812 1692 14924 1503 2084 -1800 END
START -3756 2100 15468 1381 2096 -1908 END
START -3620 2396 15708 1251 1943 -1872 END
START -3480 2656 15988 1150 1734 -1770 END
START -3204 2784 16216 1045 1520 -1629 END
START -2936 2876 16352 929 1289 -1426 END
START -2948 3076 16140 871 1098 -1160 END
START -2824 2900 16100 827 808 -857 END
START -2748 3044 16128 726 610 -580 END
START -2748 3056 15960 660 406 -319 END
START -2776 3044 16000 633 149 -38 END
START -2864 3000 15876 614 -42 204 END
START -2836 2652 15600 627 -278 416 END
START -2708 2616 15676 622 -431 647 END
START -2944 2508 15556 671 -618 779 END
START -3060 2448 15592 716 -748 911 END
START -3168 2540 15472 732 -930 1020 END
START -3296 2504 15632 833 -1062 1122 END
START -3320 2472 15624 952 -1182 1235 END
START -3344 2416 15780 1029 -1318 1328 END
START -3552 2356 15816 1159 -1474 1465 END
START -3596 2172 15816 1235 -1616 1569 END
START -3760 1952 15864 1258 -1753 1639 END
START -4088 1852 15836 1305 -1873 1668 END
START -4180 1632 15948 1388 -1959 1629 END
START -4252 1304 15684 1507 -2002 1533 END
START -4312 996 15764 1606 -1918 1355 END
START -4560 908 15724 1673 -1794 1124 END
START -4800 948 15684 1774 -1677 934 END
START -4872 1024 15828 1817 -1557 701 END
START -4892 928 15988 1859 -1408 561 END
START -4840 848 16212 1905 -1203 367 END
START -4892 744 16516 1927 -1002 214 END
START -4908 756 16696 1966 -763 3 END
START -5128 816 16696 1999 -531 -148 END
START -4964 828 16736 2108 -269 -317 END
START -5152 748 17008 2154 -5 -439 END
START -5092 908 16856 2257 369 -525 END
START -5128 976 17648 2368 717 -661 END
START -5432 756 18340 2526 915 -734 END
START -5724 668 18980 2554 953 -752 END
START -5776 840 19452 2627 994 -813 END
START -5956 1072 20212 2614 911 -813 END
START -6244 1236 20656 2631 757 -766 END
START -6512 1180 21568 2569 615 -669 END
START -6640 1120 22044 2548 393 -585 END
START -6756 1304 22504 2478 68 -466 END
START -6884 1388 23024 2378 -178 -391 END
START -6944 1608 23332 2252 -461 -286 END
START -7136 1600 23736 2068 -744 -104 END
START -6964 1388 24220 1890 -1046 44 END
START -6964 1392 24564 1729 -1363 247 END
START -6968 1244 24708 1535 -1645 353 END
START -6972 1196 24916 1400 -1844 509 END
START -6796 1100 25024 1173 -2050 640 END
START -6776 804 25100 931 -2173 738 END
START -6632 812 25240 667 -2256 816 END
START -6376 668 25308 361 -2305 880 END
START -6244 512 25140 20 -2203 893 END
START -6248 392 25220 -308 -2057 991 END
START -6240 296 25216 -687 -1868 1038 END
START -6224 324 24932 -1114 -1520 1190 END
START -6352 292 24884 -1599 -1140 1329 END
START -6480 168 24616 -2059 -676 1495 END
START -6692 16 24396 -2552 -210 1639 END
START -7012 -312 24192 -2981 341 1690 END
START -7324 -696 24204 -3437 880 1710 END
START -7612 -988 23936 -3835 1329 1627 END
START -7856 -1252 23784 -4225 1883 1531 END
START -8232 -1348 23704 -4528 2416 1359 END
START -8844 -1540 23836 -4818 2816 1205 END
START -9236 -1640 23716 -4997 3166 1010 END
START -9516 -1556 23440 -5170 3431 808 END
START -9688 -1652 23388 -5260 3678 603 END
START -9844 -1708 23484 -5361 3875 365 END
START -10000 -1856 23440 -5376 3945 118 END
START -10188 -2028 23616 -5445 3929 -124 END
START -10328 -2120 23860 -5468 3819 -368 END
START -10432 -2312 23912 -5495 3641 -696 END
START -10312 -2616 24000 -5519 3351 -986 END
START -10300 -2884 24020 -5490 3093 -1350 END
START -10064 -3168 24276 -5379 2783 -1723 END
START -9844 -3376 24364 -5346 2470 -2102 END
START -9448 -3212 24300 -5299 2182 -2462 END
START -8964 -3328 24376 -5321 1890 -2789 END
START -8388 -3244 24280 -5352 1628 -3095 END
START -7732 -2964 24112 -5440 1470 -3340 END
START -7220 -2632 23884 -5592 1390 -3556 END
START -6716 -2416 23808 -5740 1388 -3685 END
START -6476 -1896 23768 -5942 1365 -3767 END
START -6068 -1412 23612 -6226 1311 -3801 END
START -5928 -992 23572 -6488 1270 -3786 END
START -5584 -708 23672 -6774 1274 -3733 END
START -5452 -320 23564 -7036 1137 -3694 END
START -5336 8 23560 -7333 1017 -3642 END
START -5152 316 23396 -7657 828 -3605 END
START -4932 704 23120 -7964 678 -3574 END
START -4768 1172 22716 -8305 493 -3525 END
START -4660 1620 22216 -8629 386 -3497 END
START -4328 1844 21728 -8981 363 -3382 END
START -4068 2216 21332 -9325 404 -3309 END
START -3736 2724 20580 -9618 559 -3167 END
START -3664 3028 20144 -9932 716 -3040 END
START -3564 3304 19624 -10166 887 -2909 END
START -3428 3332 19244 -10381 1040 -2771 END
START -3288 3532 18900 -10566 1272 -2640 END
START -3272 3732 18612 -10701 1408 -2506 END
START -3248 3832 18340 -10856 1559 -2372 END
START -3592 3976 18468 -10970 1631 -2267 END
START -3796 4028 18544 -11078 1587 -2169 END
START -4284 3856 18652 -11279 1332 -2152 END
START -4592 3648 18696 -11403 986 -2187 END
START -4588 3404 18620 -11611 559 -2350 END
START -4776 3316 18412 -11715 123 -2570 END
START -4868 3352 17964 -11817 -313 -2781 END
START -4740 3364 17360 -11859 -660 -3056 END
START -4724 3496 16900 -11850 -1061 -3350 END
START -4600 3520 16196 -11864 -1434 -3604 END
START -4228 3564 15640 -11809 -1655 -3889 END
START -3980 3792 15028 -11899 -1862 -4183 END
START -3608 3800 14356 -11835 -1918 -4480 END
START -3276 3880 13976 -11872 -1951 -4766 END
START -2940 4144 13384 -11827 -1924 -5048 END
START -2676 4416 12904 -11832 -1867 -5302 END
START -2488 4584 12648 -11759 -1809 -5521 END
START -2476 4824 12368 -11634 -1814 -5648 END
START -2184 5012 12128 -11542 -1903 -5748 END
START -1896 5216 11536 -11412 -2029 -5758 END
START -1788 5580 11232 -11274 -2175 -5699 END
START -1492 5584 11004 -11088 -2295 -5675 END
START -996 5660 10656 -10886 -2448 -5561 END
START -612 5744 10228 -10716 -2527 -5432 END
START -168 5872 9776 -10605 -2596 -5250 END
START -40 6124 9340 -10460 -2613 -5027 END
START 232 6252 9068 -10364 -2576 -4749 END
START 556 6404 8488 -10239 -2475 -4427 END
START 728 6280 8348 -10171 -2379 -4113 END
START 924 6212 7664 -10033 -2262 -3817 END
START 1028 5984 7404 -9916 -2173 -3537 END
START 1112 5676 7044 -9755 -2057 -3274 END
START 1168 5604 6700 -9587 -1992 -3048 END
START 1168 5564 6260 -9447 -1946 -2818 END
START 1136 5476 5856 -9252 -1872 -2591 END
START 1104 5400 5512 -9090 -1843 -2283 END
START 1276 5264 5100 -8847 -1692 -2003 END
START 1212 5140 4680 -8647 -1629 -1717 END
START 1216 4812 4380 -8406 -1532 -1459 END
START 1176 4724 4132 -8151 -1431 -1212 END
START 884 4368 4068 -7934 -1357 -1017 END
START 732 4228 3868 -7643 -1330 -799 END
START 424 4028 3636 -7423 -1367 -691 END
START 180 3708 3448 -7170 -1375 -575 END
START 96 3484 3348 -6926 -1392 -533 END
START -136 3288 3028 -6622 -1385 -546 END
START -164 3084 2704 -6364 -1352 -593 END
START -196 2852 2584 -6056 -1273 -685 END
START -160 2920 2136 -5752 -1203 -756 END
START -88 2844 1900 -5540 -1013 -827 END
START -8 2792 1664 -5286 -894 -890 END
START 32 2872 1432 -5085 -685 -957 END
START 56 2924 1180 -4887 -491 -958 END
START 88 2860 1028 -4682 -239 -984 END
START 184 2920 764 -4474 53 -964 END
START 260 2892 604 -4327 349 -940 END
START 272 2916 460 -4125 722 -879 END
START 288 2892 108 -3972 1085 -833 END
START 72 2888 212 -3818 1457 -756 END
START -140 2880 -192 -3631 1820 -687 END
START -268 2632 -256 -3368 2157 -607 END
START -484 2560 -376 -3120 2449 -559 END
START -844 2420 -112 -2842 2621 -503 END
START -1136 2240 -176 -2522 2730 -430 END
START -1460 2036 -288 -2189 2827 -386 END
START -1600 1840 -572 -1865 2908 -333 END
START -1836 1548 -524 -1481 2975 -302 END
START -1820 1452 -864 -1067 3021 -255 END
START -2228 1332 -884 -614 2985 -226 END
START -2572 1192 -1024 -99 3048 -233 END
START -2708 972 -808 427 2987 -265 END
START -2900 820 -992 942 2958 -343 END
START -2856 776 -720 1427 2898 -365 END
START -3088 748 -724 1897 2813 -396 END
START -3076 728 -436 2310 2695 -372 END
START -3216 684 -576 2726 2590 -378 END
START -3400 628 -540 3122 2498 -336 END
START -3256 528 -444 3481 2418 -350 END
START -3492 364 -368 3843 2384 -388 END
START -3588 324 -316 4164 2306 -422 END
START -3768 240 -500 4509 2331 -490 END
START -3772 272 -512 4791 2272 -589 END
START -3916 192 -516 5119 2244 -682 END
START -3988 208 -424 5454 2220 -771 END
START -4048 236 -616 5791 2206 -874 END
START -4044 184 -868 6128 2243 -1023 END
START -3960 236 -588 6475 2264 -1117 END
START -3932 232 -764 6832 2317 -1205 END
START -3772 312 -640 7141 2461 -1329 END
START -3796 368 -680 7491 2555 -1410 END
START -3916 476 -528 7782 2664 -1468 END
START -3808 532 -576 8096 2752 -1507 END
START -3840 528 -484 8402 2875 -1555 END
START -3844 456 -424 8703 2955 -1577 END
START -3928 496 -336 9061 3060 -1582 END
START -4116 516 -56 9411 3149 -1617 END
START -4288 504 44 9780 3211 -1626 END
START -4456 516 164 10229 3236 -1655 END
START -4568 404 240 10649 3244 -1630 END
START -4592 372 492 11065 3317 -1666 END
START -4752 364 564 11538 3360 -1724 END
START -5172 500 844 11924 3388 -1733 END
START -5200 500 968 12242 3368 -1732 END
START -5204 672 1164 12603 3436 -1764 END
START -5300 784 1144 12996 3471 -1784 END
START -5264 908 1316 13357 3537 -1774 END
START -5400 976 1892 13707 3634 -1795 END
START -5724 1176 1996 14062 3668 -1849 END
START -5668 1312 2380 14458 3750 -1803 END
START -5788 1536 2708 14817 3799 -1845 END
START -5940 1744 3144 15262 3762 -1787 END
START -6024 1912 3844 15661 3618 -1762 END
START -6144 2052 4396 16109 3455 -1754 END
START -6160 2088 4876 16601 3213 -1788 END
START -6168 2472 5532 17031 3084 -1781 END
START -5896 2712 5972 17430 2892 -1771 END
START -5836 2972 6352 17841 2770 -1736 END
START -5816 3196 6636 18128 2667 -1671 END
START -5572 3624 6996 18362 2711 -1611 END
START -5556 3940 7480 18596 2802 -1517 END
START -5468 4152 8004 18776 2999 -1483 END
START -5572 4156 8636 18914 3129 -1498 END
START -5824 4244 9224 19085 3210 -1566 END
START -6000 4160 9940 19254 3322 -1739 END
START -6108 4164 10428 19404 3390 -1923 END
START -6148 4176 11300 19548 3534 -2247 END
START -6388 4204 12040 19699 3593 -2583 END
START -6392 4728 12504 19817 3737 -2927 END
START -6324 5124 13156 19897 3900 -3202 END
START -6320 5568 14028 19924 4078 -3458 END
START -5940 5700 14596 19974 4262 -3658 END
START -5868 5916 15516 19910 4449 -3852 END
START -5612 6136 16544 19914 4589 -3945 END
START -5372 6208 17352 19875 4707 -4090 END
START -5148 6476 18100 19874 4830 -4180 END
START -4888 6808 19056 19824 4964 -4258 END
START -4788 7032 19720 19756 5115 -4318 END
START -4604 7300 20724 19660 5263 -4342 END
START -4464 7496 21196 19486 5319 -4363 END
START -4448 7708 22184 19245 5370 -4329 END
START -4260 7964 23048 18961 5306 -4258 END
START -4024 8280 23884 18654 5291 -4194 END
START -3904 8688 24640 18284 5224 -4039 END
START -3748 9212 25440 17950 5099 -3895 END
START -3740 9528 26376 17552 4920 -3637 END
START -3504 9924 27004 17116 4609 -3342 END
START -3472 10064 27660 16704 4348 -3004 END
START -3268 10176 28264 16297 3985 -2597 END
START -3340 10072 28736 15836 3590 -2199 END
START -3144 10248 29108 15456 3150 -1738 END
START -3176 10004 29388 15112 2721 -1375 END
START -3388 9600 29676 14804 2193 -1043 END
START -3352 9392 29984 14589 1723 -727 END
START -3460 9156 30228 14407 1153 -492 END
START -3452 8724 30436 14226 643 -289 END
START -3512 8520 30656 14047 98 -49 END
START -3424 8108 30812 13881 -457 159 END
START -3244 7908 30812 13645 -940 319 END
START -3188 7648 30388 13434 -1317 498 END
START -3164 7220 29996 13218 -1561 607 END
START -3028 6952 29912 12984 -1710 678 END
START -3172 6660 29744 12766 -1799 716 END
START -3340 6560 29712 12462 -1826 694 END
START -3432 6568 29388 12188 -1766 585 END
START -3512 6652 29332 11958 -1569 506 END
START -3512 6620 29216 11849 -1229 386 END
START -3764 6712 29340 11187 -882 258 END
START -3728 6764 29424 10654 -560 171 END
START -3880 6860 29476 9973 -103 -2 END
START -3884 6824 29720 9318 199 -102 END
START -4108 6500 29812 8595 594 -267 END
START -4112 6244 29944 7929 903 -479 END
START -4200 6084 30056 7273 1135 -669 END
START -4364 6156 30064 6628 1330 -883 END
START -4428 6320 29776 5970 1608 -1087 END
START -4172 6140 29472 5203 1884 -1282 END
START -3924 6132 29280 4344 2273 -1507 END
START -3652 5860 28876 3467 2669 -1685 END
START -3580 5720 28604 2548 3034 -1866 END
START -3288 5496 28364 1727 3384 -2006 END
START -3200 5028 28264 929 3685 -2171 END
START -3020 4896 28096 293 3863 -2225 END
START -3064 4544 28096 -266 3829 -2254 END
START -3036 4268 27876 -684 3619 -2173 END
START -2916 4116 27920 -944 3311 -2072 END
START -2688 4108 27636 -1148 2859 -1907 END
START -2556 3980 27248 -1214 2368 -1659 END
START -2260 3968 26964 -1227 1815 -1422 END
START -2144 4024 26476 -1165 1270 -1072 END
START -1780 4140 26244 -1057 767 -804 END
START -1704 4064 25756 -951 280 -477 END
START -1340 3792 25724 -924 -140 -113 END
START -1328 3708 25528 -887 -569 195 END
START -1080 3644 25464 -908 -1005 501 END
START -1092 3652 25484 -970 -1435 721 END
START -964 3676 25404 -1091 -1855 968 END
START -952 3796 25464 -1195 -2250 1091 END
START -980 3904 25416 -1389 -2612 1259 END
START -656 3944 25376 -1619 -2833 1370 END
START -560 4016 25180 -1890 -2968 1469 END
START -560 4268 25168 -2226 -3028 1479 END
START -320 4368 24976 -2660 -3120 1516 END
START -128 4588 24788 -3098 -3108 1457 END
START 76 4964 24468 -3533 -3099 1426 END
START 204 5136 24280 -3906 -2979 1405 END
START 504 5372 23732 -4294 -2820 1394 END
START 824 5664 23528 -4594 -2662 1332 END
START 1096 5876 23360 -4935 -2443 1278 END
START 1308 6064 23168 -5265 -2298 1257 END
START 1356 6084 23288 -5624 -2187 1305 END
START 1500 6240 23404 -5941 -2140 1355 END
START 1784 6408 23384 -6223 -2061 1394 END
START 1920 6528 23212 -6488 -2067 1468 END
START 2064 6644 22972 -6727 -2044 1576 END
START 2368 6852 22900 -6991 -2051 1709 END
START 2444 7132 22532 -7255 -1951 1895 END
START 2576 7232 22376 -7508 -1904 2108 END
START 2500 7484 22352 -7719 -1904 2322 END
START 2592 7716 22388 -7897 -1800 2640 END
START 2596 7716 22348 -8033 -1802 2921 END
START 2480 7704 22368 -8156 -1833 3228 END
START 2424 7756 22628 -8333 -1907 3571 END
START 2304 7796 22828 -8517 -2112 3823 END
START 2236 7700 22976 -8724 -2396 4110 END
START 2092 7752 23028 -8896 -2708 4328 END
START 1868 7888 23060 -9033 -3064 4603 END
START 1792 7880 23048 -9173 -3468 4845 END
START 1712 8092 23100 -9281 -3931 5022 END
START 1572 8292 22952 -9383 -4376 5244 END
START 1644 8408 22836 -9513 -4880 5476 END
START 1576 8700 22640 -9556 -5359 5659 END
START 1608 8996 22272 -9637 -5731 5878 END
START 1888 9184 22016 -9767 -6048 6174 END
START 2116 9428 21596 -9904 -6330 6404 END
START 2316 9488 21256 -10102 -6477 6662 END
START 2340 9660 20912 -10379 -6628 6868 END
START 2380 9744 20524 -10644 -6646 7127 END
START 2308 9940 20360 -10997 -6704 7327 END
START 2388 10032 19988 -11303 -6722 7508 END
START 2548 10096 19452 -11610 -6741 7681 END
START 2436 10236 18924 -11919 -6657 7840 END
START 2524 10224 18392 -12239 -6612 7946 END
START 2632 10476 17824 -12507 -6498 8111 END
START 2696 10584 17424 -12798 -6378 8315 END
START 2896 10564 16748 -13071 -6221 8552 END
START 2948 10600 16288 -13348 -6011 8809 END
START 2988 10508 15804 -13565 -5766 9067 END
START 3012 10560 15276 -13782 -5606 9402 END
START 2932 10492 14904 -13949 -5401 9738 END
START 2664 10508 14448 -14153 -5207 10100 END
START 2512 10364 14048 -14299 -4971 10490 END
START 2356 10300 13624 -14488 -4699 10899 END
START 2036 9944 13468 -14595 -4518 11267 END
START 1612 9788 13212 -14685 -4424 11633 END
START 1304 9544 12860 -14701 -4309 12020 END
START 764 9344 12736 -14743 -4271 12387 END
START 336 9120 12580 -14720 -4349 12805 END
START -212 8768 12396 -14683 -4507 13005 END
START -800 8600 12196 -14637 -4709 13350 END
START -1440 8372 11848 -14541 -4952 13679 END
START -1848 8176 11612 -14447 -5147 14057 END
START -2344 7820 11084 -14311 -5365 14354 END
START -2724 7512 10332 -14216 -5452 14609 END
START -2940 7164 9672 -14079 -5464 14850 END
START -3228 6764 8704 -13933 -5303 15050 END
START -3760 6384 7924 -13740 -4977 15257 END
START -4168 6104 7220 -13514 -4634 15491 END
START -4624 5784 6664 -13174 -4216 15659 END
START -5108 5408 6268 -12805 -3810 15838 END
START -5648 5016 6144 -12357 -3350 16010 END
START -6172 4680 5852 -11957 -2943 16153 END
START -6576 4316 5784 -11517 -2494 16265 END
START -7268 3948 5972 -11086 -2198 16361 END
START -7904 3492 6128 -10695 -1942 16425 END
START -8432 3164 6252 -10327 -1755 16479 END
START -9160 2836 6304 -9951 -1597 16468 END
START -9508 2408 6396 -9630 -1501 16462 END
START -10204 1932 6532 -9312 -1427 16335 END
START -10856 1572 6456 -9018 -1375 16159 END
START -11484 860 6228 -8714 -1297 15902 END
START -11940 584 6332 -8369 -1264 15572 END
START -12468 272 6352 -8054 -1202 15241 END
START -13052 -212 6208 -7690 -1169 14892 END
START -13804 -344 6340 -7346 -1170 14539 END
START -14292 -732 6200 -7025 -1214 14127 END
START -14760 -1096 6080 -6705 -1210 13670 END
START -15188 -1428 6252 -6378 -1248 13166 END
START -15680 -1636 6164 -6050 -1247 12804 END
START -16032 -1988 6204 -5721 -1268 12449 END
START -16428 -2316 6244 -5376 -1234 11799 END
START -16644 -2612 6188 -5034 -1249 11245 END
START -16880 -2956 6068 -4802 -1179 10643 END
START -16848 -3184 5976 -4481 -1019 9969 END
START -16980 -3428 5920 -4231 -878 9347 END
START -17148 -3416 6060 -4015 -709 8689 END
START -17376 -3404 5916 -3760 -598 8084 END
START -17488 -3420 5912 -3500 -433 7568 END
START -17684 -3500 6188 -3253 -351 7035 END
START -17712 -3676 6232 -3029 -267 6538 END
START -17920 -3736 6180 -2743 -146 6064 END
START -18000 -3880 6376 -2508 -62 5535 END
START -18048 -3944 6444 -2254 22 4976 END
START -18248 -4024 6300 -2009 70 4446 END
START -18344 -4168 6396 -1867 150 3942 END
START -18368 -4272 6392 -1645 219 3376 END
START -18552 -4392 6472 -1412 265 2808 END
START -18716 -4588 6232 -1128 335 2237 END
START -18728 -4712 6168 -901 441 1660 END
START -18592 -4700 6012 -590 683 1026 END
START -18392 -4824 5744 -350 931 376 END
START -18304 -4776 5588 -109 1380 -253 END
START -18140 -4716 5620 121 1837 -886 END
START -18036 -4744 5760 284 2328 -1461 END
START -18204 -4576 6192 440 2646 -2013 END
START -18396 -4660 6564 594 2951 -2585 END
START -18528 -4680 7120 740 3081 -3156 END
START -18500 -4772 7400 843 3187 -3692 END
START -18372 -4668 7428 1009 3217 -4273 END
START -18276 -4616 7744 1191 3287 -4894 END
START -18080 -4648 7600 1323 3353 -5518 END
START -17824 -4616 7668 1464 3513 -6201 END
START -17676 -4300 7712 1575 3692 -6801 END
START -17596 -4312 7936 1701 3903 -7455 END
START -17632 -4184 8304 1852 4034 -8072 END
START -17896 -3972 8652 2060 4027 -8689 END
START -18148 -4064 9304 2242 3788 -9372 END
START -18076 -4024 9952 2491 3463 -9989 END
START -17968 -3876 10292 2822 2938 -10714 END
START -18040 -3732 10756 3213 2419 -11369 END
START -17780 -3468 11028 3608 1893 -12008 END
START -17392 -3112 11120 3980 1289 -12674 END
START -16736 -2496 11136 4353 886 -13304 END
START -15920 -1776 10632 4602 764 -13882 END
START -15156 -1196 10452 4829 779 -14379 END
START -14340 -588 10524 4932 983 -14756 END
START -13420 24 10452 5029 1338 -15003 END
START -12684 700 10664 5088 1746 -15195 END
START -12000 1208 11116 5086 2116 -15244 END
START -11396 1436 11716 5133 2329 -15235 END
START -11028 1672 12232 5159 2378 -15095 END
START -10552 1836 12840 5338 2238 -14940 END
START -10256 2060 13204 5633 2018 -14711 END
START -9904 2492 13728 6063 1623 -14491 END
START -9632 2792 13904 6499 1189 -14243 END
START -9292 3144 14228 7012 679 -13974 END
START -8780 3204 14252 7457 237 -13680 END
START -8336 3236 14488 7977 -277 -13366 END
START -7740 3196 14688 8334 -722 -13105 END
START -7332 3128 14720 8729 -1159 -12899 END
START -6992 3128 14856 9075 -1519 -12699 END
START -6604 3320 14784 9393 -1821 -12597 END
START -6316 3760 14480 9644 -2052 -12508 END
START -6036 3652 14508 9915 -2112 -12477 END
START -5604 3684 14192 10150 -1977 -12491 END
START -5448 3648 14200 10399 -1771 -12642 END
START -4956 3468 14444 10557 -1441 -12857 END
START -4400 3312 14628 10628 -1019 -13208 END
START -3900 3432 15132 10497 -480 -13672 END
START -3628 3300 15312 10260 -6 -14128 END
START -3104 2988 15792 9859 515 -14578 END
START -2840 2860 16404 9439 854 -14986 END
START -2760 2812 16972 8904 1236 -15406 END
START -2504 2660 17764 8354 1339 -15872 END
START -2236 2560 18120 8004 1523 -16340 END
START -1916 2552 18724 7663 1470 -16845 END
START -1792 2584 19132 7438 1292 -17249 END
START -1404 3088 19584 7261 1020 -17619 END
START -964 3564 19800 7148 588 -17842 END
START -344 4132 19740 7052 183 -18030 END
START 644 4864 19548 6904 -90 -18142 END
START 1480 5548 19608 6819 -198 -18181 END
START 2516 6416 19308 6679 -277 -18144 END
START 3352 7108 19488 6470 -250 -17965 END
START 3784 7576 19596 6215 -265 -17669 END
START 4544 8244 20012 5857 -372 -17241 END
START 5100 8784 20148 5452 -436 -16727 END
START 5736 9008 20216 5080 -521 -16219 END
START 6332 9184 20280 4702 -568 -15583 END
START 6576 9812 20360 4349 -705 -14950 END
START 6740 10236 20228 3976 -896 -14278 END
START 7048 10384 20036 3620 -1082 -13415 END
START 7292 10340 19936 3280 -1359 -12609 END
START 7324 10336 19764 2993 -1687 -11718 END
START 7392 10152 19792 2777 -2055 -10826 END
START 7168 9996 19376 2608 -2412 -9905 END
START 7352 9860 19008 2488 -2730 -9090 END
START 7008 9424 18496 2433 -3008 -8385 END
START 6876 9208 18264 2411 -3267 -7643 END
START 6516 8740 18156 2383 -3494 -7017 END
START 6144 8288 17812 2317 -3735 -6401 END
START 5820 8076 17472 2255 -3917 -5971 END
START 5636 7664 17092 2153 -4068 -5594 END
START 5320 7268 16820 1967 -4028 -5375 END
START 5140 7200 16780 1747 -3999 -5208 END
START 4828 7076 16196 1421 -3840 -5128 END
START 4604 7104 16200 1070 -3629 -5112 END
START 4472 7196 16020 641 -3360 -5097 END
START 4112 7488 15824 207 -3084 -5144 END
START 4336 7336 15436 -226 -2670 -5203 END
START 4264 7588 15460 -667 -2261 -5229 END
START 4184 7484 15184 -1031 -1919 -5243 END
START 4172 7540 15312 -1418 -1572 -5224 END
START 4048 7660 15084 -1751 -1307 -5153 END
START 3972 7972 14932 -2025 -1097 -4939 END
START 3916 8560 14512 -2237 -866 -4703 END
START 3960 8784 14620 -2336 -518 -4463 END
START 3708 8952 14444 -2405 -286 -4090 END
START 3828 8864 14284 -2405 -33 -3717 END
START 4024 8592 14376 -2398 239 -3247 END
START 4004 8368 14596 -2357 464 -2774 END
START 3796 8160 14752 -2332 429 -2371 END
START 3692 7716 15128 -2369 306 -1929 END
START 3524 7460 15592 -2379 55 -1552 END
START 3476 7172 15848 -2410 -249 -1182 END
START 3508 7064 16160 -2381 -649 -882 END
START 3260 6776 16332 -2460 -1181 -538 END