START -4348 1548 17832 305 2234 2343 END
START -2452 3900 13704 -74 541 2095 END
START -2856 692 14936 -218 1254 2003 END
START -3424 1188 16456 -375 1425 1799 END
START -3524 1284 16160 -463 1853 1686 END
START -3452 1212 16216 -658 1967 1510 END
START -3716 1492 16212 -842 1915 1341 END
START -3736 1560 16296 -1015 1916 1207 END
START -3712 1508 16180 -1199 1953 1085 END
START -3624 1700 16004 -1279 2003 1018 END
START -3624 1864 16068 -1409 2035 969 END
START -3324 1828 15696 -1529 2078 951 END
START -3220 1824 15592 -1622 2123 962 END
START -3020 1896 15544 -1689 2164 933 END
START -2896 1836 15552 -1734 2365 923 END
START -2860 1844 15748 -1776 2415 914 END
START -2740 1960 15588 -1786 2427 923 END
START -2888 2116 15648 -1797 2364 941 END
START -2860 2156 15896 -1806 2291 967 END
START -2940 2120 15976 -1757 2192 1038 END
START -3144 2244 16024 -1673 1913 1170 END
START -3200 2456 16044 -1549 1672 1275 END
START -3228 2680 16020 -1397 1440 1446 END
START -2948 2772 15908 -1262 1328 1567 END
START -2860 2572 15948 -1101 1207 1763 END
START -2936 2548 15952 -996 1118 1930 END
START -2892 2580 15856 -921 1022 2091 END
START -2948 2420 15928 -853 978 2230 END
START -3124 2464 15952 -886 880 2375 END
START -3332 2264 15824 -936 729 2486 END
START -3360 2420 15632 -1011 607 2561 END
START -3336 2356 15372 -1106 575 2568 END
START -3340 2104 15196 -1170 674 2570 END
START -3256 1852 15048 -1215 881 2587 END
START -3400 1712 15136 -1252 1181 2562 END
START -3464 1804 15348 -1298 1313 2512 END
START -3696 1828 15220 -1337 1370 2437 END
START -3804 1768 15436 -1383 1451 2351 END
START -4048 1588 15316 -1365 1474 2275 END
START -4152 1396 15280 -1319 1496 2154 END
START -4108 1148 15164 -1305 1546 1990 END
START -4248 956 14796 -1260 1668 1774 END
START -4400 668 14200 -1250 1775 1531 END
START -4476 380 13532 -1189 1990 1180 END
START -4380 132 13132 -1113 2308 794 END
START -4392 -8 12792 -956 2774 370 END
START -4504 -12 12756 -701 3276 -38 END
START -4668 -60 12924 -404 3815 -419 END
START -4844 60 13232 -71 4173 -755 END
START -5140 292 13564 225 4368 -1106 END
START -5172 404 14056 427 4360 -1395 END
START -5104 324 14568 671 4204 -1591 END
START -4844 532 15120 851 3950 -1738 END
START -4564 712 15176 1023 3682 -1865 END
START -4196 892 15436 1186 3347 -1842 END
START -3748 1292 15204 1286 3011 -1810 END
START -3496 1592 15256 1362 2736 -1691 END
START -3228 1844 15368 1365 2505 -1483 END
START -3100 2196 15512 1373 2180 -1247 END
START -2860 2644 15508 1357 1969 -950 END
START -2540 2740 15348 1307 1817 -631 END
START -2424 3012 15508 1219 1649 -289 END
START -2296 3272 15376 1100 1525 114 END
START -2180 3292 15344 957 1466 477 END
START -2184 3172 15460 831 1338 832 END
START -2312 2864 15448 589 1161 1177 END
START -2276 2944 15224 359 1054 1446 END
START -2512 2844 15048 164 980 1686 END
START -2560 2716 14964 -43 881 1844 END
START -2864 2640 14892 -187 798 2014 END
START -3124 2708 14640 -263 785 2097 END
START -3244 2368 14704 -315 784 2185 END
START -3424 2196 14572 -268 757 2212 END
START -3808 1984 14360 -250 766 2290 END
START -3896 2044 14392 -151 715 2207 END
START -4080 1808 14396 -35 605 2170 END
START -4436 1672 14368 150 569 2073 END
START -4768 1480 14624 322 476 1914 END
START -5008 1492 14724 489 361 1715 END
START -5076 1300 14752 701 188 1543 END
START -5032 1216 14640 912 46 1295 END
START -4840 1056 14872 1094 17 1067 END
START -4872 1192 14924 1231 -2 789 END
START -4816 1128 14852 1303 -72 577 END
START -4696 1276 14792 1311 -131 325 END
START -4696 1368 14736 1278 -156 85 END
START -4436 1500 14840 1261 -43 -115 END
START -4340 1596 14876 1226 42 -256 END
START -4380 1684 15096 1169 85 -408 END
START -4288 1884 15072 1089 174 -520 END
START -4108 1844 15052 982 200 -579 END
START -4192 2080 15084 905 322 -690 END
START -3956 2120 15288 804 404 -712 END
START -4048 2272 15416 716 474 -741 END
START -4148 2264 15544 623 499 -759 END
START -4024 2320 15512 554 477 -738 END
START -3956 2220 15700 520 479 -739 END
START -3696 2176 15768 476 459 -671 END
START -3740 2212 15668 443 484 -662 END
START -3852 2344 15788 428 492 -593 END
START -4016 2240 15716 388 422 -514 END
START -4048 2296 15816 372 341 -419 END
START -4120 2308 15776 397 287 -367 END
START -4220 2356 15788 422 281 -246 END
START -4168 2128 15932 484 194 -211 END
START -4148 2060 15980 585 190 -148 END
START -4224 1984 16176 629 146 -104 END
START -4360 1972 16304 671 8 -49 END
START -4388 1864 16300 699 -146 -15 END
START -4444 1864 16344 707 -238 46 END
START -4412 1820 16128 755 -310 49 END
START -4568 1760 16044 811 -355 45 END
START -4752 1696 16016 875 -339 41 END
START -4756 1572 16088 922 -347 15 END
START -4820 1436 16072 973 -314 -44 END
START -4836 1396 16300 1008 -268 -124 END
START -4852 1332 16376 1033 -282 -154 END
START -5024 1220 16708 1049 -323 -247 END
START -5224 1216 16796 1063 -404 -334 END
START -5220 1048 16864 1078 -504 -419 END
START -5392 984 17052 1100 -539 -524 END
START -5620 964 17172 1128 -646 -582 END
START -5664 920 17552 1146 -723 -724 END
START -5776 808 17524 1147 -850 -838 END
START -5756 748 17456 1136 -923 -936 END
START -5876 668 17792 1163 -990 -1020 END
START -5876 616 17624 1105 -996 -1149 END
START -5956 560 17600 1105 -940 -1282 END
START -6168 532 17628 1088 -873 -1425 END
START -6264 484 17616 1121 -820 -1576 END
START -6236 412 17828 1051 -765 -1698 END
START -6296 528 17836 1063 -666 -1814 END
START -6460 408 18032 1073 -521 -1932 END
START -6448 440 18112 1093 -374 -2065 END
START -6660 500 18304 1104 -254 -2146 END
START -6828 472 18616 1127 -168 -2240 END
START -6856 488 19168 1123 -106 -2307 END
START -6884 460 19364 1133 -104 -2367 END
START -6800 664 19728 1155 -114 -2424 END
START -7032 704 20040 1121 -116 -2440 END
START -6900 672 20636 1130 -161 -2405 END
START -7076 776 20712 1037 -206 -2327 END
START -7104 792 21132 931 -300 -2261 END
START -7136 884 21344 775 -373 -2201 END
START -7028 920 21564 579 -484 -2119 END
START -7152 872 21872 413 -503 -2006 END
START -7424 916 22176 246 -546 -1890 END
START -7600 1076 22528 65 -611 -1754 END
START -7992 1172 22748 -136 -694 -1634 END
START -8232 1072 23088 -326 -742 -1509 END
START -8300 1052 23404 -483 -871 -1413 END
START -8692 876 23648 -756 -1043 -1323 END
START -9052 588 23936 -963 -1219 -1273 END
START -9060 356 23980 -1262 -1452 -1288 END
START -9200 152 24184 -1537 -1726 -1295 END
START -9244 4 24208 -1858 -1934 -1419 END
START -9264 -192 24168 -2142 -2172 -1557 END
START -9208 -548 23948 -2442 -2385 -1686 END
START -9052 -740 23736 -2783 -2542 -1880 END
START -9000 -756 23640 -3075 -2569 -2114 END
START -8820 -768 23296 -3404 -2655 -2314 END
START -8600 -924 23176 -3766 -2630 -2510 END
START -8360 -1024 22676 -4111 -2578 -2712 END
START -8208 -1184 22276 -4451 -2447 -2883 END
START -7780 -1324 22060 -4805 -2337 -3057 END
START -7664 -1556 21696 -5018 -2179 -3235 END
START -7448 -1644 21448 -5244 -2043 -3454 END
START -7184 -1676 21264 -5386 -1840 -3632 END
START -6888 -1768 20980 -5521 -1662 -3873 END
START -6720 -1904 20752 -5606 -1448 -4056 END
START -6336 -2004 20712 -5678 -1244 -4202 END
START -6212 -2000 20664 -5778 -1081 -4369 END
START -5996 -1964 20692 -5843 -886 -4521 END
START -5608 -2000 20500 -5937 -694 -4647 END
START -5368 -1696 20480 -6081 -438 -4740 END
START -5304 -1572 20424 -6196 -234 -4827 END
START -5124 -1288 20316 -6297 23 -4893 END
START -5064 -1168 20512 -6433 243 -4921 END
START -4876 -1068 20600 -6561 485 -4947 END
START -4696 -1056 20652 -6728 659 -4964 END
START -4652 -844 20844 -6858 813 -4965 END
START -4408 -668 20788 -7038 947 -4949 END
START -4412 -480 20888 -7140 948 -4917 END
START -4240 -528 21100 -7205 974 -4867 END
START -4092 -464 21132 -7215 898 -4793 END
START -3888 -520 21256 -7163 766 -4666 END
START -3652 -676 21424 -7042 637 -4545 END
START -3516 -460 21592 -6904 479 -4363 END
START -3456 -432 21636 -6747 296 -4124 END
START -3312 -388 21540 -6608 102 -3937 END
START -3164 -556 21788 -6492 -68 -3657 END
START -2980 -660 21756 -6389 -162 -3392 END
START -3028 -904 21972 -6330 -380 -3170 END
START -2836 -952 22104 -6281 -515 -2985 END
START -2824 -1024 22164 -6322 -631 -2884 END
START -2680 -1040 22148 -6454 -720 -2752 END
START -2748 -952 22028 -6609 -676 -2754 END
START -2900 -848 21928 -6858 -618 -2689 END
START -2916 -700 21720 -7179 -515 -2702 END
START -3016 -436 21584 -7568 -362 -2745 END
START -3012 -364 21520 -7937 -167 -2792 END
START -3100 -200 21240 -8353 85 -2884 END
START -3388 120 21012 -8753 365 -3036 END
START -3564 268 21060 -9173 725 -3105 END
START -3648 388 21128 -9612 1018 -3236 END
START -3968 628 20740 -10093 1254 -3358 END
START -4028 572 20864 -10604 1381 -3500 END
START -4204 912 20900 -11100 1555 -3652 END
START -4448 1036 20592 -11546 1666 -3821 END
START -4480 1124 20320 -11981 1783 -4031 END
START -4520 1084 20112 -12397 1940 -4199 END
START -4604 1084 19808 -12787 2033 -4461 END
START -4760 1184 19292 -13133 2098 -4680 END
START -4688 1308 18996 -13380 2146 -4911 END
START -4804 1324 18860 -13535 2103 -5083 END
START -4824 1428 18636 -13617 2025 -5204 END
START -4776 1672 18268 -13634 1896 -5338 END
START -4752 1728 18084 -13544 1738 -5447 END
START -4568 1832 17632 -13491 1568 -5522 END
START -4548 1964 17396 -13434 1295 -5583 END
START -4512 1960 17268 -13405 1008 -5593 END
START -4336 1952 16912 -13343 723 -5678 END
START -4284 2024 16440 -13279 370 -5699 END
START -4204 2068 16068 -13197 -10 -5755 END
START -4036 2048 15672 -13064 -354 -5801 END
START -3860 2144 15092 -12885 -729 -5835 END
START -3752 2128 14536 -12761 -1031 -5855 END
START -3588 2252 13980 -12561 -1348 -5884 END
START -3344 2320 13420 -12371 -1613 -5907 END
START -3060 2364 12896 -12194 -1887 -5933 END
START -2844 2440 12660 -12014 -2103 -5931 END
START -2540 2624 12128 -11783 -2363 -5954 END
START -2280 2676 11828 -11571 -2588 -5889 END
START -2076 2636 11432 -11371 -2885 -5874 END
START -1744 2856 10948 -11182 -3119 -5758 END
START -1328 3052 10256 -10939 -3274 -5655 END
START -1128 2956 10000 -10731 -3441 -5484 END
START -948 3044 9228 -10536 -3559 -5315 END
START -652 3156 8836 -10329 -3611 -5143 END
START -508 3140 8300 -10126 -3594 -4946 END
START -304 3092 7752 -9897 -3555 -4743 END
START -148 3160 7564 -9694 -3460 -4580 END
START -108 3056 7148 -9479 -3415 -4361 END
START 28 2932 6880 -9261 -3242 -4184 END
START 80 2828 6544 -9084 -3123 -4011 END
START 44 2888 6324 -8872 -2996 -3807 END
START 44 2720 5992 -8683 -2819 -3681 END
START 0 2628 5924 -8548 -2711 -3511 END
START 92 2532 5408 -8359 -2564 -3401 END
START 52 2384 5144 -8268 -2434 -3253 END
START -84 2360 4996 -8108 -2236 -3190 END
START -92 2356 4568 -7972 -2073 -3093 END
START -156 2212 4348 -7828 -1854 -3025 END
START -304 2092 4236 -7666 -1631 -2978 END
START -572 1856 4012 -7491 -1402 -2947 END
START -780 1688 3704 -7303 -1215 -2938 END
START -912 1560 3676 -7088 -1099 -2942 END
START -1244 1456 3584 -6823 -926 -2984 END
START -1340 1320 3456 -6529 -869 -3070 END
START -1616 1136 3348 -6206 -790 -3165 END
START -1508 1044 3168 -5842 -750 -3264 END
START -1652 996 3248 -5514 -749 -3416 END
START -1664 936 3100 -5168 -714 -3504 END
START -1708 1024 3068 -4756 -718 -3606 END
START -1552 1044 3040 -4367 -706 -3681 END
START -1408 1100 2944 -4032 -652 -3733 END
START -1456 1096 3140 -3662 -571 -3737 END
START -1364 1340 2952 -3281 -577 -3747 END
START -1184 1424 2916 -2909 -550 -3715 END
START -1068 1424 3044 -2628 -474 -3666 END
START -900 1496 2836 -2286 -428 -3575 END
START -936 1444 3180 -1996 -360 -3498 END
START -760 1448 3272 -1743 -326 -3400 END
START -544 1480 3228 -1482 -235 -3265 END
START -468 1540 3168 -1257 -221 -3147 END
START -348 1640 3112 -1070 -64 -3000 END
START -228 1752 3140 -818 3 -2852 END
START -192 1744 3064 -637 123 -2696 END
START -192 1704 3072 -462 200 -2499 END
START -404 1704 3196 -252 301 -2325 END
START -372 1740 3268 -72 411 -2117 END
START -288 1708 3328 122 482 -1899 END
START -444 1580 3412 352 525 -1689 END
START -688 1520 3516 609 512 -1442 END
START -748 1404 3684 864 502 -1225 END
START -836 1456 3692 1160 510 -998 END
START -844 1400 3700 1478 513 -804 END
START -872 1248 3524 1768 527 -589 END
START -1032 1272 3608 2048 529 -468 END
START -996 1212 3600 2303 543 -222 END
START -1180 1160 3452 2565 598 -66 END
START -1292 1016 3480 2807 660 95 END
START -1440 1084 3548 3078 761 218 END
START -1716 804 3348 3320 849 377 END
START -1956 760 3576 3625 966 464 END
START -2244 452 3628 3924 1059 556 END
START -2540 236 3912 4251 1092 544 END
START -2676 -56 3900 4571 1144 486 END
START -2816 -276 4372 4863 1145 392 END
START -2936 -420 4388 5162 1161 205 END
START -3032 -400 4588 5424 1186 13 END
START -3072 -396 4556 5690 1180 -179 END
START -3204 -256 4632 5946 1262 -345 END
START -3188 -260 4780 6170 1393 -513 END
START -3208 -188 4656 6335 1524 -670 END
START -3176 -152 4768 6456 1704 -776 END
START -3168 -12 4720 6604 1900 -852 END
START -2976 32 5012 6707 2039 -902 END
START -3080 36 4908 6826 2282 -922 END
START -3040 196 5080 6907 2495 -974 END
START -3056 220 5020 7017 2715 -976 END
START -3012 428 5148 7132 2984 -1001 END
START -3032 364 5244 7230 3218 -982 END
START -3004 328 5644 7318 3489 -916 END
START -3084 448 5692 7444 3637 -855 END
START -3180 468 5732 7548 3717 -771 END
START -3264 320 6020 7666 3805 -678 END
START -3292 288 5920 7834 3888 -602 END
START -3340 188 5792 8004 3981 -539 END
START -3352 172 5944 8179 4102 -509 END
START -3612 256 5888 8410 4202 -486 END
START -3640 120 6076 8655 4198 -470 END
START -3692 -8 6052 8926 4250 -424 END
START -3780 -16 5972 9181 4280 -417 END
START -3864 152 6184 9502 4318 -432 END
START -3828 116 6180 9812 4378 -389 END
START -3952 -48 6408 10172 4423 -304 END
START -4168 -128 6576 10519 4386 -234 END
START -4532 -92 6980 10886 4346 -151 END
START -4636 -172 7184 11200 4255 -95 END
START -4856 -248 7392 11601 4161 -107 END
START -5044 -240 7404 11935 4057 -155 END
START -5144 -420 7704 12251 3931 -198 END
START -5312 -308 7832 12256 3795 -322 END
START -5448 -144 7808 12852 3721 -402 END
START -5508 -8 7900 13209 3713 -480 END
START -5580 112 8008 13557 3774 -601 END
START -5544 264 8072 13885 3785 -696 END
START -5632 328 8424 14159 3953 -809 END
START -5664 592 8604 14391 4068 -954 END
START -5900 628 8812 14564 4263 -1046 END
START -5908 760 9280 14706 4299 -1178 END
START -6084 760 9440 14879 4442 -1336 END
START -5988 924 9712 15041 4570 -1477 END
START -5880 1172 9812 15183 4687 -1650 END
START -6088 1032 10148 15335 4861 -1782 END
START -6156 1276 10340 15491 4975 -1892 END
START -6096 1332 10648 15642 5128 -2031 END
START -6176 1280 10968 15807 5178 -2094 END
START -6044 1216 11240 16030 5295 -2215 END
START -5892 1164 11512 16236 5354 -2296 END
START -5928 1304 11800 16365 5384 -2435 END
START -5784 1488 11768 16603 5515 -2539 END
START -5664 1676 11384 16737 5780 -2624 END
START -5524 1788 10784 16936 6282 -2678 END
START -5480 2100 10736 17118 6893 -2723 END
START -5612 2076 10812 17354 7472 -2801 END
START -5804 2212 11204 17658 8086 -2863 END
START -5864 2508 11872 18040 8532 -2934 END
START -6080 2584 12724 18402 8892 -3014 END
START -6264 2808 13748 18816 9027 -3040 END
START -6456 3272 14900 19202 8957 -3004 END
START -6724 3748 16096 19603 8663 -2990 END
START -7032 4272 17288 19975 8148 -2917 END
START -7252 4624 18300 20378 7422 -2748 END
START -7412 5200 19308 20768 6569 -2616 END
START -7456 5632 20020 21194 5687 -2453 END
START -7332 5884 20516 21602 4695 -2282 END
START -6988 6160 20876 22023 3827 -2128 END
START -6688 6252 20864 22323 3081 -1958 END
START -6328 6428 21200 22585 2496 -1805 END
START -5864 6392 21232 22721 1941 -1689 END
START -5408 6380 21444 22800 1427 -1579 END
START -5216 6252 21484 22802 992 -1494 END
START -4464 6196 21380 22720 690 -1540 END
START -3640 6072 21284 22583 606 -1587 END
START -2772 6056 21396 22272 667 -1604 END
START -2200 6084 21580 21841 800 -1586 END
START -1652 6200 21464 21309 1001 -1520 END
START -1232 6484 21376 20625 1323 -1367 END
START -964 6660 21332 19897 1778 -1180 END
START -756 6612 21320 19156 2243 -941 END
START -788 6476 21332 18472 2728 -733 END
START -1092 6572 21488 17823 3181 -467 END
START -1112 6344 21620 17171 3568 -140 END
START -1384 6300 21768 16638 3934 168 END
START -1608 6128 21880 16114 4220 446 END
START -2004 5856 21852 15656 4422 732 END
START -2612 5592 21848 15231 4591 992 END
START -3088 5192 21832 14868 4681 1149 END
START -3812 4640 22004 14627 4735 1281 END
START -4576 4332 22200 14491 4598 1279 END
START -5396 3772 22648 14414 4474 1148 END
START -6040 3244 23104 14392 4157 898 END
START -6672 2768 23452 14362 3781 575 END
START -6672 2536 23776 14316 3426 144 END
START -6844 2408 23808 14229 3068 -343 END
START -6788 2316 23820 14083 2749 -810 END
START -6496 2752 23980 13824 2490 -1189 END
START -6356 2828 24072 13516 2311 -1538 END
START -6092 3096 24188 13174 2167 -1775 END
START -5848 3264 24316 12771 2070 -1998 END
START -5440 3544 24388 12318 2137 -2151 END
START -5416 3744 24756 12236 2166 -2286 END
START -5304 4020 24944 11921 2204 -2409 END
START -5284 4348 25344 11600 2226 -2437 END
START -5320 4500 25748 11270 2235 -2472 END
START -5280 4692 25872 11032 2147 -2433 END
START -5228 4756 26496 10796 1978 -2326 END
START -5188 4796 26848 10549 1895 -2255 END
START -5008 4832 27160 10362 1696 -2232 END
START -4824 5052 27736 10165 1582 -2157 END
START -4764 5392 28072 9963 1451 -2103 END
START -4716 5600 28568 9687 1275 -2059 END
START -4440 6028 29052 9339 1052 -1920 END
START -4104 6216 29308 8895 897 -1809 END
START -3584 6404 29976 8382 839 -1664 END
START -3244 6744 30184 7729 829 -1504 END
START -2988 6996 30544 7041 791 -1386 END
START -3004 7244 30864 6311 745 -1251 END
START -2820 7416 31104 5513 716 -1156 END
START -2780 7584 31252 4690 587 -1014 END
START -2684 7612 31184 3883 540 -893 END
START -2564 7676 31068 3114 609 -780 END
START -2488 7612 30752 2362 589 -693 END
START -2400 7612 30608 1697 636 -648 END
START -2380 7740 30524 967 585 -592 END
START -2464 7840 30304 325 560 -584 END
START -2420 7944 30104 -311 507 -610 END
START -2404 7932 29936 -890 407 -568 END
START -2284 7940 29936 -1472 282 -538 END
START -2260 8016 29824 -2031 113 -521 END
START -1996 8124 29220 -2556 16 -491 END
START -1980 8220 29064 -3059 -130 -469 END
START -1788 8376 29020 -3586 -257 -435 END
START -1696 8544 28584 -4140 -485 -375 END
START -1472 8612 28208 -4670 -635 -343 END
START -1344 8816 28096 -5174 -813 -225 END
START -852 8988 27764 -5671 -949 -87 END
START -820 9320 27296 -6158 -1144 79 END
START -608 9580 26932 -6618 -1282 281 END
START -484 9628 26752 -7096 -1442 520 END
START -444 9732 26468 -7526 -1574 786 END
START -80 9652 26132 -7952 -1792 1065 END
START -176 9808 25764 -8391 -2075 1330 END
START 108 9792 25440 -8835 -2318 1597 END
START 476 9820 25060 -9283 -2520 1886 END
START 580 9884 24648 -9670 -2738 2173 END
START 680 9916 23996 -10053 -2888 2464 END
START 808 10128 23120 -10383 -3066 2746 END
START 996 10048 22596 -10695 -3177 3058 END
START 1024 10008 22076 -10932 -3171 3375 END
START 1144 9988 21576 -11129 -3190 3629 END
START 1208 10024 21332 -11320 -3208 3879 END
START 1300 10020 20984 -11487 -3238 4110 END
START 1520 9956 20696 -11640 -3285 4390 END
START 1544 9816 20452 -11760 -3331 4610 END
START 1640 9744 20232 -11927 -3390 4844 END
START 1772 9704 19924 -12029 -3429 5111 END
START 1864 9620 19716 -12156 -3528 5333 END
START 2052 9564 19432 -12248 -3643 5590 END
START 2004 9476 19140 -12314 -3767 5771 END
START 2288 9340 19032 -12318 -3837 6048 END
START 2264 9224 18688 -12375 -3921 6330 END
START 2352 9280 18628 -12352 -4010 6570 END
START 2488 9084 18308 -12402 -4093 6858 END
START 2504 9068 18072 -12412 -4149 7133 END
START 2480 8940 17844 -12526 -4193 7410 END
START 2548 8992 17724 -12560 -4269 7672 END
START 2508 8960 17452 -12602 -4310 7938 END
START 2476 9072 17228 -12658 -4328 8204 END
START 2304 9256 17084 -12762 -4394 8507 END
START 2304 9376 16980 -12901 -4429 8782 END
START 2360 9556 17024 -13061 -4401 9148 END
START 2220 9508 16984 -13219 -4447 9485 END
START 2128 9748 16776 -13380 -4552 9875 END
START 2132 9632 17064 -13556 -4645 10213 END
START 2064 9680 16760 -13774 -4737 10591 END
START 1908 9720 16648 -13949 -4878 10923 END
START 1824 9768 16336 -14189 -4971 11286 END
START 1760 9784 16184 -14443 -5049 11654 END
START 1656 9664 15852 -14689 -5125 12076 END
START 1612 9704 15628 -14919 -5187 12558 END
START 1440 9640 15252 -15228 -5210 12812 END
START 1388 9556 14924 -15455 -5236 13134 END
START 1192 9420 14500 -15756 -5189 13490 END
START 1036 9292 14036 -15969 -5158 13758 END
START 784 9256 13620 -16202 -5069 14081 END
START 508 8972 13068 -16348 -4980 14374 END
START 144 8892 12684 -16487 -4902 14656 END
START -168 8640 12344 -16588 -4752 14957 END
START -576 8488 11876 -16628 -4610 15174 END
START -976 8324 11628 -16596 -4479 15424 END
START -1372 7912 11300 -16517 -4339 15613 END
START -1868 7552 11104 -16360 -4243 15802 END
START -2360 7168 10748 -16170 -4186 15950 END
START -2908 6804 10784 -15930 -4159 16096 END
START -3324 6624 10372 -15677 -4153 16167 END
START -3708 6364 10076 -15390 -4162 16200 END
START -4188 6128 9676 -15116 -4154 16252 END
START -4620 5844 9528 -14776 -4053 16269 END
START -4860 5408 9244 -14469 -3982 16295 END
START -5264 5168 9016 -14111 -3934 16277 END
START -5556 4920 8844 -13768 -3804 16250 END
START -5844 4592 8712 -13397 -3781 16213 END
START -6232 4216 8376 -13069 -3649 16131 END
START -6580 3924 8536 -12720 -3545 16084 END
START -7076 3600 8288 -12407 -3500 15959 END
START -7580 3292 8176 -11985 -3350 15853 END
START -7868 2936 8020 -11618 -3302 15699 END
START -8340 2652 8044 -11250 -3214 15516 END
START -8812 2304 7972 -10849 -3150 15288 END
START -9012 2056 7932 -10483 -3131 15062 END
START -9340 1720 7804 -10094 -3035 14791 END
START -9620 1576 7712 -9694 -2935 14557 END
START -9984 1392 7816 -9395 -2903 14361 END
START -10264 1224 7784 -9119 -2760 14097 END
START -10584 1040 7660 -8871 -2685 13881 END
START -10824 932 7704 -8681 -2593 13660 END
START -11176 704 7684 -8464 -2453 13452 END
START -11436 472 7724 -8269 -2357 13279 END
START -11704 168 7960 -8061 -2235 12868 END
START -11780 -80 7844 -7795 -2175 12757 END
START -12204 -296 7888 -7580 -2028 12468 END
START -12544 -540 7900 -7334 -2007 12529 END
START -13004 -788 7704 -7110 -1936 12085 END
START -13448 -1016 7976 -6849 -1953 11739 END
START -13928 -1312 7800 -6561 -1910 11444 END
START -14324 -1572 7960 -6223 -1931 11075 END
START -14620 -1924 7992 -5875 -1921 10721 END
START -15036 -2148 7832 -5489 -1917 10306 END
START -15216 -2416 7796 -5114 -1918 9836 END
START -15512 -2752 7972 -4751 -1930 9352 END
START -15640 -2888 7968 -4364 -1935 8804 END
START -15872 -2992 7992 -4023 -1995 8268 END
START -16068 -2932 8168 -3675 -2003 7729 END
START -16224 -3032 8300 -3341 -2046 7216 END
START -16304 -3116 8556 -3004 -2100 6743 END
START -16612 -3036 8228 -2706 -2128 6212 END
START -16620 -2980 8360 -2459 -2089 5768 END
START -16472 -3076 8180 -2249 -1976 5211 END
START -16588 -3144 8012 -2040 -1831 4709 END
START -16440 -3268 8100 -1863 -1630 4195 END
START -16420 -3244 8044 -1696 -1306 3704 END
START -16468 -3336 8056 -1545 -999 3198 END
START -16580 -3444 8072 -1493 -750 2722 END
START -16608 -3416 8336 -1378 -476 2232 END
START -16844 -3560 8376 -1256 -276 1706 END
START -16920 -3680 8632 -1040 -84 1185 END
START -17044 -3656 8688 -851 16 668 END
START -17244 -3752 8968 -624 146 178 END
START -17224 -3876 9092 -397 184 -344 END
START -17316 -3880 9332 -133 210 -872 END
START -17252 -3888 9324 92 173 -1364 END
START -17188 -3872 9296 311 236 -1874 END
START -16996 -4000 9396 573 237 -2454 END
START -16904 -4168 9260 768 363 -3006 END
START -16856 -4048 9336 996 477 -3559 END
START -16696 -4124 9352 1189 579 -4091 END
START -16776 -4220 9416 1394 639 -4716 END
START -16660 -4224 9464 1550 679 -5283 END
START -16644 -4288 9700 1751 793 -5917 END
START -16656 -4160 9884 1996 799 -6571 END
START -16560 -3984 9892 2203 806 -7187 END
START -16472 -3896 10032 2523 846 -7823 END
START -16284 -3828 10068 2792 925 -8414 END
START -16004 -3556 10052 3070 950 -9026 END
START -15784 -3400 10320 3297 988 -9564 END
START -15528 -3044 10404 3483 1013 -10085 END
START -15204 -2792 10348 3636 1007 -10625 END
START -14780 -2544 10416 3762 1135 -11095 END
START -14244 -2252 10516 3887 1286 -11538 END
START -13956 -1912 10508 3972 1508 -11967 END
START -13648 -1672 10608 4049 1677 -12339 END
START -13444 -1368 10932 4159 1926 -12656 END
START -13176 -1332 10796 4247 2039 -12990 END
START -12828 -1140 11080 4386 2202 -13285 END
START -12704 -980 11284 4508 2326 -13594 END
START -12408 -800 11548 4622 2391 -13954 END
START -12228 -868 11624 4833 2520 -14240 END
START -12008 -528 11856 4971 2577 -14543 END
START -11972 -616 11976 5187 2571 -14872 END
START -11816 -880 12096 5389 2560 -15209 END
START -11732 -828 12192 5575 2471 -15588 END
START -11788 -1076 12204 5768 2384 -16039 END
START -11736 -1324 11996 5967 2289 -16530 END
START -11684 -1476 11748 6193 2251 -17111 END
START -11668 -1588 11360 6500 2340 -17850 END
START -11708 -1792 11152 6794 2454 -18659 END
START -11700 -1876 11096 7123 2618 -19451 END
START -11732 -1756 10964 7527 2802 -20358 END
START -11620 -1676 10992 7895 2938 -21262 END
START -11324 -1208 11352 8272 3132 -22158 END
START -10772 -836 11644 8601 3303 -23094 END
START -10132 -172 11932 8806 3552 -23809 END
START -9336 312 12284 8841 3917 -24462 END
START -8456 692 12484 8706 4273 -24980 END
START -7776 1424 12792 8425 4664 -25365 END
START -7088 1976 13156 8016 5082 -25735 END
START -6368 2436 13376 7547 5486 -26032 END
START -5676 2796 13740 7112 5958 -26248 END
START -4940 3276 14300 6658 6355 -26374 END
START -4236 3716 14836 6294 6719 -26347 END
START -3800 3972 15340 5890 6934 -26269 END
START -3224 4548 15776 5554 7074 -26100 END
START -2516 5064 16048 5163 7062 -25809 END
START -2008 5552 16272 4850 7046 -25461 END
START -1448 6008 16780 4634 6949 -25015 END
START -988 6620 16944 4436 6706 -24509 END
START -640 6944 17208 4409 6458 -23955 END
START -84 7180 17500 4394 6045 -23322 END
START 504 7472 17812 4510 5569 -22681 END
START 888 7784 17824 4626 5072 -22018 END
START 1336 8000 18164 4705 4454 -21369 END
START 1728 8076 18308 4891 3753 -20631 END
START 1960 8276 18324 5069 3045 -19918 END
START 2348 8308 18308 5308 2197 -19144 END
START 2728 8504 18152 5603 1437 -18384 END
START 3016 8680 17904 5890 703 -17686 END
START 3652 8856 17608 6247 129 -16926 END
START 4172 9024 17260 6567 -388 -16211 END
START 4360 9196 17212 6807 -763 -15444 END
START 4848 9388 17012 7047 -1078 -14641 END
START 5120 9612 16888 7176 -1346 -13833 END
START 5312 9680 16960 7215 -1532 -13074 END
START 5552 9720 17272 7269 -1647 -12313 END
START 5676 9688 17248 7215 -1760 -11618 END
START 5844 9704 17632 7118 -1904 -10970 END
START 5812 9820 17876 6953 -2041 -10353 END
START 5652 9976 18232 6781 -2169 -9754 END
START 5920 10068 18408 6546 -2277 -9137 END
START 6044 10272 18828 6320 -2401 -8502 END
START 5996 10472 18928 6043 -2462 -7892 END
START 6096 10596 18956 5662 -2508 -7179 END
START 6172 10660 19176 5218 -2561 -6561 END
START 6076 10668 19236 4780 -2603 -5967 END
START 6124 10544 19444 4180 -2634 -5358 END
START 5972 10228 19444 3596 -2664 -4813 END
START 5932 10152 19480 2956 -2773 -4343 END
START 5560 9976 19372 2355 -2834 -3884 END
START 5220 9792 19248 1660 -2940 -3456 END
START 4952 9668 19088 1130 -3023 -3108 END
START 4676 9412 18704 604 -3111 -2736 END
START 4572 9424 18532 167 -3143 -2418 END
START 4272 9192 17892 -215 -3176 -2094 END
START 4132 9252 17796 -536 -3154 -1755 END
START 3984 8964 17488 -839 -3101 -1440 END
START 3792 8932 16880 -1033 -3138 -1104 END
START 3808 8588 16740 -1243 -3191 -837 END
START 3420 8264 16028 -1392 -3048 -527 END
START 3308 8220 15788 -1528 -2959 -290 END
START 3192 8032 15548 -1619 -2832 -61 END
START 2996 7816 15388 -1680 -2762 83 END
START 2920 7688 15160 -1748 -2735 283 END
START 2604 7460 15068 -1762 -2732 457 END
START 2568 7272 15072 -1757 -2742 676 END
START 2512 7248 14924 -1754 -2723 858 END
START 2340 6968 14836 -1764 -2723 1030 END