START -3248 1504 18788 5503 2236 9850 END
START -3388 1264 19324 5404 2828 9091 END
START -3736 1060 19692 5215 3287 8311 END
START -4416 1092 20740 4934 3581 7441 END
START -4832 1168 21552 4614 3801 6605 END
START -5336 1324 22264 4262 3970 5745 END
START -5596 1440 22992 3806 4106 4930 END
START -5828 1556 23776 3279 4178 4079 END
START -6176 1508 24224 2695 4246 3273 END
START -6484 1416 24612 2041 4170 2421 END
START -6776 1400 24860 1290 4052 1534 END
START -6900 1340 25092 587 3959 610 END
START -7004 1368 25008 -89 3839 -318 END
START -7188 1272 25120 -722 3772 -1259 END
START -7268 1148 24964 -1311 3617 -2178 END
START -7400 1244 24932 -1832 3487 -3166 END
START -7292 1268 24848 -2264 3452 -4092 END
START -7220 1444 24440 -2531 3406 -4983 END
START -7184 1664 24580 -2787 3475 -5861 END
START -7268 1848 24384 -2939 3562 -6710 END
START -7100 2128 24468 -3108 3672 -7480 END
START -6976 2316 24536 -3290 3721 -8257 END
START -6968 2768 24552 -3507 3840 -9003 END
START -6800 2952 24448 -3764 3946 -9698 END
START -6600 3240 24588 -4086 4143 -10372 END
START -6212 3472 24616 -4501 4416 -11053 END
START -5988 3572 24676 -5004 4695 -11683 END
START -5592 3868 24700 -5550 5104 -12300 END
START -5384 4080 24952 -6184 5546 -12882 END
START -5144 4384 24988 -6862 6026 -13374 END
START -5028 4420 25136 -7627 6580 -13862 END
START -4840 4480 25252 -8392 7118 -14313 END
START -4820 4496 25308 -9206 7670 -14713 END
START -4820 4448 25348 -9992 8239 -15162 END
START -4880 4188 25572 -10806 8759 -15640 END
START -5040 4020 25656 -11614 9303 -16156 END
START -5164 3840 25456 -12399 9814 -16700 END
START -5120 3656 25488 -13157 10328 -17313 END
START -5184 3652 25268 -13935 10786 -17988 END
START -5332 3544 25260 -14618 11232 -18657 END
START -5528 3520 25096 -15306 11636 -19393 END
START -5636 3632 25180 -15941 11972 -20113 END
START -5724 3656 24972 -16464 12269 -20813 END
START -6040 3752 25044 -16975 12396 -21559 END
START -6128 4032 25108 -17406 12470 -22216 END
START -6116 4292 24836 -17801 12423 -22852 END
START -5896 4708 24636 -18163 12432 -23422 END
START -5624 5244 24680 -18533 12392 -23937 END
START -5216 5916 24392 -18885 12278 -24348 END
START -4492 6284 24064 -19252 12158 -24646 END
START -3820 6368 23844 -19589 12125 -24782 END
START -3260 6260 23576 -19934 12206 -24832 END
START -2772 6364 23604 -20233 12324 -24706 END
START -2476 6212 23724 -20587 12307 -24491 END
START -2468 6384 23860 -20937 12230 -24227 END
START -2424 6392 23648 -21315 12035 -24004 END
START -2176 6408 23652 -21667 11798 -23725 END
START -2056 6344 23668 -22030 11508 -23501 END
START -1784 6176 23532 -22399 11194 -23290 END
START -1432 6008 23280 -22775 10887 -23036 END
START -1000 5920 23276 -23175 10567 -22761 END
START -876 5996 23180 -23566 10255 -22449 END
START -908 6432 23164 -24003 9875 -22053 END
START -1000 6372 23128 -24405 9414 -21611 END
START -1160 6372 22832 -24862 8895 -21153 END
START -1208 6168 22756 -25249 8457 -20705 END
START -1232 5852 22424 -25656 7903 -20222 END
START -1144 5736 22020 -26075 7466 -19852 END
START -1168 5620 21444 -26430 7083 -19517 END
START -1140 5488 20656 -26754 6722 -19193 END
START -1064 5344 20096 -27074 6452 -18883 END
START -988 5288 19352 -27317 6258 -18617 END
START -800 5208 18544 -27512 6099 -18323 END
START -704 5276 17796 -27678 6061 -17974 END
START -672 5328 17104 -27762 6107 -17626 END
START -548 5348 16544 -27846 6250 -17223 END
START -472 5448 15748 -27921 6388 -16781 END
START -624 5364 15368 -27924 6582 -16344 END
START -368 5252 14668 -28017 6755 -15911 END
START -248 4888 14160 -28055 6988 -15394 END
START -56 4608 13708 -28125 7249 -14940 END
START 72 4232 13008 -28130 7461 -14515 END
START 92 3936 12368 -28167 7761 -14086 END
START 12 3952 11544 -28129 8072 -13742 END
START 100 4116 11092 -28009 8409 -13440 END
START 256 4052 10588 -27841 8746 -13089 END
START 320 3988 10092 -27598 9053 -12789 END
START 332 3772 9784 -27299 9334 -12403 END
START 324 3696 9652 -26997 9446 -12054 END
START 596 3356 9472 -26644 9540 -11615 END
START 660 3108 9256 -26292 9587 -11140 END
START 812 3032 8876 -25876 9491 -10722 END
START 908 2892 8660 -25487 9355 -10258 END
START 784 2860 8584 -24999 9098 -9814 END
START 920 2784 8248 -24442 8726 -9401 END
START 856 2592 8012 -23872 8255 -9018 END
START 860 2484 7996 -23185 7670 -8630 END
START 804 2432 7944 -22422 7001 -8213 END
START 808 2320 7648 -21607 6204 -7747 END
START 840 2188 7504 -20733 5416 -7324 END
START 800 2248 7264 -19826 4534 -6868 END
START 768 2192 6880 -18875 3650 -6413 END
START 820 2088 6644 -17862 2684 -5958 END
START 852 2036 6332 -16910 1783 -5509 END
START 924 1968 6108 -15923 857 -5070 END
START 1016 1880 5640 -14917 -23 -4615 END
START 1112 1836 5336 -13940 -904 -4165 END
START 1180 1784 4652 -12937 -1755 -3674 END
START 1168 1956 4244 -11993 -2507 -3179 END
START 1204 2080 3488 -11009 -3159 -2668 END
START 1292 2200 2588 -10077 -3774 -2098 END
START 1456 2200 1640 -9135 -4189 -1528 END
START 1688 2236 532 -8082 -4425 -961 END
START 1896 1928 -468 -7059 -4360 -464 END
START 1944 1572 -1436 -5928 -4129 -32 END
START 2048 1360 -2008 -4710 -3769 371 END
START 2140 1092 -2676 -3413 -3166 669 END
START 2092 876 -2936 -2116 -2543 951 END
START 1860 736 -2996 -820 -1786 1149 END
START 1732 728 -3176 431 -1053 1343 END
START 1604 724 -2856 1580 -373 1476 END
START 1300 828 -2492 2636 275 1610 END
START 944 856 -2248 3616 880 1760 END
START 532 928 -2092 4489 1361 1871 END
START 352 1124 -1716 5235 1881 1930 END
START 12 1232 -1436 5915 2318 2003 END
START -168 1108 -1168 6550 2728 2024 END
START -292 1024 -744 7169 3137 2011 END
START -440 680 -532 7777 3410 1944 END
START -748 604 108 8301 3588 1855 END
START -820 492 396 8875 3650 1758 END
START -904 616 960 9420 3642 1691 END
START -980 624 1136 9930 3536 1627 END
START -964 904 1624 10528 3329 1550 END
START -1084 944 2056 11088 3026 1532 END
START -1048 1168 2368 11727 2601 1516 END
START -1096 1052 2500 12429 2172 1583 END
START -1024 1088 2824 12950 1545 1660 END
START -1084 1160 3248 13621 834 1840 END
START -832 1468 3016 14180 126 2014 END
START -968 1624 3136 14761 -488 2223 END
START -776 1900 2656 15371 -1078 2525 END
START -740 2032 2352 15958 -1579 2769 END
START -496 2152 2124 16544 -1977 3064 END
START -272 2444 1552 17166 -2276 3426 END
START 16 2488 1108 17802 -2415 3809 END
START 152 2628 520 18412 -2335 4202 END
START 332 2760 156 19064 -2077 4611 END
START 540 2716 -244 19744 -1627 5033 END
START 788 2848 -352 20403 -1007 5378 END
START 788 2756 -524 21040 -308 5764 END
START 896 2904 -92 21625 425 6107 END
START 816 2932 244 22104 1097 6436 END
START 748 3136 516 22552 1816 6759 END
START 636 3416 936 22871 2500 7081 END
START 488 3556 1368 23131 3089 7471 END
START 420 3796 1800 23256 3609 7858 END
START 220 3992 2084 23343 4079 8248 END
START 84 4244 2376 23417 4462 8680 END
START -132 4464 2724 23491 4816 9108 END
START -336 4560 3020 23616 5076 9503 END
START -584 4520 3296 23861 5274 9911 END
START -644 4344 4180 24218 5383 10268 END
START -692 4280 4688 24645 5343 10551 END
START -1092 4140 5376 25186 5094 10866 END
START -1452 4348 6096 25767 4635 11214 END
START -1644 4424 6648 26346 3990 11608 END
START -1876 4640 7308 26921 3335 11989 END
START -2168 4932 7620 27493 2538 12377 END
START -2256 5336 7780 28076 1739 12715 END
START -2540 5824 8068 28681 810 13048 END
START -2800 5952 8168 29328 18 13550 END
START -3156 6012 8708 30023 -840 13943 END
START -3396 5920 9260 30852 -1732 14357 END
START -3452 5672 9972 31690 -2589 14712 END
START -3740 5236 10796 32532 -3441 14933 END
START -3996 5120 11496 32767 -4256 15101 END
START -4460 5288 12052 32767 -5086 15189 END
START -4684 5512 12540 32767 -5765 15184 END
START -4872 5528 13252 32767 -6423 15148 END
START -5228 5652 13240 32767 -7024 15105 END
START -5252 5632 13328 32767 -7343 15081 END
START -5232 4644 13352 32767 -7443 15010 END
START -5252 2940 13048 32767 -7298 14896 END
START -5168 2884 12780 32767 -6786 14590 END
START -5536 5432 13004 32543 -5693 13844 END
START -5776 6700 13552 32072 -4357 12802 END
START -6120 6328 14572 31363 -3313 11759 END
START -6316 6700 15216 30266 -2385 10736 END
START -6252 6472 15836 28785 -1263 9913 END
START -5744 5880 16436 27137 -276 9297 END
START -5492 5496 16916 25417 662 8739 END
START -5384 5260 17360 23633 1608 8111 END
START -5476 5112 18020 22027 2370 7397 END
START -5428 5012 18612 20511 3149 6631 END
START -5464 4856 19172 19262 3758 5725 END
START -5536 4756 19460 18262 4198 4921 END
START -5488 5016 19644 17403 4503 4202 END
START -5256 5492 19548 16787 4684 3701 END
START -5260 5912 19788 16317 4759 3314 END
START -5348 6448 19752 16040 4672 3030 END
START -5296 7060 20120 15920 4447 2926 END
START -5140 7348 20388 15944 4116 2820 END
START -5024 7708 20896 16135 3619 2841 END
START -4892 7524 21428 16394 3034 2819 END
START -4732 7492 22228 16668 2386 2872 END
START -4504 7480 22900 16916 1655 2902 END
START -4436 7732 23436 17056 811 2952 END
START -4168 7968 24196 17068 -205 3072 END
START -4096 8320 24644 16943 -1162 3217 END
START -3828 8632 25008 16698 -2265 3423 END
START -3596 8792 25208 16361 -3284 3684 END
START -3412 8928 25320 15980 -4287 3945 END
START -3208 8796 25348 15604 -5243 4249 END
START -2968 8764 25112 15251 -6084 4553 END
START -2620 8800 24780 14978 -6647 4844 END
START -2524 8900 24292 14719 -6929 5102 END
START -2368 8804 23836 14415 -6951 5379 END
START -2188 8800 23372 14108 -6795 5549 END
START -2284 8632 23172 13730 -6376 5685 END
START -2268 8604 22976 13311 -5838 5670 END
START -2268 8336 22880 12869 -5152 5617 END
START -2248 8148 23156 12403 -4446 5417 END
START -2212 7772 23452 11853 -3669 5138 END
START -2428 7344 23824 11244 -2938 4751 END
START -2676 7128 24208 10616 -2306 4313 END
START -2788 7224 24732 9977 -1723 3814 END
START -2980 7212 24956 9328 -1157 3255 END
START -2860 7160 25472 8656 -636 2751 END
START -3000 7236 25776 7994 -228 2236 END
START -2940 7232 26244 7333 61 1781 END
START -2904 7300 26580 6674 255 1367 END
START -2880 7312 26824 6081 359 982 END
START -2720 7424 27256 5527 370 659 END
START -2544 7576 27336 5034 392 353 END
START -2476 7620 27472 4542 328 110 END
START -2332 7696 27672 4093 179 -88 END
START -2260 8052 27636 3694 8 -244 END
START -2064 8236 27772 3330 -230 -302 END
START -2064 8516 27696 2992 -458 -371 END
START -1876 8832 27348 2718 -716 -372 END
START -1740 8964 27196 2426 -969 -367 END
START -1528 9128 27300 2209 -1188 -326 END
START -1172 9040 27224 1998 -1295 -267 END
START -1036 9148 27272 1804 -1446 -141 END
START -828 9060 27360 1602 -1552 -22 END
START -736 8936 27388 1379 -1664 72 END
START -348 8972 27740 1081 -1715 204 END
START -332 8848 27576 718 -1800 355 END
START -156 8920 27780 310 -1857 448 END
START -40 8940 27980 -103 -1933 629 END
START -28 8892 27776 -541 -2016 782 END
START 180 8916 27588 -1049 -2010 882 END
START 464 8812 27656 -1570 -1923 1004 END
START 496 8604 27464 -2158 -1785 1078 END
START 532 8592 27632 -2760 -1650 1120 END
START 628 8472 27624 -3355 -1498 1126 END
START 664 8536 27672 -3953 -1304 1174 END
START 692 8524 27776 -4613 -1153 1201 END
START 776 8492 27884 -5250 -1083 1245 END
START 836 8584 27928 -5928 -1019 1258 END
START 916 8536 27984 -6642 -1030 1352 END
START 1216 8644 27976 -7359 -936 1431 END
START 1376 8752 27988 -8093 -876 1527 END
START 1472 8880 27884 -8827 -805 1628 END
START 1572 9048 27584 -9594 -805 1759 END
START 1920 9192 27532 -10399 -735 1936 END
START 2088 9368 27168 -11222 -695 2130 END
START 2320 9544 26708 -12062 -680 2377 END
START 2292 9744 26416 -12870 -648 2700 END
START 2384 10028 25856 -13681 -519 3118 END
START 2396 10204 25336 -14484 -466 3538 END
START 2492 10588 24660 -15259 -444 3988 END
START 2680 10784 23624 -15978 -331 4511 END
START 2812 10704 22584 -16564 -133 5039 END
START 2916 10512 22064 -17078 53 5515 END
START 2988 10192 21132 -17396 285 5986 END
START 3012 9996 20500 -17660 641 6470 END
START 2868 9752 19872 -17809 936 6874 END
START 2740 9376 19572 -17911 1232 7302 END
START 2688 9088 19108 -17939 1524 7646 END
START 2564 8892 18696 -17957 1768 7988 END
START 2416 8800 18516 -17968 2005 8317 END
START 2160 8500 18188 -17932 2179 8591 END
START 2056 8596 17988 -17909 2285 8903 END
START 1808 8616 17608 -17867 2429 9198 END
START 1980 8552 17368 -17782 2602 9535 END
START 1972 8516 16916 -17697 2831 9856 END
START 2160 8408 16668 -17655 3081 10202 END
START 2072 8428 16356 -17603 3409 10566 END
START 2136 8064 16020 -17588 3722 10921 END
START 2052 7972 15932 -17575 4053 11271 END
START 2116 7788 15728 -17626 4380 11532 END
START 2012 7980 15612 -17707 4734 11811 END
START 1976 7884 15364 -17781 5079 12058 END
START 2032 7900 15252 -17867 5385 12304 END
START 1996 7944 15152 -17974 5735 12489 END
START 2028 7984 15200 -18090 6034 12851 END
START 1868 7820 15320 -18205 6297 12970 END
START 1936 7820 15480 -18322 6497 13412 END
START 1684 7876 15264 -18347 6656 13718 END
START 1432 7832 15432 -18375 6795 14023 END
START 1404 7920 15428 -18389 6885 14338 END
START 1044 7908 15780 -18381 6865 14594 END
START 940 7800 15608 -18384 6747 14879 END
START 804 7940 15604 -18331 6637 15078 END
START 636 7844 15352 -18289 6554 15352 END
START 556 7968 15308 -18203 6521 15552 END
START 436 7920 15464 -18187 6446 15765 END
START 328 7968 15148 -18196 6368 15987 END
START 288 7952 15028 -18230 6373 16219 END
START 60 7780 14876 -18274 6427 16465 END
START -116 7652 14732 -18343 6488 16630 END
START -488 7548 14660 -18391 6483 16830 END
START -704 7388 14620 -18482 6462 17021 END
START -848 7324 14224 -18621 6536 17156 END
START -1248 7284 14076 -18782 6531 17280 END
START -1544 7228 13816 -18939 6572 17423 END
START -1636 7236 13788 -19175 6600 17572 END
START -1988 7136 13648 -19336 6490 17737 END
START -2208 7164 13496 -19540 6435 17905 END
START -2512 7088 13640 -19686 6233 18064 END
START -2796 7184 13324 -19823 6043 18223 END
START -3224 6904 13192 -19887 5662 18413 END
START -3588 6944 12812 -19948 5219 18561 END
START -3744 6840 12664 -19898 4818 18698 END
START -4008 6828 12388 -19828 4334 18777 END
START -4316 6736 12160 -19667 3882 18911 END
START -4412 6836 11576 -19560 3375 19070 END
START -4724 6972 11236 -19391 2866 19299 END
START -4876 6876 10624 -19204 2440 19534 END
START -5148 6852 10348 -19018 1919 19786 END
START -5568 6756 9768 -18778 1397 20002 END
START -6020 6628 9156 -18463 862 20218 END
START -6348 6400 8664 -18060 273 20429 END
START -6872 6140 8032 -17571 -287 20571 END
START -7296 6004 7520 -16912 -771 20684 END
START -7716 5948 6888 -16155 -1161 20773 END
START -8164 5704 6232 -15277 -1542 20786 END
START -8788 5592 5560 -14374 -1802 20832 END
START -9548 5316 4940 -13425 -1952 20850 END
START -10128 4988 4308 -12475 -2039 20740 END
START -11044 4480 3576 -11490 -2049 20532 END
START -11880 3784 3228 -10433 -1986 20193 END
START -12780 2948 2764 -9331 -1818 19683 END
START -13708 2024 2444 -8165 -1580 19008 END
START -14564 1036 2444 -6981 -1331 18115 END
START -15560 304 2332 -5780 -1089 17014 END
START -16400 -336 2028 -4581 -764 15793 END
START -17324 -764 2128 -3497 -520 14476 END
START -18012 -1056 2000 -2457 -193 13033 END
START -18708 -1404 2192 -1525 76 11421 END
START -19368 -1776 2336 -594 324 9867 END
START -19924 -2152 2552 258 560 8276 END
START -20200 -2424 2692 1044 769 6704 END
START -20652 -2728 3056 1799 1010 5124 END
START -21156 -2980 3424 2499 1233 3487 END
START -21496 -3380 3676 3081 1446 1824 END
START -21760 -3692 4072 3600 1673 70 END
START -22048 -3816 4124 4038 1874 -1693 END
START -22248 -3616 4576 4350 2105 -3412 END
START -22420 -3240 4500 4556 2350 -5225 END
START -22732 -2916 4844 4622 2504 -6932 END
START -23024 -2608 4760 4597 2639 -8613 END
START -23252 -2604 5072 4592 2660 -10160 END
START -23720 -2656 4988 4592 2624 -11763 END
START -23968 -2560 4660 4707 2449 -13405 END
START -24160 -2492 4700 4929 2232 -14963 END
START -24416 -2208 4456 5273 1928 -16551 END
START -24488 -2132 4252 5775 1580 -18126 END
START -24560 -2008 4204 6404 1167 -19656 END
START -24904 -2140 4188 7153 708 -21171 END
START -25068 -2184 4172 7969 115 -22588 END
START -25044 -2736 4352 8765 -520 -23955 END
START -24780 -3420 4012 9685 -1097 -25344 END
START -24788 -3548 4104 10605 -1606 -26753 END
START -24800 -3296 3824 11528 -2261 -28262 END
START -25084 -3056 3464 12479 -2693 -29778 END
START -24820 -2764 3300 13259 -2980 -31341 END
START -24636 -2676 3292 14074 -3166 -32768 END
START -24240 -2668 3372 14767 -3148 -32768 END
START -23788 -2396 3432 15342 -3046 -32768 END
START -23304 -2048 3912 15835 -2903 -32768 END
START -22792 -1504 4336 16074 -2769 -32768 END
START -21972 -348 4828 16232 -2718 -32768 END
START -21388 1132 5548 16173 -2807 -32768 END
START -20556 2568 6088 16072 -2965 -32768 END
START -19824 3828 7096 15952 -3253 -32768 END
START -18900 4896 7732 15818 -3653 -32768 END
START -17820 5704 8144 15670 -4052 -32768 END
START -16624 5972 8880 15515 -4497 -32768 END
START -15344 6040 9644 15394 -4986 -32768 END
START -14028 6088 9824 15223 -5328 -32768 END
START -13024 6596 9800 14998 -5521 -32768 END
START -11804 7612 9912 14688 -5574 -32768 END
START -11188 8356 9860 14387 -5592 -32768 END
START -10264 8996 9936 14001 -5515 -32768 END
START -9300 9320 10168 13751 -5386 -32768 END
START -8136 9448 10392 13490 -5203 -32768 END
START -7116 9440 10880 13314 -4962 -32768 END
START -6116 9444 11212 13300 -4580 -32768 END
START -5160 9636 12024 13269 -4346 -32768 END
START -4504 10088 12744 13301 -4158 -32768 END
START -3752 10520 13356 13312 -4080 -32768 END
START -2996 11028 13928 13333 -4103 -32768 END
START -2392 11640 14716 13231 -4284 -32768 END
START -1468 12180 15116 13126 -4544 -32768 END
START -504 12472 15440 12998 -4806 -32768 END
START 428 12628 16068 12910 -5012 -32768 END
START 1340 12580 15896 12788 -5075 -32768 END
START 2112 13416 16044 12690 -5023 -32768 END
START 3156 14100 15812 12642 -4747 -32768 END
START 3996 14872 15828 12539 -4268 -32768 END
START 4652 15680 15836 12214 -3650 -32768 END
START 5844 17072 16016 12117 -2953 -32768 END
START 6860 17852 16160 11576 -2049 -32207 END
START 7860 18100 16764 11110 -1157 -30988 END
START 8696 17864 17688 10392 -259 -29569 END
START 9468 17496 18128 9641 536 -28064 END
START 9908 17464 19276 8846 1184 -26560 END
START 10328 17532 20076 8010 1667 -25055 END
START 10612 17716 20752 7184 2016 -23572 END
START 11100 17548 21584 6294 2237 -21964 END
START 11276 17484 22136 5500 2377 -20408 END
START 11276 17404 22812 4711 2335 -18867 END
START 11332 16712 22980 3889 2199 -17213 END
START 11436 15956 23120 3140 1935 -15675 END
START 11588 15128 23152 2497 1670 -14139 END
START 11540 14664 22792 1875 1396 -12622 END
START 11460 14512 22436 1388 1196 -11186 END
START 11292 14112 22164 980 1005 -9777 END
START 11068 13928 21928 714 785 -8544 END
START 10884 13692 21324 489 575 -7366 END
START 10516 13296 20960 333 468 -6238 END
START 10240 13116 20492 180 365 -5159 END
START 9880 13008 20220 97 269 -4186 END
START 9604 12700 19660 -28 171 -3201 END
START 9048 12520 19356 -133 146 -2299 END
START 8768 12256 18924 -242 156 -1410 END
START 8564 11968 18724 -330 256 -676 END
START 8368 11672 18564 -396 351 55 END
START 7916 11200 18396 -485 445 682 END
START 7576 10828 18252 -500 496 1210 END
START 7016 10544 18240 -570 548 1686 END
START 6524 10292 18128 -573 550 2147 END
START 6328 10124 18112 -591 532 2601 END
START 6036 9784 17940 -613 552 2978 END
START 5740 9608 17816 -643 618 3366 END
START 5700 9436 17640 -651 762 3711 END
START 5376 9168 17456 -696 900 4054 END
START 5088 8804 17424 -790 1075 4374 END
START 4940 8440 17272 -881 1232 4676 END
START 4680 8184 17272 -1035 1403 4979 END
START 4532 8104 17288 -1206 1533 5237 END
START 4308 7884 17244 -1426 1610 5545 END
START 4164 7700 17140 -1665 1667 5821 END
START 4088 7528 17248 -1917 1735 6091 END
START 3992 7356 17208 -2202 1749 6338 END