START -2228 80 13332 398 4844 -4466 END
START -3720 576 16132 341 4428 -4569 END
START -812 236 9824 437 5538 -4507 END
START -1352 1588 11564 515 6381 -4452 END
START -1916 1872 11984 515 6934 -4388 END
START -2416 1388 12556 542 7330 -4125 END
START -2552 1328 12628 645 7648 -3929 END
START -2820 920 13304 874 7693 -3731 END
START -2724 664 13116 1180 7810 -3630 END
START -2892 480 13308 1419 7795 -3519 END
START -3244 196 13584 1628 7675 -3409 END
START -3604 20 14392 1823 7438 -3395 END
START -3972 -212 14780 2118 6950 -3425 END
START -4228 -872 15336 2416 6376 -3467 END
START -4096 -1396 15560 2689 5671 -3528 END
START -4172 -1732 15856 3077 4754 -3659 END
START -3952 -1500 15632 3410 4209 -3812 END
START -3492 -1364 15280 3735 3856 -3985 END
START -2816 -1524 15032 3985 3681 -4194 END
START -2724 -1440 15032 4116 3674 -4513 END
START -2536 -1252 15116 4205 3717 -4746 END
START -2668 -992 15260 4220 3799 -5018 END
START -2664 -912 15096 4209 3995 -5186 END
START -2712 -912 15468 4137 4136 -5223 END
START -2620 -984 15992 4073 4325 -5245 END
START -2364 -812 16224 3970 4341 -5299 END
START -2352 -528 16660 3810 4368 -5431 END
START -2588 224 16996 3648 4336 -5499 END
START -2844 828 17452 3443 4233 -5489 END
START -2832 1076 18012 3200 4044 -5340 END
START -2824 1144 18440 2914 3689 -5150 END
START -2884 1628 18680 2529 3380 -4893 END
START -2860 1928 18660 2270 2980 -4701 END
START -2632 2256 18300 1938 2741 -4463 END
START -2432 1956 18176 1694 2534 -4194 END
START -2184 1376 18388 1439 2313 -3946 END
START -2156 1136 18080 1247 2132 -3776 END
START -2468 1308 17272 984 2145 -3564 END
START -2440 1484 17476 795 2086 -3399 END
START -2736 1092 17364 611 2044 -3254 END
START -2836 996 17524 457 1981 -3103 END
START -2788 1020 17524 320 1857 -3001 END
START -2700 1172 17604 202 1711 -2868 END
START -2732 1168 17876 141 1531 -2751 END
START -2512 1144 18032 102 1271 -2582 END
START -2440 1024 18220 104 995 -2327 END
START -2544 1176 18420 51 671 -2128 END
START -2260 1072 18420 9 305 -1932 END
START -2140 896 18536 48 -21 -1737 END
START -2096 796 18396 60 -368 -1529 END
START -1828 804 18468 110 -654 -1325 END
START -1636 780 18016 105 -851 -1057 END
START -1540 772 18028 128 -978 -827 END
START -1420 604 17836 119 -1105 -604 END
START -1420 376 17832 95 -1180 -408 END
START -1560 112 17928 112 -1340 -283 END
START -1796 -136 17928 152 -1480 -273 END
START -1936 -172 17840 235 -1648 -256 END
START -2040 -232 17868 328 -1806 -260 END
START -1896 -252 17708 364 -1933 -281 END
START -1836 -304 17720 386 -2036 -332 END
START -1636 -364 17656 345 -2036 -417 END
START -1384 -428 17348 248 -1966 -518 END
START -1164 -600 17300 162 -1782 -655 END
START -1028 -852 17264 92 -1534 -811 END
START -1072 -568 17376 37 -1318 -1013 END
START -1104 4 17732 -101 -1059 -1211 END
START -1072 348 17888 -213 -842 -1366 END
START -984 736 18304 -468 -725 -1389 END
START -828 1084 18744 -714 -627 -1337 END
START -556 1240 18952 -990 -640 -1197 END
START -392 1344 19032 -1244 -665 -1050 END
START -104 1740 19176 -1490 -738 -829 END
START 120 1816 18988 -1681 -789 -589 END
START 280 1972 19308 -1865 -879 -313 END
START 412 2096 19424 -1980 -1036 53 END
START 428 2252 19448 -2117 -1272 347 END
START 608 2500 19552 -2179 -1544 750 END
START 784 2340 19480 -2225 -1804 1186 END
START 984 2156 19480 -2247 -2113 1619 END
START 1136 2048 19404 -2212 -2359 1988 END
START 1232 1988 19316 -2216 -2612 2362 END
START 1268 1992 19124 -2205 -2858 2623 END
START 1220 1936 18952 -2184 -3033 2856 END
START 1220 1912 18912 -2214 -3202 3137 END
START 1096 1936 18820 -2148 -3327 3329 END
START 976 2028 18664 -2161 -3425 3517 END
START 1068 1992 18516 -2161 -3487 3666 END
START 1036 1720 18440 -2168 -3580 3776 END
START 1052 1844 18504 -2164 -3674 3849 END
START 1040 1816 18296 -2158 -3729 3903 END
START 1140 1772 18312 -2186 -3708 3914 END
START 1028 1832 18364 -2208 -3724 3949 END
START 1012 1812 18588 -2268 -3728 3918 END
START 1056 1604 18768 -2311 -3740 3853 END
START 1008 1716 18764 -2348 -3756 3779 END
START 956 1740 18968 -2412 -3796 3630 END
START 936 1848 19088 -2458 -3878 3509 END
START 1012 1916 19212 -2583 -3972 3376 END
START 1180 1936 19352 -2755 -4076 3274 END
START 1500 2112 19024 -2924 -4105 3196 END
START 1608 2196 19136 -3164 -4057 3149 END
START 1780 2508 19004 -3368 -3991 3176 END
START 2088 2752 18792 -3654 -3819 3205 END
START 2296 2936 18744 -3963 -3648 3272 END
START 2460 3084 18688 -4302 -3473 3385 END
START 2548 3176 18604 -4676 -3281 3532 END
START 2680 3568 18640 -5008 -3155 3664 END
START 2588 3796 18588 -5411 -2987 3794 END
START 2536 3968 18492 -5722 -2898 3988 END
START 2432 4020 18408 -6100 -2847 4199 END
START 2448 4136 18444 -6364 -2803 4481 END
START 2596 4128 18248 -6661 -2781 4778 END
START 2536 4208 18108 -6972 -2776 5088 END
START 2596 4328 17908 -7234 -2789 5425 END
START 2532 4408 17688 -7539 -2822 5763 END
START 2576 4460 17388 -7763 -2793 6105 END
START 2448 4492 17144 -7972 -2872 6445 END
START 2324 4424 16632 -8135 -2869 6794 END
START 2284 4448 16332 -8283 -2912 7183 END
START 2136 4568 16260 -8404 -3012 7580 END
START 2032 4396 15796 -8554 -3099 7935 END
START 1860 4476 15472 -8608 -3223 8324 END
START 1592 4356 15040 -8644 -3466 8694 END
START 1264 4348 14424 -8664 -3585 9051 END
START 1132 4164 13944 -8562 -3741 9361 END
START 852 4040 13460 -8455 -3885 9629 END
START 808 4024 13256 -8292 -3999 9876 END
START 620 3916 12392 -8192 -4053 10071 END
START 628 3788 11804 -8034 -3999 10237 END
START 552 3616 11128 -7931 -3828 10374 END
START 624 3452 10468 -7812 -3604 10432 END
START 592 3284 9832 -7651 -3283 10456 END
START 560 3124 9196 -7491 -2928 10455 END
START 316 2964 8728 -7331 -2504 10394 END
START 412 2956 8224 -7156 -2073 10327 END
START 332 2648 7816 -6899 -1637 10189 END
START 272 2536 7912 -6674 -1198 10059 END
START 176 2352 7572 -6414 -765 9936 END
START 140 2392 7488 -6208 -386 9857 END
START -48 2564 7492 -5966 -65 9754 END
START -88 2604 7536 -5789 254 9748 END
START -220 2712 7464 -5597 486 9724 END
START -384 2576 7688 -5481 738 9771 END
START -452 2664 7836 -5325 956 9865 END
START -572 2852 7572 -5235 1157 9948 END
START -688 2924 7520 -5167 1418 10104 END
START -836 3064 7460 -5107 1624 10275 END
START -1140 2992 7364 -5051 1827 10501 END
START -1276 3084 7172 -4975 2016 10686 END
START -1676 2836 7252 -4914 2243 10933 END
START -1840 2824 6956 -4769 2345 11150 END
START -2004 2748 6860 -4699 2555 11305 END
START -2328 2648 6736 -4537 2671 11545 END
START -2432 2420 6772 -4361 2876 11692 END
START -2564 2328 6432 -4210 2982 11835 END
START -2964 2152 6576 -3998 3050 12046 END
START -3060 2084 6576 -3778 3064 12178 END
START -3416 1836 6440 -3522 3073 12373 END
START -3652 1736 6404 -3199 3050 12485 END
START -3864 1576 6500 -2829 2892 12272 END
START -4084 1504 6444 -2398 2768 12672 END
START -4412 1688 6476 -2007 2595 12536 END
START -4524 1568 6404 -1526 2408 12601 END
START -4696 1652 6472 -1032 2118 12793 END
START -5104 1532 6384 -562 1888 12782 END
START -5252 1348 6396 -28 1710 12765 END
START -5492 1428 6432 512 1509 12754 END
START -5708 1060 6476 983 1303 12724 END
START -5980 772 6524 1438 1126 12692 END
START -6148 628 6504 1864 989 12668 END
START -6388 452 6552 2288 871 12440 END
START -6668 472 6580 2662 774 12172 END
START -6804 304 6508 3043 732 11829 END
START -6740 228 6672 3426 698 11579 END
START -6652 100 6696 3771 792 11261 END
START -6652 156 6612 4074 951 11028 END
START -6592 284 6892 4289 1112 10755 END
START -6312 220 6888 4488 1351 10452 END
START -6264 328 6892 4563 1650 10196 END
START -6248 188 7044 4672 1969 9993 END
START -6072 264 7140 4704 2326 9792 END
START -6048 272 7368 4711 2685 9550 END
START -5932 344 7320 4724 3050 9365 END
START -5912 408 7536 4744 3382 9191 END
START -6028 448 7752 4753 3674 9019 END
START -5996 440 8012 4797 3929 8911 END
START -6076 512 8200 4794 4101 8830 END
START -6284 568 8056 4880 4336 8738 END
START -6128 464 7964 4962 4569 8659 END
START -6288 472 8108 5104 4724 8580 END
START -6488 472 8320 5227 4902 8491 END
START -6596 568 8484 5393 5022 8392 END
START -6860 388 8688 5534 5064 8333 END
START -7128 160 8900 5758 5018 8236 END
START -7576 40 9216 5995 4956 8209 END
START -7828 4 9472 6284 4741 8079 END
START -8424 -88 9904 6556 4412 7958 END
START -8620 -8 10156 6906 4023 7868 END
START -8860 -156 10760 7205 3544 7831 END
START -8900 -208 10720 7628 2950 7714 END
START -8972 -260 10908 8061 2343 7684 END
START -8976 -204 10856 8503 1830 7639 END
START -9032 -160 10644 9012 1295 7624 END
START -9036 -232 10740 9487 903 7568 END
START -8860 -160 10528 9966 706 7552 END
START -8728 -204 10512 10361 523 7515 END
START -8596 -104 10600 10742 471 7416 END
START -8728 20 10684 11060 422 7326 END
START -8572 140 10828 11305 425 7199 END
START -8544 180 11068 11471 506 7097 END
START -8380 216 11280 11683 652 6966 END
START -8336 228 11472 11950 765 6901 END
START -8196 316 11752 11943 928 6750 END
START -8064 308 12036 11730 1118 6573 END
START -8120 352 12220 11933 1351 6377 END
START -8216 420 12348 11563 1560 6162 END
START -8224 316 12568 11468 1895 5945 END
START -8456 344 12584 11382 2160 5705 END
START -8480 392 12800 11241 2438 5493 END
START -8796 192 13076 11122 2663 5261 END
START -8908 256 13288 10973 2851 5023 END
START -9076 216 13344 10809 2995 4772 END
START -9148 -120 13404 10718 3138 4493 END
START -9384 -256 13300 10653 3267 4158 END
START -9364 -364 12944 10601 3483 3821 END
START -9452 -392 12704 10561 3780 3424 END
START -9448 -588 12772 10626 4105 3015 END
START -9684 -704 12480 10647 4447 2591 END
START -9660 -764 12428 10639 4831 2135 END
START -9860 -548 12120 10694 5288 1727 END
START -9952 -520 12260 10744 5702 1337 END
START -9968 -400 12324 10788 6105 936 END
START -10044 -492 12532 10885 6418 598 END
START -10120 -412 12648 11021 6764 258 END
START -10256 -408 12928 11161 7006 15 END
START -10300 -492 13056 11322 7166 -234 END
START -10296 -448 13660 11513 7230 -458 END
START -10516 -424 13900 11967 7141 -603 END
START -10688 -288 14312 11831 6949 -758 END
START -10688 28 14748 12226 6633 -877 END
START -10800 224 14820 12790 6306 -906 END
START -10808 136 15208 13134 5950 -921 END
START -10580 200 15300 13499 5593 -838 END
START -10568 396 15636 13847 5204 -776 END
START -10656 484 15612 14126 4820 -683 END
START -10604 784 15916 14350 4506 -599 END
START -10720 764 16304 14578 4236 -553 END
START -10788 936 16612 14729 3951 -453 END
START -10956 1076 16880 14890 3681 -442 END
START -11196 1132 17276 14976 3428 -460 END
START -11336 1208 17564 15083 3157 -527 END
START -11460 1136 17932 15114 2904 -619 END
START -11456 1168 18020 15122 2712 -803 END
START -11444 1204 18472 15045 2588 -1014 END
START -11384 1232 18388 14975 2533 -1300 END
START -11332 1320 18668 14797 2469 -1595 END
START -11348 1444 18948 14678 2499 -1920 END
START -11332 1624 19164 14466 2466 -2241 END
START -11492 1764 19112 14231 2445 -2665 END
START -11464 1812 19396 14029 2501 -3038 END
START -11616 2128 19296 13840 2567 -3438 END
START -11528 2216 19296 13613 2708 -3891 END
START -11508 2324 19488 13424 2838 -4281 END
START -11548 2592 19648 13203 2855 -4695 END
START -11696 2800 19884 12971 2882 -5069 END
START -11756 3044 19992 12736 2861 -5399 END
START -11524 3340 20032 12518 2844 -5690 END
START -11272 3516 20192 12107 2820 -5974 END
START -11060 3624 20256 11951 2835 -6192 END
START -10848 3600 20324 12018 2845 -6319 END
START -10604 3580 20468 11930 2829 -6480 END
START -10452 3424 20776 11503 2821 -6572 END
START -10240 3612 21112 11410 2805 -6640 END
START -10220 3732 21504 11260 2674 -6745 END
START -10148 4080 21820 11067 2563 -6781 END
START -9980 4324 22308 10748 2419 -6776 END
START -9952 4352 22664 10488 2216 -6764 END
START -9968 4452 22988 10180 1959 -6696 END
START -9724 4412 23092 9805 1739 -6655 END
START -9664 4520 23320 9442 1540 -6619 END
START -9636 4436 23128 9089 1402 -6595 END
START -9760 4500 23108 8838 1236 -6594 END
START -9852 4444 23444 8505 1054 -6665 END
START -9944 4392 23332 8242 872 -6757 END
START -9948 4336 23488 8029 713 -6901 END
START -10104 4236 23372 7822 493 -7135 END
START -10116 4320 23376 7617 287 -7381 END
START -10248 4424 23580 7453 51 -7627 END
START -10144 4516 23432 7272 -141 -7874 END
START -10000 4796 23648 7077 -478 -8093 END
START -9864 4952 23676 6947 -629 -8279 END
START -9624 5156 23604 6803 -852 -8490 END
START -9376 5376 23908 6653 -968 -8658 END
START -9180 5664 23888 6485 -1143 -8843 END
START -8748 5728 23988 6232 -1224 -8927 END
START -8488 6072 24052 6022 -1291 -9078 END
START -7980 6380 24108 5705 -1250 -9110 END
START -7604 6640 24356 5316 -1261 -9147 END
START -7336 6772 24428 4854 -1217 -9134 END
START -7036 6988 24548 4346 -1153 -9108 END
START -6684 7120 24884 3772 -1134 -9010 END
START -6452 7124 24964 3259 -1073 -8954 END
START -6400 7208 25180 2678 -1026 -8921 END
START -6296 7176 25264 2118 -957 -8916 END
START -6064 7196 25176 1593 -886 -8892 END
START -5984 7136 25124 1063 -850 -8931 END
START -5940 7144 25052 515 -813 -8962 END
START -5796 7156 24924 61 -733 -9004 END
START -5696 7056 24784 -371 -676 -9040 END
START -5576 6956 24804 -768 -624 -9070 END
START -5348 6928 24592 -1067 -613 -9111 END
START -5188 6960 24520 -1387 -608 -9125 END
START -5012 7100 24708 -1586 -645 -9124 END
START -4788 7116 24720 -1839 -743 -9091 END
START -4588 7260 25064 -2057 -920 -8995 END
START -4412 7316 25272 -2271 -1186 -8895 END
START -4164 7416 25308 -2470 -1461 -8780 END
START -3848 7584 25312 -2706 -1738 -8597 END
START -3580 7768 25476 -2926 -2055 -8443 END
START -3204 7888 25192 -3184 -2320 -8249 END
START -2948 7960 25028 -3494 -2521 -8032 END
START -2772 7936 24900 -3800 -2673 -7842 END
START -2624 7940 24704 -4108 -2836 -7621 END
START -2364 7960 24500 -4440 -2879 -7433 END
START -2424 7996 24200 -4735 -2955 -7260 END
START -2280 7928 23940 -5033 -2981 -7096 END
START -2244 7944 23664 -5303 -2993 -6943 END
START -2204 7956 23536 -5530 -3003 -6877 END
START -2132 7868 23528 -5801 -2986 -6725 END
START -2076 7928 23208 -6030 -2969 -6658 END
START -1924 7952 23072 -6267 -2963 -6588 END
START -1856 8044 23028 -6542 -2903 -6501 END
START -1628 8000 22952 -6824 -2778 -6385 END
START -1412 8124 22712 -7140 -2734 -6254 END
START -1304 8096 22836 -7435 -2632 -6092 END
START -1208 8148 22600 -7807 -2614 -5936 END
START -1204 7992 22444 -8092 -2551 -5770 END
START -1060 7944 22360 -8430 -2483 -5620 END
START -1008 7888 22176 -8717 -2471 -5449 END
START -1092 7716 22008 -8986 -2411 -5285 END
START -1196 7720 21896 -9266 -2438 -5132 END
START -1176 7592 21380 -9502 -2468 -4980 END
START -1100 7480 21164 -9705 -2482 -4845 END
START -1092 7324 21068 -9950 -2485 -4688 END
START -1124 7244 20684 -10137 -2516 -4610 END
START -1212 7116 20244 -10310 -2547 -4428 END
START -1232 7012 20060 -10419 -2537 -4328 END
START -1268 6960 19476 -10529 -2529 -4193 END
START -1232 6840 19324 -10626 -2491 -4085 END
START -1176 6820 18876 -10760 -2453 -3936 END
START -1388 6716 18492 -10834 -2404 -3818 END
START -1420 6592 18240 -10895 -2355 -3670 END
START -1484 6360 18052 -10929 -2308 -3476 END
START -1496 6248 17876 -10883 -2286 -3390 END
START -1480 6120 17608 -10838 -2261 -3275 END
START -1612 5892 17320 -10706 -2237 -3145 END
START -1752 5992 17104 -10589 -2238 -3025 END
START -1980 5668 16860 -10452 -2203 -2943 END
START -2036 5364 16860 -10239 -2260 -2832 END
START -2096 5276 16732 -10136 -2267 -2774 END
START -2372 5160 16568 -10005 -2338 -2684 END
START -2480 4980 16728 -9924 -2440 -2685 END
START -2364 4888 16416 -9902 -2496 -2635 END
START -2316 4740 16304 -9923 -2582 -2607 END
START -2348 4724 16100 -9903 -2596 -2573 END
START -2404 4680 15980 -9970 -2605 -2548 END
START -2576 4492 16000 -9943 -2698 -2544 END
START -2608 4336 15916 -9986 -2777 -2565 END
START -2732 4280 15952 -10032 -2934 -2535 END
START -2716 4312 15916 -10102 -3095 -2529 END
START -2824 4448 15408 -10155 -3220 -2519 END
START -2616 4448 15336 -10257 -3336 -2474 END
START -2608 4392 15060 -10291 -3436 -2457 END
START -2644 4228 14936 -10272 -3528 -2403 END
START -2532 4144 14844 -10288 -3593 -2373 END
START -2832 4132 14540 -10232 -3689 -2359 END
START -2964 4152 14348 -10164 -3823 -2289 END
START -3016 4108 14308 -10144 -3958 -2209 END
START -3128 4076 14176 -10083 -4154 -2133 END
START -3108 4020 13848 -10068 -4337 -2033 END
START -3080 3884 13612 -10040 -4439 -2000 END
START -2984 3768 13388 -9950 -4548 -1954 END
START -2824 3852 13056 -9935 -4617 -1849 END
START -2744 3864 12972 -9879 -4629 -1812 END
START -2684 3880 12612 -9860 -4605 -1698 END
START -2564 3760 12256 -9827 -4546 -1595 END
START -2600 3648 12020 -9797 -4513 -1498 END
START -2640 3608 11820 -9786 -4450 -1436 END
START -2760 3392 11648 -9702 -4423 -1359 END
START -2928 3232 11520 -9650 -4407 -1314 END
START -3004 3080 11304 -9558 -4426 -1308 END
START -3028 2980 10988 -9389 -4369 -1280 END
START -3100 2928 10860 -9194 -4334 -1295 END
START -3140 2964 10728 -9050 -4249 -1259 END
START -3324 2880 10616 -8862 -4224 -1239 END
START -3296 2884 10456 -8676 -4253 -1183 END
START -3292 2692 10488 -8546 -4276 -1153 END
START -3304 2604 10316 -8444 -4281 -1086 END
START -3372 2532 10376 -8414 -4342 -1030 END
START -3472 2496 10084 -8285 -4388 -982 END
START -3660 2336 9764 -8170 -4386 -953 END
START -3544 2284 9624 -7977 -4418 -916 END
START -3772 2032 9448 -7843 -4412 -901 END
START -3964 1808 9144 -7690 -4403 -905 END
START -3936 1760 8900 -7486 -4430 -908 END
START -4060 1620 8856 -7370 -4471 -939 END
START -4140 1476 8712 -7193 -4550 -1008 END
START -4144 1432 8468 -7015 -4517 -1035 END
START -4184 1284 8416 -6823 -4532 -1098 END
START -4112 1224 8048 -6623 -4522 -1154 END
START -4096 1280 7824 -6468 -4500 -1208 END
START -3964 1384 7564 -6331 -4418 -1235 END
START -3976 1200 7308 -6178 -4293 -1289 END
START -3860 1300 7156 -6079 -4147 -1277 END
START -3748 1164 6848 -5976 -3967 -1283 END
START -3768 1092 6740 -5908 -3758 -1269 END
START -3788 1088 6676 -5860 -3639 -1305 END
START -3900 1072 6488 -5762 -3482 -1353 END
START -4000 860 6468 -5689 -3375 -1424 END
START -3860 820 6312 -5569 -3301 -1484 END
START -3884 944 6048 -5419 -3206 -1557 END
START -3908 1040 5764 -5271 -3151 -1542 END
START -3844 1072 5500 -5040 -3049 -1563 END
START -3764 1112 5280 -4840 -2970 -1530 END
START -3724 1124 5332 -4622 -2886 -1546 END
START -3568 1204 5324 -4299 -2881 -1519 END
START -3708 1180 5204 -4012 -2852 -1541 END
START -3640 1228 5056 -3707 -2879 -1501 END
START -3536 1208 5212 -3418 -2904 -1520 END
START -3588 1204 5068 -3108 -2997 -1524 END
START -3356 1132 4676 -2820 -2941 -1516 END
START -3248 1092 4668 -2529 -2886 -1553 END
START -3180 1180 4328 -2247 -2729 -1580 END
START -2904 1288 4240 -1920 -2591 -1651 END
START -2824 1296 4284 -1579 -2391 -1707 END
START -2776 1516 4336 -1285 -2208 -1758 END
START -2620 1772 4480 -1059 -1989 -1768 END
START -2600 1856 4552 -814 -1850 -1772 END
START -2528 2036 4644 -637 -1674 -1738 END
START -2396 2084 4972 -496 -1441 -1671 END
START -2164 2464 5076 -439 -1246 -1654 END
START -2080 2480 5128 -371 -990 -1599 END
START -2064 2736 5096 -374 -698 -1567 END
START -1964 2752 5156 -396 -383 -1438 END
START -1796 2836 5284 -391 -127 -1351 END
START -1736 2944 5188 -389 217 -1248 END
START -1576 2924 5184 -353 537 -1113 END
START -1540 2892 5112 -338 828 -984 END
START -1516 3016 5168 -312 1088 -876 END
START -1608 3004 5232 -225 1308 -765 END
START -1636 2932 5260 -144 1469 -595 END
START -1628 2888 5412 52 1654 -425 END
START -1740 2952 5484 229 1731 -264 END
START -1916 2836 5496 468 1808 -53 END
START -2176 2772 5492 665 1755 109 END
START -2220 2768 5440 949 1756 307 END
START -2176 2720 5500 1286 1747 525 END
START -2340 2736 5328 1582 1721 721 END
START -2228 2632 5464 1961 1722 923 END
START -2368 2444 5412 2331 1678 1153 END
START -2348 2348 5528 2647 1591 1308 END
START -2472 2220 5644 2982 1547 1461 END
START -2492 1960 5616 3307 1504 1648 END
START -2488 1844 5416 3626 1472 1759 END
START -2504 1676 5580 3944 1522 1816 END
START -2520 1536 5412 4333 1612 1859 END
START -2768 1540 5384 4639 1773 1851 END
START -2716 1412 5492 4930 1900 1844 END
START -2996 1428 5540 5190 2108 1843 END
START -2952 1440 5776 5394 2242 1860 END
START -3200 1316 6044 5558 2378 1836 END
START -3240 1316 6208 5708 2566 1826 END
START -3348 1268 6312 5856 2699 1781 END
START -3388 1192 6388 5992 2846 1766 END
START -3376 1320 6272 6124 3018 1733 END
START -3312 1404 6548 6224 3185 1773 END
START -3308 1536 6372 6332 3420 1812 END
START -3204 1544 6380 6429 3712 1897 END
START -3364 1556 6428 6546 3922 1995 END
START -3440 1688 6496 6659 4224 2084 END
START -3604 1692 6644 6817 4437 2204 END
START -3872 1640 6808 6972 4671 2284 END
START -4204 1584 6880 7149 4794 2367 END
START -4540 1676 6992 7381 4938 2450 END
START -4800 1664 7136 7607 5003 2524 END
START -5124 1672 7500 7926 5012 2599 END
START -5368 1468 7564 8229 4993 2612 END
START -5860 1400 8040 8497 4908 2637 END
START -6144 1216 8316 8825 4788 2558 END
START -6516 992 8912 9129 4563 2422 END
START -6736 992 9024 9373 4326 2301 END
START -6832 848 9084 9645 4086 2090 END
START -6816 884 9132 9881 3904 1954 END
START -6800 1084 9092 10154 3839 1774 END
START -6664 1256 9160 10411 3803 1627 END
START -6656 1412 9228 10645 3787 1543 END
START -6668 1456 9708 10874 3781 1462 END
START -6640 1684 9808 11068 3828 1423 END
START -6668 1552 10148 11160 3826 1347 END
START -6600 1684 10432 11352 3775 1315 END
START -6796 1744 10772 11425 3776 1230 END
START -6828 1960 11020 11549 3772 1164 END
START -6940 1988 11160 11906 3741 1122 END
START -6912 2116 11388 11754 3725 1069 END
START -7008 2044 11608 12102 3761 992 END
START -6876 2256 11604 12097 3806 943 END
START -6964 2424 11924 12093 3886 839 END
START -7156 2388 12192 12078 3976 822 END
START -7268 2596 12356 12086 4037 755 END
START -7424 2612 12560 12082 4012 746 END
START -7656 2636 12652 12094 3972 687 END
START -7888 2844 12808 12087 3983 636 END
START -7908 2872 12980 12200 3921 588 END
START -8152 2916 13248 12621 3832 507 END
START -8292 2848 13584 12687 3730 441 END
START -8556 2808 13888 12766 3523 345 END
START -8656 2732 14036 12947 3378 234 END
START -8708 2644 14316 13133 3169 112 END
START -8780 2608 14528 13320 2901 -49 END
START -8880 2416 14812 13496 2636 -244 END
START -8796 2352 14956 13722 2431 -453 END
START -8820 2352 15348 13927 2201 -692 END
START -8728 2280 15544 14100 2007 -903 END
START -8712 2520 15736 14189 1840 -1101 END
START -8552 2564 15840 14298 1698 -1298 END
START -8400 2784 15960 14313 1635 -1469 END
START -8252 2816 16200 14339 1585 -1689 END
START -8092 2948 16360 14335 1617 -1884 END
START -7912 3004 16424 14297 1654 -2083 END
START -7868 3312 16684 14210 1694 -2248 END
START -7836 3464 16736 14118 1732 -2394 END
START -7876 3644 17004 13957 1790 -2507 END
START -7756 3676 17380 13899 1812 -2600 END
START -7840 3760 17360 13747 1866 -2716 END
START -7816 4048 17820 13640 1833 -2789 END
START -8024 4184 17908 13514 1750 -2873 END
START -8020 4364 18140 13418 1619 -2940 END
START -8040 4436 18340 13297 1583 -2957 END
START -8052 4428 18496 13179 1436 -3085 END
START -8304 4808 18516 13103 1351 -3203 END
START -8236 4576 18560 13007 1250 -3294 END
START -8252 4448 18608 12985 1269 -3466 END
START -8336 4372 18768 12962 1244 -3646 END
START -8372 4392 18884 12967 1162 -3858 END
START -8568 4476 19144 12852 1107 -4069 END
START -8532 4504 19136 12791 1049 -4317 END
START -8604 4416 19304 12657 964 -4601 END
START -8612 4620 19452 12507 898 -4808 END
START -8612 4680 19756 12509 832 -5084 END
START -8616 4700 20048 12445 705 -5321 END
START -8588 4960 20348 12142 588 -5578 END
START -8736 4964 20616 12004 389 -5830 END
START -8608 4880 20940 12011 150 -6045 END
START -8416 4912 21016 11978 -57 -6222 END
START -8404 5012 21232 11869 -325 -6463 END
START -8380 4988 21380 11561 -482 -6652 END
START -8220 5128 21368 11432 -727 -6860 END
START -8208 5200 21584 11219 -944 -7064 END
START -8224 5356 21268 11035 -1109 -7206 END
START -8120 5360 21404 10824 -1244 -7391 END
START -8108 5656 21248 10601 -1267 -7542 END
START -8060 5712 21124 10387 -1223 -7750 END
START -7984 5680 20776 10104 -1109 -7967 END
START -8044 5660 20840 9792 -992 -8240 END
START -8236 5608 20724 9532 -820 -8556 END
START -8268 5668 20856 9128 -637 -8940 END
START -8404 5660 20824 8796 -424 -9295 END
START -8368 5688 20764 8353 -258 -9768 END
START -8312 5616 20852 7956 -29 -10179 END
START -8172 5584 20896 7545 224 -10615 END
START -8316 5696 20948 7114 474 -11089 END
START -8304 5808 20808 6686 788 -11603 END
START -8292 5772 20400 6244 1268 -12090 END
START -8256 5404 20064 5813 1829 -12669 END
START -8188 5248 19980 5349 2577 -13354 END
START -8224 5144 19996 4794 3345 -14136 END
START -8392 5316 20312 4222 4067 -14990 END
START -8460 5372 20580 3600 4784 -15858 END
START -8584 5460 20684 3026 5394 -16712 END
START -8516 5344 21104 2355 6026 -17517 END
START -8620 5388 21556 1795 6583 -18306 END
START -8800 5560 21740 1169 7030 -19085 END
START -8852 5540 22024 528 7415 -19824 END
START -8828 5728 22340 -103 7646 -20509 END
START -8900 6000 22688 -727 7813 -21126 END
START -8788 6192 22744 -1399 7917 -21656 END
START -8548 6364 22784 -2009 7963 -22166 END
START -8560 6540 22800 -2605 8024 -22550 END
START -8464 6612 22680 -3207 7929 -22832 END
START -8272 6812 22656 -3772 7824 -23073 END
START -8004 6840 22504 -4370 7698 -23300 END
START -7976 6792 22236 -4847 7523 -23436 END
START -7836 6708 21780 -5288 7549 -23552 END
START -7764 6892 21592 -5655 7466 -23676 END
START -7648 6968 21424 -6031 7302 -23691 END
START -7672 7244 21276 -6346 7131 -23629 END
START -7788 7264 21136 -6597 6803 -23538 END
START -7812 7276 21192 -6825 6430 -23413 END
START -7712 7348 21192 -7029 6005 -23240 END
START -7640 7540 21056 -7145 5418 -22989 END
START -7424 7800 20984 -7344 4847 -22701 END
START -7404 8060 20908 -7421 4260 -22352 END
START -7136 8136 20636 -7545 3680 -21928 END
START -6812 8172 20380 -7651 3249 -21498 END
START -6600 8184 20100 -7764 2795 -21113 END
START -6328 8004 19924 -7955 2355 -20673 END
START -6204 7944 19740 -8153 2017 -20289 END
START -6124 7788 19552 -8380 1650 -19828 END
START -5804 7732 19296 -8666 1253 -19450 END