START -3208 3552 18328 -1026 447 1044 END
START -2584 2740 18708 -1487 -213 1026 END
START -1384 3292 13768 -1414 135 1198 END
START -1800 3392 15212 -1594 196 1229 END
START -1908 3300 15424 -1834 156 1296 END
START -1948 3292 15740 -2097 117 1360 END
START -2016 3276 16012 -2384 -75 1415 END
START -1748 3252 15984 -2585 -227 1545 END
START -1576 3328 15848 -2751 -371 1650 END
START -1552 3500 15536 -2901 -487 1702 END
START -1260 3632 15240 -2898 -591 1745 END
START -1100 3536 14840 -2823 -528 1761 END
START -604 3088 14208 -2649 -262 1810 END
START -308 2584 13684 -2397 178 1875 END
START -312 2360 13592 -2132 674 1949 END
START -420 2180 13460 -1878 1004 2026 END
START -620 2164 13300 -1552 1314 2049 END
START -900 2192 13324 -1244 1706 2131 END
START -1344 2100 13360 -916 1992 2189 END
START -2012 1828 13940 -627 2181 2299 END
START -2252 1784 13956 -294 2087 2347 END
START -2500 1880 13968 -22 1992 2397 END
START -2792 2060 13632 301 1988 2392 END
START -2716 2056 13352 554 2103 2314 END
START -3144 1856 13160 829 2281 2181 END
START -3420 1384 13016 1065 2388 2079 END
START -3944 1256 12876 1351 2472 1925 END
START -4432 1080 13008 1675 2479 1651 END
START -4632 444 12836 2103 2512 1287 END
START -4820 304 13056 2552 2710 770 END
START -5224 72 13500 2996 2779 145 END
START -5640 144 14060 3307 2731 -534 END
START -5704 92 14500 3570 2548 -1208 END
START -5592 160 14760 3653 2360 -1836 END
START -5108 244 14844 3651 2209 -2375 END
START -4432 464 14852 3633 2172 -2834 END
START -3964 872 15176 3562 2201 -3190 END
START -3200 1664 15136 3409 2303 -3487 END
START -2520 2352 15276 3189 2463 -3566 END
START -1928 2844 15388 2906 2642 -3437 END
START -1356 3180 15756 2554 2844 -3176 END
START -832 3512 16100 2151 3005 -2833 END
START -528 3852 16216 1731 3134 -2460 END
START -564 4196 16496 1270 3119 -2024 END
START -628 4280 16932 876 3048 -1555 END
START -680 4256 17096 488 2815 -1050 END
START -676 4268 17212 128 2455 -577 END
START -508 3964 16952 -125 2139 -111 END
START -448 3740 16172 -321 1872 237 END
START -360 3564 15800 -401 1773 616 END
START -456 3636 15360 -378 1571 919 END
START -520 3804 15124 -296 1473 1259 END
START -508 3880 14672 -103 1384 1647 END
START -752 3924 14480 107 1309 2091 END
START -1060 3912 14536 335 1136 2543 END
START -1428 3776 14616 586 937 2961 END
START -1748 3688 14752 853 598 3305 END
START -2036 3372 14776 1112 302 3554 END
START -2152 3224 14964 1462 -96 3718 END
START -2532 2848 15312 1763 -564 3837 END
START -2828 2488 15288 2142 -1004 3779 END
START -3288 2300 15460 2520 -1446 3699 END
START -3372 2224 15248 2813 -1861 3548 END
START -3500 2248 14812 3143 -2140 3327 END
START -3424 2416 14336 3344 -2227 3100 END
START -3436 2268 13704 3493 -2134 2831 END
START -3304 2104 13228 3659 -1795 2531 END
START -3180 2060 12900 3800 -1365 2219 END
START -3244 2152 12704 3880 -815 1855 END
START -3288 2180 12700 3951 -286 1551 END
START -3076 2272 13016 3965 254 1144 END
START -3256 2460 13264 3953 762 853 END
START -3128 2608 13772 3860 1146 569 END
START -2908 2808 14184 3738 1517 379 END
START -2852 2996 14620 3590 1813 277 END
START -2668 3300 14732 3423 2053 188 END
START -2256 3344 14920 3206 2294 183 END
START -2124 3428 15016 2956 2514 173 END
START -2052 3548 15416 2707 2661 211 END
START -1964 3584 15664 2483 2792 338 END
START -2116 3668 15920 2316 2810 444 END
START -2220 3720 16160 2189 2709 588 END
START -2328 3844 16132 2017 2513 750 END
START -2340 3768 16044 1959 2286 963 END
START -2404 3720 15764 1881 2106 1129 END
START -2460 3704 15704 1892 1898 1319 END
START -2492 3616 15560 1942 1691 1430 END
START -2608 3632 15360 1978 1547 1579 END
START -2548 3588 15488 2034 1336 1683 END
START -2716 3440 15628 2097 1131 1786 END
START -3108 3520 15716 2146 863 1840 END
START -3268 3432 15868 2164 569 1897 END
START -3344 3372 15924 2182 279 1946 END
START -3476 3312 15780 2215 23 1973 END
START -3384 3220 15632 2220 -158 1981 END
START -3536 3164 15724 2290 -328 1974 END
START -3528 3196 15724 2314 -530 1947 END
START -3636 3264 15840 2345 -707 1909 END
START -3588 3136 15688 2432 -800 1837 END
START -3660 3120 15680 2459 -871 1799 END
START -3632 3092 15492 2483 -891 1745 END
START -3648 3188 15260 2453 -852 1763 END
START -3572 3288 15044 2421 -702 1663 END
START -3616 3168 15168 2361 -538 1619 END
START -3644 3084 15128 2334 -311 1557 END
START -3784 3108 15044 2279 -27 1531 END
START -3932 3028 15244 2240 220 1435 END
START -4184 3136 15400 2175 425 1337 END
START -4220 2972 15656 2090 612 1229 END
START -4292 2900 15728 1983 809 1100 END
START -4408 2672 16100 1908 943 950 END
START -4464 2568 16172 1820 1064 848 END
START -4496 2568 16172 1760 1196 715 END
START -4540 2624 16396 1733 1313 584 END
START -4796 2520 16496 1641 1399 487 END
START -5104 2388 16700 1595 1425 371 END
START -5256 2156 16880 1560 1465 281 END
START -5484 2152 17144 1498 1375 164 END
START -5776 2072 17324 1474 1340 21 END
START -5996 2048 17588 1481 1182 -67 END
START -6060 1980 17612 1550 991 -165 END
START -6172 1740 17812 1585 819 -219 END
START -6408 1708 17848 1627 651 -254 END
START -6532 1716 17952 1699 446 -300 END
START -6700 1660 17944 1740 335 -266 END
START -6836 1584 17928 1866 195 -309 END
START -7040 1732 17812 2010 178 -264 END
START -7260 1716 18092 2179 61 -256 END
START -7628 1740 18388 2381 6 -211 END
START -7996 1564 18840 2639 -73 -182 END
START -8496 1608 19440 2897 -264 -143 END
START -9180 1528 20180 3157 -466 -121 END
START -9464 1424 20700 3412 -911 -129 END
START -9980 1232 21676 3689 -1418 -138 END
START -10452 1036 22608 3976 -2042 -159 END
START -10828 1156 23524 4212 -2763 -179 END
START -11028 1208 24304 4379 -3558 -182 END
START -11308 1184 25264 4545 -4389 -199 END
START -11360 1112 25676 4700 -5228 -182 END
START -11220 1108 26240 4787 -6027 -160 END
START -11096 1132 26432 4831 -6658 -196 END
START -10884 1140 26716 4749 -7180 -243 END
START -10576 1096 26748 4575 -7610 -346 END
START -10412 1060 26924 4350 -7855 -399 END
START -10104 1012 26980 3978 -7973 -559 END
START -9640 732 26932 3535 -7953 -758 END
START -9460 508 26852 3083 -7757 -1046 END
START -9004 292 26872 2475 -7441 -1341 END
START -8604 368 26848 1851 -7005 -1728 END
START -8112 400 26796 1197 -6574 -2056 END
START -7520 476 26676 451 -5867 -2445 END
START -6956 468 26704 -335 -5189 -2766 END
START -6204 568 26700 -1150 -4383 -3014 END
START -5636 668 26952 -1993 -3668 -3230 END
START -5208 692 27096 -2829 -2873 -3371 END
START -4928 692 27116 -3657 -2147 -3468 END
START -4756 572 27316 -4435 -1509 -3575 END
START -4596 916 27124 -5181 -926 -3610 END
START -4752 1008 27036 -5845 -408 -3659 END
START -4868 1044 26984 -6473 50 -3677 END
START -4900 1136 26784 -7011 444 -3685 END
START -5020 956 26284 -7456 822 -3735 END
START -4948 960 26212 -7757 1175 -3756 END
START -5076 716 25932 -8017 1459 -3828 END
START -5132 780 25700 -8245 1681 -3855 END
START -5224 680 25512 -8457 1908 -3910 END
START -5244 720 25616 -8641 2036 -3955 END
START -5460 876 25504 -8815 2071 -3957 END
START -5656 1016 25600 -8952 2075 -3971 END
START -5632 844 25484 -9050 1980 -4000 END
START -5552 592 25484 -9099 1935 -3999 END
START -5472 368 25612 -9110 1766 -4000 END
START -5560 448 25732 -9121 1578 -3991 END
START -5664 428 25908 -9157 1243 -4016 END
START -5560 392 25808 -9196 976 -4026 END
START -5356 512 25888 -9303 683 -4031 END
START -5152 544 25844 -9407 451 -3988 END
START -4868 832 25652 -9550 279 -3992 END
START -4652 1100 25280 -9749 247 -3955 END
START -4292 1336 24964 -10017 273 -3920 END
START -3904 1596 24424 -10307 352 -3871 END
START -3832 1796 24244 -10622 588 -3799 END
START -3792 2084 23932 -10968 835 -3724 END
START -3588 2324 23520 -11371 1184 -3684 END
START -3576 2412 23092 -11818 1531 -3649 END
START -3604 2520 22792 -12264 2008 -3641 END
START -3748 2544 22588 -12692 2356 -3703 END
START -3844 2724 22156 -13127 2683 -3747 END
START -3904 2848 22116 -13549 2897 -3817 END
START -3932 2784 21688 -13895 3095 -3900 END
START -3916 2632 21216 -14256 3310 -3955 END
START -3872 2560 20668 -14450 3485 -4133 END
START -3936 2708 20240 -14650 3690 -4337 END
START -4164 2908 19860 -14791 3805 -4540 END
START -4188 3080 19432 -14871 3906 -4725 END
START -4072 3176 19348 -14974 3888 -4859 END
START -3928 3356 19144 -15028 3873 -4967 END
START -3680 3308 18752 -15070 3760 -5070 END
START -3504 3508 18456 -15047 3620 -5114 END
START -3168 3876 18184 -15033 3508 -5143 END
START -2948 4196 17808 -15022 3328 -5155 END
START -2704 4300 17436 -15024 3100 -5089 END
START -2524 4476 17308 -14958 2879 -5071 END
START -2648 4648 16920 -14897 2560 -4978 END
START -2732 4956 16616 -14800 2191 -4873 END
START -2884 4948 16372 -14644 1684 -4795 END
START -2884 4840 15704 -14459 1179 -4721 END
START -2712 4728 15200 -14199 709 -4702 END
START -2644 4808 14468 -13935 302 -4730 END
START -2468 4660 13760 -13702 -31 -4825 END
START -2336 4712 13056 -13386 -300 -4869 END
START -2196 4848 12652 -13078 -516 -4930 END
START -2040 5028 12172 -12863 -718 -4962 END
START -1848 5200 11772 -12674 -932 -4973 END
START -1444 5176 11464 -12541 -1136 -4989 END
START -1056 5144 11148 -12401 -1288 -4979 END
START -620 5232 10876 -12305 -1378 -4978 END
START -328 5404 10492 -12168 -1459 -4933 END
START -4 5716 10100 -12082 -1487 -4872 END
START 268 6048 9600 -12034 -1423 -4768 END
START 756 6244 9132 -12127 -1294 -4627 END
START 1016 6516 8528 -12172 -1017 -4448 END
START 1536 6628 8016 -12290 -605 -4283 END
START 1724 6708 7532 -12478 -169 -4155 END
START 1680 6568 7236 -12621 301 -3981 END
START 1964 6696 6712 -12793 817 -3810 END
START 1956 6592 6252 -12937 1346 -3651 END
START 1924 6552 6008 -13037 1848 -3516 END
START 1756 6588 5780 -13094 2226 -3385 END
START 1612 6772 5364 -13073 2510 -3190 END
START 1508 6504 5208 -12982 2726 -3041 END
START 1344 6304 4972 -12874 2871 -2893 END
START 1116 5960 4828 -12641 2922 -2767 END
START 1000 5656 4500 -12370 2860 -2658 END
START 796 5256 4348 -11952 2808 -2647 END
START 556 5016 4256 -11543 2649 -2686 END
START 368 4832 3948 -11090 2406 -2746 END
START 268 4588 3808 -10619 2179 -2813 END
START 208 4676 3592 -10153 1998 -2806 END
START 288 4636 3308 -9721 1758 -2805 END
START 364 4608 3192 -9336 1597 -2738 END
START 368 4600 2992 -8974 1473 -2674 END
START 456 4584 2920 -8662 1391 -2596 END
START 360 4600 2792 -8344 1351 -2511 END
START 460 4460 2464 -8042 1363 -2426 END
START 440 4152 2136 -7764 1389 -2326 END
START 664 3912 2180 -7469 1517 -2251 END
START 688 3868 1736 -7133 1682 -2134 END
START 572 3972 1720 -6778 1805 -1976 END
START 508 4040 1652 -6503 1915 -1816 END
START 472 3988 1588 -6198 1963 -1603 END
START 504 3868 1732 -5908 2057 -1408 END
START 592 3796 1584 -5624 2100 -1179 END
START 364 3624 1756 -5363 2102 -980 END
START 256 3496 1776 -5055 2093 -742 END
START 204 3240 1636 -4745 2007 -542 END
START 148 3184 1644 -4381 1982 -339 END
START 132 2984 1372 -4052 1913 -153 END
START 0 3008 1228 -3688 1955 24 END
START -48 2728 1040 -3391 1992 136 END
START -220 2560 1000 -3065 2081 299 END
START -352 2260 1048 -2744 2189 418 END
START -668 2084 1068 -2398 2292 490 END
START -948 1756 1112 -2131 2317 481 END
START -1360 1512 1276 -1795 2361 445 END
START -1680 1180 1652 -1458 2244 345 END
START -1808 1000 1804 -1107 2160 249 END
START -1972 852 1708 -730 2011 66 END
START -2152 788 1652 -359 1859 -65 END
START -2256 760 1708 -22 1727 -159 END
START -2264 904 1772 315 1627 -246 END
START -2292 860 1776 710 1569 -322 END
START -2256 764 1888 1037 1407 -343 END
START -2364 860 2152 1432 1303 -418 END
START -2392 820 2376 1769 1099 -412 END
START -2412 668 2396 2131 909 -390 END
START -2320 836 2700 2538 687 -414 END
START -2212 880 2836 2909 460 -366 END
START -2200 860 2832 3319 244 -308 END
START -2268 1220 2776 3780 74 -197 END
START -2204 1188 2772 4211 -80 -119 END
START -2184 1248 2856 4593 -157 -27 END
START -2132 1012 2960 4996 -199 64 END
START -2216 904 3092 5278 -209 165 END
START -2180 832 3128 5573 -95 208 END
START -2224 580 3352 5793 49 186 END
START -2348 468 3496 5891 260 144 END
START -2500 212 3844 6036 488 28 END
START -2512 76 4072 6143 755 -79 END
START -2768 192 4068 6261 1061 -265 END
START -2828 24 4376 6323 1331 -461 END
START -3052 68 4672 6334 1647 -653 END
START -3072 32 4956 6378 1854 -860 END
START -3308 36 5048 6352 2049 -1049 END
START -3320 168 5364 6426 2221 -1256 END
START -3384 268 5684 6493 2306 -1440 END
START -3348 404 6132 6571 2325 -1589 END
START -3264 420 6100 6656 2279 -1653 END
START -3088 520 6072 6822 2286 -1689 END
START -3108 608 6060 7010 2230 -1663 END
START -3188 756 6172 7331 2271 -1629 END
START -3288 916 6548 7676 2201 -1531 END
START -3372 1160 6696 8096 2146 -1425 END
START -3496 1492 7008 8430 1958 -1322 END
START -3800 1672 7416 8740 1738 -1129 END
START -3884 1872 7796 9047 1457 -993 END
START -3948 1856 7972 9327 1170 -771 END
START -4036 1864 8352 9583 837 -620 END
START -4004 1980 8416 9873 548 -470 END
START -4108 1980 8580 10124 414 -304 END
START -4180 2068 8372 10424 241 -217 END
START -4208 2100 8548 10653 97 -99 END
START -4260 2188 8576 10850 -18 -12 END
START -4428 2288 8548 11052 -132 121 END
START -4476 2260 8460 11245 -175 246 END
START -4504 2260 8564 11513 -251 354 END
START -4748 2248 8308 11657 -313 420 END
START -5008 2088 8724 12173 -353 451 END
START -5196 1860 8860 12165 -546 394 END
START -5340 1716 8988 12244 -689 340 END
START -5544 1608 9128 12609 -842 120 END
START -5616 1328 9284 12731 -936 -72 END
START -5676 1336 9164 12905 -955 -301 END
START -5320 1108 9224 12937 -864 -570 END
START -5164 1164 8852 12956 -640 -800 END
START -5236 1252 8864 12961 -346 -1036 END
START -5044 1092 8680 12887 16 -1279 END
START -5000 1096 8784 12877 463 -1571 END
START -4856 924 8964 12700 903 -1934 END
START -4904 1148 9052 12639 1278 -2282 END
START -4996 1268 9484 12670 1576 -2626 END
START -4800 1604 9656 12719 1840 -2861 END
START -4524 1840 9656 12719 2056 -2987 END
START -4116 2276 9772 12736 2269 -3021 END
START -3740 2280 10028 12794 2534 -3040 END
START -3528 2368 10240 12859 2876 -2983 END
START -3260 2336 10488 12883 3099 -2925 END
START -3088 2504 10836 12916 3268 -2810 END
START -3068 2716 11392 13058 3309 -2703 END
START -3020 2956 11804 13203 3227 -2537 END
START -3100 3300 12236 13456 3077 -2349 END
START -3020 3556 12512 13723 2873 -2084 END
START -2972 3636 12736 13987 2613 -1775 END
START -3060 3812 12992 14263 2320 -1397 END
START -3052 3924 13312 14600 1980 -1074 END
START -3380 3988 13400 14958 1660 -740 END
START -3496 4108 13788 15329 1285 -398 END
START -3608 4260 14068 15677 1028 -110 END
START -3772 4296 13916 15993 744 200 END
START -3852 4284 14276 16340 540 456 END
START -4104 4028 14516 16588 349 650 END
START -4348 3708 15124 16834 166 798 END
START -4660 3536 15452 17099 -95 838 END
START -4984 3316 15876 17283 -369 806 END
START -5088 3124 16496 17382 -645 681 END
START -5232 2752 16816 17458 -865 472 END
START -5124 2584 16684 17504 -890 166 END
START -5060 2516 16640 17472 -839 -173 END
START -5000 2460 16756 17457 -624 -594 END
START -4704 2416 16828 17404 -309 -988 END
START -4476 2488 16932 17310 166 -1420 END
START -4276 2728 17312 17171 692 -1812 END
START -4048 2832 17804 16946 1284 -2231 END
START -3884 3040 18128 16701 1889 -2588 END
START -3696 3252 18708 16333 2525 -2953 END
START -3596 3472 19632 15952 2997 -3214 END
START -3516 3856 20336 15586 3404 -3441 END
START -3464 4156 21000 15159 3702 -3558 END
START -3304 4640 21764 14743 3935 -3668 END
START -3172 5028 22360 14379 4114 -3597 END
START -2996 5448 23016 13990 4222 -3489 END
START -2816 5712 23368 13693 4380 -3318 END
START -2720 5956 23952 13354 4473 -3039 END
START -2792 6180 24736 13006 4453 -2668 END
START -2956 6560 25348 12676 4409 -2275 END
START -3068 6632 26084 12338 4202 -1851 END
START -3344 6620 26684 12285 3878 -1353 END
START -3328 6588 27228 11994 3540 -860 END
START -3232 6376 27656 12019 3246 -387 END
START -3220 6336 28140 11954 2918 28 END
START -3092 6080 28628 11486 2585 495 END
START -3116 5792 28884 11303 2311 952 END
START -3212 5432 29480 10980 2020 1418 END
START -3280 5380 29728 10693 1608 1851 END
START -3444 5076 30052 10418 1162 2233 END
START -3572 4632 30128 10272 803 2612 END
START -3636 4032 29980 10121 482 2887 END
START -4004 3804 30168 10038 107 3046 END
START -4216 3444 30232 9950 -213 3121 END
START -4524 3228 29960 9868 -543 3097 END
START -4732 3084 29864 9769 -730 2933 END
START -4932 2904 29960 9642 -954 2723 END
START -5072 2920 30180 9441 -1067 2448 END
START -5008 3000 30460 9258 -1151 2164 END
START -4872 3072 30496 9026 -1246 1846 END
START -4944 3212 30672 8760 -1231 1587 END
START -4844 3384 31084 8412 -1162 1318 END
START -4820 3500 31192 7954 -1055 1047 END
START -4624 3760 31544 7449 -915 792 END
START -4448 3964 31832 6856 -761 538 END
START -4316 4220 32224 6243 -594 318 END
START -4132 4356 32320 5549 -363 157 END
START -3972 4724 32480 4877 -135 28 END
START -3748 5056 32400 4146 123 -55 END
START -3552 5316 32316 3405 506 -156 END
START -3400 5364 32232 2630 890 -207 END
START -3280 5332 32180 1826 1302 -225 END
START -3224 5336 31816 979 1713 -311 END
START -3308 5308 31976 193 2081 -357 END
START -3208 5236 31816 -586 2421 -443 END
START -3452 5264 31596 -1286 2629 -515 END
START -3556 5252 31572 -2023 2692 -610 END
START -3524 5280 31708 -2651 2681 -637 END
START -3424 5236 31528 -3143 2549 -654 END
START -3300 5232 31044 -3675 2353 -595 END
START -3088 5260 30696 -4101 2122 -585 END
START -2820 5352 30344 -4527 1846 -503 END
START -2644 5284 29932 -4894 1541 -397 END
START -2648 5372 29532 -5206 1241 -290 END
START -2392 5396 29228 -5441 916 -180 END
START -2268 5488 28912 -5651 523 -56 END
START -2132 5376 28548 -5847 188 97 END
START -1916 5564 27872 -6071 -182 285 END
START -1716 5460 27288 -6315 -435 460 END
START -1628 5544 26700 -6541 -622 638 END
START -1488 5488 25928 -6778 -726 797 END
START -1432 5344 25572 -7037 -783 934 END
START -1308 5356 25268 -7291 -770 1075 END
START -1388 5176 24784 -7576 -810 1162 END
START -1464 5100 24472 -7838 -787 1278 END
START -1396 4916 24056 -8063 -793 1316 END
START -1536 4712 23748 -8354 -757 1380 END
START -1656 4620 23128 -8572 -721 1360 END
START -1692 4504 22696 -8812 -768 1363 END
START -1776 4356 22408 -8984 -724 1376 END
START -1896 4116 21996 -9163 -780 1338 END
START -1916 4156 21532 -9242 -803 1364 END
START -2048 4216 21204 -9378 -869 1334 END
START -1972 4228 21024 -9474 -918 1325 END
START -2020 4352 20612 -9582 -982 1347 END
START -1996 4512 20300 -9624 -1066 1380 END
START -2004 4740 19852 -9745 -1184 1483 END
START -1916 4796 19520 -9852 -1269 1625 END
START -1920 4664 19280 -9957 -1347 1760 END
START -1916 4772 18688 -10047 -1398 1935 END
START -2008 4800 18364 -10111 -1452 2090 END
START -2084 4532 17868 -10149 -1500 2219 END
START -2324 4260 17512 -10092 -1582 2310 END
START -2584 4108 17324 -10034 -1684 2305 END
START -2836 4108 17068 -9943 -1867 2350 END
START -2920 4056 16656 -9794 -2085 2332 END
START -2948 4024 16440 -9704 -2259 2301 END
START -2976 3924 16232 -9619 -2496 2314 END
START -3044 3980 15848 -9471 -2676 2337 END
START -3116 4080 15548 -9350 -2809 2334 END
START -3200 4136 15108 -9308 -2986 2325 END
START -3188 4088 15068 -9223 -3161 2319 END
START -3204 3912 14520 -9130 -3263 2270 END
START -3228 3888 14216 -9045 -3403 2259 END
START -3280 3736 13716 -8941 -3437 2188 END
START -3220 3720 13312 -8852 -3403 2146 END
START -3280 3768 12872 -8753 -3346 2129 END
START -2984 3896 12280 -8694 -3226 2074 END
START -2984 4020 12052 -8642 -3052 2066 END
START -2760 4224 11828 -8626 -2823 2042 END
START -2664 3968 11384 -8595 -2563 2094 END
START -2664 3976 11196 -8666 -2288 2080 END
START -2700 3904 11096 -8672 -2036 2146 END
START -2756 3944 10832 -8706 -1829 2188 END
START -2936 3940 10692 -8704 -1582 2188 END
START -3040 3860 10512 -8661 -1403 2197 END
START -3184 3692 10384 -8595 -1243 2173 END
START -3204 3592 10216 -8483 -1104 2110 END
START -3252 3624 10160 -8329 -1039 2041 END
START -3428 3696 9924 -8233 -941 1981 END
START -3332 3724 9592 -8056 -893 1912 END
START -3364 3688 9416 -7903 -822 1881 END
START -3188 3680 9012 -7789 -672 1873 END
START -3124 3392 8576 -7591 -541 1900 END
START -3024 3332 8352 -7355 -316 1940 END
START -3096 3276 8032 -7061 -116 1890 END
START -3116 3368 8004 -6814 104 1901 END
START -3380 3472 7800 -6522 291 1905 END
START -3768 3388 8056 -6222 385 1877 END
START -4044 3420 7872 -5925 447 1872 END
START -4372 3156 7996 -5595 467 1789 END
START -4596 2900 8252 -5200 453 1704 END
START -4856 2596 8396 -4851 318 1568 END
START -4832 2512 8580 -4503 250 1323 END
START -4868 2372 8736 -4171 56 1077 END
START -5160 2472 8896 -3956 -103 805 END
START -5292 2524 8976 -3790 -346 558 END
START -5344 2828 9112 -3544 -577 372 END
START -5240 3036 8868 -3319 -724 239 END
START -5160 3104 8732 -3133 -758 118 END
START -5004 3256 8432 -2902 -772 -14 END
START -4944 3388 8144 -2735 -690 -163 END
START -4864 3512 8196 -2555 -603 -314 END
START -4776 3648 8176 -2434 -423 -380 END
START -4608 3664 8176 -2258 -300 -444 END
START -4336 3696 8228 -2135 -161 -471 END
START -3940 3632 8300 -2001 103 -478 END
START -3560 3580 8448 -1934 330 -467 END
START -3368 3732 8596 -1876 613 -431 END
START -3272 3892 8652 -1848 863 -342 END
START -3240 4100 8876 -1863 1026 -290 END
START -3296 3940 9068 -1850 1225 -169 END
START -3328 3860 9200 -1831 1367 -105 END
START -3496 3876 9380 -1784 1391 -73 END
START -3536 3776 9492 -1746 1464 -9 END
START -3700 3620 9868 -1621 1375 15 END
START -3640 3572 10080 -1471 1258 58 END
START -3736 3572 10320 -1340 961 105 END
START -3884 3524 10180 -1195 709 120 END
START -3808 3672 10292 -988 454 171 END
START -3956 3584 10360 -798 219 194 END
START -3724 3504 10388 -555 -88 233 END
START -3656 3452 10204 -322 -299 259 END
START -3324 3480 10216 -79 -470 278 END
START -3176 3620 10196 139 -533 359 END
START -2952 3744 10156 294 -594 457 END
START -2728 3820 10428 450 -573 554 END
START -2660 3644 10632 583 -635 649 END
START -2516 3660 10804 713 -625 712 END
START -2500 3540 11120 846 -673 787 END
START -2380 3468 11320 936 -738 848 END
START -2344 3472 11344 1001 -761 910 END
START -2304 3540 11564 1054 -796 977 END
START -2352 3484 11652 1125 -796 1035 END
START -2196 3288 11660 1145 -728 1095 END
START -2096 3532 11800 1153 -734 1158 END
START -1924 3484 11940 1118 -675 1194 END
START -1932 3320 12192 1110 -668 1267 END
START -1828 3100 12364 1122 -651 1276 END
START -1816 2900 12600 1135 -616 1330 END
START -1788 2896 12692 1138 -558 1256 END
START -1756 2820 13044 1162 -575 1199 END
START -1964 2656 13148 1146 -601 1126 END
START -1816 2668 13348 1155 -689 1041 END
START -1796 2564 13456 1160 -700 888 END
START -1792 2696 13744 1144 -772 762 END
START -1716 2844 13940 1125 -740 672 END
START -1468 2880 14256 1143 -828 589 END
START -1184 3028 14596 1083 -991 522 END
START -852 3276 14856 1080 -1169 533 END
START -824 3284 15068 1032 -1365 535 END
START -584 3536 15332 1030 -1614 633 END
START -476 3732 15412 1060 -1936 760 END
START -372 3760 15236 1088 -2175 891 END
START -20 3920 15328 1118 -2425 1030 END
START 364 3996 15456 1160 -2605 1190 END
START 636 4276 15524 1239 -2830 1370 END
START 776 4444 15504 1276 -2970 1535 END
START 1008 4584 15612 1316 -3100 1796 END
START 1332 4612 15652 1240 -3173 2003 END
START 1496 4588 15908 1141 -3273 2228 END
START 1688 4620 15956 941 -3359 2425 END
START 1864 4548 16060 740 -3383 2530 END
START 1740 4416 15948 548 -3372 2660 END
START 1872 4380 15992 303 -3394 2746 END
START 1980 4332 15832 154 -3347 2771 END
START 1948 4296 15716 -75 -3217 2815 END
START 2140 4236 15476 -281 -3033 2846 END
START 2352 4184 15248 -479 -2824 2854 END
START 2408 4220 15132 -702 -2582 2883 END
START 2360 4184 15180 -890 -2386 2892 END
START 2284 4152 15240 -1039 -2225 2900 END
START 2348 4160 15172 -1150 -2153 2974 END
START 2064 4316 15168 -1205 -2092 3043 END
START 2068 4260 15016 -1230 -2080 3133 END
START 1992 4172 14796 -1249 -2043 3204 END
START 1888 4032 14788 -1194 -2060 3349 END
START 1800 4076 14508 -1108 -2007 3448 END
START 1620 4120 14612 -974 -1990 3582 END
START 1400 3936 14484 -872 -1977 3721 END
START 1092 3708 14740 -721 -2004 3912 END
START 744 3540 14824 -557 -2135 4085 END
START 552 3412 14724 -436 -2224 4194 END
START 492 3304 14800 -312 -2282 4282 END
START 412 3316 14804 -195 -2284 4353 END
START 452 3288 14868 -138 -2180 4451 END
START 20 3476 15016 -110 -2054 4537 END
START 24 3660 15236 -203 -1887 4650 END
START -100 3788 15080 -419 -1593 4767 END
START -288 3844 15352 -667 -1333 4874 END
START -636 3844 15604 -964 -1014 5048 END
START -880 4136 15656 -1283 -729 5120 END
START -1128 4544 15408 -1669 -246 5267 END
START -1568 4744 15420 -2073 169 5362 END
START -1772 4612 15548 -2593 655 5555 END
START -2040 4060 15520 -3149 1101 5658 END
START -2396 3780 15636 -3704 1455 5754 END
START -2896 3784 15236 -4327 1832 5808 END
START -3392 3892 14952 -4785 2112 5832 END
START -4092 3352 14392 -5163 2374 5858 END
START -4776 2832 14024 -5469 2549 5875 END
START -5632 2104 13396 -5589 2670 5859 END
START -6040 1756 12948 -5460 2756 5726 END
START -7064 1212 12336 -5086 2656 5487 END
START -8076 680 12124 -4528 2414 5144 END
START -9216 152 11820 -3766 2003 4735 END
START -10108 -504 11780 -2861 1442 4262 END
START -10880 -1068 11832 -1854 804 3772 END
START -11388 -1560 11912 -742 -15 3181 END
START -11740 -1844 11928 326 -820 2645 END
START -11904 -2204 12404 1349 -1689 2045 END
START -11612 -2332 12656 2237 -2376 1399 END
START -11336 -2260 12820 2954 -2897 797 END
START -10860 -2028 12988 3460 -3221 304 END
START -10544 -1780 13152 3737 -3262 -148 END
START -10100 -1452 13320 3760 -3104 -499 END
START -10164 -1036 13756 3586 -2932 -771 END
START -10052 -724 14048 3217 -2612 -1056 END
START -9936 -572 14316 2692 -2248 -1219 END
START -9828 -492 14588 2078 -1837 -1414 END
START -9816 -196 14848 1480 -1493 -1571 END
START -10096 -160 15012 838 -1154 -1701 END
START -10408 -16 15128 270 -962 -1790 END
START -10604 -36 15300 -216 -830 -1900 END
START -10724 -32 14892 -654 -658 -2025 END
START -10636 -4 14696 -1035 -507 -2149 END
START -10644 88 14364 -1349 -325 -2305 END
START -10728 124 14208 -1633 -135 -2411 END
START -10708 324 14056 -1831 -13 -2524 END
START -10692 616 13844 -1963 118 -2538 END
START -10456 836 13568 -2081 282 -2496 END
START -10192 1012 13564 -2158 413 -2451 END
START -9740 1252 13648 -2236 551 -2315 END
START -9484 1272 13716 -2274 622 -2131 END
START -9332 1392 13860 -2300 650 -1896 END
START -9044 1640 14112 -2322 570 -1675 END