START -2796 1152 15520 -230 869 -852 END
START -1932 3036 13984 -413 -642 -881 END
START -1628 1044 13648 -328 209 -795 END
START -2248 1904 14356 -241 596 -773 END
START -2048 1920 14244 -188 1019 -689 END
START -2080 1936 14324 -92 1233 -635 END
START -2456 1748 14620 -87 1285 -535 END
START -2584 1636 15008 -46 1291 -388 END
START -2392 1644 14932 -132 1336 -252 END
START -2164 1916 14860 -119 1452 -133 END
START -2256 1988 15056 -219 1504 -20 END
START -2356 1904 15088 -317 1528 41 END
START -2428 1868 15240 -429 1561 125 END
START -2508 1868 15232 -556 1514 262 END
START -2588 1772 15104 -653 1659 378 END
START -2900 1628 15028 -800 1785 414 END
START -3084 1456 14976 -928 1819 438 END
START -3156 1300 14900 -1032 1867 377 END
START -3396 1048 14784 -1196 1884 247 END
START -3496 972 14444 -1229 1947 149 END
START -3492 1152 14188 -1283 2129 -27 END
START -3656 1024 13848 -1214 2413 -151 END
START -3412 868 13632 -1104 2673 -336 END
START -3552 812 13848 -955 2886 -444 END
START -3380 836 13848 -822 3045 -561 END
START -3456 792 14252 -624 3141 -646 END
START -3500 788 14408 -535 3106 -694 END
START -3404 972 14468 -418 3024 -733 END
START -3384 964 14868 -289 2972 -777 END
START -3496 1080 15240 -167 2847 -757 END
START -3576 1416 15408 -52 2675 -689 END
START -3596 1652 15652 118 2366 -668 END
START -3272 1796 15672 262 2168 -631 END
START -3040 1740 15912 440 2013 -513 END
START -2824 1936 15996 525 1810 -401 END
START -2716 2368 15856 555 1647 -226 END
START -2512 2740 15884 554 1521 -7 END
START -2104 2620 16060 488 1344 269 END
START -1928 2380 16284 414 1200 566 END
START -1956 2524 16648 322 1013 892 END
START -2076 2392 16700 257 573 1224 END
START -2188 2484 16824 272 132 1587 END
START -2180 2288 16660 312 -177 1868 END
START -2172 2404 16440 397 -534 2137 END
START -2088 2044 16196 505 -770 2372 END
START -2196 2096 16280 552 -1047 2536 END
START -2236 2052 15932 628 -1286 2719 END
START -2340 1836 15820 712 -1473 2868 END
START -2752 1640 15700 797 -1649 2998 END
START -3124 1592 15748 847 -1769 3074 END
START -3488 1512 15568 862 -1839 3059 END
START -3508 1468 15504 905 -1927 2999 END
START -3652 1332 15320 975 -1944 2829 END
START -3668 1072 15168 1004 -1941 2693 END
START -3580 732 14892 1002 -1817 2492 END
START -3696 668 14800 986 -1711 2323 END
START -3676 776 14704 985 -1489 2097 END
START -3648 620 14436 956 -1218 1809 END
START -3636 444 14296 893 -900 1559 END
START -3636 404 14400 847 -571 1271 END
START -3768 324 14264 731 -311 983 END
START -3880 340 14144 614 -24 646 END
START -3704 348 14028 479 333 285 END
START -3648 404 14040 380 686 -62 END
START -3644 508 13928 271 1095 -380 END
START -3584 436 13964 135 1467 -656 END
START -3384 652 14152 27 1747 -906 END
START -3428 856 14284 -82 2011 -1029 END
START -3476 796 14524 -203 2195 -1186 END
START -3300 1052 14816 -237 2258 -1281 END
START -3356 1104 14960 -238 2267 -1294 END
START -3220 1268 15068 -157 2270 -1291 END
START -3180 1364 15188 -24 2159 -1267 END
START -3308 1480 15524 115 2017 -1187 END
START -3440 1560 15636 297 1753 -1083 END
START -3400 1748 15676 474 1478 -953 END
START -3344 1816 15856 668 1076 -798 END
START -3364 1736 15896 870 737 -672 END
START -3352 1728 15908 1004 430 -515 END
START -3188 1880 15932 1130 147 -370 END
START -2952 2044 15704 1178 -75 -250 END
START -2824 2040 15712 1188 -186 -54 END
START -2776 2052 15484 1158 -200 82 END
START -2652 2052 15524 1094 -176 281 END
START -2656 2152 15296 960 -80 422 END
START -2764 2076 15528 847 32 561 END
START -2984 1988 15664 661 24 648 END
START -3100 1800 16044 541 -40 731 END
START -3276 1704 16128 429 -140 799 END
START -3344 1444 16584 358 -420 792 END
START -3500 1248 16136 414 -623 817 END
START -3504 1268 15920 446 -794 810 END
START -3408 1292 15536 508 -840 763 END
START -3364 1360 15312 567 -808 689 END
START -3368 1320 15032 584 -700 596 END
START -3564 1316 14852 614 -669 535 END
START -3464 1496 14692 677 -497 505 END
START -3408 1532 14760 685 -278 468 END
START -3404 1460 14532 739 -87 494 END
START -3476 1492 14932 758 83 448 END
START -3628 1128 14884 764 172 444 END
START -3608 884 15144 748 280 370 END
START -3564 920 15132 711 343 296 END
START -3700 888 15240 720 431 155 END
START -3980 688 15396 702 512 36 END
START -4184 548 15260 774 564 -103 END
START -4400 528 15304 822 604 -214 END
START -4528 248 15444 917 665 -409 END
START -4572 340 15468 1024 683 -541 END
START -4648 192 15420 1209 684 -750 END
START -4764 84 15656 1368 640 -926 END
START -4772 208 15580 1572 640 -1135 END
START -4808 104 15916 1760 593 -1279 END
START -4596 152 15996 1976 529 -1393 END
START -4644 68 16236 2115 472 -1496 END
START -4552 248 16336 2266 384 -1543 END
START -4628 428 16556 2362 284 -1587 END
START -4396 648 16868 2407 129 -1542 END
START -4328 464 17112 2503 40 -1505 END
START -4248 412 17492 2533 -84 -1397 END
START -4300 224 17484 2593 -299 -1283 END
START -4340 172 17636 2658 -515 -1147 END
START -4360 -136 17700 2782 -794 -1020 END
START -4488 -420 17952 2968 -1047 -886 END
START -4540 -440 18020 3160 -1245 -777 END
START -4544 -712 17988 3368 -1512 -692 END
START -4448 -896 18404 3595 -1695 -625 END
START -4508 -1164 18636 3837 -1845 -546 END
START -4584 -1248 18964 4102 -2055 -505 END
START -4620 -1404 19100 4351 -2245 -409 END
START -4608 -1692 19192 4541 -2382 -386 END
START -4344 -1856 19360 4796 -2366 -353 END
START -4432 -1988 19596 5077 -2302 -353 END
START -4472 -2032 19988 5244 -2197 -341 END
START -4456 -2116 20316 5414 -2051 -373 END
START -4480 -2212 20808 5596 -1870 -431 END
START -4476 -2296 21336 5630 -1695 -507 END
START -4556 -2344 21984 5633 -1483 -569 END
START -4556 -2356 22624 5535 -1286 -615 END
START -4804 -2152 23284 5342 -1091 -650 END
START -4884 -1952 23708 5077 -900 -741 END
START -5236 -1848 24164 4752 -598 -726 END
START -5520 -1520 24796 4372 -344 -685 END
START -5960 -1456 25516 3957 -150 -649 END
START -6492 -1268 26016 3542 12 -637 END
START -6736 -1288 26332 3092 132 -586 END
START -7232 -1200 26528 2620 253 -567 END
START -7528 -1192 26896 2187 376 -575 END
START -8008 -880 27136 1735 429 -615 END
START -8392 -828 27512 1327 580 -607 END
START -8592 -772 27728 963 654 -641 END
START -8872 -864 27852 588 733 -648 END
START -9164 -696 28216 204 780 -702 END
START -9460 -608 28444 -194 728 -773 END
START -9748 -720 28732 -655 631 -905 END
START -10028 -868 28900 -1070 511 -1042 END
START -9948 -1004 29108 -1540 269 -1207 END
START -10024 -1056 29168 -1975 86 -1456 END
START -9976 -1140 29132 -2421 -127 -1698 END
START -9684 -1384 29128 -2857 -411 -1967 END
START -9440 -1504 28840 -3196 -593 -2209 END
START -9232 -1620 28580 -3540 -784 -2426 END
START -8864 -1648 28388 -3904 -908 -2619 END
START -8416 -1696 27956 -4245 -1037 -2760 END
START -7904 -1620 27684 -4643 -1025 -2925 END
START -7460 -1492 27080 -5020 -890 -3034 END
START -7112 -1344 26596 -5456 -741 -3158 END
START -6800 -1056 26332 -5913 -461 -3201 END
START -6584 -768 26092 -6341 -155 -3234 END
START -6548 -620 25768 -6797 205 -3227 END
START -6344 -504 25736 -7332 524 -3238 END
START -6116 -400 25424 -7872 862 -3255 END
START -6152 -196 25276 -8467 1164 -3285 END
START -6092 -52 24908 -9115 1556 -3320 END
START -6016 88 24636 -9745 1937 -3380 END
START -6156 252 24248 -10397 2293 -3439 END
START -6260 576 23880 -10969 2665 -3529 END
START -6348 732 23532 -11619 2976 -3635 END
START -6388 964 23232 -12197 3208 -3738 END
START -6436 1064 22948 -12746 3445 -3868 END
START -6568 1200 22644 -13189 3546 -4033 END
START -6556 1464 22292 -13627 3566 -4147 END
START -6516 1660 22044 -13993 3533 -4246 END
START -6448 1912 21640 -14180 3379 -4286 END
START -6412 2072 21104 -14386 3248 -4356 END
START -6136 2176 20804 -14417 3049 -4365 END
START -6092 2300 20328 -14439 2843 -4301 END
START -5868 2388 19660 -14424 2666 -4264 END
START -5808 2568 19164 -14390 2426 -4244 END
START -5488 2768 18848 -14360 2205 -4217 END
START -5444 2672 18556 -14304 1968 -4148 END
START -5096 2784 17976 -14236 1758 -4054 END
START -5040 2788 17752 -14144 1490 -3979 END
START -4924 2920 17588 -14114 1246 -3874 END
START -4876 2904 17288 -14040 910 -3784 END
START -4804 2736 17124 -13984 607 -3738 END
START -4620 2872 16628 -13997 204 -3682 END
START -4532 2856 16172 -13939 -149 -3638 END
START -4480 3036 15688 -13885 -548 -3609 END
START -4344 2968 15292 -13851 -882 -3624 END
START -4044 3112 14728 -13806 -1214 -3610 END
START -3868 3244 14284 -13748 -1518 -3632 END
START -3752 3428 13784 -13667 -1852 -3638 END
START -3520 3448 13416 -13600 -2134 -3626 END
START -3360 3588 12876 -13488 -2397 -3560 END
START -3196 3736 12304 -13404 -2661 -3523 END
START -2968 3924 11968 -13278 -2896 -3451 END
START -2804 4036 11528 -13122 -3144 -3434 END
START -2448 4148 11160 -12956 -3435 -3346 END
START -2120 4376 10880 -12717 -3705 -3276 END
START -1932 4316 10532 -12403 -3914 -3119 END
START -1792 4536 9944 -12118 -4151 -2991 END
START -1264 4732 9472 -11780 -4229 -2804 END
START -888 4816 9180 -11498 -4391 -2648 END
START -584 4780 8856 -11238 -4497 -2442 END
START -144 4924 8432 -10996 -4579 -2224 END
START -28 5032 7956 -10768 -4613 -2024 END
START 192 5156 7620 -10615 -4633 -1813 END
START 456 5220 7412 -10378 -4644 -1539 END
START 528 5256 7084 -10177 -4559 -1298 END
START 644 5160 6996 -9959 -4457 -1041 END
START 668 5128 6756 -9747 -4386 -796 END
START 660 5148 6612 -9581 -4351 -588 END
START 564 4960 6280 -9372 -4343 -412 END
START 420 4804 6236 -9153 -4411 -294 END
START 452 4540 5808 -8946 -4369 -247 END
START 416 4528 5612 -8697 -4362 -215 END
START 368 4364 5376 -8383 -4326 -191 END
START 276 4252 5200 -8053 -4324 -220 END
START 92 4076 5056 -7690 -4279 -232 END
START 208 3988 4900 -7309 -4249 -197 END
START 28 4084 4716 -6993 -4211 -218 END
START -60 3892 4508 -6684 -4145 -188 END
START -104 4156 4352 -6397 -4106 -249 END
START -204 3888 4276 -6161 -4084 -243 END
START -308 3896 4044 -5953 -3990 -266 END
START -472 3600 3864 -5720 -3909 -290 END
START -644 3508 3592 -5496 -3782 -383 END
START -556 3272 3544 -5244 -3637 -456 END
START -804 3112 3252 -5046 -3455 -600 END
START -712 2960 3104 -4848 -3259 -769 END
START -856 2920 2920 -4591 -3011 -957 END
START -840 2688 2820 -4361 -2749 -1078 END
START -856 2540 2624 -4164 -2437 -1331 END
START -824 2488 2496 -3923 -2091 -1454 END
START -940 2436 2612 -3717 -1773 -1636 END
START -1064 2384 2356 -3549 -1429 -1778 END
START -964 2204 2304 -3357 -1096 -1954 END
START -1064 2160 2196 -3253 -761 -2058 END
START -908 2004 2164 -3087 -420 -2204 END
START -876 1948 2020 -2900 -107 -2363 END
START -732 1876 2020 -2823 266 -2488 END
START -600 1852 2024 -2664 658 -2554 END
START -524 1868 2128 -2527 999 -2605 END
START -428 1912 1876 -2326 1369 -2599 END
START -476 2032 1840 -2220 1699 -2598 END
START -368 2092 1960 -2044 1939 -2539 END
START -412 1916 2164 -1827 2143 -2463 END
START -296 1732 2268 -1610 2283 -2362 END
START -496 1736 2632 -1290 2329 -2262 END
START -496 1756 2864 -976 2280 -2144 END
START -644 1592 2944 -592 2179 -1972 END
START -584 1604 3048 -269 2028 -1854 END
START -816 1448 3148 102 1856 -1721 END
START -780 1424 3096 485 1648 -1588 END
START -892 1444 3312 886 1479 -1425 END
START -840 1440 3312 1286 1303 -1308 END
START -1024 1332 3200 1715 1135 -1154 END
START -1168 1256 3320 2128 950 -990 END
START -1240 1388 3192 2556 793 -828 END
START -1324 1224 3108 2910 689 -698 END
START -1468 1112 3236 3305 595 -571 END
START -1592 952 3244 3668 550 -485 END
START -1688 824 2984 3967 516 -469 END
START -1908 632 3056 4359 525 -474 END
START -2116 388 3132 4676 526 -493 END
START -2312 312 3164 5031 501 -571 END
START -2460 192 3228 5361 528 -676 END
START -2528 56 3292 5758 604 -807 END
START -2456 -76 3460 6127 647 -968 END
START -2456 24 3548 6470 682 -1111 END
START -2464 -44 3912 6739 751 -1287 END
START -2328 88 3868 6993 696 -1424 END
START -2268 120 3896 7193 741 -1530 END
START -2212 176 4180 7416 749 -1672 END
START -2252 220 4112 7640 803 -1765 END
START -2132 440 4152 7881 834 -1865 END
START -2028 412 4188 8135 919 -1938 END
START -1988 664 4168 8377 997 -1991 END
START -1788 788 4180 8640 1111 -2047 END
START -1928 948 4156 8915 1212 -2058 END
START -1848 1152 4348 9154 1330 -2071 END
START -2032 1368 4396 9381 1477 -2008 END
START -1988 1476 4300 9627 1623 -1917 END
START -1996 1616 4344 9858 1840 -1832 END
START -2220 1608 4304 10115 2046 -1698 END
START -2432 1768 4444 10318 2270 -1584 END
START -2556 1644 4620 10543 2447 -1517 END
START -2812 1528 5092 10775 2542 -1437 END
START -3232 1472 5424 11037 2635 -1463 END
START -3740 1456 5508 11268 2573 -1500 END
START -3980 1300 5972 11606 2524 -1541 END
START -4288 1236 6236 11793 2371 -1645 END
START -4388 1064 6716 12217 2249 -1704 END
START -4520 1000 6960 12289 1991 -1794 END
START -4660 852 7152 12894 1775 -1871 END
START -4520 844 7612 13237 1499 -1909 END
START -4428 796 7732 13625 1239 -1969 END
START -4280 800 7924 13980 972 -2069 END
START -4140 672 8208 14353 694 -2184 END
START -3984 744 8312 14754 492 -2252 END
START -3864 748 8680 15108 122 -2348 END
START -3712 900 9108 15544 -248 -2362 END
START -3624 1028 9440 15960 -646 -2369 END
START -3308 1216 9572 16380 -1012 -2345 END
START -3184 1532 9840 16875 -1435 -2286 END
START -3064 1816 10000 17315 -1805 -2225 END
START -3032 2140 10188 17752 -2218 -2085 END
START -2868 2472 10352 18223 -2574 -1934 END
START -2952 2856 10520 18652 -2853 -1769 END
START -2860 3112 10612 19100 -3072 -1529 END
START -2972 3272 10768 19541 -3182 -1346 END
START -3072 3448 11016 19928 -3434 -1092 END
START -3184 3472 11140 20257 -3505 -965 END
START -3276 3608 11324 20596 -3608 -816 END
START -3616 3604 11448 20877 -3569 -777 END
START -3772 3496 11780 21103 -3518 -757 END
START -3888 3276 11976 21309 -3388 -849 END
START -3796 3280 12096 21454 -3221 -1003 END
START -3796 3448 12320 21567 -2895 -1200 END
START -3732 3408 12488 21638 -2534 -1454 END
START -3536 3508 12832 21639 -1950 -1729 END
START -3248 3660 12960 21559 -1303 -1971 END
START -2984 3876 13444 21372 -649 -2215 END
START -2752 4240 13796 21137 44 -2441 END
START -2520 4500 14136 20765 882 -2695 END
START -2208 4800 14616 20406 1654 -2833 END
START -2132 4976 15032 19966 2490 -2998 END
START -2156 5132 15584 19523 3359 -3147 END
START -2396 5204 15916 19084 4211 -3285 END
START -2656 5352 16624 18628 4961 -3430 END
START -3048 5236 17280 18181 5607 -3631 END
START -3252 5020 18200 17737 6006 -3829 END
START -3628 4892 19052 17312 6296 -4071 END
START -3884 4940 19408 16871 6476 -4348 END
START -4000 5120 19860 16449 6589 -4600 END
START -3904 5116 19788 16108 6781 -4823 END
START -3768 5096 19880 15751 7085 -5004 END
START -3756 5224 19880 15444 7491 -5169 END
START -3888 5424 20200 15049 7822 -5341 END
START -3836 5604 20336 14700 8145 -5490 END
START -3796 5872 20620 14321 8494 -5590 END
START -3872 6212 20776 14006 8801 -5674 END
START -3740 6248 21164 13708 9118 -5703 END
START -3648 6076 21468 13531 9267 -5701 END
START -3496 6136 22172 13426 9332 -5653 END
START -3404 6380 22780 13334 9249 -5615 END
START -3296 6492 23128 13302 9102 -5511 END
START -3356 6696 23640 13201 8825 -5380 END
START -3032 6724 24124 13195 8471 -5255 END
START -2912 6632 24432 13235 8096 -5070 END
START -2724 6896 24724 13267 7713 -4857 END
START -2616 7020 24956 13271 7331 -4603 END
START -2536 7204 25168 13241 6916 -4334 END
START -2632 7316 25100 13200 6498 -4061 END
START -2632 7308 25236 13109 6106 -3735 END
START -2668 7508 25388 13059 5847 -3416 END
START -2628 7488 25444 13006 5592 -3076 END
START -2612 7556 25560 12981 5460 -2786 END
START -2768 7412 25644 12947 5305 -2524 END
START -2812 7304 25752 12902 5215 -2339 END
START -2788 7136 25992 12652 5096 -2181 END
START -2808 7132 26364 12426 5011 -2075 END
START -2772 6992 26592 11956 4974 -2009 END
START -2884 6792 27024 11906 4988 -2009 END
START -2908 6724 27176 11512 4963 -2027 END
START -2780 6660 27696 11039 4968 -2086 END
START -2868 6516 28216 10563 4945 -2177 END
START -2840 6504 28496 10020 4986 -2287 END
START -2724 6536 28508 9460 5001 -2372 END
START -2612 6568 28904 8826 5021 -2529 END
START -2536 6436 29024 8160 5076 -2692 END
START -2376 6444 29152 7535 5172 -2836 END
START -2284 6492 29216 6881 5321 -2968 END
START -2120 6472 29524 6257 5432 -3103 END
START -1960 6564 29612 5554 5473 -3200 END
START -2000 6480 29764 4921 5481 -3295 END
START -1840 6464 30020 4325 5459 -3391 END
START -1640 6628 30200 3766 5348 -3390 END
START -1536 6884 30388 3223 5144 -3346 END
START -1596 7004 30608 2734 4931 -3225 END
START -1452 6996 30640 2321 4542 -3073 END
START -1312 7076 30980 1906 4190 -2883 END
START -1192 7004 30820 1618 3729 -2642 END
START -1076 7100 31020 1292 3252 -2383 END
START -940 7148 30800 1005 2757 -2104 END
START -924 7216 30812 706 2193 -1795 END
START -704 7172 30724 435 1675 -1502 END
START -688 7312 30424 105 1113 -1186 END
START -536 7272 30180 -149 662 -879 END
START -304 7356 29748 -435 235 -570 END
START -240 7292 29428 -757 -213 -304 END
START -112 7100 29260 -992 -485 -47 END
START 120 7124 28988 -1314 -777 155 END
START 72 7088 28424 -1661 -959 332 END
START 332 7164 28000 -2029 -1119 517 END
START 348 7280 27816 -2472 -1112 637 END
START 544 7408 27412 -2931 -1200 774 END
START 608 7416 27148 -3436 -1206 866 END
START 692 7508 26888 -3917 -1187 1025 END
START 820 7568 26764 -4478 -1137 1154 END
START 884 7632 26488 -4981 -1108 1266 END
START 876 7660 26088 -5476 -1026 1364 END
START 1068 7608 25792 -5904 -921 1457 END
START 1168 7516 25396 -6330 -809 1486 END
START 1316 7544 25108 -6772 -644 1509 END
START 1496 7552 24860 -7190 -505 1544 END
START 1528 7652 24376 -7606 -402 1535 END
START 1544 7760 24168 -8043 -283 1547 END
START 1692 7708 23892 -8457 -141 1565 END
START 1736 7620 23828 -8771 -95 1568 END
START 1864 7624 23436 -9147 13 1582 END
START 1944 7632 23456 -9449 23 1573 END
START 2156 7724 23228 -9699 23 1534 END
START 2400 7796 23000 -9942 36 1482 END
START 2624 8008 23044 -10090 -36 1452 END
START 2724 8160 23032 -10194 -194 1505 END
START 2912 8416 23336 -10226 -471 1640 END
START 3168 8632 23228 -10265 -798 1859 END
START 3520 8720 23400 -10295 -1164 2119 END
START 3644 8972 23304 -10347 -1614 2428 END
START 3820 9248 23148 -10408 -2131 2749 END
START 4020 9520 22988 -10530 -2603 3191 END
START 4292 9628 22792 -10673 -2983 3607 END
START 4572 9928 22512 -10803 -3371 4130 END
START 4816 10288 22308 -10974 -3732 4716 END
START 4876 10488 22032 -11172 -4035 5326 END
START 4912 10568 21676 -11366 -4276 5993 END
START 4780 10672 21232 -11591 -4567 6629 END
START 4708 10576 20756 -11804 -4779 7233 END
START 4520 10460 20608 -11975 -4966 7781 END
START 4532 10384 20140 -12150 -5091 8322 END
START 4400 10308 19788 -12330 -5160 8838 END
START 4076 10136 19204 -12494 -5231 9294 END
START 3832 10072 18840 -12658 -5244 9719 END
START 3596 9968 18552 -12834 -5292 10107 END
START 3256 9816 18188 -12947 -5257 10433 END
START 3032 9608 18080 -13142 -5257 10762 END
START 2808 9444 17784 -13302 -5219 11016 END
START 2476 9468 17580 -13479 -5165 11224 END
START 2256 9140 17488 -13679 -5145 11383 END
START 2004 8992 17112 -13891 -5140 11524 END
START 1836 9028 16900 -14069 -5087 11636 END
START 1616 8900 16656 -14265 -5083 11737 END
START 1328 8856 16324 -14484 -5071 11842 END
START 1136 8800 16248 -14614 -5090 11905 END
START 1164 8832 15876 -14789 -5097 12025 END
START 1236 8756 15640 -14958 -5085 12170 END
START 1212 8784 15036 -15090 -4964 12291 END
START 1556 8952 14636 -15265 -4802 12459 END
START 1656 9056 14296 -15449 -4584 12385 END
START 1616 9080 13968 -15646 -4329 12860 END
START 1616 9296 13728 -15888 -4036 12904 END
START 1508 9396 13360 -16134 -3782 13450 END
START 1492 9180 12976 -16370 -3512 13856 END
START 1368 9080 12548 -16615 -3188 14345 END
START 1220 8800 12192 -16821 -2834 14807 END
START 888 8648 11820 -17032 -2490 15288 END
START 572 8400 11616 -17258 -2146 15746 END
START 180 8172 11448 -17414 -1835 16255 END
START -196 8196 11456 -17568 -1611 16804 END
START -912 7972 11112 -17710 -1524 17335 END
START -1504 7768 10916 -17750 -1367 17854 END
START -2084 7668 10800 -17703 -1324 18402 END
START -2828 7252 10716 -17575 -1344 18957 END
START -4160 6800 10572 -17389 -1523 19403 END
START -5280 6316 10640 -17141 -1812 19780 END
START -6652 5580 10124 -16791 -2236 20006 END
START -7492 5028 9828 -16428 -2654 20128 END
START -8432 4464 9080 -15941 -3033 20170 END
START -8652 4144 8960 -15414 -3354 20073 END
START -9368 3912 8436 -14787 -3668 19935 END
START -9924 3440 7756 -14167 -3916 19811 END
START -10512 3072 7124 -13496 -4044 19563 END
START -10720 2796 6560 -12856 -4081 19266 END
START -11076 2324 6124 -12209 -3918 18894 END
START -11236 1844 5264 -11591 -3682 18488 END
START -11400 1632 4916 -11013 -3335 18026 END
START -11652 1540 4652 -10463 -3011 17568 END
START -11700 1304 4380 -9940 -2507 17074 END
START -11752 1304 4208 -9482 -2054 16601 END
START -12112 1260 4392 -9021 -1438 16095 END
START -12136 1140 4396 -8638 -931 15695 END
START -12456 1112 4632 -8268 -471 15313 END
START -12724 1064 5028 -7936 -62 14916 END
START -12728 1004 5340 -7687 274 14590 END
START -12936 932 5400 -7496 603 14249 END
START -13076 804 5564 -7383 898 13887 END
START -13260 712 5468 -7332 1158 13564 END
START -13544 636 5716 -7302 1382 13201 END
START -13776 700 5732 -7327 1614 12616 END
START -14112 492 5572 -7271 1784 12569 END
START -14552 468 5572 -7205 1968 12173 END
START -15024 132 5508 -7060 2090 11866 END
START -15296 -92 5304 -6847 2219 11518 END
START -15628 -320 5288 -6574 2282 11157 END
START -16072 -496 5248 -6222 2327 10709 END
START -16436 -720 5180 -5779 2396 10223 END
START -16800 -948 5216 -5387 2367 9771 END
START -16992 -1112 5204 -4937 2193 9234 END
START -17320 -1432 5412 -4493 2030 8745 END
START -17632 -1512 5404 -3997 1862 8182 END
START -17892 -1496 5356 -3462 1641 7661 END
START -18096 -1724 5460 -2916 1446 7103 END
START -18408 -1720 5412 -2340 1258 6563 END
START -18496 -1972 5864 -1756 1121 6003 END
START -18688 -2232 6156 -1235 892 5400 END
START -18808 -2216 6276 -755 632 4787 END
START -18916 -2368 6104 -281 409 4229 END
START -19000 -2212 6128 129 321 3623 END
START -18888 -2196 6280 541 189 2993 END
START -18992 -2324 6396 980 127 2408 END
START -18960 -2220 6556 1441 67 1813 END
START -19096 -2232 6676 1889 76 1210 END
START -19080 -2020 7212 2287 -12 636 END
START -19240 -1932 7280 2670 -45 13 END
START -19224 -2016 7364 2953 -123 -552 END
START -19132 -1956 7780 3296 -150 -1191 END
START -19180 -1972 8192 3616 -206 -1866 END
START -19020 -1856 8628 3868 -310 -2489 END
START -18912 -1920 8880 4127 -400 -3133 END
START -18740 -1988 9268 4345 -499 -3789 END
START -18568 -1820 9508 4579 -715 -4402 END
START -18372 -1624 9800 4807 -928 -5008 END
START -17972 -1448 9896 4965 -1095 -5564 END
START -17656 -1200 10104 5176 -1176 -6153 END
START -17468 -980 10368 5349 -1256 -6668 END
START -17276 -824 10468 5474 -1326 -7203 END
START -17032 -676 10796 5566 -1468 -7708 END
START -16764 -764 10876 5595 -1529 -8235 END
START -16388 -632 11152 5588 -1533 -8769 END
START -16176 -604 11180 5529 -1549 -9292 END
START -15932 -448 11236 5433 -1445 -9867 END
START -15612 -496 11308 5314 -1355 -10495 END
START -15476 -504 11448 5283 -1170 -11104 END
START -15200 -476 11580 5236 -1073 -11721 END
START -15280 -424 11608 5183 -990 -12282 END
START -15096 -120 11796 5173 -1010 -12879 END
START -14844 -20 12092 5211 -942 -13417 END
START -14672 -4 12112 5254 -1008 -13990 END
START -14376 164 12128 5302 -1112 -14514 END
START -14180 212 12212 5405 -1253 -15053 END
START -13896 576 11972 5531 -1325 -15587 END
START -13664 988 11452 5684 -1434 -16093 END
START -13092 1072 11392 5935 -1363 -16574 END
START -12556 1124 11420 6200 -1400 -17052 END
START -12216 1420 11332 6502 -1335 -17462 END
START -12040 1856 10908 6834 -1303 -17863 END
START -11772 2200 10844 7219 -1205 -18217 END
START -10996 1772 10828 7654 -1105 -18614 END
START -10428 1524 10864 8163 -881 -18954 END
START -9928 1372 11220 8649 -770 -19340 END
START -9704 1348 11648 9082 -721 -19679 END
START -9116 1312 12292 9434 -794 -20032 END
START -8952 1532 12716 9772 -1017 -20400 END
START -8420 1844 13172 10038 -1357 -20755 END
START -7796 1908 13452 10221 -1652 -21088 END
START -6972 1964 13632 10380 -1964 -21301 END
START -6052 2160 13388 10376 -2127 -21468 END
START -5224 2836 13276 10349 -2186 -21566 END
START -4532 3548 12872 10237 -2005 -21566 END
START -3728 3916 12820 10128 -1668 -21439 END
START -2972 4096 12912 9958 -1303 -21256 END
START -2480 4204 13180 9771 -903 -21015 END
START -1960 4364 13440 9506 -550 -20769 END
START -1612 4420 13992 9249 -277 -20480 END
START -1364 4556 14640 8906 -195 -20234 END
START -1208 4548 15352 8574 -261 -20065 END
START -1220 4824 15956 8333 -542 -19909 END
START -1160 5040 16588 8199 -946 -19767 END
START -876 5152 17072 8186 -1558 -19636 END
START -504 5244 17492 8251 -2276 -19451 END
START -272 5432 17536 8404 -3030 -19229 END
START 384 5720 17372 8594 -3730 -19031 END
START 1056 5956 17108 8739 -4325 -18763 END
START 1632 6376 16960 8810 -4783 -18519 END
START 2376 6560 16672 8844 -5149 -18222 END
START 3168 6800 16504 8817 -5409 -17898 END
START 3660 7184 16384 8760 -5538 -17551 END
START 4408 7340 16708 8684 -5643 -17190 END
START 4860 7716 16812 8572 -5650 -16799 END
START 5364 8160 16932 8441 -5651 -16364 END
START 5872 8856 17076 8227 -5607 -15923 END
START 6660 9412 17136 7967 -5321 -15419 END
START 7244 10056 17044 7674 -4950 -14854 END
START 7852 10588 17180 7259 -4515 -14163 END
START 8460 11368 17188 6803 -3961 -13382 END
START 9024 11832 17416 6218 -3263 -12548 END
START 9508 11744 17692 5552 -2613 -11581 END
START 9900 11692 18328 4881 -2011 -10607 END
START 9968 11648 18472 4209 -1495 -9644 END
START 9808 11480 18688 3518 -1108 -8763 END
START 9424 11232 19208 2943 -816 -7908 END
START 9384 10736 19672 2445 -668 -7177 END
START 8924 10652 19860 2054 -690 -6440 END
START 8584 10208 20036 1722 -829 -5798 END
START 8320 9980 20132 1518 -1074 -5204 END
START 7860 9572 20100 1358 -1355 -4724 END
START 7684 9372 19976 1254 -1664 -4331 END
START 7044 9116 19976 1215 -1974 -3981 END
START 6864 8968 19968 1152 -2339 -3681 END
START 6416 8508 19960 1094 -2711 -3467 END
START 6212 8108 19700 991 -3086 -3292 END
START 5988 7740 19340 821 -3312 -3238 END
START 6028 7444 18828 620 -3436 -3251 END
START 6112 7292 18496 378 -3443 -3318 END
START 6140 7084 18188 51 -3411 -3406 END
START 6024 6992 17992 -214 -3259 -3485 END
START 6220 6952 17816 -549 -3095 -3510 END
START 6128 6948 17776 -857 -2955 -3514 END
START 6188 6840 17664 -1173 -2793 -3495 END
START 6048 6844 17732 -1494 -2702 -3424 END
START 5896 6796 18164 -1836 -2686 -3279 END
START 5736 6780 18380 -2176 -2813 -3123 END
START 5536 6544 18476 -2487 -2987 -2959 END
START 5460 6424 18288 -2829 -3228 -2732 END
START 5356 6220 18080 -3112 -3409 -2565 END
START 5344 6088 17748 -3398 -3544 -2448 END
START 5140 5808 17472 -3692 -3642 -2281 END
START 4940 5496 17144 -3933 -3800 -2181 END
START 4896 5344 16772 -4213 -3810 -2063 END
START 4824 5372 16240 -4479 -3715 -1964 END
START 4368 5448 16040 -4732 -3630 -1872 END
START 4200 5428 15536 -5009 -3527 -1712 END
START 3996 5236 15320 -5201 -3426 -1569 END
START 3752 5276 15084 -5390 -3231 -1394 END
START 3508 5108 14952 -5554 -3136 -1218 END
START 3368 5072 14796 -5662 -3029 -1030 END
START 3160 4988 14312 -5790 -2865 -899 END
START 3060 5032 14152 -5843 -2698 -725 END
START 2700 5044 14132 -5869 -2616 -547 END
START 2428 4944 13764 -5823 -2458 -374 END
START 2272 5088 13544 -5733 -2343 -131 END
START 2048 5088 13528 -5611 -2221 99 END
START 1944 4980 13336 -5500 -2054 352 END