START -1592 888 16088 -262 1773 1070 END
START 2936 1484 7952 -456 710 987 END
START 176 492 11472 -425 919 1017 END
START -1444 528 14092 -473 1426 936 END
START -1612 696 14888 -413 1877 751 END
START -1556 516 14976 -377 2208 505 END
START -1948 88 14744 -328 2549 280 END
START -2224 -272 15128 -310 2802 88 END
START -2304 -612 14924 -247 3050 -43 END
START -2212 -852 14720 -186 3358 -145 END
START -2108 -1012 14772 -69 3694 -313 END
START -2072 -1064 14348 78 4100 -481 END
START -2396 -932 14560 278 4467 -671 END
START -2668 -832 14376 522 4716 -892 END
START -2788 -820 14444 739 4938 -1112 END
START -2824 -972 14436 1076 5139 -1377 END
START -2828 -1140 14588 1496 5351 -1602 END
START -2788 -1256 14608 1886 5534 -1835 END
START -2920 -1272 15132 2269 5669 -2039 END
START -3076 -916 15400 2570 5675 -2165 END
START -3216 -604 15952 2780 5478 -2214 END
START -3136 60 16452 2919 5227 -2190 END
START -3132 748 16904 2919 4891 -2133 END
START -2956 1284 17196 2879 4523 -1962 END
START -2764 1532 17304 2712 4177 -1780 END
START -2384 1812 17436 2446 3736 -1441 END
START -2260 1972 17448 2223 3303 -1095 END
START -1848 1992 17472 1931 2989 -709 END
START -1688 2084 17368 1652 2804 -332 END
START -1308 2120 16920 1401 2784 12 END
START -1500 2240 17272 1208 2691 273 END
START -1580 2328 17156 982 2611 567 END
START -1816 2240 17124 777 2488 822 END
START -1936 2352 17104 561 2413 1085 END
START -2312 2156 17112 328 2278 1305 END
START -2612 1968 17180 106 2054 1527 END
START -3004 1716 17356 -110 1846 1582 END
START -3396 1388 17320 -272 1562 1667 END
START -3508 996 17324 -433 1314 1620 END
START -3768 888 17228 -531 1068 1505 END
START -3952 752 17200 -653 816 1366 END
START -4004 880 17132 -797 641 1184 END
START -4056 852 17104 -925 485 993 END
START -4032 704 16928 -1085 346 853 END
START -3876 404 16904 -1201 338 644 END
START -3624 236 16636 -1291 313 545 END
START -3440 152 16488 -1418 393 352 END
START -3164 80 16364 -1509 463 224 END
START -3068 -260 16220 -1576 641 -11 END
START -3004 -276 16416 -1614 799 -177 END
START -2720 -384 16320 -1651 896 -372 END
START -2704 -396 16448 -1695 1019 -507 END
START -2636 -300 16392 -1710 1203 -638 END
START -2544 -160 16484 -1747 1249 -772 END
START -2632 -252 16584 -1762 1324 -854 END
START -2512 -140 16584 -1780 1278 -923 END
START -2484 -116 16592 -1714 1231 -1019 END
START -2420 -8 16756 -1673 1207 -1090 END
START -2488 92 16816 -1630 1097 -1148 END
START -2528 124 16940 -1584 978 -1186 END
START -2396 460 16960 -1483 858 -1166 END
START -2140 612 16968 -1434 686 -1152 END
START -1976 616 16852 -1348 567 -1115 END
START -1804 660 16888 -1284 457 -1049 END
START -1640 664 16832 -1230 356 -945 END
START -1424 796 16836 -1189 280 -844 END
START -1456 900 16836 -1167 225 -749 END
START -1264 1012 17148 -1143 98 -594 END
START -1356 1128 17144 -1092 -71 -453 END
START -1272 1308 17056 -1079 -180 -311 END
START -1112 1412 17148 -1040 -385 -170 END
START -952 1580 17132 -1065 -496 -30 END
START -888 1516 17012 -1097 -639 97 END
START -632 1596 17108 -1126 -716 249 END
START -640 1708 17064 -1169 -823 408 END
START -336 1908 17124 -1249 -883 555 END
START -400 1976 17084 -1347 -930 668 END
START -260 2152 17012 -1468 -979 822 END
START -156 2192 17064 -1617 -993 898 END
START -56 2288 17048 -1755 -979 1033 END
START 44 2280 17228 -1875 -1043 1124 END
START 168 2420 16924 -2036 -992 1221 END
START 404 2532 17056 -2193 -939 1322 END
START 412 2604 17036 -2395 -844 1432 END
START 380 2792 17016 -2630 -768 1525 END
START 468 3016 17100 -2871 -738 1636 END
START 556 3156 16852 -3227 -610 1782 END
START 588 3136 16848 -3520 -535 1915 END
START 564 3024 16824 -3877 -473 2059 END
START 616 3124 16824 -4206 -361 2170 END
START 580 3016 16888 -4541 -309 2273 END
START 640 3076 16608 -4852 -304 2409 END
START 656 3032 16496 -5159 -267 2508 END
START 688 3176 16496 -5466 -258 2601 END
START 696 3124 16172 -5727 -294 2781 END
START 716 3320 15828 -6001 -334 2872 END
START 820 3200 15832 -6200 -362 3064 END
START 828 3308 15608 -6397 -405 3197 END
START 996 3220 15152 -6509 -402 3378 END
START 1012 3060 14796 -6661 -447 3544 END
START 1156 2932 14588 -6745 -389 3687 END
START 1452 2832 14284 -6789 -295 3839 END
START 1540 2920 13948 -6817 -154 4033 END
START 1416 2960 13756 -6833 -7 4206 END
START 1444 3152 13644 -6848 130 4411 END
START 1408 3228 13444 -6883 224 4651 END
START 1492 3188 13340 -6945 286 4896 END
START 1396 3224 13156 -7024 415 5138 END
START 1196 3264 13052 -7063 478 5396 END
START 1164 3156 12884 -7135 545 5685 END
START 852 3136 12768 -7163 603 5866 END
START 876 3112 12680 -7186 658 6134 END
START 644 2908 12500 -7249 698 6336 END
START 512 2788 12484 -7268 671 6588 END
START 288 2520 12256 -7252 631 6745 END
START 72 2280 12152 -7145 598 6928 END
START 0 2064 11696 -7044 572 7060 END
START -220 1900 11676 -6907 517 7199 END
START -344 1876 11452 -6767 582 7311 END
START -500 1968 11220 -6577 597 7391 END
START -732 1944 11056 -6431 578 7479 END
START -716 1892 10732 -6277 629 7552 END
START -744 1828 10516 -6187 639 7656 END
START -740 1648 10472 -6074 657 7743 END
START -800 1584 10348 -5951 740 7814 END
START -908 1632 10148 -5828 688 7877 END
START -1044 1748 10028 -5673 750 7964 END
START -1172 1784 10008 -5526 734 8041 END
START -1188 1664 9852 -5318 728 8177 END
START -1232 1728 9752 -5086 698 8241 END
START -1356 1792 9624 -4860 667 8377 END
START -1348 1704 9544 -4612 592 8503 END
START -1340 1604 9256 -4352 573 8592 END
START -1488 1384 9056 -4070 547 8693 END
START -1580 1308 9132 -3809 467 8771 END
START -1752 1336 9008 -3531 445 8816 END
START -1816 1148 8760 -3269 428 8912 END
START -1808 1172 8768 -2970 431 8953 END
START -2172 1220 8744 -2677 441 9022 END
START -2340 1160 8596 -2417 443 9108 END
START -2560 1052 8532 -2159 448 9130 END
START -2772 984 8520 -1877 476 9138 END
START -2808 896 8472 -1670 477 9148 END
START -2884 876 8460 -1469 471 9089 END
START -2896 696 8372 -1250 517 9032 END
START -2984 588 8484 -1049 550 8986 END
START -3136 648 8468 -845 588 8880 END
START -3120 644 8512 -649 587 8847 END
START -3376 736 8644 -466 588 8770 END
START -3468 680 8840 -296 516 8703 END
START -3748 708 8824 -137 428 8629 END
START -3800 632 9008 28 318 8553 END
START -3880 544 8900 156 192 8462 END
START -3964 496 8988 287 93 8341 END
START -4160 380 9200 428 -17 8161 END
START -4116 316 9144 514 -155 8060 END
START -4236 284 9152 664 -206 7875 END
START -4392 264 9172 808 -318 7715 END
START -4516 208 9072 947 -437 7504 END
START -4648 224 9272 1103 -530 7342 END
START -4824 276 9320 1238 -618 7180 END
START -4704 528 9184 1338 -683 7003 END
START -4860 760 9120 1455 -733 6874 END
START -4972 976 9292 1575 -808 6803 END
START -4748 1152 9292 1664 -831 6744 END
START -4436 1332 9216 1772 -792 6754 END
START -4388 1248 9300 1890 -738 6827 END
START -4516 1148 9664 1986 -664 6914 END
START -4516 1056 9724 2066 -638 7112 END
START -4648 1060 10044 2160 -718 7244 END
START -4816 1224 10572 2241 -870 7421 END
START -5224 1364 10784 2358 -1113 7576 END
START -5348 1416 11120 2494 -1416 7709 END
START -5548 1248 11424 2604 -1778 7793 END
START -5780 1144 11488 2738 -2200 7942 END
START -5980 948 11804 2880 -2669 7982 END
START -6036 576 11852 3065 -3171 8026 END
START -6240 480 11784 3338 -3575 8001 END
START -6360 520 11436 3598 -3895 7918 END
START -6384 628 11372 3878 -4169 7787 END
START -6520 512 10948 4175 -4312 7664 END
START -6580 316 10804 4543 -4347 7459 END
START -6780 172 10564 4828 -4304 7291 END
START -6944 188 10344 5246 -4222 7055 END
START -6984 280 10276 5615 -4022 6808 END
START -7156 252 10276 6012 -3842 6542 END
START -7180 428 10200 6390 -3641 6285 END
START -7232 508 10252 6791 -3377 6016 END
START -7200 464 10392 7195 -3067 5753 END
START -7040 420 10472 7527 -2708 5557 END
START -7116 272 10744 7913 -2304 5308 END
START -7212 288 10908 8162 -1955 5037 END
START -7264 416 10940 8489 -1551 4763 END
START -7252 416 11172 8736 -1190 4526 END
START -7388 484 11504 8994 -798 4213 END
START -7436 544 11792 9203 -467 3947 END
START -7552 636 11956 9430 -115 3675 END
START -7628 780 12288 9693 186 3404 END
START -7632 856 12760 9908 461 3168 END
START -7652 800 13100 10111 692 2913 END
START -7652 1024 13356 10313 837 2640 END
START -7772 1136 13984 10476 952 2370 END
START -7788 1204 14164 10582 937 2135 END
START -7820 1300 14660 10662 900 1952 END
START -7736 1476 14996 10730 823 1770 END
START -7544 1628 15364 10766 723 1662 END
START -7684 1872 15432 10802 596 1584 END
START -7672 1952 15480 10825 502 1527 END
START -7452 1904 15608 10876 389 1493 END
START -7528 2044 15772 10945 341 1464 END
START -7464 2188 15788 10990 315 1405 END
START -7464 2428 15732 11042 319 1425 END
START -7548 2460 15844 11065 335 1367 END
START -7652 2708 15964 11095 378 1378 END
START -7676 2840 16088 11107 434 1383 END
START -7540 2992 16212 11104 450 1390 END
START -7592 3056 16324 11081 522 1362 END
START -7684 3052 16668 11029 559 1371 END
START -7740 3008 16836 10986 560 1357 END
START -7672 2812 17236 10910 559 1302 END
START -7924 2648 17192 10897 574 1272 END
START -7948 2688 17476 10800 549 1184 END
START -8068 2644 17576 10795 525 1065 END
START -8160 2616 17848 10781 497 974 END
START -8120 2476 17892 10755 451 740 END
START -8192 2444 18200 10727 403 614 END
START -8248 2408 18076 10671 369 441 END
START -8280 2412 18196 10609 360 246 END
START -8480 2400 18028 10531 385 39 END
START -8616 2348 18072 10447 451 -227 END
START -8600 2376 18176 10353 537 -467 END
START -8712 2364 17952 10284 658 -758 END
START -8640 2388 17948 10212 893 -1054 END
START -8728 2320 17984 10181 1061 -1380 END
START -8820 2232 17948 10139 1224 -1664 END
START -8808 2168 18212 10117 1429 -1936 END
START -8772 2000 18276 10085 1585 -2218 END
START -8988 1924 18420 10084 1770 -2498 END
START -8908 2116 18480 10120 1893 -2766 END
START -9088 2232 18664 10097 2021 -3032 END
START -9016 2292 18796 10152 2100 -3288 END
START -8840 2188 19004 10136 2153 -3497 END
START -8788 2116 19148 10138 2193 -3672 END
START -8724 2100 19652 10094 2195 -3780 END
START -8604 2256 19780 10066 2190 -3879 END
START -8544 2268 19968 10011 2115 -3959 END
START -8628 2496 20348 9949 2022 -4034 END
START -8596 2504 20444 9847 1919 -4045 END
START -8452 2472 20608 9756 1862 -4109 END
START -8436 2280 20768 9610 1778 -4148 END
START -8364 2360 20700 9443 1725 -4218 END
START -8248 2380 20824 9257 1683 -4261 END
START -8108 2408 20936 9070 1648 -4331 END
START -8156 2400 21080 8810 1663 -4452 END
START -8032 2272 21036 8597 1628 -4521 END
START -8084 2196 21368 8392 1675 -4566 END
START -8000 2128 21204 8294 1640 -4621 END
START -7964 2168 21272 8173 1614 -4675 END
START -8028 2048 21412 8094 1561 -4775 END
START -7916 1912 21720 7989 1481 -4953 END
START -7928 1824 21656 7839 1389 -5127 END
START -7860 1756 21688 7738 1258 -5293 END
START -7900 1824 21820 7672 1212 -5445 END
START -7764 1872 21868 7580 1172 -5595 END
START -7696 1856 21768 7495 1134 -5736 END
START -7764 1916 21784 7384 1101 -5913 END
START -7640 1900 21856 7321 1068 -6041 END
START -7456 1832 21804 7207 1089 -6282 END
START -7340 1828 21836 7088 1138 -6476 END
START -7284 1724 22028 6962 1179 -6656 END
START -6904 1840 22220 6820 1265 -6869 END
START -6808 1888 22488 6688 1350 -7064 END
START -6684 1932 22712 6567 1339 -7237 END
START -6504 2272 22832 6400 1374 -7349 END
START -6312 2404 22888 6252 1429 -7430 END
START -6140 2440 23192 6011 1444 -7559 END
START -5956 2444 23280 5788 1375 -7608 END
START -5712 2444 23404 5498 1349 -7655 END
START -5564 2568 23528 5247 1326 -7650 END
START -5424 2592 23788 5004 1263 -7705 END
START -5152 2848 24000 4688 1257 -7660 END
START -4860 2988 24012 4383 1355 -7666 END
START -4788 3024 24264 4052 1398 -7611 END
START -4604 3236 24344 3678 1503 -7562 END
START -4416 3312 24484 3298 1576 -7514 END
START -4332 3444 24636 2869 1662 -7443 END
START -4252 3528 24752 2434 1734 -7426 END
START -4124 3616 24780 1987 1834 -7375 END
START -4080 3700 24836 1538 1917 -7323 END
START -4076 3792 24808 1005 2006 -7310 END
START -4056 3928 24912 560 2078 -7290 END
START -4044 3968 24844 110 2024 -7256 END
START -4108 3964 24916 -343 2006 -7262 END
START -4060 4032 24836 -754 1909 -7220 END
START -3980 4176 25060 -1092 1780 -7178 END
START -3980 4216 25080 -1429 1585 -7130 END
START -3952 4300 24996 -1758 1374 -7056 END
START -3868 4336 24904 -2014 1145 -6971 END
START -3644 4312 24704 -2248 852 -6864 END
START -3624 4264 24656 -2467 620 -6773 END
START -3600 4336 24420 -2671 336 -6705 END
START -3596 4356 24404 -2859 80 -6654 END
START -3340 4324 24160 -2954 -174 -6604 END
START -3256 4520 23888 -3134 -373 -6529 END
START -3152 4500 23808 -3295 -560 -6435 END
START -2984 4600 23572 -3472 -763 -6353 END
START -2788 4612 23360 -3655 -861 -6262 END
START -2444 4728 23176 -3835 -910 -6181 END
START -2268 4748 23092 -4082 -923 -6093 END
START -2092 4664 22744 -4379 -906 -5996 END
START -1976 4668 22740 -4642 -883 -5910 END
START -1808 4832 22636 -4950 -834 -5805 END
START -1800 4752 22480 -5260 -837 -5737 END
START -1632 4848 22560 -5561 -788 -5649 END
START -1752 4740 22384 -5832 -748 -5540 END
START -1760 4828 22280 -6142 -732 -5427 END
START -1592 4836 21868 -6420 -682 -5366 END
START -1568 4960 21784 -6668 -618 -5359 END
START -1332 4900 21720 -6950 -549 -5268 END
START -1444 4864 21512 -7231 -487 -5236 END
START -1360 4796 21252 -7536 -384 -5162 END
START -1260 4840 20988 -7800 -306 -5057 END
START -1268 4944 20996 -8042 -200 -4990 END
START -1200 4968 20888 -8279 -118 -4915 END
START -1200 5124 20744 -8500 -31 -4808 END
START -1132 5108 20576 -8700 23 -4745 END
START -1156 5228 20464 -8894 89 -4636 END
START -1148 5232 20356 -9130 66 -4512 END
START -1172 5164 20176 -9341 51 -4394 END
START -980 5096 20212 -9533 12 -4262 END
START -1040 5012 19968 -9673 -32 -4111 END
START -964 4992 19828 -9807 -78 -3983 END
START -920 4964 19496 -9918 -135 -3839 END
START -1028 4896 19508 -10011 -171 -3723 END
START -1148 4856 19464 -10154 -351 -3569 END
START -1212 4944 19296 -10254 -450 -3446 END
START -1248 4772 18880 -10344 -589 -3305 END
START -1472 4752 18632 -10371 -736 -3191 END
START -1444 4684 18324 -10438 -859 -3083 END
START -1528 4584 18016 -10448 -881 -2982 END
START -1584 4676 17716 -10464 -941 -2887 END
START -1688 4644 17428 -10501 -999 -2830 END
START -1752 4600 17184 -10546 -1020 -2781 END
START -1676 4700 16912 -10570 -1011 -2728 END
START -1688 4572 16620 -10655 -971 -2659 END
START -1696 4640 16468 -10713 -996 -2598 END
START -1696 4644 16252 -10763 -916 -2515 END
START -1688 4476 16108 -10820 -934 -2441 END
START -1764 4304 16072 -10841 -866 -2358 END
START -1680 4268 15732 -10868 -877 -2291 END
START -1636 4220 15556 -10893 -869 -2255 END
START -1740 4156 15176 -10921 -823 -2261 END
START -1724 4100 15024 -10926 -843 -2257 END
START -1624 4128 14904 -10943 -806 -2219 END
START -1776 4016 14812 -10978 -773 -2234 END
START -1812 3996 14412 -10951 -821 -2192 END
START -1788 4052 14444 -10929 -789 -2154 END
START -1720 4032 14228 -10927 -800 -2090 END
START -1824 4108 13860 -10898 -773 -2078 END
START -1808 4256 13760 -10913 -832 -2001 END
START -1832 4376 13384 -10911 -806 -1927 END
START -1820 4556 13216 -10919 -825 -1825 END
START -1760 4440 13112 -10969 -852 -1716 END
START -1692 4492 12804 -10983 -849 -1551 END
START -1732 4328 12688 -10987 -851 -1423 END
START -1720 4360 12416 -10951 -837 -1245 END
START -1704 4204 12152 -10856 -890 -1084 END
START -1764 4232 12076 -10802 -932 -949 END
START -2044 3996 11984 -10684 -1000 -751 END
START -1912 4044 11804 -10597 -1135 -616 END
START -2232 3828 11660 -10476 -1241 -474 END
START -2132 3628 11420 -10338 -1471 -369 END
START -2356 3772 11272 -10171 -1563 -290 END
START -2540 3636 11148 -10023 -1776 -236 END
START -2596 3548 10844 -9835 -1914 -200 END
START -2596 3524 10592 -9613 -2075 -140 END
START -2656 3376 10296 -9459 -2136 -144 END
START -2548 3356 9976 -9296 -2205 -118 END
START -2492 3424 9752 -9115 -2237 -92 END
START -2392 3352 9564 -8994 -2249 -81 END
START -2408 3400 9404 -8898 -2229 -7 END
START -2420 3436 9088 -8795 -2203 -14 END
START -2424 3336 8952 -8707 -2152 33 END
START -2360 3192 8572 -8607 -2055 38 END
START -2268 3056 8292 -8450 -1935 19 END
START -2404 3088 8096 -8332 -1836 26 END
START -2176 2996 7896 -8207 -1727 -24 END
START -2252 3000 7824 -8010 -1582 -34 END
START -2388 2960 7496 -7847 -1525 -85 END
START -2300 2848 7276 -7706 -1463 -123 END
START -2184 2904 7356 -7568 -1355 -155 END
START -2092 3072 7028 -7406 -1344 -136 END
START -2048 3176 6988 -7225 -1359 -140 END
START -2020 3304 6716 -7018 -1325 -60 END
START -1676 3220 6360 -6792 -1313 -6 END
START -1660 3212 6132 -6598 -1267 50 END
START -1408 3148 6052 -6309 -1205 175 END
START -1320 3244 5612 -6065 -1132 261 END
START -1220 3144 5532 -5772 -1029 423 END
START -1176 3192 5336 -5520 -967 513 END
START -1152 3224 5228 -5262 -879 677 END
START -1216 3288 5000 -4988 -789 871 END
START -1512 3324 5072 -4673 -782 994 END
START -1528 3356 4944 -4419 -751 1147 END
START -1576 3364 5036 -4123 -682 1288 END
START -1756 3348 5108 -3841 -768 1463 END
START -1892 3172 5248 -3558 -783 1606 END
START -1924 3224 5036 -3313 -849 1744 END
START -2072 3264 4952 -3047 -967 1868 END
START -2128 3216 4956 -2790 -1070 1988 END
START -2200 3280 4856 -2563 -1072 2050 END
START -2324 3216 4756 -2260 -1131 2098 END
START -2560 3080 4552 -1971 -1138 2187 END
START -2680 2900 4456 -1710 -1149 2200 END
START -2836 2768 4516 -1420 -1236 2190 END
START -2912 2684 4440 -1164 -1263 2199 END
START -3004 2836 4304 -893 -1259 2122 END
START -2944 2716 4008 -617 -1267 2071 END
START -2972 2556 4108 -268 -1213 1992 END
START -2900 2616 3880 23 -1152 1915 END
START -2832 2464 3692 375 -1060 1882 END
START -2800 2464 3472 714 -912 1791 END
START -2968 2440 3568 1054 -800 1781 END
START -2796 2476 3476 1368 -657 1758 END
START -2788 2396 3508 1707 -473 1725 END
START -2676 2392 3464 2023 -333 1723 END
START -2832 2520 3484 2337 -149 1721 END
START -2724 2288 3212 2619 29 1727 END
START -2908 2144 3384 2932 201 1712 END
START -2896 2088 3592 3241 357 1715 END
START -2876 2112 3460 3575 526 1709 END
START -3056 2004 3536 3925 711 1690 END
START -3280 1932 3664 4240 833 1685 END
START -3488 1988 4008 4583 901 1654 END
START -3632 1996 4056 4888 947 1676 END
START -3740 1944 4324 5145 923 1700 END
START -3980 1908 4312 5418 867 1718 END
START -4152 1840 4576 5677 742 1748 END
START -4264 1884 4608 5996 680 1789 END
START -4404 1680 4520 6274 675 1754 END
START -4492 1756 4576 6628 586 1778 END
START -4488 1740 4368 6973 626 1766 END
START -4772 1676 4392 7315 673 1769 END
START -4972 1712 4312 7660 765 1787 END
START -5156 1784 4492 8015 812 1775 END
START -5208 1892 4532 8377 845 1753 END
START -5528 1872 4600 8774 884 1722 END
START -5576 1808 4980 9129 951 1696 END
START -5764 1700 5048 9540 964 1657 END
START -6012 1692 5272 9877 948 1629 END
START -6100 1828 5640 10236 940 1561 END
START -6088 1776 5804 10615 913 1505 END
START -6372 1808 5992 10917 901 1437 END
START -6552 1880 6228 11288 805 1341 END
START -6556 1892 6436 11589 763 1223 END
START -6628 1904 6492 12015 749 1115 END
START -6804 1840 6756 12235 758 997 END
START -6864 1664 7000 12243 723 845 END
START -6956 1640 7220 12751 690 674 END
START -7240 1680 7340 13085 676 465 END
START -7264 1768 7456 13367 681 286 END
START -7240 1916 7640 13666 652 56 END
START -7240 1996 7812 13966 704 -170 END
START -7416 2104 8176 14231 644 -369 END
START -7444 2140 8508 14501 559 -564 END
START -7300 2300 8508 14719 550 -708 END
START -7292 2408 8796 14950 558 -880 END
START -7228 2508 8992 15205 577 -986 END
START -7240 2864 9176 15472 615 -1107 END
START -7320 3004 9376 15733 595 -1176 END
START -7316 3316 9540 15963 646 -1277 END
START -7236 3588 9816 16182 713 -1303 END
START -7276 3860 10076 16355 765 -1325 END
START -7284 3940 10500 16648 839 -1380 END
START -7292 4072 10868 16842 962 -1342 END
START -7308 3948 11488 17023 948 -1370 END
START -7364 3992 11876 17240 966 -1374 END
START -7496 4072 12440 17468 935 -1389 END
START -7484 3852 12880 17628 814 -1386 END
START -7648 3844 13516 17833 773 -1432 END
START -7980 3908 14000 17981 562 -1534 END
START -8244 3900 14376 18140 268 -1667 END
START -8264 3796 14664 18235 65 -1888 END
START -8472 3684 14804 18328 -171 -2143 END
START -8516 3748 14740 18408 -246 -2387 END
START -8516 3744 14864 18506 -291 -2685 END
START -8616 3628 14908 18627 -230 -2992 END
START -8788 3624 15016 18759 -58 -3298 END
START -8968 3756 15248 18867 73 -3660 END
START -8980 3756 15348 18910 336 -4068 END
START -8928 3708 15660 18952 624 -4473 END
START -8836 3800 16076 18996 984 -4903 END
START -8816 3752 16568 18942 1429 -5354 END
START -8776 3924 16692 18871 1888 -5806 END
START -8904 4308 17176 18688 2408 -6215 END
START -8936 4572 17948 18461 2829 -6608 END
START -9124 4708 18832 18197 3201 -6959 END
START -9152 4944 19388 17911 3447 -7256 END
START -9240 5360 19936 17495 3600 -7537 END
START -9288 5596 20548 17163 3756 -7763 END
START -9656 5640 21244 16742 3771 -7999 END
START -9648 5628 21776 16320 3773 -8165 END
START -9684 5776 22424 15851 3690 -8367 END
START -9956 5608 22720 15395 3638 -8606 END
START -10244 5532 23084 14973 3467 -8856 END
START -10324 5424 23232 14481 3247 -9206 END
START -10472 5276 23444 14029 3026 -9573 END
START -10696 5340 23568 13588 2808 -10013 END
START -10808 5372 23916 13304 2466 -10371 END
START -10948 5492 24296 12996 2124 -10758 END
START -11044 5536 24556 12671 1557 -11171 END
START -10884 5664 24828 12374 1003 -11563 END
START -10752 5664 24980 12366 293 -11932 END
START -10584 5820 25532 11960 -327 -12295 END
START -10272 5872 25580 11925 -1036 -12666 END
START -10004 6048 25448 11413 -1709 -12998 END
START -9572 6100 25256 11207 -2293 -13254 END
START -9232 6124 25036 10861 -2707 -13545 END
START -8736 6232 24780 10545 -3069 -13835 END
START -8404 6204 24484 10270 -3283 -14144 END
START -8216 6152 24252 9980 -3384 -14425 END
START -7960 6088 24108 9733 -3470 -14735 END
START -7820 5924 23860 9509 -3456 -15036 END
START -7540 5860 23980 9268 -3391 -15332 END
START -7540 5912 24028 9092 -3289 -15676 END
START -7604 5992 24068 8855 -3300 -16088 END
START -7664 6040 24212 8550 -3282 -16506 END
START -7592 6116 24160 8237 -3308 -16947 END
START -7576 6312 24316 7828 -3382 -17389 END
START -7452 6392 24584 7336 -3397 -17794 END
START -7588 6724 24560 6818 -3438 -18156 END
START -7452 6956 24348 6205 -3535 -18511 END
START -7248 7160 24452 5579 -3613 -18860 END
START -7000 7444 24180 4860 -3679 -19146 END
START -6796 7440 23600 4184 -3706 -19465 END
START -6460 7808 23072 3429 -3652 -19737 END
START -6352 8280 22788 2707 -3546 -19998 END
START -5896 8780 22440 2007 -3342 -20177 END
START -5532 9108 22132 1279 -3058 -20345 END
START -5260 9688 21720 594 -2767 -20411 END
START -4864 9944 21404 -117 -2480 -20393 END
START -4484 10240 21200 -838 -2162 -20318 END
START -4212 10188 21068 -1520 -1812 -20186 END
START -4116 10256 21020 -2198 -1603 -20031 END
START -3880 10256 20824 -2856 -1450 -19845 END
START -3888 10092 20744 -3477 -1335 -19603 END
START -3796 10032 20248 -3958 -1334 -19354 END
START -3636 9904 19952 -4395 -1367 -19135 END