START 2084 3276 11792 -8436 -2375 3018 END
START 2972 4008 12864 -8092 -2117 3263 END
START 4088 4108 12112 -7813 -1600 3547 END
START 4168 4152 12012 -7547 -1204 3806 END
START 3544 4620 12592 -7402 -1267 4162 END
START 3088 4936 12812 -7289 -1534 4529 END
START 3184 5016 12552 -7127 -1672 5007 END
START 3548 5056 12100 -7017 -1573 5415 END
START 4016 5400 11444 -6860 -1255 5889 END
START 4392 5412 10948 -6750 -871 6342 END
START 4636 5452 10428 -6589 -359 6786 END
START 4520 5496 10320 -6530 106 7225 END
START 4220 5440 10124 -6443 722 7662 END
START 4068 5548 10044 -6376 1310 8098 END
START 3900 5508 10060 -6360 1884 8499 END
START 3588 5572 10052 -6298 2465 8887 END
START 3292 5604 9932 -6291 2887 9213 END
START 2888 5604 10052 -6267 3331 9482 END
START 2880 5536 9924 -6282 3698 9723 END
START 2608 5532 10056 -6231 4073 9974 END
START 2292 5468 9924 -6179 4454 10169 END
START 2156 5308 9940 -6172 4808 10355 END
START 1992 5256 9976 -6077 5045 10496 END
START 1796 5288 10052 -6038 5310 10648 END
START 1504 5256 10188 -5964 5436 10812 END
START 1084 5412 10188 -5852 5496 10957 END
START 740 5424 10208 -5742 5460 11078 END
START 616 5280 10248 -5612 5438 11169 END
START 540 5344 10180 -5477 5392 11263 END
START 180 5440 10196 -5267 5336 11321 END
START -68 5460 10280 -5146 5153 11412 END
START -364 5508 10384 -4983 4979 11447 END
START -340 5600 10372 -4774 4685 11510 END
START -652 5624 10324 -4571 4352 11581 END
START -828 5652 10196 -4341 3974 11696 END
START -852 5664 10136 -4141 3617 11809 END
START -1112 5524 9884 -3869 3235 11969 END
START -1204 5400 9716 -3548 2870 12190 END
START -1400 5240 9432 -3185 2461 12375 END
START -1708 5040 9336 -2787 2124 12320 END
START -2048 4968 8972 -2322 1749 12745 END
START -2352 5024 8556 -1828 1481 12793 END
START -2524 4940 8176 -1285 1300 12834 END
START -2736 5004 7920 -810 1262 12779 END
START -3172 5016 7520 -286 1241 12781 END
START -3636 4792 7400 228 1241 12774 END
START -3956 4592 7228 682 1261 12794 END
START -4212 4520 7172 1187 1264 12803 END
START -4488 4284 7084 1678 1345 12874 END
START -4772 3988 6980 2141 1478 13040 END
START -5136 3852 7084 2593 1554 12716 END
START -5240 3484 7104 3034 1682 12679 END
START -5388 3164 7024 3355 1860 12580 END
START -5492 2980 7056 3612 2119 12104 END
START -5568 2680 7260 3841 2388 11968 END
START -5852 2640 7224 3945 2644 11691 END
START -6144 2524 7392 4039 2837 11439 END
START -6256 2508 7816 4034 3040 11179 END
START -6392 2472 7624 4071 3235 10937 END
START -6656 2532 8016 4049 3459 10674 END
START -6840 2452 8104 4047 3674 10397 END
START -7000 2312 8584 4033 3793 10138 END
START -7112 2348 8684 4020 3873 9836 END
START -7348 2476 8780 4008 3987 9530 END
START -7248 2624 8852 4001 4006 9215 END
START -7180 2700 9044 3995 4078 8884 END
START -7192 2652 8968 4047 4071 8567 END
START -7108 2660 9332 4103 4112 8311 END
START -7136 2616 9556 4216 4045 8126 END
START -7252 2668 9608 4341 3898 7983 END
START -7416 2796 9928 4553 3670 7825 END
START -7700 3104 10088 4795 3333 7676 END
START -7740 3248 10376 5052 3010 7538 END
START -7772 3560 10508 5395 2613 7444 END
START -8052 3888 10660 5771 2212 7373 END
START -8100 4084 10904 6110 1862 7321 END
START -8204 4060 10744 6520 1526 7313 END
START -8180 3840 10612 6823 1220 7347 END
START -8376 3400 10604 7209 904 7385 END
START -8468 2976 10500 7567 639 7345 END
START -8632 2760 10640 7927 386 7274 END
START -8688 2472 10400 8253 190 7130 END
START -8824 2096 10572 8579 77 6866 END
START -8884 1948 10708 8857 18 6601 END
START -8972 1784 10756 9138 31 6253 END
START -9108 1584 10752 9364 12 5901 END
START -9144 1500 10908 9521 34 5525 END
START -9172 1188 11112 9668 31 5148 END
START -9164 1124 11232 9762 73 4819 END
START -9060 856 11324 9769 177 4477 END
START -8968 764 11356 9753 340 4203 END
START -8876 748 11536 9682 493 3947 END
START -8928 748 11584 9622 690 3767 END
START -9012 804 11864 9504 900 3601 END
START -9000 848 12008 9404 1071 3478 END
START -9132 724 12172 9316 1257 3366 END
START -9152 696 12660 9217 1417 3270 END
START -9400 624 12980 9177 1507 3173 END
START -9748 536 13100 9124 1527 3080 END
START -10064 336 13496 9130 1479 2932 END
START -10304 112 13660 9164 1348 2751 END
START -10648 28 14104 9250 1233 2429 END
START -10804 -116 14120 9384 1110 2116 END
START -11008 -244 14408 9505 886 1748 END
START -11140 -460 14536 9678 725 1384 END
START -11164 -396 14652 9836 516 1012 END
START -11048 -432 14608 9991 452 693 END
START -11052 -408 14344 10091 419 446 END
START -10972 -364 14028 10177 536 221 END
START -10988 -308 14036 10231 666 -7 END
START -10904 -432 14028 10287 890 -271 END
START -11052 -664 13912 10325 1207 -537 END
START -10936 -892 13960 10389 1604 -836 END
START -11104 -1064 14224 10459 2064 -1140 END
START -11164 -1316 14504 10561 2592 -1468 END
START -11224 -1260 14956 10634 3128 -1827 END
START -11516 -1292 15564 10670 3499 -2139 END
START -11656 -1488 15976 10666 3806 -2505 END
START -11672 -1812 16568 10632 4101 -2836 END
START -11684 -2312 17224 10578 4314 -3275 END
START -11624 -2560 18032 10489 4477 -3737 END
START -11720 -2796 18808 10406 4564 -4214 END
START -11948 -2932 19596 10336 4484 -4716 END
START -11932 -3012 20012 10240 4223 -5250 END
START -12020 -3208 21036 10107 3871 -5778 END
START -12064 -3408 21560 9942 3415 -6375 END
START -12080 -3396 22152 9797 2877 -7000 END
START -12004 -3296 22616 9602 2295 -7587 END
START -11900 -3208 22824 9421 1675 -8262 END
START -11624 -2972 22960 9145 1089 -8877 END
START -11152 -2780 22864 8884 584 -9519 END
START -10644 -2512 22776 8591 236 -10112 END
START -10324 -2080 22840 8274 30 -10679 END
START -10036 -1592 22868 7923 -115 -11128 END
START -9564 -1052 23088 7567 -223 -11526 END
START -9208 -696 23272 7311 -312 -11763 END
START -8780 -404 23448 6960 -234 -11931 END
START -8404 -92 23804 6705 -117 -12041 END
START -8116 48 23840 6401 71 -12118 END
START -7740 368 24092 6043 318 -12133 END
START -7344 612 24348 5584 556 -12232 END
START -7036 864 24648 5094 838 -12340 END
START -6680 952 25024 4469 1107 -12403 END
START -6288 1104 25328 3838 1412 -12506 END
START -5976 1264 25692 3113 1647 -12565 END
START -5804 1480 26204 2425 1829 -12594 END
START -5588 1672 26272 1744 1852 -12600 END
START -5396 1864 26884 1109 1844 -12580 END
START -5072 1972 27168 521 1711 -12548 END
START -4720 2088 27404 54 1508 -12543 END
START -4504 2156 27492 -347 1356 -12521 END
START -4104 2400 27412 -696 1105 -12485 END
START -4064 2468 27580 -941 829 -12442 END
START -3776 2668 27488 -1227 533 -12385 END
START -3504 2652 27616 -1465 190 -12329 END
START -3192 2720 27532 -1634 -212 -12260 END
START -2984 2884 27568 -1867 -501 -12206 END
START -2704 2856 27564 -2089 -824 -12111 END
START -2496 3044 27488 -2348 -1147 -11964 END
START -2260 2936 27452 -2626 -1427 -11839 END
START -2100 3044 27304 -2924 -1639 -11693 END
START -1772 3072 27252 -3221 -1872 -11570 END
START -1520 3092 27092 -3560 -2111 -11403 END
START -1492 3028 26784 -3865 -2209 -11270 END
START -1396 2936 26732 -4192 -2260 -11123 END
START -1068 2924 26356 -4560 -2288 -11030 END
START -840 2776 26252 -4869 -2199 -10934 END
START -804 2764 26240 -5189 -2097 -10829 END
START -816 2920 26076 -5522 -1947 -10702 END
START -816 3044 25736 -5899 -1787 -10567 END
START -700 2992 25596 -6270 -1581 -10357 END
START -680 3004 25388 -6631 -1417 -10222 END
START -712 3204 25188 -7009 -1146 -10076 END
START -768 3364 24964 -7394 -929 -9890 END
START -740 3276 24688 -7750 -640 -9711 END
START -728 3240 24324 -8144 -254 -9525 END
START -492 3064 23964 -8531 120 -9394 END
START -492 2948 23768 -8900 547 -9284 END
START -456 2752 23804 -9291 1040 -9171 END
START -312 2836 23536 -9696 1468 -9100 END
START -488 2876 23400 -10089 1934 -8917 END
START -252 2680 23108 -10491 2345 -8850 END
START -204 2688 22860 -10877 2655 -8721 END
START -284 2680 22976 -11333 3036 -8635 END
START -248 2820 22864 -11716 3222 -8547 END
START -480 3028 22888 -12157 3404 -8446 END
START -520 3200 22876 -12532 3462 -8341 END
START -500 3216 22812 -12870 3391 -8239 END
START -528 3256 22612 -13244 3244 -8151 END
START -676 3332 22476 -13557 3041 -8077 END
START -640 3344 22060 -13889 2806 -7973 END
START -684 3336 21552 -14133 2509 -7923 END
START -512 3280 21040 -14364 2206 -7852 END
START -608 3384 20596 -14497 1863 -7779 END
START -608 3380 20104 -14630 1609 -7674 END
START -680 3484 19708 -14681 1291 -7636 END
START -632 3580 19016 -14669 972 -7537 END
START -568 3608 18388 -14650 636 -7455 END
START -436 3588 17584 -14533 358 -7324 END
START -520 3716 16972 -14394 190 -7206 END
START -340 4056 15692 -14263 111 -7077 END
START -248 4064 15116 -14100 96 -6864 END
START -120 4264 14356 -13870 182 -6678 END
START -124 4368 13748 -13637 270 -6384 END
START 68 4552 13208 -13431 398 -6072 END
START 168 4492 12500 -13212 544 -5779 END
START 356 4604 12032 -12940 764 -5432 END
START 264 4556 11604 -12730 1088 -5039 END
START 244 4568 11036 -12546 1422 -4695 END
START 144 4420 10620 -12329 1752 -4407 END
START 200 4288 10228 -12156 2094 -4172 END
START 40 4112 9628 -12014 2395 -3943 END
START -52 3904 9368 -11782 2692 -3763 END
START 20 3764 9088 -11608 3041 -3597 END
START 84 3616 8896 -11410 3500 -3427 END
START 84 3512 8568 -11217 3910 -3218 END
START 64 3452 8516 -11001 4268 -3049 END
START -40 3404 8540 -10822 4612 -2862 END
START -108 3288 8440 -10615 4884 -2664 END
START -116 3456 8524 -10512 5045 -2510 END
START -192 3436 8524 -10288 5061 -2359 END
START -144 3452 8532 -10154 5027 -2265 END
START -268 3456 8624 -9977 4830 -2161 END
START -228 3632 8348 -9816 4609 -2021 END
START -24 3828 8124 -9624 4341 -1935 END
START -128 3996 8024 -9418 4035 -1784 END
START -120 4208 7868 -9189 3722 -1611 END
START 12 4336 7544 -8937 3313 -1457 END
START 80 4628 7340 -8627 2913 -1272 END
START 124 4892 6876 -8259 2482 -1039 END
START 40 5132 6416 -7874 2111 -783 END
START 156 5320 6388 -7461 1682 -538 END
START 196 5612 6080 -7010 1246 -187 END
START 248 5884 5408 -6510 828 187 END
START 436 6012 5168 -5961 470 543 END
START 636 6164 4668 -5436 190 946 END
START 668 6120 4540 -4884 -103 1354 END
START 728 6380 4288 -4278 -282 1819 END
START 812 6400 3992 -3759 -552 2270 END
START 712 6584 3752 -3190 -740 2770 END
START 652 6780 3512 -2634 -969 3205 END
START 676 6740 3164 -2184 -1078 3666 END
START 736 6712 2872 -1603 -1223 4056 END
START 596 6692 2760 -1083 -1291 4493 END
START 536 6680 2400 -593 -1287 4921 END
START 524 6920 2152 -118 -1308 5309 END
START 400 7124 2108 341 -1244 5755 END
START 400 7100 1824 772 -1176 6203 END
START 448 7204 1644 1221 -1086 6644 END
START 244 7484 1524 1650 -867 7149 END
START 160 7552 1244 2050 -683 7616 END
START 52 7668 1124 2535 -482 8056 END
START -244 7696 1128 2995 -309 8528 END
START -336 7704 1004 3458 -113 8931 END
START -516 7580 1220 3993 1 9351 END
START -728 7608 1400 4505 40 9700 END
START -1020 7528 1472 5072 93 10075 END
START -1332 7596 1628 5691 127 10438 END
START -1428 7428 1608 6278 84 10734 END
START -1668 7240 1764 6892 -46 10992 END
START -2076 6796 2144 7566 -246 11214 END
START -2352 6552 2276 8277 -422 11382 END
START -2528 6436 2456 9001 -675 11448 END
START -2892 6380 2628 9708 -864 11399 END
START -3040 6316 2860 10394 -1102 11394 END
START -3144 6280 2912 11090 -1295 11340 END
START -3276 6256 2776 11766 -1438 11310 END
START -3324 6316 2892 12348 -1458 11322 END
START -3576 6528 3012 12890 -1484 11362 END
START -3680 6748 2840 13406 -1381 11479 END
START -3768 6992 3160 13904 -1288 11685 END
START -4040 7144 3172 14322 -1161 11871 END
START -4228 7248 3548 14653 -1000 12102 END
START -4488 7388 3548 15011 -824 12331 END
START -4632 7252 3596 15275 -573 12625 END
START -4824 6908 3736 15511 -290 12504 END
START -5156 6444 3920 15742 112 12807 END
START -5608 5996 3952 15925 461 12784 END
START -5952 5760 3940 16163 923 12814 END
START -6324 5548 4180 16363 1427 12810 END
START -6824 5472 4128 16568 1993 12739 END
START -7060 5304 4080 16745 2617 12666 END
START -7640 4964 4388 16907 3189 12654 END
START -8184 4660 4820 17137 3803 12624 END
START -8632 4288 5360 17346 4357 12289 END
START -9136 3940 5868 17581 4767 11929 END
START -9584 3620 6484 17771 5136 11502 END
START -10164 3524 6968 17955 5404 11053 END
START -10548 3472 7284 18088 5631 10650 END
START -11052 3700 7204 18037 5834 10218 END
START -11184 3828 7396 17971 6002 9746 END
START -11540 3772 7432 17960 6155 9293 END
START -11756 3464 8004 17965 6178 8739 END
START -11976 3004 8380 18028 6137 8093 END
START -12144 2700 8888 18179 6058 7419 END
START -12248 2624 9476 18376 5887 6717 END
START -12372 2656 9852 18576 5763 6020 END
START -12572 2756 10612 18796 5575 5381 END
START -12692 3008 11196 18962 5252 4756 END
START -12828 3148 11408 19131 4898 4207 END
START -12896 3332 11464 19160 4656 3753 END
START -13020 3444 11980 19253 4465 3253 END
START -13140 3180 12344 19278 4310 2807 END
START -13324 2708 12872 19342 4177 2278 END
START -13576 2260 13668 19435 3960 1743 END
START -13776 1564 14180 19497 3771 1059 END
START -13760 900 15024 19611 3596 365 END
START -13912 312 15680 19599 3460 -453 END
START -14036 256 16444 19565 3349 -1281 END
START -14548 748 17172 19428 3178 -2310 END
START -14944 1236 18160 19114 2939 -3414 END
START -15024 1896 19096 18666 2500 -4502 END
START -14480 1760 19852 18048 2147 -5585 END
START -14052 1388 20092 17233 1829 -6509 END
START -13396 1008 20028 16269 1729 -7130 END
START -13096 2092 19868 15308 1734 -7697 END
START -13268 3340 19884 14327 1712 -8098 END
START -12916 3708 20128 13385 1716 -8469 END
START -12344 3528 20196 12613 1736 -8805 END
START -11888 3292 19968 11800 1796 -9067 END
START -11684 3260 20048 11128 1870 -9336 END
START -11616 3368 20196 10550 1919 -9581 END
START -11516 3448 20132 10055 1924 -9890 END
START -11428 3644 20216 9669 1937 -10210 END
START -11336 3684 20152 9355 1944 -10545 END
START -11068 3740 20224 9113 1977 -10883 END
START -11120 3660 20392 8987 1924 -11237 END
START -10796 3720 20372 8829 1941 -11572 END
START -10500 3488 20316 8749 1962 -12035 END
START -10168 3516 20552 8620 2023 -12457 END
START -9876 3236 20808 8527 2170 -12950 END
START -9532 3444 21096 8359 2218 -13320 END
START -9552 4068 21536 8141 2236 -13629 END
START -9084 4384 22068 7868 2094 -13860 END
START -8680 4976 22152 7551 1972 -14123 END
START -8292 5196 22204 7234 1833 -14368 END
START -7936 5640 22536 6959 1752 -14530 END