START -2152 616 14844 172 536 -489 END
START 236 2596 13868 -79 -1846 -343 END
START 1636 -1492 6824 65 4 -181 END
START -680 120 12552 -35 610 6 END
START -712 648 13164 45 857 197 END
START -888 576 13136 -25 1167 313 END
START -976 496 13160 -221 1332 416 END
START -744 408 13188 -363 1619 478 END
START -380 348 13280 -510 1973 511 END
START -292 132 13120 -684 2448 499 END
START -292 -108 13312 -809 2776 446 END
START -344 -428 13420 -949 3097 322 END
START -456 -628 13620 -1043 3404 262 END
START -924 -740 13876 -1082 3654 103 END
START -1164 -708 14052 -1114 3764 -78 END
START -1404 -696 14412 -1084 3777 -206 END
START -1596 -824 14344 -1073 3857 -414 END
START -1616 -784 14348 -986 3792 -563 END
START -1900 -788 14328 -913 3789 -746 END
START -1860 -1076 14288 -768 3737 -831 END
START -1600 -1192 14284 -610 3762 -950 END
START -1488 -1324 14296 -453 3817 -1038 END
START -1304 -1396 14360 -349 3800 -1094 END
START -1228 -1484 14600 -230 3800 -1122 END
START -1196 -1208 14672 -161 3854 -1097 END
START -1052 -1120 15068 -103 3898 -1002 END
START -1188 -976 15068 -46 3882 -863 END
START -1292 -980 15508 -79 3811 -645 END
START -1308 -848 15888 -65 3667 -465 END
START -1388 -964 16124 -64 3451 -241 END
START -1560 -1120 16568 -62 3191 -69 END
START -1588 -1112 16712 -28 2861 103 END
START -1624 -1288 16972 -6 2525 299 END
START -1824 -1296 17008 54 2151 439 END
START -1864 -1376 16852 54 1806 554 END
START -1904 -1488 17048 122 1432 674 END
START -1868 -1572 16984 97 1043 770 END
START -1912 -1608 16960 87 764 881 END
START -1996 -1528 16932 74 516 997 END
START -2160 -1516 16960 31 161 1119 END
START -2220 -1668 16812 70 -12 1207 END
START -2180 -1728 16752 61 -157 1334 END
START -2384 -1756 16696 32 -276 1425 END
START -2384 -1904 16772 -23 -434 1545 END
START -2632 -1940 16616 -114 -612 1588 END
START -2600 -2012 16600 -181 -730 1610 END
START -2720 -2200 16340 -259 -817 1584 END
START -2632 -2316 16224 -312 -875 1538 END
START -2780 -2452 15996 -338 -862 1466 END
START -2732 -2368 16000 -410 -864 1345 END
START -2892 -2556 15632 -438 -793 1187 END
START -3064 -2648 15696 -420 -807 1033 END
START -3176 -2820 15380 -480 -712 827 END
START -3088 -2952 15100 -408 -631 603 END
START -3268 -3004 14928 -347 -490 328 END
START -3280 -3036 14700 -251 -334 60 END
START -3216 -3056 14832 -216 -167 -243 END
START -3132 -3132 14764 -152 69 -502 END
START -3068 -3168 14864 -102 196 -816 END
START -2968 -2916 14932 -85 369 -1097 END
START -2908 -2860 15296 -129 491 -1364 END
START -2872 -2572 15524 -182 625 -1564 END
START -3044 -2360 15604 -249 599 -1691 END
START -2860 -2248 15736 -389 599 -1742 END
START -2664 -2064 15780 -458 524 -1755 END
START -2480 -1928 15888 -505 481 -1733 END
START -2280 -1800 15736 -560 396 -1694 END
START -2120 -1700 15848 -592 352 -1655 END
START -2028 -1520 15880 -662 252 -1596 END
START -1976 -1360 15904 -715 158 -1499 END
START -1820 -1196 15804 -805 89 -1378 END
START -1752 -1096 15684 -837 1 -1260 END
START -1740 -976 15732 -903 -158 -1121 END
START -1752 -1040 15696 -996 -242 -943 END
START -1644 -960 15844 -1029 -401 -784 END
START -1616 -880 15536 -1033 -543 -620 END
START -1560 -904 15396 -1049 -708 -438 END
START -1464 -1016 15144 -1042 -840 -318 END
START -1460 -1084 14916 -1019 -969 -166 END
START -1384 -1040 14832 -998 -1111 -114 END
START -1368 -1216 14492 -952 -1237 -9 END
START -1280 -1064 14360 -863 -1329 13 END
START -1200 -1100 14004 -769 -1426 105 END
START -1208 -1000 13724 -676 -1537 121 END
START -1252 -1176 13516 -555 -1552 121 END
START -1124 -1108 13240 -433 -1578 153 END
START -1100 -1124 13156 -285 -1559 128 END
START -1040 -1136 12928 -216 -1579 109 END
START -964 -1064 12888 -125 -1568 38 END
START -1024 -1144 12616 -55 -1545 -24 END
START -840 -1072 12244 20 -1509 -79 END
START -840 -1008 12148 77 -1408 -174 END
START -840 -988 11868 139 -1310 -278 END
START -824 -896 11632 200 -1188 -332 END
START -928 -852 11444 262 -1052 -418 END
START -1012 -800 11172 331 -855 -482 END
START -816 -664 10820 400 -663 -519 END
START -920 -592 10676 493 -437 -586 END
START -908 -628 10624 591 -272 -620 END
START -1000 -544 10584 693 -123 -644 END
START -1116 -440 10624 807 9 -691 END
START -1136 -368 10436 903 90 -692 END
START -1192 -280 10444 1046 196 -670 END
START -1276 -184 10336 1149 211 -654 END
START -1160 -84 10296 1282 278 -649 END
START -1260 -40 10484 1439 295 -671 END
START -1264 -32 10480 1532 316 -623 END
START -1320 -4 10400 1633 288 -599 END
START -1224 92 10144 1735 285 -600 END
START -1224 172 10292 1830 255 -559 END
START -1248 308 10232 1933 186 -558 END
START -1192 372 10048 1993 80 -481 END
START -1384 524 10140 2103 -61 -422 END
START -1488 604 10020 2139 -160 -321 END
START -1516 624 9896 2292 -311 -181 END
START -1580 788 9668 2397 -433 -89 END
START -1696 768 9756 2573 -614 45 END
START -1756 740 9548 2707 -697 173 END
START -1808 752 9452 2866 -882 295 END
START -2068 832 9264 3039 -1005 356 END
START -2164 740 9132 3239 -1133 449 END
START -2228 656 8780 3420 -1280 491 END
START -2416 664 8680 3585 -1387 562 END
START -2660 716 8684 3743 -1467 628 END
START -2832 636 8344 3931 -1541 646 END
START -2984 612 7972 4151 -1616 666 END
START -3008 636 7680 4352 -1620 618 END
START -3108 436 7532 4579 -1595 573 END
START -3128 260 7404 4853 -1534 498 END
START -3304 184 7272 5168 -1509 378 END
START -3340 284 7252 5502 -1407 252 END
START -3460 212 7232 5834 -1412 110 END
START -3360 324 6928 6160 -1354 22 END
START -3320 516 7268 6461 -1314 -74 END
START -3180 432 6972 6794 -1238 -187 END
START -2884 500 7028 7024 -1155 -224 END
START -2684 596 6920 7232 -1096 -323 END
START -2468 628 6736 7353 -914 -408 END
START -2288 568 6628 7524 -653 -465 END
START -2052 680 6740 7628 -393 -544 END
START -1884 704 6668 7719 -73 -646 END
START -1588 504 6396 7803 237 -770 END
START -1328 476 6360 7875 585 -927 END
START -1120 456 6308 7915 963 -1100 END
START -912 324 6272 7949 1416 -1308 END
START -692 368 6268 7955 1943 -1518 END
START -500 304 6264 7999 2433 -1722 END
START -460 592 6200 7986 3033 -1919 END
START -356 664 6252 7973 3578 -2101 END
START -328 756 6628 7963 4075 -2248 END
START -176 976 6636 7930 4509 -2345 END
START -120 1124 7276 7921 4914 -2447 END
START -172 1268 7600 7886 5124 -2526 END
START -296 1504 7924 7845 5304 -2605 END
START -432 1728 8428 7955 5235 -2609 END
START -300 1972 8984 8081 5129 -2638 END
START -404 2084 9320 8322 4830 -2554 END
START -368 2288 9708 8638 4447 -2514 END
START -408 2600 10116 9049 3911 -2348 END
START -484 2960 10172 9530 3325 -2237 END
START -444 3356 10292 10051 2708 -2055 END
START -312 3764 10484 10647 2051 -1873 END
START -324 3900 10588 11266 1403 -1652 END
START -168 4204 10752 12091 758 -1376 END
START -16 4552 10816 12488 181 -1111 END
START 184 4560 10588 13070 -355 -791 END
START 460 4720 10540 13591 -751 -510 END
START 792 4852 10536 14094 -1013 -182 END
START 1140 4984 10372 14551 -1170 137 END
START 1232 5152 10408 14902 -1183 429 END
START 1324 5300 10492 15206 -1095 745 END
START 1456 5220 10492 15446 -868 1007 END
START 1548 5176 10892 15551 -574 1270 END
START 1500 5144 11228 15643 -320 1472 END
START 1296 5220 11324 15617 -19 1610 END
START 1180 5264 11608 15529 244 1745 END
START 1044 5400 11648 15392 569 1816 END
START 1020 5344 11880 15284 935 1905 END
START 868 5236 11956 15182 1382 1969 END
START 776 5264 12236 15041 1811 2016 END
START 484 5288 12608 14899 2246 2016 END
START 84 5260 12712 14774 2581 2027 END
START -212 5272 13220 14683 2841 1965 END
START -396 5208 13540 14648 3105 1930 END
START -828 5084 14052 14595 3246 1864 END
START -1092 4976 14596 14620 3354 1850 END
START -1304 5048 14920 14649 3421 1811 END
START -1716 5108 15504 14694 3365 1764 END
START -1992 4992 15772 14755 3276 1726 END
START -2184 5084 16032 14829 3106 1701 END
START -2388 5008 16468 14941 2988 1664 END
START -2416 4928 16916 14989 2829 1633 END
START -2500 4912 17208 15061 2664 1609 END
START -2656 4756 17640 15137 2435 1570 END
START -2836 4576 17844 15193 2251 1484 END
START -2844 4444 18480 15217 2024 1393 END
START -2920 4368 18800 15267 1741 1328 END
START -2840 4304 19132 15258 1501 1206 END
START -2864 4200 19408 15202 1218 1159 END
START -2768 4368 19572 15152 1059 1074 END
START -2740 4444 19828 15030 835 976 END
START -2628 4560 20012 14934 694 932 END
START -2600 4476 19992 14775 580 885 END
START -2340 4500 20260 14634 574 833 END
START -2224 4608 20364 14502 612 807 END
START -2204 4580 20460 14362 651 796 END
START -2252 4640 20696 14159 795 697 END
START -2220 4844 20716 13950 939 645 END
START -2168 5028 20868 13647 1136 556 END
START -2132 5340 20960 13293 1413 554 END
START -2380 5452 21224 12881 1686 624 END
START -2508 5484 21888 12655 1939 812 END
START -2620 5632 22044 12373 2174 1021 END
START -2740 5584 22568 12278 2312 1128 END
START -3008 5340 22972 12055 2356 1199 END
START -3328 5136 23600 12008 2308 1148 END
START -3628 5124 23832 12029 2100 1142 END
START -3908 5024 24340 11982 1937 1139 END
START -4132 5096 24632 11618 1698 1155 END
START -4228 5124 24916 11575 1439 1049 END
START -4080 4808 25044 11304 1253 1001 END
START -4096 4696 25112 11214 1146 918 END
START -4040 4580 25428 10984 1043 771 END
START -3840 4528 25652 10733 988 634 END
START -3772 4576 25900 10454 974 481 END
START -3476 4508 25996 10142 953 366 END
START -3440 4580 26164 9754 974 257 END
START -3100 4460 26316 9362 1013 140 END
START -3060 4336 26440 8930 1066 10 END
START -2816 4376 26660 8524 1122 -113 END
START -2636 4404 26816 8053 1187 -225 END
START -2592 4244 26960 7689 1263 -330 END
START -2408 4408 27156 7323 1306 -379 END
START -2260 4508 27196 7011 1350 -404 END
START -2140 4456 27472 6651 1420 -383 END
START -2112 4492 27896 6353 1458 -332 END
START -1944 4656 27936 6028 1535 -197 END
START -1904 4660 28296 5702 1560 -121 END
START -1940 4768 28776 5391 1554 19 END
START -1928 4760 29152 5076 1566 183 END
START -1824 4732 29312 4781 1457 354 END
START -1884 4876 29792 4442 1420 561 END
START -1896 4932 30068 4105 1314 811 END
START -1960 4944 30468 3720 1186 1048 END
START -2036 4968 30564 3345 1082 1206 END
START -1996 5012 30656 2994 1014 1424 END
START -2100 4908 30840 2569 923 1621 END
START -2268 4872 31088 2153 825 1758 END
START -2444 4816 30976 1682 796 1916 END
START -2548 4776 30996 1179 703 2034 END
START -2752 4788 30960 619 672 2103 END
START -2844 4604 30780 15 677 2144 END
START -2924 4600 30584 -516 695 2108 END
START -3256 4552 30544 -1060 771 2046 END
START -3504 4448 30240 -1621 819 1996 END
START -3720 4476 30136 -2098 928 1923 END
START -3868 4368 29940 -2608 967 1776 END
START -3984 4384 29780 -3095 1030 1645 END
START -4036 4316 29496 -3582 1029 1477 END
START -4236 4364 29356 -4071 1037 1294 END
START -4164 4460 29364 -4530 969 1145 END
START -4364 4412 28980 -4930 995 982 END
START -4388 4576 28464 -5284 997 813 END
START -4320 4600 28060 -5706 978 609 END
START -4364 4716 27752 -6027 990 528 END
START -4288 4868 27300 -6377 1051 349 END
START -4184 4780 26916 -6715 1126 250 END
START -4144 4808 26612 -7053 1174 169 END
START -4132 4868 26404 -7365 1258 60 END
START -4140 4888 26100 -7701 1284 -27 END
START -4020 4852 26008 -8001 1232 -66 END
START -4012 4876 25768 -8320 1210 -124 END
START -3672 4624 25484 -8567 1203 -173 END
START -3696 4580 25232 -8880 1204 -181 END
START -3356 4480 24932 -9110 1153 -242 END
START -3212 4400 24812 -9357 1111 -263 END
START -3088 4352 24364 -9544 1116 -221 END
START -2860 4204 24284 -9739 1064 -150 END
START -2732 4156 24192 -9925 1074 -81 END
START -2584 4136 23820 -10127 1064 2 END
START -2600 4024 23796 -10325 1065 38 END
START -2420 4048 23584 -10505 1026 109 END
START -2476 4012 23484 -10735 963 152 END
START -2504 3980 23212 -10952 942 204 END
START -2576 4080 22948 -11154 866 198 END
START -2592 3992 22860 -11357 803 206 END
START -2604 4152 22488 -11520 749 218 END
START -2532 4108 22264 -11654 665 213 END
START -2528 3992 21932 -11754 622 217 END
START -2660 4136 21752 -11879 576 231 END
START -2696 4172 21480 -11935 534 234 END
START -2844 4296 21344 -11974 473 261 END
START -2788 4236 20984 -12048 462 286 END
START -2864 4288 20916 -12063 467 307 END
START -2992 4276 20624 -12092 438 309 END
START -3120 4224 20708 -12133 419 291 END
START -3100 4176 20556 -12183 397 258 END
START -3152 4264 20400 -12275 416 269 END
START -3224 4152 20384 -12330 481 207 END
START -3328 3968 20264 -12490 438 200 END
START -3328 3996 20196 -12585 450 140 END
START -3428 3868 20072 -12729 420 5 END
START -3408 3856 19852 -12864 418 -65 END
START -3460 3892 19772 -13054 364 -187 END
START -3584 3828 19584 -13241 301 -275 END
START -3492 3760 19388 -13401 212 -376 END
START -3440 3812 19192 -13584 194 -488 END
START -3472 3884 18968 -13688 100 -576 END
START -3496 3840 18688 -13796 12 -693 END
START -3364 3872 18352 -13837 6 -712 END
START -3348 3892 18200 -13886 13 -766 END
START -3404 4092 17892 -13896 -113 -798 END
START -3216 4164 17720 -13957 -152 -821 END
START -3196 4224 17420 -13932 -172 -826 END
START -3036 4148 17364 -13907 -234 -864 END
START -2972 4156 16764 -13897 -246 -913 END
START -2844 4184 16628 -13923 -218 -899 END
START -2780 4204 16312 -13894 -260 -937 END
START -2724 4196 16208 -13882 -234 -923 END
START -2732 4340 16132 -13929 -268 -899 END
START -2804 4376 15824 -13903 -293 -866 END
START -2632 4396 15812 -13944 -353 -854 END
START -2732 4488 15616 -13927 -438 -783 END
START -2752 4324 15412 -13865 -607 -724 END
START -2760 4388 15308 -13846 -725 -628 END
START -2684 4128 14928 -13743 -880 -635 END
START -2720 4160 14612 -13695 -996 -573 END
START -2764 4052 14204 -13562 -1142 -578 END
START -2732 3960 13788 -13416 -1207 -571 END
START -2572 3716 13208 -13283 -1314 -589 END
START -2632 3608 12844 -13136 -1294 -680 END
START -2700 3476 12536 -12991 -1269 -759 END
START -2788 3536 12228 -12829 -1213 -900 END
START -2736 3416 11832 -12671 -1148 -1009 END
START -2692 3316 11656 -12458 -1105 -1147 END
START -2716 3268 11696 -12302 -1079 -1269 END
START -2908 3268 11420 -12107 -1046 -1343 END
START -2812 3244 11172 -11886 -992 -1474 END
START -2876 3188 11204 -11676 -1005 -1558 END
START -2824 3320 10852 -11498 -1023 -1630 END
START -2692 3464 10824 -11356 -1028 -1668 END
START -2428 3432 10748 -11212 -1016 -1760 END
START -2420 3588 10452 -11100 -1068 -1804 END
START -2260 3696 10356 -11022 -1076 -1828 END
START -2216 3808 10188 -11022 -1053 -1809 END
START -2024 3792 9812 -11013 -1057 -1776 END
START -1876 3832 9756 -10995 -1025 -1720 END
START -1804 3916 9276 -10932 -961 -1688 END
START -1788 3888 9184 -10885 -937 -1627 END
START -1872 3868 8860 -10798 -874 -1563 END
START -1780 3856 8656 -10686 -804 -1485 END
START -1752 3892 8260 -10550 -772 -1426 END
START -1660 3748 8144 -10380 -712 -1353 END
START -1644 3704 7892 -10195 -684 -1305 END
START -1596 3572 7472 -9953 -680 -1242 END
START -1508 3468 7328 -9654 -622 -1163 END
START -1452 3368 7124 -9348 -619 -1119 END
START -1436 3296 7020 -9021 -566 -1066 END
START -1408 3296 6704 -8717 -556 -980 END
START -1260 3396 6592 -8463 -565 -904 END
START -1156 3372 6536 -8247 -498 -845 END
START -1048 3456 6284 -8022 -459 -744 END
START -1056 3496 5980 -7883 -394 -648 END
START -940 3392 5888 -7675 -322 -517 END
START -888 3204 5744 -7473 -279 -386 END
START -848 3176 5904 -7293 -226 -301 END
START -860 3052 5652 -7036 -192 -209 END
START -756 2820 5436 -6783 -148 -131 END
START -1012 2760 5480 -6463 -133 -73 END
START -1112 2720 5348 -6116 -187 -31 END
START -1120 2628 5308 -5795 -205 30 END
START -1376 2512 5388 -5417 -317 37 END
START -1476 2368 5412 -5031 -437 99 END
START -1588 2312 5312 -4616 -594 111 END
START -1776 2152 5336 -4146 -714 145 END
START -2084 1992 5368 -3727 -832 153 END
START -2124 1920 5408 -3250 -1025 171 END
START -2268 1724 5268 -2785 -1128 175 END
START -2368 1592 5452 -2317 -1283 145 END
START -2588 1412 5528 -1886 -1381 119 END
START -2708 1404 5632 -1455 -1462 82 END
START -2892 1264 5904 -1051 -1565 23 END
START -3012 952 6120 -732 -1636 -38 END
START -3076 928 6260 -383 -1751 -124 END
START -3040 708 6556 -22 -1907 -256 END
START -2796 428 6892 259 -1979 -379 END
START -2648 340 7100 535 -2047 -559 END
START -2432 336 7288 785 -2107 -716 END
START -2328 444 7632 975 -2116 -890 END
START -2016 464 7844 1111 -2132 -1041 END
START -1648 576 8192 1214 -2059 -1107 END
START -1332 576 8204 1271 -1905 -1159 END
START -924 592 8444 1317 -1758 -1207 END
START -732 784 8712 1293 -1506 -1263 END
START -512 684 9032 1287 -1250 -1328 END
START -352 812 9276 1229 -1048 -1278 END
START -124 868 9740 1196 -765 -1292 END
START -36 1168 10020 1124 -554 -1186 END
START -228 1380 10300 1084 -271 -1071 END
START -172 1472 10832 1082 -76 -902 END
START -232 1520 11004 1041 127 -716 END
START -444 1556 11588 988 272 -501 END
START -508 1480 12384 987 376 -306 END
START -788 1532 12716 920 416 -80 END
START -868 1480 13100 879 418 73 END
START -1160 1512 13676 811 298 238 END
START -1372 1348 14116 744 177 406 END
START -1440 1272 14488 708 31 556 END
START -1564 1116 14872 656 -150 658 END
START -1916 916 15088 633 -322 765 END
START -1940 840 15400 628 -492 847 END
START -2176 616 15504 606 -675 995 END
START -2160 348 15744 596 -890 1000 END
START -2220 268 15612 603 -988 1006 END
START -2216 152 15684 502 -1063 1003 END
START -2160 16 15696 464 -1089 963 END
START -2252 -36 15876 401 -1085 966 END
START -2388 -96 16120 350 -1106 947 END
START -2436 -264 16284 288 -1059 947 END
START -2436 -384 16100 197 -1031 929 END
START -2496 -412 16476 143 -966 906 END
START -2372 -616 16424 70 -872 830 END
START -2268 -620 16508 -67 -769 809 END
START -2400 -604 16720 -183 -595 756 END
START -2424 -584 16728 -390 -478 676 END
START -2536 -532 16760 -539 -302 626 END
START -2612 -664 16936 -722 -165 599 END
START -2660 -564 17036 -886 18 601 END
START -2716 -744 17144 -1087 184 607 END
START -2908 -652 17116 -1282 315 602 END
START -3068 -984 17348 -1433 428 593 END
START -3264 -1076 17400 -1607 475 629 END
START -3508 -1208 17532 -1711 507 605 END
START -3816 -1308 17716 -1813 474 586 END
START -4144 -1544 17836 -1922 420 543 END
START -4376 -1664 17876 -1954 248 513 END
START -4696 -1800 18088 -1999 81 478 END
START -4732 -1876 17984 -2012 -118 414 END
START -4980 -1992 18176 -2029 -348 369 END
START -5236 -2168 18092 -2018 -545 271 END
START -5532 -2136 18056 -1972 -807 211 END
START -5704 -2296 18312 -2014 -997 118 END
START -5836 -2408 18344 -2036 -1209 44 END
START -6080 -2476 18264 -2096 -1387 -65 END
START -6228 -2668 18308 -2145 -1602 -141 END
START -6324 -2752 18396 -2236 -1769 -268 END
START -6460 -2748 18216 -2333 -1954 -427 END
START -6684 -2952 18328 -2515 -2158 -586 END
START -6868 -3072 18464 -2628 -2352 -750 END
START -6996 -3120 18304 -2783 -2537 -952 END
START -7168 -3188 18360 -2935 -2762 -1161 END
START -7280 -3288 18068 -3110 -3001 -1377 END
START -7540 -3376 18012 -3247 -3131 -1599 END
START -7528 -3404 17892 -3367 -3386 -1857 END
START -7680 -3536 17684 -3518 -3487 -2109 END
START -7712 -3732 17536 -3583 -3656 -2404 END
START -7896 -3732 17204 -3717 -3714 -2712 END
START -8040 -3664 16996 -3791 -3753 -3045 END
START -8180 -3856 16748 -3923 -3829 -3344 END
START -8116 -3780 16448 -3985 -3797 -3687 END
START -8072 -3808 16012 -4071 -3749 -4052 END
START -8240 -3864 15736 -4123 -3646 -4369 END
START -8212 -3840 15692 -4193 -3561 -4717 END
START -8252 -3892 15408 -4258 -3522 -5076 END
START -8216 -4244 15068 -4294 -3447 -5440 END
START -8268 -4216 14728 -4304 -3312 -5857 END
START -8292 -4192 14556 -4276 -3156 -6264 END
START -8284 -4140 14228 -4285 -2887 -6679 END
START -8216 -4088 13828 -4338 -2528 -7148 END
START -8260 -4036 13480 -4475 -2029 -7559 END
START -8100 -3816 13252 -4700 -1577 -8023 END
START -8120 -3816 12836 -4956 -1006 -8473 END
START -8104 -3692 12620 -5258 -405 -8901 END
START -8100 -3720 12480 -5579 232 -9417 END
START -8000 -3616 12212 -5869 847 -9847 END
START -8028 -3480 11944 -6216 1507 -10394 END
START -7956 -3544 12052 -6539 2194 -10860 END
START -8068 -3604 11824 -6883 2784 -11400 END
START -8092 -3352 11720 -7222 3362 -11933 END
START -8244 -3284 11508 -7526 3890 -12429 END
START -8084 -3304 11444 -7895 4388 -12974 END
START -8328 -3200 11236 -8186 4819 -13490 END
START -8196 -2984 10936 -8403 5232 -14023 END
START -8076 -3048 10560 -8590 5606 -14529 END
START -7980 -3112 10380 -8726 5890 -15003 END
START -7792 -3088 10132 -8758 6152 -15495 END
START -7720 -2960 10124 -8701 6245 -15899 END
START -7440 -2808 9792 -8583 6224 -16284 END
START -7172 -2684 9540 -8367 6172 -16606 END
START -6800 -2488 9260 -8108 6013 -16818 END
START -6560 -2500 8804 -7701 5890 -17034 END
START -6312 -2576 8708 -7306 5652 -17213 END
START -5868 -2356 8432 -6808 5401 -17258 END
START -5668 -2232 8220 -6274 5010 -17388 END
START -5036 -2168 7936 -5714 4654 -17466 END
START -4644 -2028 7468 -5047 4153 -17500 END
START -4292 -1904 7456 -4333 3739 -17553 END
START -3736 -1856 7144 -3572 3214 -17477 END
START -3060 -1688 6936 -2746 2724 -17391 END
START -2488 -1456 6756 -1905 2240 -17251 END
START -1976 -1280 6408 -1057 1814 -17064 END
START -1444 -1196 6336 -240 1400 -16902 END
START -952 -768 6208 550 988 -16624 END
START -544 -508 5916 1311 661 -16412 END
START -148 -216 5856 2062 321 -16138 END
START 480 152 5736 2720 25 -15810 END
START 860 256 5424 3424 -159 -15450 END
START 1240 524 5500 4003 -261 -15129 END
START 1624 884 5264 4658 -249 -14730 END
START 2056 912 5264 5203 -124 -14347 END
START 2352 1236 5324 5772 36 -14000 END
START 2704 1472 5308 6268 235 -13650 END
START 2716 1664 5660 6731 418 -13283 END
START 2940 1696 5984 7142 643 -12987 END
START 3036 1768 6452 7512 870 -12661 END
START 3276 1804 6524 7766 1052 -12406 END
START 3316 1840 6960 8029 1289 -12189 END
START 3404 1816 7348 8271 1463 -12030 END
START 3632 2028 7552 8468 1627 -11896 END
START 3740 2108 8088 8676 1835 -11702 END
START 3908 2240 8484 8906 1977 -11516 END
START 4220 2304 9152 9158 2037 -11327 END
START 4336 2240 9680 9359 1923 -11136 END
START 4628 2192 10260 9641 1808 -10927 END
START 4912 2368 10648 9886 1584 -10755 END
START 5124 2468 11184 10170 1347 -10580 END
START 5296 2728 11784 10459 958 -10379 END
START 5868 2896 12080 10750 547 -10131 END
START 6080 3176 12548 11004 65 -9864 END
START 6536 3432 12916 11281 -378 -9564 END
START 6916 3820 13064 11487 -762 -9259 END
START 7416 4224 13100 11733 -1141 -8852 END
START 7892 4712 13192 12065 -1345 -8357 END
START 8408 5080 13208 12155 -1506 -7862 END
START 8784 5532 13352 12103 -1501 -7243 END
START 9144 5820 13408 12090 -1505 -6633 END
START 9424 6124 13648 12085 -1463 -5961 END
START 9456 6120 13896 12062 -1327 -5281 END
START 9924 6240 14096 12061 -1264 -4569 END
START 9932 6292 14324 12066 -1190 -3893 END
START 9856 6228 14640 12064 -1138 -3216 END
START 10016 5880 14748 12055 -1055 -2530 END
START 10064 5652 14860 12064 -989 -1904 END
START 10060 5420 15164 12057 -835 -1328 END
START 9960 5272 15220 12011 -678 -777 END
START 10004 5220 15164 11757 -437 -337 END
START 10084 5188 15248 11809 -145 135 END
START 9904 5260 15456 11508 152 584 END
START 9780 5356 15660 11356 489 1055 END
START 9672 5356 15476 11151 811 1517 END
START 9644 5416 15708 10921 1167 1983 END
START 9436 5280 15920 10757 1546 2379 END
START 9360 5084 16188 10563 1992 2820 END
START 9160 5096 16596 10368 2315 3193 END
START 8816 5028 16964 10156 2599 3535 END
START 8448 5048 17516 9981 2816 3889 END
START 8212 5112 18028 9753 2928 4124 END
START 8168 4984 18344 9485 2993 4459 END
START 7920 4924 18744 9219 3055 4731 END
START 7760 4976 18992 8967 3046 4983 END
START 7760 4924 18932 8666 3025 5217 END
START 7712 4916 18988 8398 3049 5421 END
START 7824 4900 19100 8105 3112 5698 END
START 7692 5032 19100 7845 3199 5885 END
START 7496 4996 19036 7640 3310 6125 END
START 7484 5060 19216 7412 3469 6414 END
START 7548 4960 19144 7208 3563 6678 END
START 7296 5056 19216 7036 3677 6929 END
START 7152 5132 19496 6862 3782 7196 END
START 7120 5144 19624 6700 3871 7466 END
START 7192 5056 19976 6518 3948 7703 END
START 7124 5236 20184 6299 3990 7990 END
START 6980 5372 20384 6092 4032 8343 END
START 7032 5496 20716 5843 3963 8673 END
START 6916 5556 20672 5623 3915 9050 END
START 6972 5812 21120 5334 3851 9467 END
START 7056 5952 21120 4992 3918 9877 END
START 7008 6128 21280 4701 3911 10311 END
START 6968 6260 21228 4292 4024 10791 END
START 6936 6328 21140 3893 4104 11260 END
START 6956 6588 21084 3425 4297 11772 END
START 6796 6756 20988 2975 4534 12271 END
START 6604 6616 21132 2539 4800 12810 END
START 6408 6720 20892 2105 5075 13134 END
START 6124 6744 20908 1683 5413 13823 END
START 5768 6800 21052 1229 5675 14366 END
START 5208 6908 21152 799 5930 14908 END
START 4672 6904 21212 363 6095 15478 END
START 4364 6800 21304 -69 6204 16018 END
START 3972 6728 21496 -374 6280 16582 END
START 3484 6724 21568 -667 6363 17122 END
START 2836 6428 21716 -924 6378 17742 END
START 2496 6408 21776 -1190 6303 18330 END
START 1800 6340 22072 -1397 6302 18928 END
START 1296 6152 22092 -1691 6195 19514 END
START 788 5924 22256 -1987 6103 20149 END
START 176 5712 22424 -2322 5909 20683 END
START -452 5460 22756 -2653 5787 21268 END
START -1388 5348 23008 -3027 5612 21762 END
START -2484 5044 23324 -3410 5332 22250 END
START -3460 4376 23472 -3794 5011 22598 END
START -4544 3612 23552 -4209 4605 22856 END
START -5736 2792 23672 -4623 4112 22924 END
START -6728 2132 23280 -5032 3618 22802 END
START -7836 1528 22888 -5388 3122 22556 END
START -8848 992 22372 -5736 2811 22141 END
START -9684 248 21816 -5986 2560 21700 END
START -10616 -344 21184 -6192 2376 21131 END
START -11548 -724 20508 -6341 2313 20570 END
START -12220 -1260 19916 -6468 2304 19956 END
START -12992 -1660 19344 -6514 2371 19236 END
START -13736 -2200 18920 -6542 2494 18552 END
START -14556 -2640 18596 -6476 2688 17835 END
START -15252 -3088 18176 -6377 2841 17102 END
START -15668 -3632 18164 -6265 2988 16229 END
START -16160 -4132 18064 -6143 3218 15465 END
START -16408 -4812 18028 -6040 3370 14579 END
START -16604 -5296 18068 -6036 3551 13712 END
START -16940 -5592 18148 -6136 3738 12583 END
START -17248 -5840 18396 -6301 3834 12058 END
START -17696 -6080 18552 -6509 3728 11069 END
START -17868 -6436 18104 -6757 3848 10269 END
START -18192 -6876 18292 -6980 3772 9434 END
START -18492 -6960 18392 -7177 3669 8589 END
START -18872 -7196 18152 -7319 3526 7783 END
START -19192 -7440 17868 -7455 3261 7000 END
START -19544 -7752 17884 -7478 3022 6176 END
START -19820 -8044 17388 -7459 2683 5292 END
START -20056 -8248 17132 -7359 2393 4368 END
START -20300 -8484 16664 -7203 2069 3414 END
START -20472 -8600 16600 -6973 1717 2443 END
START -20660 -8776 16472 -6710 1286 1433 END
START -20564 -8796 16240 -6428 870 384 END
START -20636 -8684 15980 -6126 466 -587 END
START -20428 -8628 15808 -5853 -31 -1570 END
START -20148 -8464 15468 -5571 -449 -2588 END
START -20008 -8064 15432 -5288 -904 -3542 END
START -19604 -7756 15292 -5079 -1327 -4441 END
START -19072 -7320 14892 -4846 -1700 -5282 END
START -18656 -6868 14668 -4638 -2029 -6085 END
START -17964 -6460 14324 -4470 -2305 -6752 END
START -17232 -6076 14096 -4286 -2468 -7382 END
START -16812 -5704 13788 -4159 -2579 -7961 END
START -16364 -5208 13512 -4023 -2662 -8491 END
START -15816 -4836 13180 -3923 -2703 -8974 END
START -15316 -4568 13156 -3802 -2766 -9441 END
START -14816 -4248 12992 -3739 -2747 -9836 END
START -14396 -4004 12780 -3590 -2798 -10261 END
START -14080 -3704 12552 -3446 -2772 -10667 END
START -13756 -3380 12420 -3263 -2785 -11049 END
START -13252 -3176 12152 -3056 -2760 -11436 END
START -12900 -2944 11860 -2857 -2816 -11842 END
START -12560 -2644 11804 -2663 -2804 -12211 END
START -12140 -2420 11688 -2467 -2877 -12593 END
START -11768 -2212 11616 -2265 -2914 -12956 END
START -11224 -1872 11464 -2077 -2906 -13302 END
START -10820 -1508 11328 -1885 -2957 -13602 END
START -10452 -1300 11044 -1704 -2931 -13882 END
START -9880 -936 10732 -1563 -2886 -14144 END
START -9456 -624 10596 -1431 -2782 -14356 END
START -9016 -412 10468 -1303 -2720 -14536 END
START -8540 -136 10204 -1168 -2600 -14743 END
START -8268 -12 10136 -1029 -2474 -14880 END
START -7928 168 10024 -863 -2401 -14992 END
START -7556 392 9984 -689 -2376 -15122 END
START -7172 548 10100 -459 -2386 -15199 END
START -6924 692 9912 -220 -2477 -15239 END
START -6560 736 9892 26 -2608 -15253 END
START -6192 764 9764 333 -2718 -15283 END
START -5720 868 9408 657 -2877 -15333 END
START -5604 964 9272 1016 -2974 -15366 END
START -5288 1028 9080 1400 -3095 -15427 END
START -4936 1148 8560 1825 -3179 -15456 END
START -4484 1360 8376 2297 -3211 -15441 END
START -4288 1524 8252 2792 -3226 -15426 END
START -3748 1800 8124 3231 -3225 -15351 END
START -3428 1976 8088 3642 -3233 -15262 END
START -2952 2024 8144 4080 -3217 -15189 END
START -2608 2204 8068 4460 -3200 -15098 END
START -2180 2404 8008 4785 -3165 -14978 END
START -1628 2460 8188 5093 -3153 -14884 END
START -1284 2820 8108 5377 -3012 -14758 END
START -1044 3068 8100 5597 -2881 -14593 END
START -616 3404 8000 5808 -2716 -14444 END
START -320 3624 8112 5983 -2523 -14252 END
START -16 3852 7952 6120 -2405 -14001 END
START 220 4072 8056 6253 -2196 -13762 END
START 472 4140 8132 6410 -1999 -13563 END
START 728 4152 8028 6558 -1785 -13358 END
START 1112 4336 8020 6723 -1573 -13117 END
START 1396 4276 8100 6826 -1266 -12901 END
START 1504 4272 8220 6947 -1130 -12745 END
START 1560 4380 8340 7093 -901 -12537 END
START 1748 4388 8640 7219 -793 -12384 END
START 1876 4380 8432 7410 -663 -12231 END
START 2040 4380 8412 7635 -521 -12117 END
START 2096 4268 8424 7857 -375 -12010 END
START 2348 4464 8472 8050 -241 -11928 END
START 2408 4412 8404 8291 -135 -11878 END
START 2484 4488 8632 8504 -69 -11819 END
START 2540 4764 8960 8710 -6 -11755 END
START 2684 4892 8912 9012 108 -11661 END
START 3008 5088 9028 9216 202 -11581 END
START 3372 5204 9068 9410 373 -11480 END
START 3644 5216 9320 9588 550 -11407 END
START 4060 5404 9448 9659 751 -11289 END
START 4328 5572 9788 9709 946 -11140 END
START 4564 5896 9992 9703 1113 -10907 END
START 4892 6100 10164 9664 1273 -10672 END
START 5092 6360 10608 9572 1428 -10353 END
START 5460 6468 10508 9431 1614 -9994 END
START 5616 6660 10804 9390 1706 -9668 END
START 5856 6932 10844 9247 1879 -9275 END
START 6212 7000 11128 9209 2007 -8817 END
START 6168 7152 11232 9127 2091 -8414 END
START 6264 7284 11484 9045 2196 -7903 END
START 6192 7128 11604 9027 2189 -7455 END
START 6284 7088 11700 9040 2168 -6943 END
START 6384 6944 11436 9076 2204 -6502 END
START 6556 6836 11732 9126 2216 -6070 END
START 6532 6796 11656 9176 2302 -5642 END
START 6620 6652 11724 9246 2342 -5234 END
START 6616 6712 11708 9254 2424 -4818 END
START 6352 6716 12032 9261 2458 -4443 END
START 6504 6708 12164 9317 2424 -4076 END
START 6624 6572 12116 9344 2462 -3682 END
START 6868 6532 12220 9397 2653 -3321 END
START 7044 6564 12224 9481 2900 -2987 END
START 7176 6892 12188 9461 3245 -2652 END
START 7324 7044 12188 9381 3587 -2320 END
START 7464 7288 12572 9238 4068 -1908 END
START 7584 7640 12620 9029 4603 -1544 END
START 7596 7912 13024 8789 5149 -1104 END
START 7744 8080 13476 8457 5684 -713 END
START 7608 8328 13784 8172 6122 -208 END
START 7432 8468 14296 7803 6458 247 END
START 7168 8488 14988 7512 6734 719 END
START 6916 8400 15592 7277 6983 1170 END
START 6464 8180 16008 7151 7118 1611 END
START 6068 7920 16476 7054 7172 1950 END
START 5744 7612 16920 7004 7139 2274 END
START 5336 7248 17292 7047 7001 2487 END
START 5112 6916 17652 7110 6884 2623 END
START 5016 6880 17688 7059 6727 2688 END
START 4876 6804 17824 7027 6531 2727 END
START 4968 6760 17976 6978 6329 2835 END
START 4712 6908 18624 6924 6073 3044 END
START 4800 6976 18668 6953 5852 3284 END
START 5088 6884 18968 7052 5673 3576 END
START 5044 6916 19472 7152 5348 3877 END
START 5428 6876 19368 7258 5135 4111 END
START 5420 6640 19592 7336 4935 4351 END
START 5632 6744 19868 7310 4649 4670 END
START 5700 6896 20008 7248 4483 5005 END
START 5796 7124 20056 7181 4258 5347 END
START 5688 7388 20084 7068 4099 5761 END
START 5812 7352 20188 6940 4009 6247 END
START 5956 7468 20260 6863 4012 6727 END
START 5996 7512 20276 6750 4100 7289 END
START 6076 7588 20300 6646 4153 7840 END
START 5968 7588 20616 6538 4210 8428 END
START 5756 7656 20552 6358 4270 8959 END
START 5548 7484 20780 6206 4314 9533 END
START 5248 7516 20784 6051 4316 10090 END
START 4984 7392 21076 5876 4386 10570 END
START 4748 7260 21164 5698 4404 11097 END
START 4380 6896 21620 5543 4410 11612 END
START 3888 6576 21696 5382 4420 11998 END
START 3480 6572 21804 5175 4385 12333 END
START 3300 6408 21856 4973 4390 12843 END
START 2912 6076 21928 4732 4400 12850 END
START 2532 5928 22156 4493 4487 13220 END
START 1968 5696 22520 4272 4451 13278 END
START 1652 5612 22760 4003 4450 13502 END
START 1208 5544 23092 3770 4429 13589 END
START 992 5364 23468 3438 4433 13698 END
START 656 5284 23604 3130 4439 13779 END
START 388 5264 23816 2747 4501 13841 END
START -8 5228 23980 2349 4545 13951 END
START -396 5156 24144 1918 4624 14003 END
START -588 5140 24264 1428 4666 14059 END
START -912 4960 24368 962 4759 14094 END
START -1208 4932 24540 458 4857 14186 END
START -1640 4920 24488 -81 4908 14230 END
START -2060 4868 24700 -599 4964 14293 END
START -2484 4768 24812 -1159 5018 14417 END
START -2936 4572 24648 -1697 5079 14538 END
START -3536 4536 24896 -2291 5074 14714 END
START -4088 4320 24924 -2814 4994 14789 END
START -4572 4244 24840 -3385 4882 14900 END
START -5132 3940 24940 -3879 4699 14956 END
START -5820 3672 24908 -4331 4436 14980 END
START -6292 3452 24896 -4727 4164 15008 END
START -6884 3224 24884 -5135 3800 14997 END
START -7260 3036 24788 -5483 3413 15013 END
START -7752 2928 24668 -5906 2965 14983 END
START -8132 2800 24164 -6253 2519 14985 END
START -8472 2704 24000 -6630 2083 14901 END
START -8744 2508 23424 -6977 1677 14854 END
START -9000 2252 23092 -7281 1348 14716 END
START -9140 2152 22676 -7563 981 14622 END
START -9476 1864 22068 -7829 751 14425 END
START -9672 1740 21616 -8064 517 14259 END
START -10020 1656 21488 -8274 264 14017 END
START -10304 1488 20972 -8439 -112 13820 END
START -10556 1300 20596 -8600 -458 13589 END
START -10772 1056 20240 -8732 -836 13235 END
START -10916 836 19672 -8771 -1164 12943 END
START -11072 568 19060 -8805 -1458 12592 END
START -11284 368 18704 -8778 -1733 12512 END
START -11324 136 18140 -8729 -1947 11981 END
START -11636 52 17696 -8680 -2138 11612 END
START -11700 -84 17196 -8615 -2320 11233 END
START -11812 -200 16708 -8537 -2505 10871 END
START -11872 -300 16200 -8442 -2650 10488 END
START -11912 -404 15748 -8340 -2725 10117 END
START -11832 -492 15420 -8214 -2852 9741 END
START -12136 -684 15000 -8103 -2866 9405 END
START -12000 -968 14444 -7989 -2794 9042 END
START -12016 -1192 14028 -7874 -2681 8651 END