START 88 1424 4640 -6645 173 -3608 END
START 124 1464 4528 -6107 289 -3598 END
START -76 1484 4864 -5625 263 -3588 END
START -444 1620 5068 -5138 117 -3468 END
START -328 1796 4696 -4674 -99 -3303 END
START -212 1892 4780 -4288 -234 -3123 END
START 12 2100 4580 -3908 -326 -2884 END
START 228 2200 4500 -3595 -351 -2646 END
START 388 2452 4220 -3256 -298 -2359 END
START 380 2756 4096 -2980 -238 -2063 END
START 504 2788 3940 -2724 -162 -1752 END
START 508 2768 3788 -2492 -66 -1419 END
START 636 2556 3524 -2268 85 -1054 END
START 764 2500 3176 -2047 349 -733 END
START 708 2300 2884 -1813 731 -408 END
START 484 2116 2712 -1551 1070 -155 END
START 536 1936 2812 -1302 1394 89 END
START 228 1752 2656 -1070 1755 240 END
START 84 1692 2680 -803 2096 380 END
START -308 1640 2740 -540 2410 443 END
START -700 1660 3000 -310 2615 448 END
START -844 1564 2916 -95 2772 450 END
START -1144 1660 2972 142 2831 372 END
START -1164 1608 3060 371 2889 320 END
START -1188 1544 2832 564 2953 246 END
START -1200 1572 2884 772 3064 176 END
START -1072 1512 2812 976 3199 85 END
START -1140 1544 2480 1179 3290 -9 END
START -1112 1492 2544 1423 3435 -86 END
START -936 1600 2344 1702 3626 -126 END
START -904 1652 2196 1997 3811 -175 END
START -908 1560 2188 2321 4024 -209 END
START -908 1420 2092 2650 4301 -257 END
START -860 1436 1956 3014 4453 -330 END
START -836 1628 2064 3356 4591 -387 END
START -804 1704 2160 3726 4743 -432 END
START -764 1816 2272 4091 4788 -457 END
START -924 2000 2124 4442 4876 -461 END
START -632 2160 2492 4827 4952 -482 END
START -624 2332 2364 5218 4958 -393 END
START -612 2564 2492 5611 4989 -323 END
START -428 2604 2764 5987 4957 -175 END
START -252 2684 2880 6349 4943 3 END
START -112 2704 2928 6726 4866 217 END
START 64 2824 2992 7105 4818 471 END
START 260 2896 2872 7524 4858 717 END
START 340 3172 2956 7856 4918 1002 END
START 428 3296 3004 8308 4980 1291 END
START 492 3512 3168 8683 5072 1607 END
START 332 3512 3456 9138 5124 1933 END
START 320 3560 3748 9619 5200 2281 END
START 380 3484 3912 10069 5231 2663 END
START 308 3416 4196 10501 5339 2988 END
START 140 3380 4580 10893 5412 3281 END
START -28 3376 4712 11280 5428 3584 END
START -140 3444 5368 11552 5443 3838 END
START -424 3368 5700 11955 5443 4090 END
START -568 3220 5980 12192 5404 4301 END
START -728 3208 6512 12386 5336 4474 END
START -1084 2920 6728 12525 5282 4608 END
START -1168 2780 7144 12716 5227 4666 END
START -1444 2728 7340 12931 5138 4696 END
START -1756 2656 7528 13098 5032 4706 END
START -1820 2748 7960 13297 4931 4666 END
START -2104 2568 8088 13492 4808 4612 END
START -1888 2404 8272 13691 4722 4509 END
START -2028 2392 8484 13872 4653 4382 END
START -2248 2276 8552 14060 4583 4227 END
START -2272 2484 8744 14295 4502 4065 END
START -2360 2568 9192 14500 4448 3894 END
START -2504 2844 9376 14780 4313 3708 END
START -2408 3052 9856 15062 4138 3581 END
START -2300 3236 10104 15392 3949 3443 END
START -2280 3564 10268 15702 3791 3391 END
START -2200 3732 10468 16107 3607 3356 END
START -1956 3740 10672 16520 3472 3329 END
START -1820 3888 10792 16956 3381 3345 END
START -1636 4132 11204 17369 3279 3331 END
START -1532 4372 11488 17812 3281 3385 END
START -1440 4576 11988 18164 3169 3455 END
START -1460 4880 12500 18511 3089 3562 END
START -1408 5080 13096 18789 2909 3692 END
START -1448 5392 13420 19069 2708 3832 END
START -1364 5804 13836 19298 2525 3981 END
START -1324 5840 14312 19447 2326 4144 END
START -1240 5868 14700 19599 2083 4295 END
START -1076 6064 14980 19714 1796 4450 END
START -888 6068 15280 19750 1531 4611 END
START -764 6340 15392 19750 1310 4754 END
START -528 6440 15688 19706 1188 4916 END
START -516 6744 15504 19640 1063 5097 END
START -480 6984 15708 19556 1016 5290 END
START -332 7008 15744 19442 1066 5482 END
START -220 7048 16048 19281 1186 5732 END
START 0 7096 16120 19110 1370 5970 END
START -24 7208 16028 18839 1617 6246 END
START 116 7236 16012 18609 1901 6517 END
START 168 7460 16180 18345 2273 6832 END
START 168 7532 16204 18067 2648 7169 END
START 76 7516 16476 17733 3026 7512 END
START -100 7444 16832 17481 3410 7861 END
START -372 7464 16936 17196 3805 8124 END
START -692 7448 17196 16922 4155 8408 END
START -1224 7476 17584 16695 4462 8581 END
START -1524 7196 18100 16433 4700 8702 END
START -2140 6888 18624 16159 4827 8738 END
START -2500 6696 19016 15911 4887 8730 END
START -2948 6452 19516 15654 4849 8680 END
START -3348 6260 19904 15425 4722 8588 END
START -3796 6096 20252 15214 4546 8465 END
START -4032 5824 20292 15030 4357 8321 END
START -4384 5640 20340 14869 4180 8149 END
START -4624 5684 20324 14729 3992 7935 END
START -4868 5568 20304 14571 3927 7655 END
START -4828 5484 20352 14342 3833 7352 END
START -4992 5296 20320 14183 3745 7067 END
START -5252 5192 20512 14025 3642 6722 END
START -5428 5072 20608 13878 3483 6380 END
START -5252 4880 20908 13751 3268 6044 END
START -5312 4612 21000 13609 3090 5705 END
START -5164 4364 20804 13480 2910 5340 END
START -5140 4312 20800 13323 2703 4950 END
START -4968 4260 20868 13139 2543 4557 END
START -4784 4348 20716 12866 2397 4172 END
START -4444 4360 20516 12641 2255 3785 END
START -4116 4496 20244 12288 2100 3437 END
START -3884 4636 20100 12180 1977 3088 END
START -3268 4836 19516 11824 1968 2783 END
START -2820 5136 19052 11440 2002 2529 END
START -2440 5372 18784 11082 2171 2394 END
START -2072 5652 18420 10842 2432 2321 END
START -1816 6068 18060 10675 2682 2373 END
START -1416 6492 17936 10550 3013 2459 END
START -1208 6792 17696 10494 3437 2588 END
START -1148 6928 17592 10476 3829 2711 END
START -780 7136 17652 10483 4163 2873 END
START -876 7392 17804 10508 4553 3036 END
START -932 7568 18332 10546 4803 3287 END
START -988 7768 18828 10616 5047 3577 END
START -1080 7976 19240 10701 5243 3875 END
START -1184 8044 19952 10824 5427 4233 END
START -1496 8240 20660 10936 5597 4624 END
START -1688 8136 21316 11042 5606 4997 END
START -2116 8088 22280 11078 5469 5410 END
START -2620 7972 23156 11059 5248 5780 END
START -3048 7672 23928 10997 4930 6089 END
START -3596 7260 24740 10876 4466 6306 END
START -3912 6912 25532 10643 3960 6440 END
START -4380 6556 25920 10376 3296 6499 END
START -4496 6168 26360 9941 2669 6457 END
START -4712 5920 26404 9494 2003 6362 END
START -4944 5520 26788 8941 1268 6190 END
START -5148 5204 26784 8402 561 5941 END
START -5368 4992 26924 7880 -75 5674 END
START -5356 4852 26496 7372 -696 5332 END
START -5452 4672 25980 6857 -1205 4970 END
START -5280 4508 25628 6423 -1569 4596 END
START -5184 4392 25148 6012 -1792 4171 END
START -5100 4360 24640 5676 -1837 3801 END
START -5048 4568 24152 5381 -1798 3425 END
START -4732 4740 23588 5090 -1574 3107 END
START -4788 5076 23364 4811 -1333 2744 END
START -4600 5168 22928 4575 -883 2494 END
START -4488 5264 22732 4323 -378 2223 END
START -4424 5456 22640 4014 224 1984 END
START -4180 5480 22744 3729 852 1789 END
START -4160 5636 22928 3414 1488 1592 END
START -4248 5700 23264 3089 2138 1423 END
START -4052 5808 23668 2742 2700 1266 END
START -4268 5940 24444 2372 3165 1125 END
START -4228 5992 24908 1961 3449 1035 END
START -4368 6136 25612 1542 3611 945 END
START -4412 6168 26140 1107 3622 858 END
START -4456 6216 26580 680 3521 806 END
START -4352 6052 26948 248 3318 769 END
START -4408 6256 27144 -145 3061 749 END
START -4424 6148 27260 -542 2757 755 END
START -4276 6232 27408 -889 2435 761 END
START -4256 6316 27416 -1195 2110 807 END
START -4332 6332 27364 -1470 1795 838 END
START -4356 6268 27400 -1687 1411 914 END
START -4376 6240 27256 -1892 1041 958 END
START -4516 6048 27208 -2057 641 1013 END
START -4620 6212 27136 -2205 338 1047 END
START -4624 6148 26912 -2368 20 1045 END
START -4560 6048 26892 -2528 -257 1036 END
START -4588 5920 26828 -2743 -451 955 END
START -4780 5928 26888 -2955 -643 859 END
START -4928 5856 26868 -3214 -772 752 END
START -4960 5872 26904 -3493 -910 606 END
START -5004 5780 26784 -3807 -1024 485 END
START -5060 5644 26740 -4111 -1110 327 END
START -5028 5744 26780 -4452 -1185 190 END
START -5084 5756 26760 -4837 -1196 -3 END
START -5244 5796 26716 -5192 -1268 -159 END
START -5108 5720 26528 -5597 -1293 -329 END
START -5008 5952 26300 -5968 -1255 -497 END
START -4960 5924 26156 -6353 -1185 -686 END
START -4984 6004 26080 -6740 -1118 -859 END
START -4956 6144 25932 -7124 -1043 -956 END
START -4988 6224 25696 -7527 -951 -1070 END
START -4840 6380 25604 -7909 -839 -1119 END
START -4948 6500 25208 -8260 -724 -1201 END
START -4848 6580 25056 -8628 -585 -1214 END
START -4720 6636 24576 -9025 -337 -1242 END
START -4568 6596 24344 -9387 -88 -1280 END
START -4516 6464 23912 -9794 263 -1352 END
START -4376 6316 23672 -10240 542 -1429 END
START -4452 6392 23552 -10687 812 -1531 END
START -4520 6204 23340 -11152 1106 -1660 END
START -4484 6244 23092 -11595 1305 -1754 END
START -4408 6380 22776 -11974 1494 -1858 END
START -4460 6284 22616 -12327 1648 -1934 END
START -4408 6244 22488 -12646 1829 -1990 END
START -4428 6280 22244 -12909 1853 -2032 END
START -4448 6164 22204 -13100 1878 -2087 END
START -4444 6160 21784 -13244 1840 -2143 END
START -4456 6188 21828 -13366 1776 -2218 END
START -4504 6236 21800 -13436 1614 -2251 END
START -4548 6336 21808 -13458 1332 -2299 END
START -4752 6340 21640 -13394 1008 -2251 END
START -4784 6212 21444 -13313 562 -2244 END
START -4888 6332 21288 -13197 160 -2238 END
START -4900 6224 21060 -13048 -207 -2231 END
START -4896 6164 20896 -12896 -615 -2239 END
START -4932 6240 20688 -12737 -944 -2231 END
START -4688 6128 20668 -12626 -1301 -2257 END
START -4668 6020 20408 -12504 -1619 -2256 END
START -4648 6040 20204 -12417 -1977 -2264 END
START -4708 5972 19988 -12347 -2258 -2242 END
START -4576 6076 19580 -12264 -2479 -2231 END
START -4680 6084 19204 -12182 -2590 -2195 END
START -4708 6100 18920 -12123 -2634 -2210 END
START -4776 5968 18752 -12058 -2601 -2222 END
START -4852 5812 18512 -12024 -2558 -2235 END
START -4880 5708 18232 -12039 -2419 -2315 END
START -4840 5476 18136 -12100 -2262 -2421 END
START -4956 5452 17780 -12204 -2061 -2559 END
START -4876 5264 17652 -12330 -1834 -2743 END
START -4976 5280 17328 -12569 -1537 -2953 END
START -5084 5132 17308 -12712 -1207 -3172 END
START -5012 5068 16896 -12911 -887 -3426 END
START -5076 5040 16948 -13100 -550 -3716 END
START -5028 4976 16584 -13281 -133 -3918 END
START -5044 4884 16484 -13454 238 -4140 END
START -4968 4876 16276 -13641 662 -4367 END
START -5156 4820 16260 -13904 1005 -4629 END
START -5036 4724 16308 -14164 1330 -4838 END
START -4968 4728 16352 -14464 1545 -5089 END
START -5020 4644 16356 -14764 1617 -5331 END
START -5004 4812 16444 -15034 1613 -5579 END
START -5052 4840 16012 -15272 1515 -5820 END
START -4808 4820 16208 -15464 1354 -6076 END
START -4748 4992 15940 -15568 1097 -6212 END
START -4664 5032 15644 -15627 802 -6316 END
START -4592 5168 15352 -15621 474 -6400 END
START -4324 5128 14928 -15531 205 -6400 END
START -4076 5192 14656 -15417 -79 -6405 END
START -3744 5200 14104 -15281 -319 -6350 END
START -3704 5316 13616 -15146 -555 -6357 END
START -3696 5304 13436 -14994 -758 -6266 END
START -3576 5292 13280 -14788 -966 -6189 END
START -3520 5268 13016 -14548 -1206 -6018 END
START -3516 5352 12872 -14269 -1417 -5809 END
START -3488 5360 12676 -13989 -1637 -5593 END
START -3492 5120 12512 -13713 -1796 -5344 END
START -3384 5056 12048 -13461 -1979 -5193 END
START -3388 4752 12112 -13177 -2109 -5041 END
START -3536 4516 11820 -12938 -2193 -4931 END
START -3696 4288 11444 -12741 -2273 -4882 END
START -3860 4216 11160 -12532 -2256 -4886 END
START -4076 4020 10840 -12324 -2180 -4922 END
START -4212 3652 10560 -12229 -2056 -5032 END
START -4488 3596 10452 -12051 -1909 -5160 END
START -4764 3184 10308 -11958 -1707 -5347 END
START -4788 2904 10144 -11840 -1521 -5621 END
START -5040 2456 9892 -11864 -1375 -5977 END
START -5208 2224 9920 -11766 -1194 -6346 END
START -5408 2064 9636 -11789 -1000 -6793 END
START -5544 1956 9520 -11743 -840 -7293 END
START -5480 1852 9324 -11721 -668 -7799 END
START -5628 1932 9032 -11657 -508 -8238 END
START -5692 1852 8856 -11594 -316 -8737 END
START -5728 1932 8880 -11525 -210 -9176 END
START -5856 1824 8792 -11409 -182 -9611 END
START -5828 1960 8816 -11261 -226 -10069 END
START -5864 1952 8648 -11083 -290 -10504 END
START -5932 1872 8620 -10872 -409 -10971 END
START -5792 1992 8288 -10663 -540 -11372 END
START -5572 1936 7972 -10344 -654 -11778 END
START -5376 1984 7812 -10096 -743 -12113 END
START -5088 2048 7340 -9829 -741 -12439 END
START -4684 2336 7128 -9555 -758 -12680 END
START -4468 2572 6852 -9299 -714 -12849 END
START -4244 2976 6624 -9063 -668 -12966 END
START -3932 3272 6716 -8785 -588 -13037 END
START -3752 3636 6428 -8571 -503 -13014 END
START -3460 3644 6512 -8340 -407 -12972 END
START -3316 3692 6444 -8129 -313 -12849 END
START -3224 3408 6528 -7903 -306 -12748 END
START -3252 3232 6868 -7703 -352 -12673 END
START -3384 3152 7124 -7486 -462 -12626 END
START -3584 3092 6844 -7278 -626 -12602 END
START -3636 3136 7132 -7025 -855 -12633 END
START -3676 2888 7244 -6757 -1106 -12665 END
START -3876 2740 7216 -6465 -1462 -12746 END
START -4012 2456 7288 -6176 -1801 -12847 END
START -4032 2224 6936 -5845 -2145 -12978 END
START -4412 2060 6784 -5536 -2519 -13152 END
START -4388 1912 6516 -5159 -2891 -13381 END
START -4460 1816 6068 -4764 -3246 -13659 END
START -4580 1704 5764 -4369 -3530 -13942 END
START -4728 1692 5524 -3904 -3809 -14216 END
START -4688 1612 4812 -3421 -4034 -14539 END
START -4480 1620 4460 -2914 -4161 -14874 END
START -4408 1540 3736 -2408 -4220 -15200 END
START -4092 1396 3360 -1897 -4232 -15527 END
START -3872 1548 2672 -1366 -4096 -15840 END
START -3628 1680 2248 -812 -3881 -16170 END
START -3428 1676 1896 -303 -3619 -16447 END
START -3292 1820 1476 265 -3328 -16714 END
START -2976 1864 1116 787 -2978 -16944 END
START -2812 2020 956 1343 -2570 -17150 END
START -2628 2180 716 1890 -2171 -17354 END
START -2432 2476 1036 2462 -1773 -17532 END
START -2172 2636 1120 3063 -1421 -17651 END
START -1864 2896 1224 3638 -1063 -17734 END
START -1468 3272 1616 4186 -842 -17772 END
START -1100 3708 1996 4702 -636 -17714 END
START -748 4040 2488 5160 -529 -17638 END
START -284 4532 2760 5540 -411 -17464 END
START 364 4824 3152 5844 -366 -17130 END
START 700 5004 3676 6124 -376 -16752 END
START 1164 5264 3956 6385 -421 -16307 END
START 1380 5412 4292 6623 -513 -15807 END
START 1520 5476 4584 6864 -575 -15292 END
START 1756 5620 4608 7111 -670 -14767 END
START 2020 5624 4884 7418 -785 -14213 END
START 2060 5620 4984 7725 -866 -13656 END
START 2336 5508 4884 8022 -906 -13116 END
START 2532 5632 4792 8359 -927 -12542 END
START 2728 5644 4708 8735 -889 -11956 END
START 2948 5688 4424 9109 -808 -11394 END
START 3168 5572 4440 9523 -617 -10780 END
START 3064 5588 4616 9935 -407 -10210 END
START 3156 5632 4660 10440 -225 -9619 END
START 3040 5596 4896 10834 -70 -9051 END
START 3016 5660 4988 11262 76 -8499 END
START 2940 5456 5212 11561 254 -7967 END
START 2856 5324 5376 11936 405 -7542 END
START 2764 5092 5724 11955 568 -7163 END
START 2656 5012 5972 12161 691 -6902 END
START 2568 4872 6080 12389 864 -6638 END
START 2624 4672 6360 12445 1045 -6421 END
START 2824 4724 6508 12598 1319 -6190 END
START 2812 4620 6808 12639 1610 -5936 END
START 2888 4844 6740 12658 1933 -5681 END
START 3012 4980 7052 12629 2377 -5313 END
START 3064 5176 7188 12592 2755 -4981 END
START 3136 5396 7692 12545 3178 -4599 END
START 3272 5632 8052 12542 3538 -4184 END
START 3348 5856 8404 12528 3878 -3743 END
START 3416 5788 8884 12549 4169 -3267 END
START 3440 5856 9596 12475 4389 -2739 END
START 3440 5988 10044 12370 4484 -2165 END
START 3532 6024 10640 12475 4593 -1593 END
START 3744 6204 10972 12446 4620 -910 END
START 3724 6308 11352 12340 4585 -281 END
START 3648 6376 11792 12458 4555 384 END
START 3724 6588 12220 12227 4503 1105 END
START 3592 6436 12588 12440 4386 1758 END
START 3580 6392 12780 12333 4299 2399 END
START 3404 6436 12848 12487 4191 3034 END
START 3264 6408 13256 12630 4131 3588 END
START 3176 6300 13644 12670 4059 4171 END
START 2864 6220 13920 12663 3939 4658 END
START 2668 6080 14228 12667 3788 5071 END
START 2488 6048 14600 12652 3624 5416 END
START 2128 5920 14588 12681 3490 5723 END
START 2168 5884 14964 12690 3355 5993 END
START 1892 5888 15272 12695 3288 6193 END
START 1872 5664 15404 12679 3232 6412 END
START 1956 5792 15676 12671 3260 6613 END
START 1876 5936 15888 12656 3297 6769 END
START 1776 6020 16224 12615 3333 6997 END
START 1812 6156 16440 12495 3386 7188 END
START 1896 6424 16460 12357 3533 7412 END
START 2176 6656 16680 12262 3696 7666 END
START 2192 6812 16860 11955 3892 7902 END
START 2464 7180 17056 11524 4109 8214 END
START 2532 7412 17204 11116 4338 8488 END
START 2652 7536 17532 10748 4560 8866 END
START 2808 7680 17688 10247 4720 9245 END
START 2916 8016 17732 9763 4922 9671 END
START 2928 8108 17876 9327 5034 10131 END
START 3308 8344 17928 8842 5216 10657 END
START 3292 8548 17984 8367 5379 11224 END
START 3424 8556 17768 7939 5573 11819 END
START 3536 8568 17732 7606 5758 12443 END
START 3488 8752 17780 7287 5982 13024 END
START 3644 8760 17740 7063 6212 13688 END
START 3620 8800 17948 6936 6371 14391 END
START 3580 8956 17980 6860 6519 15168 END
START 3484 9120 18324 6859 6607 16008 END
START 3272 9336 18768 6879 6572 16826 END
START 3000 9396 19104 7035 6509 17712 END
START 2780 9376 19632 7199 6340 18608 END
START 2376 9448 20284 7363 6046 19465 END
START 1904 9260 21092 7568 5601 20309 END
START 1284 8976 21664 7733 5032 21049 END
START 612 8848 22244 7895 4373 21667 END
START 152 8672 22452 7978 3625 22174 END
START -308 8340 22604 8030 2886 22504 END
START -488 8144 22636 8062 2235 22795 END
START -672 8008 22528 8023 1684 22988 END
START -772 7768 22020 7929 1229 23160 END
START -992 7840 21924 7802 991 23276 END
START -1180 7664 21444 7631 837 23341 END
START -1172 7520 21100 7418 867 23385 END
START -1232 7416 20632 7102 1060 23328 END
START -1396 7264 20128 6743 1346 23296 END
START -1464 7244 19836 6349 1785 23160 END
START -1456 7128 19428 5876 2358 23093 END
START -1380 7252 19148 5373 2988 22991 END
START -1536 7316 18716 4924 3661 22945 END
START -1556 7376 18792 4397 4474 22884 END
START -1612 7556 18596 3898 5264 22864 END
START -1528 7500 18672 3429 6035 22853 END
START -1772 7500 18984 2990 6705 22926 END
START -1944 7404 19208 2574 7234 22996 END
START -2080 7452 19408 2190 7595 23121 END
START -2352 7392 19816 1915 7888 23301 END
START -2676 7476 20140 1700 8089 23486 END
START -2792 7620 20332 1533 8195 23693 END
START -3080 7448 20684 1428 8254 23968 END
START -3376 7396 21148 1387 8215 24172 END
START -3876 7176 21724 1303 8041 24389 END
START -4392 6904 22012 1318 7695 24548 END
START -4944 6560 22200 1274 7223 24642 END
START -5256 6304 22692 1268 6654 24690 END
START -5696 6184 22848 1255 5986 24676 END
START -6056 6120 23040 1188 5301 24631 END
START -6316 5932 23008 1122 4566 24556 END
START -6792 5700 23012 1079 3903 24420 END
START -7028 5548 22820 1040 3351 24217 END
START -7156 5060 22748 1007 2822 23942 END
START -7492 4604 22356 1010 2420 23564 END
START -7916 4108 22088 964 2126 23101 END
START -8132 3668 21804 935 1903 22542 END
START -8796 3504 21768 926 1790 21867 END
START -9328 3524 21524 849 1751 21089 END
START -9712 3560 21444 746 1781 20278 END
START -9980 3376 21448 560 1833 19372 END
START -10144 3044 21304 286 1968 18420 END
START -10440 2532 21416 -51 2137 17388 END
START -10508 2144 21416 -434 2409 16387 END
START -10632 1952 21380 -854 2740 15308 END
START -10724 1964 21360 -1349 3118 14211 END
START -10900 1840 21448 -1815 3454 13126 END
START -10996 1676 21640 -2315 3775 12075 END
START -11204 1720 21708 -2800 4034 11010 END
START -11168 1652 22052 -3266 4205 10023 END
START -11240 1940 22088 -3705 4318 9030 END
START -11376 1960 22264 -4139 4383 8136 END
START -11424 1892 22532 -4536 4358 7226 END
START -11272 1688 22660 -4940 4188 6338 END
START -11212 1416 22488 -5270 4040 5478 END
START -11076 1404 22564 -5626 3736 4676 END
START -11100 1768 22284 -5897 3449 3846 END
START -11152 2020 22136 -6124 3158 3138 END
START -10856 2072 22092 -6348 2869 2519 END
START -10724 1928 21768 -6591 2529 1917 END
START -10788 2176 21688 -6816 2184 1369 END
START -10756 2028 21472 -7018 1767 834 END
START -10720 2140 21212 -7229 1423 309 END
START -10692 2256 20968 -7452 1092 -271 END
START -10664 2300 20888 -7653 742 -828 END
START -10612 2332 20692 -7901 413 -1409 END
START -10380 2332 20200 -8145 118 -1963 END
START -10408 2252 20024 -8328 -156 -2406 END
START -10196 2336 19868 -8520 -462 -2881 END
START -10204 2440 19360 -8716 -711 -3326 END
START -10040 2460 18960 -8878 -972 -3745 END
START -10044 2388 18376 -9000 -1155 -4169 END
START -10048 2412 18156 -9126 -1330 -4606 END
START -10032 2176 17464 -9237 -1443 -5102 END
START -10084 2044 16996 -9319 -1560 -5583 END
START -10012 1964 16588 -9363 -1679 -6144 END
START -10004 1864 16324 -9429 -1687 -6733 END
START -10076 1724 15688 -9425 -1715 -7353 END
START -10100 1524 15088 -9413 -1680 -8003 END
START -9992 1436 14880 -9363 -1604 -8677 END
START -9872 1356 14184 -9306 -1514 -9384 END
START -9756 1400 13844 -9207 -1379 -10060 END
START -9784 1448 13456 -9057 -1207 -10783 END
START -9600 1536 13204 -8856 -1078 -11500 END
START -9412 1664 12976 -8610 -927 -12182 END
START -9164 1884 12556 -8409 -784 -12744 END
START -8916 1976 12440 -8196 -601 -13349 END
START -8728 2108 12372 -8003 -478 -13870 END
START -8368 2180 12244 -7829 -388 -14431 END
START -8132 2240 12044 -7709 -266 -14899 END
START -7760 2368 12064 -7574 -204 -15357 END
START -7344 2480 11780 -7440 -127 -15805 END
START -7240 2636 11872 -7315 -84 -16196 END
START -6900 2692 11788 -7183 -84 -16531 END
START -6696 2900 11756 -7047 -130 -16824 END
START -6472 3112 11512 -6899 -184 -17095 END
START -6284 3252 11524 -6762 -267 -17340 END
START -6084 3312 11136 -6610 -351 -17568 END
START -5920 3400 10984 -6446 -417 -17793 END
START -5608 3204 10864 -6257 -544 -17973 END
START -5580 3384 10444 -6096 -603 -18147 END
START -5296 3380 10252 -5895 -643 -18317 END
START -5104 3436 10056 -5672 -640 -18466 END
START -4904 3592 9740 -5454 -543 -18621 END
START -4908 3564 9292 -5211 -472 -18733 END
START -4944 3696 9204 -4951 -338 -18894 END
START -4884 3744 9032 -4672 -130 -19078 END
START -4988 3888 8868 -4458 60 -19236 END
START -5072 3904 9176 -4210 253 -19393 END
START -5132 3780 9132 -3998 355 -19610 END
START -5068 3356 9488 -3824 389 -19835 END
START -5116 3396 9652 -3670 331 -20053 END
START -5288 3392 9760 -3524 196 -20289 END
START -5236 3544 9752 -3369 16 -20527 END
START -5208 3728 9772 -3192 -210 -20745 END
START -5212 3908 9892 -2987 -389 -20943 END
START -5068 4264 9932 -2725 -631 -21074 END
START -5048 4340 9880 -2522 -931 -21177 END
START -4880 4396 9976 -2262 -1253 -21252 END
START -4628 4476 9976 -2028 -1627 -21261 END
START -4536 4408 9860 -1804 -1997 -21208 END
START -4272 4400 9896 -1607 -2439 -21148 END
START -4196 4268 9616 -1377 -2857 -21112 END
START -4100 4424 9144 -1131 -3291 -21064 END
START -3784 5228 8584 -847 -3539 -21137 END
START -3296 5772 8020 -501 -3591 -21119 END
START -2756 5816 7412 -145 -3578 -21044 END
START -2316 5720 7068 227 -3428 -20831 END
START -1816 5712 6848 577 -3267 -20558 END
START -1408 5692 6644 949 -3028 -20277 END
START -1108 5756 6472 1330 -2836 -19965 END
START -804 5936 6440 1702 -2535 -19649 END
START -740 6100 6536 2033 -2253 -19379 END
START -608 6132 6536 2412 -2037 -19123 END
START -692 6196 6460 2782 -1850 -18885 END
START -644 6140 6524 3116 -1661 -18703 END
START -432 6092 6496 3512 -1469 -18506 END
START -372 6240 6476 3928 -1307 -18409 END
START -224 6072 6628 4351 -1234 -18274 END
START -128 6208 6588 4838 -1158 -18170 END
START -72 6140 6880 5356 -1154 -18117 END
START 0 6272 6924 5863 -1214 -17991 END
START 132 6516 7216 6390 -1348 -17882 END
START 236 6688 6964 6880 -1526 -17724 END
START 516 6952 7024 7382 -1633 -17533 END
START 664 6988 6880 7844 -1718 -17335 END
START 836 7248 6996 8367 -1862 -17153 END
START 1092 7352 6624 8869 -1887 -16906 END
START 1288 7564 6684 9388 -1917 -16676 END
START 1568 7980 6500 9923 -1854 -16426 END
START 1968 8436 6708 10427 -1763 -16098 END
START 2156 8812 7028 10933 -1643 -15716 END
START 2624 9212 7200 11322 -1563 -15278 END
START 3104 9284 7720 11642 -1460 -14687 END
START 3596 9456 8148 11761 -1354 -14003 END
START 4060 9544 8592 12028 -1326 -13246 END
START 4376 9724 9056 12064 -1284 -12480 END
START 4576 9872 9228 12060 -1212 -11717 END
START 4908 9860 9520 12046 -1098 -10920 END
START 5116 9872 9520 11990 -908 -10125 END
START 5204 9640 9684 11782 -672 -9381 END
START 5100 9628 9924 11871 -455 -8667 END
START 5184 9516 10128 11613 -190 -7979 END
START 5040 9628 10456 11524 70 -7315 END
START 4908 9788 10528 11395 364 -6706 END
START 4808 9940 10664 11260 570 -6070 END
START 4608 9940 11088 11127 785 -5461 END
START 4512 10004 11476 11019 924 -4866 END
START 4300 9936 11780 10927 1023 -4293 END
START 4128 9820 12160 10884 994 -3759 END
START 3972 9728 12524 10877 940 -3270 END
START 3960 9588 12652 10879 870 -2831 END
START 3896 9504 12780 10872 800 -2478 END
START 3940 9604 13084 10845 752 -2081 END
START 3920 9716 13004 10810 689 -1693 END
START 4028 9936 13340 10734 725 -1279 END
START 4164 10244 13036 10646 820 -839 END
START 4312 10428 13128 10542 992 -325 END
START 4528 10476 13360 10408 1185 152 END
START 4720 10572 13688 10272 1343 659 END
START 4628 10360 14080 10118 1440 1277 END
START 4916 10276 14244 9965 1535 1855 END
START 4908 10280 14372 9854 1641 2440 END
START 5040 10420 14688 9656 1703 3085 END
START 5040 10540 15116 9491 1803 3705 END
START 5024 10496 15144 9352 1840 4345 END
START 5092 10412 15464 9183 1797 4915 END
START 5088 10328 15892 9077 1697 5559 END
START 4908 10188 16284 8943 1540 6169 END
START 4728 10204 16316 8876 1343 6734 END
START 4684 10348 16504 8813 1143 7304 END
START 4680 10460 16580 8726 998 7893 END
START 4732 10536 16604 8673 826 8456 END
START 4808 10628 16648 8620 739 9027 END
START 4860 10508 16688 8534 658 9579 END
START 5064 10408 16748 8455 699 10174 END
START 4936 10308 16592 8342 737 10759 END
START 4884 10312 16536 8224 859 11292 END
START 4944 10408 16620 8105 994 11811 END
START 4880 10576 16836 7950 1177 12287 END
START 4680 10668 16864 7820 1359 12887 END
START 4592 10716 16984 7653 1518 13320 END
START 4456 10828 17312 7470 1694 13861 END
START 4328 10876 17644 7296 1894 14397 END
START 4144 10836 17864 7095 1978 14902 END
START 3944 10824 18544 6865 2063 15485 END
START 3644 10788 18984 6627 2045 16055 END
START 3296 10820 19476 6416 1992 16594 END
START 2956 10528 19820 6129 1866 17100 END
START 2468 10324 20276 5863 1656 17573 END
START 2044 10184 20660 5550 1475 17981 END
START 1624 9816 20896 5253 1338 18351 END
START 1292 9680 21072 4934 1167 18644 END
START 832 9308 21184 4567 1019 18908 END
START 368 9180 21300 4231 908 19056 END
START -76 8868 21536 3884 797 19185 END
START -644 8716 21852 3486 741 19229 END
START -1508 8380 21856 3148 656 19203 END
START -2280 7892 22228 2746 522 19052 END
START -2744 7256 22524 2323 327 18789 END
START -3204 6760 22684 1873 151 18475 END
START -3532 6364 22804 1429 -61 18025 END
START -3908 6272 22872 966 -252 17565 END
START -4056 6072 22652 550 -415 17120 END
START -4080 5912 22704 84 -581 16634 END
START -4308 5816 22748 -264 -726 16213 END
START -4392 5824 22568 -671 -881 15812 END
START -4460 5912 22508 -1055 -984 15425 END
START -4412 6072 22276 -1424 -1125 15135 END
START -4380 6192 22016 -1737 -1246 14852 END
START -4536 6404 21788 -2065 -1372 14648 END
START -4444 6528 21604 -2344 -1410 14495 END
START -4412 6568 21276 -2513 -1480 14437 END
START -4300 6776 21004 -2715 -1531 14369 END
START -4268 6800 20676 -2874 -1571 14419 END
START -4268 6824 20316 -2941 -1601 14497 END
START -4368 6872 20004 -2994 -1717 14567 END
START -4412 6820 19636 -2964 -1737 14658 END
START -4308 6764 19344 -2883 -1781 14737 END
START -4492 6644 19100 -2765 -1875 14864 END
START -4536 6284 19028 -2614 -2009 14908 END
START -4648 6148 18684 -2430 -2166 14937 END
START -4696 5952 18496 -2233 -2408 14929 END
START -4708 5696 18536 -2031 -2649 14866 END
START -4824 5444 18332 -1850 -2937 14783 END
START -4980 5280 18140 -1676 -3200 14656 END
START -5112 5244 18132 -1536 -3521 14506 END
START -5212 4892 17908 -1414 -3793 14261 END
START -5392 4668 17736 -1347 -4002 13946 END
START -5532 4396 17500 -1340 -4140 13557 END
START -5632 4108 17172 -1396 -4222 13098 END
START -5660 3924 16884 -1498 -4189 12611 END
START -5652 3836 17116 -1667 -4129 11941 END
START -5632 3720 16976 -1892 -4040 11382 END
START -5576 3924 16952 -2130 -3878 10804 END
START -5460 3996 16992 -2439 -3723 10261 END
START -5216 4196 16704 -2744 -3518 9756 END
START -5204 4328 16740 -3054 -3241 9266 END
START -5208 4372 16952 -3340 -3048 8802 END
START -5272 4468 16868 -3584 -2813 8376 END
START -5180 4444 16868 -3793 -2570 7945 END
START -5148 4472 16940 -3984 -2325 7532 END
START -4944 4500 17248 -4147 -2089 7151 END
START -4844 4616 17500 -4335 -1873 6802 END
START -4808 4700 17416 -4563 -1669 6472 END
START -4604 4840 17592 -4793 -1487 6183 END
START -4300 5088 17740 -5109 -1267 5946 END
START -4044 5232 17624 -5472 -981 5740 END
START -3896 5496 17540 -5870 -758 5590 END
START -3756 5564 17552 -6244 -516 5475 END
START -3912 5760 17260 -6653 -237 5414 END
START -3964 5876 17076 -6990 -60 5330 END
START -4100 5692 16772 -7258 217 5254 END
START -4196 5516 16780 -7469 434 5130 END
START -4468 5116 16444 -7594 665 4963 END
START -4556 4760 16388 -7671 841 4690 END
START -4764 4340 16196 -7651 972 4374 END
START -5052 3952 16020 -7577 1041 3954 END
START -5288 3648 15956 -7398 1050 3476 END
START -5312 3224 15904 -7149 1015 2965 END
START -5276 3068 15752 -6815 899 2422 END
START -5384 2976 15756 -6475 840 1881 END
START -5316 2864 15636 -6078 691 1341 END
START -5232 2800 15452 -5662 621 841 END