START 736 796 5428 -5048 -1347 -1622 END
START 604 864 5208 -4608 -1347 -1570 END
START 356 1132 5360 -4128 -1366 -1509 END
START 308 1328 5196 -3639 -1386 -1444 END
START 552 1396 5036 -3125 -1426 -1373 END
START 768 1596 4972 -2635 -1354 -1221 END
START 648 1500 4832 -2141 -1331 -1096 END
START 716 1520 4696 -1651 -1210 -933 END
START 776 1616 4712 -1253 -1103 -806 END
START 632 1600 4536 -777 -1013 -681 END
START 620 1704 4472 -437 -893 -560 END
START 696 1748 4420 -121 -764 -518 END
START 628 1920 4440 212 -657 -467 END
START 780 1812 4300 442 -512 -392 END
START 808 1932 4096 641 -307 -370 END
START 964 1880 4056 825 -96 -299 END
START 880 1928 3868 989 114 -255 END
START 1080 1920 3928 1111 379 -173 END
START 1252 1964 3692 1221 596 -105 END
START 1288 1924 3704 1344 840 -21 END
START 1300 2084 3636 1501 1062 136 END
START 1272 2140 3596 1678 1269 257 END
START 1284 2148 3508 1888 1436 448 END
START 1320 2152 3464 2141 1637 639 END
START 1404 2084 3468 2435 1782 863 END
START 1340 2084 3236 2751 1936 1049 END
START 1404 1996 3140 3114 2074 1271 END
START 1436 2048 3240 3496 2189 1483 END
START 1304 2012 3240 3965 2350 1675 END
START 1228 2004 3240 4428 2411 1859 END
START 1156 1988 3200 4919 2502 2032 END
START 1108 2028 3300 5407 2654 2172 END
START 1036 2024 3372 5898 2706 2309 END
START 960 2044 3492 6397 2759 2455 END
START 808 2096 3496 6871 2865 2601 END
START 820 2124 3548 7349 2929 2747 END
START 820 2172 3772 7794 3004 2922 END
START 644 2392 4112 8257 3088 3069 END
START 452 2516 4300 8666 3123 3217 END
START 124 2440 4624 9124 3067 3372 END
START -56 2544 5064 9625 2914 3515 END
START -104 2492 5256 10113 2799 3635 END
START -228 2460 5500 10615 2627 3752 END
START -320 2296 5840 11187 2440 3899 END
START -392 2320 6140 11703 2181 3971 END
START -624 2332 6604 12347 1942 4048 END
START -804 2272 7184 12954 1629 4088 END
START -828 2184 7304 13558 1302 4109 END
START -1008 2220 7788 14117 884 4024 END
START -1076 2116 8316 14616 537 3934 END
START -1096 2032 8544 15066 187 3813 END
START -964 1952 8732 15437 -116 3693 END
START -904 1952 9080 15811 -402 3497 END
START -760 1972 9212 16072 -618 3361 END
START -604 1964 9664 16307 -821 3190 END
START -420 2036 9872 16467 -897 3065 END
START -272 2036 9972 16548 -941 2933 END
START -300 2104 10408 16604 -958 2849 END
START -156 2268 10476 16596 -900 2786 END
START 144 2360 10592 16530 -798 2707 END
START 228 2296 10784 16420 -709 2693 END
START 368 2480 10948 16257 -476 2698 END
START 408 2360 11256 16074 -245 2720 END
START 548 2500 11240 15835 24 2769 END
START 584 2448 11656 15619 250 2853 END
START 788 2520 11872 15383 506 2936 END
START 712 2588 12060 15159 757 3058 END
START 652 2604 12296 14914 982 3193 END
START 516 2768 12548 14727 1205 3363 END
START 520 2892 12632 14532 1420 3486 END
START 480 2836 12920 14379 1610 3644 END
START 336 2840 13168 14244 1834 3829 END
START 80 2632 13252 14108 1932 3983 END
START 220 2308 13652 14025 2072 4132 END
START 84 2344 13836 13926 2215 4222 END
START -36 2196 13984 13905 2315 4297 END
START -184 2456 14092 13861 2434 4394 END
START -200 2492 13988 13860 2603 4489 END
START -256 2628 14060 13869 2749 4620 END
START -384 2636 13864 13881 2970 4786 END
START -472 2660 13872 13934 3147 4953 END
START -580 2784 14112 13952 3359 5124 END
START -772 2796 14132 14036 3519 5347 END
START -860 2736 14220 14098 3682 5517 END
START -1064 2732 14356 14185 3812 5691 END
START -1252 2584 14612 14240 3981 5840 END
START -1332 2608 14936 14315 4030 5991 END
START -1580 2664 15104 14427 4026 6078 END
START -1772 2712 15476 14501 3991 6145 END
START -1940 2828 15576 14539 3868 6245 END
START -2160 2848 15908 14607 3712 6339 END
START -2332 2908 16204 14738 3422 6399 END
START -2536 2972 16528 14875 3117 6454 END
START -2908 2932 16764 15032 2774 6493 END
START -3036 2924 17332 15204 2352 6537 END
START -3296 2740 17528 15413 1876 6465 END
START -3444 2596 17676 15576 1419 6398 END
START -3512 2596 17944 15681 906 6214 END
START -3560 2556 17988 15789 437 5997 END
START -3580 2492 17912 15845 5 5731 END
START -3512 2596 17916 15861 -443 5473 END
START -3464 2668 17764 15824 -802 5149 END
START -3320 2644 17536 15823 -1032 4837 END
START -3204 2588 17280 15746 -1228 4533 END
START -3120 2700 17220 15700 -1291 4253 END
START -2920 2936 16856 15670 -1243 3960 END
START -2812 3080 16816 15657 -1147 3734 END
START -2740 3516 16448 15631 -942 3491 END
START -2396 3724 16268 15662 -677 3271 END
START -2296 3980 16412 15654 -283 3097 END
START -2200 4088 16344 15644 114 2965 END
START -2020 4276 16356 15605 579 2863 END
START -1728 4420 16404 15588 1034 2785 END
START -1416 4596 16372 15493 1591 2781 END
START -1184 4764 16536 15394 2147 2801 END
START -972 5032 16676 15185 2776 2890 END
START -896 5260 16860 14934 3446 2978 END
START -828 5592 17172 14661 4069 3126 END
START -872 5920 17412 14335 4643 3286 END
START -920 5980 17716 14052 5119 3526 END
START -916 5996 18156 13730 5553 3752 END
START -1100 6108 18852 13431 5814 4033 END
START -1348 6060 19488 13190 5927 4259 END
START -1408 5912 20032 12924 5903 4514 END
START -1588 6072 20512 12736 5723 4696 END
START -1900 6092 21088 12582 5373 4915 END
START -2148 6216 21656 12355 4911 5074 END
START -2504 6220 22388 12338 4285 5219 END
START -2700 6216 22580 12051 3587 5365 END
START -2776 6172 22732 12029 2854 5463 END
START -2820 6180 22740 12038 2132 5524 END
START -2900 6036 22776 11965 1498 5573 END
START -2952 5920 22676 11875 895 5607 END
START -2904 5900 22624 11771 359 5564 END
START -2820 5992 22404 11617 -124 5559 END
START -2780 6044 22248 11516 -481 5463 END
START -2628 6176 22152 11374 -775 5423 END
START -2552 6436 21824 11206 -955 5354 END
START -2468 6600 21468 11009 -1071 5348 END
START -2372 6656 21556 10793 -1104 5285 END
START -2280 6752 21312 10610 -1026 5337 END
START -2208 6668 21220 10403 -909 5362 END
START -2024 6748 21196 10191 -760 5359 END
START -2120 6752 21080 9971 -523 5322 END
START -1876 6684 21104 9650 -207 5254 END
START -1776 6828 21092 9289 144 5132 END
START -1752 6752 20912 8860 532 4977 END
START -1668 6712 21176 8412 931 4901 END
START -1520 6712 20968 7925 1404 4834 END
START -1560 6568 21060 7423 1872 4805 END
START -1432 6652 21084 6907 2436 4844 END
START -1356 6632 21216 6450 2957 4883 END
START -1416 6644 21376 5988 3489 4962 END
START -1484 6568 21720 5556 3957 5056 END
START -1776 6428 22036 5198 4395 5159 END
START -1940 6344 22460 4876 4635 5180 END
START -2336 6004 23088 4579 4754 5231 END
START -2600 6000 23564 4309 4673 5271 END
START -2932 5748 24036 4130 4496 5231 END
START -3072 5528 24676 3935 4166 5153 END
START -3436 5440 25052 3790 3777 5092 END
START -3684 5296 25504 3683 3295 4951 END
START -4012 5100 25872 3576 2791 4789 END
START -4236 5000 25972 3468 2284 4598 END
START -4420 4916 26120 3326 1777 4411 END
START -4384 4828 26480 3163 1229 4224 END
START -4592 4764 26544 2937 772 3994 END
START -4532 4640 26712 2699 381 3768 END
START -4624 4568 26580 2416 65 3523 END
START -4580 4568 26768 2074 -177 3294 END
START -4556 4524 26780 1705 -391 3008 END
START -4628 4636 26756 1282 -580 2713 END
START -4700 4568 26956 836 -694 2457 END
START -4568 4568 26732 417 -792 2166 END
START -4556 4536 26724 -36 -833 1873 END
START -4564 4504 26616 -464 -867 1588 END
START -4536 4428 26492 -927 -889 1306 END
START -4536 4492 26500 -1362 -862 1005 END
START -4312 4424 26460 -1775 -822 708 END
START -4404 4408 26264 -2152 -733 397 END
START -4284 4348 26148 -2563 -682 131 END
START -4268 4452 25992 -2913 -588 -171 END
START -4064 4392 26060 -3288 -478 -418 END
START -3932 4416 25704 -3617 -367 -708 END
START -3968 4588 25612 -3943 -285 -908 END
START -3748 4596 25556 -4281 -140 -1187 END
START -3676 4712 25480 -4607 5 -1438 END
START -3632 4724 25364 -4959 101 -1649 END
START -3412 4784 25412 -5342 224 -1878 END
START -3224 5112 25124 -5688 315 -2063 END
START -3116 5236 25152 -6057 458 -2259 END
START -3148 5452 25020 -6460 587 -2387 END
START -2888 5708 24936 -6810 746 -2496 END
START -2588 5872 24964 -7169 862 -2561 END
START -2440 5984 24884 -7560 1004 -2592 END
START -2564 6056 24768 -7922 1182 -2576 END
START -2500 6092 24608 -8307 1300 -2559 END
START -2456 6076 24556 -8655 1370 -2485 END
START -2280 6068 24364 -9002 1503 -2438 END
START -2272 6096 24540 -9378 1566 -2408 END
START -2284 5932 24388 -9705 1644 -2418 END
START -2284 6004 24264 -10052 1722 -2416 END
START -2320 5924 24092 -10372 1731 -2387 END
START -2532 5896 23988 -10667 1697 -2392 END
START -2564 5948 23976 -10947 1642 -2358 END
START -2540 5948 23808 -11177 1579 -2348 END
START -2632 5760 23596 -11453 1475 -2360 END
START -2748 5496 23452 -11666 1333 -2390 END
START -2716 5380 23420 -11836 1155 -2458 END
START -2772 5344 23404 -12022 920 -2535 END
START -2808 5444 23080 -12138 713 -2576 END
START -2824 5356 22780 -12292 526 -2630 END
START -2784 5368 22688 -12360 395 -2651 END
START -2768 5440 22404 -12475 234 -2683 END
START -2748 5488 22180 -12562 145 -2706 END
START -2772 5532 21768 -12639 48 -2714 END
START -2692 5584 21700 -12767 -16 -2724 END
START -2612 5644 21380 -12892 -42 -2727 END
START -2520 5756 21132 -13011 -51 -2702 END
START -2532 5760 20952 -13184 39 -2686 END
START -2488 5748 20564 -13329 162 -2636 END
START -2648 5792 20448 -13472 264 -2617 END
START -2672 5840 20240 -13647 374 -2544 END
START -2540 5828 20004 -13816 502 -2488 END
START -2548 5852 20164 -13989 636 -2399 END
START -2680 5668 19996 -14153 682 -2387 END
START -2740 5560 19948 -14313 685 -2315 END
START -2908 5444 19952 -14464 627 -2253 END
START -3060 5364 19728 -14611 594 -2196 END
START -3088 5252 19736 -14767 461 -2159 END
START -3148 4964 19776 -14874 348 -2157 END
START -3252 4932 19648 -14982 188 -2146 END
START -3372 4788 19520 -15142 -49 -2183 END
START -3344 4676 19172 -15288 -322 -2222 END
START -3416 4476 19084 -15428 -603 -2310 END
START -3456 4356 18796 -15581 -880 -2386 END
START -3496 4224 18608 -15715 -1134 -2492 END
START -3432 4280 18176 -15822 -1319 -2595 END
START -3344 4356 17948 -15931 -1492 -2675 END
START -3324 4284 17608 -16012 -1619 -2755 END
START -3356 4304 17284 -16107 -1727 -2804 END
START -3248 4212 16988 -16172 -1797 -2845 END
START -3292 4168 16576 -16238 -1799 -2899 END
START -3288 4256 16340 -16296 -1778 -2951 END
START -3440 4268 16240 -16315 -1748 -3029 END
START -3484 4304 16012 -16318 -1740 -3107 END
START -3712 4260 15832 -16277 -1732 -3192 END
START -3660 4312 15572 -16233 -1754 -3255 END
START -3672 4288 15428 -16169 -1791 -3360 END
START -3844 4296 15276 -16116 -1830 -3433 END
START -3864 4188 15092 -15996 -1941 -3525 END
START -4056 4136 15080 -15874 -2079 -3626 END
START -4184 4036 14780 -15744 -2209 -3739 END
START -4168 3792 14548 -15636 -2283 -3893 END
START -4216 3536 14588 -15500 -2387 -4102 END
START -4236 3444 14064 -15343 -2498 -4295 END
START -4336 3316 13808 -15189 -2541 -4552 END
START -4408 3024 13468 -15041 -2564 -4803 END
START -4508 2760 13248 -14877 -2506 -5083 END
START -4524 2704 12944 -14736 -2435 -5362 END
START -4684 2520 12808 -14606 -2304 -5673 END
START -4824 2448 12600 -14518 -2237 -5984 END
START -4828 2308 12396 -14460 -2069 -6290 END
START -4700 2184 12068 -14419 -1899 -6623 END
START -4724 1992 11748 -14406 -1661 -6922 END
START -4772 1708 11452 -14400 -1374 -7249 END
START -4732 1576 11128 -14423 -1062 -7640 END
START -4828 1408 10780 -14467 -684 -7995 END
START -4808 1340 10596 -14515 -351 -8405 END
START -4920 1192 10172 -14650 76 -8826 END
START -4896 1112 10064 -14740 406 -9211 END
START -4996 1000 9984 -14854 716 -9644 END
START -5032 1008 10096 -14950 992 -10065 END
START -5136 948 10036 -15024 1130 -10441 END
START -5284 908 9688 -15015 1246 -10865 END
START -5256 552 9784 -14958 1332 -11250 END
START -5408 700 9900 -14828 1249 -11668 END
START -5728 532 9820 -14610 1135 -12034 END
START -5832 484 9536 -14358 958 -12413 END
START -5764 276 9156 -14058 796 -12791 END
START -5776 168 9224 -13699 542 -13213 END
START -5888 36 9168 -13354 352 -13628 END
START -6060 100 8920 -12934 128 -14008 END
START -6408 264 8708 -12553 -191 -14446 END
START -6552 232 8716 -12132 -515 -14884 END
START -6720 504 8676 -11730 -872 -15302 END
START -6736 512 8676 -11362 -1303 -15709 END
START -6804 624 8392 -10944 -1750 -16115 END
START -6680 612 8364 -10562 -2225 -16495 END
START -6724 604 7912 -10128 -2637 -16855 END
START -6552 808 7432 -9691 -3000 -17209 END
START -6144 824 7020 -9281 -3342 -17501 END
START -5708 856 6644 -8821 -3547 -17777 END
START -5456 924 6196 -8379 -3688 -18032 END
START -5228 1044 5692 -7907 -3735 -18300 END
START -5092 1100 5476 -7454 -3698 -18499 END
START -4964 1152 5104 -7049 -3697 -18724 END
START -4928 1168 4928 -6657 -3632 -18949 END
START -4804 1260 4828 -6291 -3491 -19148 END
START -4648 1120 4424 -5993 -3325 -19410 END
START -4256 1036 4416 -5710 -3098 -19664 END
START -4176 1108 4136 -5454 -2942 -19910 END
START -3800 1052 3856 -5174 -2667 -20179 END
START -3468 1292 3616 -4907 -2371 -20390 END
START -3208 1484 3376 -4595 -1989 -20585 END
START -3108 1576 3348 -4261 -1697 -20707 END
START -2960 1892 3444 -3921 -1422 -20816 END
START -2832 1944 3368 -3500 -1194 -20843 END
START -2844 2152 3400 -3074 -1020 -20856 END
START -2664 2288 3324 -2589 -897 -20829 END
START -2416 2456 3460 -2084 -851 -20775 END
START -2096 2532 3460 -1555 -850 -20739 END
START -2068 2500 3472 -982 -895 -20673 END
START -1888 2436 3576 -365 -1023 -20602 END
START -1564 2588 3672 232 -1180 -20534 END
START -1384 2596 3564 893 -1346 -20454 END
START -1160 2844 3732 1522 -1598 -20338 END
START -952 3156 3696 2186 -1835 -20205 END
START -700 3252 3616 2816 -2027 -20050 END
START -228 3420 3456 3428 -2218 -19886 END
START 72 3580 3404 4028 -2318 -19662 END
START 348 3768 3348 4537 -2345 -19426 END
START 576 3912 3364 5069 -2357 -19136 END
START 912 4104 3140 5541 -2287 -18837 END
START 1380 4324 3264 5928 -2176 -18467 END
START 1820 4316 3192 6323 -1976 -18026 END
START 2144 4588 3144 6617 -1779 -17580 END
START 2304 4408 3180 6883 -1489 -17116 END
START 2528 4596 3336 7142 -1206 -16664 END
START 2412 4632 3492 7379 -876 -16257 END
START 2672 4616 3464 7649 -538 -15867 END
START 2728 4616 3428 7917 -177 -15498 END
START 2944 4648 3612 8199 247 -15157 END
START 2872 4688 3780 8480 643 -14819 END
START 2944 4768 3796 8797 1090 -14448 END
START 3144 4844 4196 9122 1442 -14091 END
START 3424 4936 4472 9451 1815 -13690 END
START 3432 4884 4572 9828 2083 -13267 END
START 3692 4920 4984 10182 2350 -12784 END
START 3804 5012 5284 10524 2558 -12324 END
START 4100 5152 5604 10888 2729 -11809 END
START 4156 5488 6056 11220 2852 -11306 END
START 4260 5556 6412 11548 2885 -10783 END
START 4332 5612 6724 11943 2935 -10233 END
START 4420 5696 7148 12225 2925 -9685 END
START 4556 5796 7536 12392 2831 -9100 END
START 4600 5832 7860 12737 2734 -8451 END
START 4912 5940 8148 13017 2613 -7844 END
START 5060 6160 8232 13226 2469 -7212 END
START 5188 6224 8444 13428 2401 -6572 END
START 5300 6336 8680 13642 2286 -5909 END
START 5412 6368 8740 13821 2268 -5237 END
START 5704 6316 8848 13995 2324 -4469 END
START 6008 6316 8824 14172 2436 -3749 END
START 6096 6560 9008 14351 2615 -2976 END
START 6432 6740 9112 14489 2802 -2180 END
START 6668 6868 9300 14597 3140 -1346 END
START 6792 6912 9264 14662 3431 -566 END
START 6916 7072 9332 14696 3775 304 END
START 6884 7096 9880 14691 4141 1168 END
START 6996 7148 10100 14697 4484 2089 END
START 7032 7180 10696 14691 4787 2934 END
START 6932 7292 11084 14678 5092 3808 END
START 6700 7224 11588 14682 5316 4653 END
START 6584 7248 11940 14698 5492 5412 END
START 6504 7232 12312 14661 5660 6205 END
START 6148 7004 12704 14671 5762 6974 END
START 6004 6976 13276 14651 5889 7712 END
START 5768 6928 13896 14622 5841 8433 END
START 5396 6944 14096 14563 5818 9055 END
START 5228 6892 14524 14520 5792 9687 END
START 5040 6804 14756 14447 5706 10279 END
START 4952 6736 15300 14440 5658 10815 END
START 4660 6680 15564 14361 5591 11331 END
START 4516 6716 15816 14283 5405 11868 END
START 4312 6884 16292 14188 5273 12321 END
START 4136 6972 16444 14068 5094 12926 END
START 4164 7052 16836 13909 4951 13458 END
START 3964 7080 16884 13714 4845 13967 END
START 3944 7136 17012 13531 4756 14445 END
START 3872 7260 16944 13309 4691 14897 END
START 3924 7448 16880 13062 4695 15357 END
START 3976 7536 16940 12731 4822 15816 END
START 4028 7712 16816 12405 4994 16275 END
START 4008 7724 17084 12266 5219 16769 END
START 3912 7872 17016 11923 5448 17228 END
START 3848 8052 17232 11527 5717 17705 END
START 3872 8092 17440 11306 5948 18192 END
START 3780 8088 17816 10987 6167 18682 END
START 3672 8144 18016 10697 6430 19148 END
START 3512 8096 18192 10429 6636 19646 END
START 3524 8068 18584 10170 6826 20174 END
START 3256 8140 18892 9926 6997 20634 END
START 3064 8432 19168 9687 7116 21153 END
START 2972 8424 19556 9416 7210 21606 END
START 2740 8476 20092 9123 7295 22149 END
START 2700 8364 20232 8778 7308 22669 END
START 2496 8356 20520 8435 7300 23194 END
START 2192 8324 20664 8049 7279 23720 END
START 2092 8308 20596 7676 7282 24266 END
START 1792 8416 20768 7344 7263 24779 END
START 1492 8152 20924 6945 7290 25254 END
START 1352 8060 21080 6602 7247 25714 END
START 1080 7960 21248 6286 7239 26149 END
START 776 7796 21244 5961 7203 26559 END
START 604 7544 21288 5689 7143 26885 END
START 224 7560 21612 5414 7024 27153 END
START -308 7412 21828 5160 6860 27391 END
START -640 7220 21932 4963 6685 27575 END
START -1124 7104 22132 4763 6397 27707 END
START -1572 6900 22376 4667 6049 27839 END
START -1936 6628 22320 4590 5715 27952 END
START -2504 6372 22632 4560 5332 27989 END
START -2748 6104 22624 4543 4995 27977 END
START -3068 6052 22656 4534 4654 27943 END
START -3332 5784 22404 4514 4463 27815 END
START -3388 5664 22480 4409 4257 27724 END
START -3640 5364 22680 4286 4181 27534 END
START -3952 5220 22716 4149 4051 27302 END
START -4296 4840 22884 3888 3988 27053 END
START -4788 4504 23044 3533 3891 26756 END
START -5280 4132 23104 3153 3793 26333 END
START -5672 3616 23108 2699 3679 25824 END
START -5976 3152 23080 2241 3616 25231 END
START -6284 2708 23084 1743 3609 24534 END
START -6388 2188 22792 1272 3631 23799 END
START -6700 1880 22588 805 3723 23016 END
START -6804 1588 22368 417 3847 22257 END
START -6884 1448 22056 11 4052 21473 END
START -6956 1440 21736 -364 4406 20708 END
START -6888 1424 21452 -708 4784 19974 END
START -6936 1336 21308 -1049 5254 19297 END
START -7004 1280 21020 -1396 5759 18633 END
START -7196 1368 20984 -1777 6207 17994 END
START -7180 1268 20916 -2106 6652 17457 END
START -7344 1360 20964 -2466 7082 16877 END
START -7204 1448 21028 -2840 7494 16290 END
START -7404 1424 21284 -3179 7839 15748 END
START -7704 1144 21696 -3523 8073 15176 END
START -7984 1128 22288 -3856 8090 14691 END
START -8264 904 22828 -4131 7976 14144 END
START -8604 740 23260 -4455 7712 13609 END
START -8760 760 23392 -4698 7317 13111 END
START -8916 664 23788 -4924 6889 12511 END
START -9032 572 23928 -5113 6324 11917 END
START -9032 692 23972 -5297 5802 11396 END
START -9020 612 24052 -5450 5172 10839 END
START -9160 556 24064 -5602 4582 10340 END
START -9196 624 23708 -5752 3933 9799 END
START -9156 656 23564 -5883 3324 9308 END
START -9340 516 23348 -6055 2780 8782 END
START -9376 512 23100 -6230 2215 8262 END
START -9156 604 22816 -6374 1739 7741 END
START -9216 572 22252 -6560 1325 7174 END
START -9156 536 21964 -6719 1015 6625 END
START -8960 380 21508 -6873 729 6059 END
START -8844 300 21072 -7027 527 5529 END
START -8700 204 20612 -7164 386 4951 END
START -8796 192 20084 -7312 328 4376 END
START -8632 92 19816 -7458 325 3809 END
START -8608 -16 19428 -7605 372 3176 END
START -8736 -56 19100 -7772 506 2548 END
START -8848 -316 18844 -7901 658 1894 END
START -8828 -520 18380 -8070 915 1193 END
START -8876 -632 18384 -8247 1163 437 END
START -9028 -860 18092 -8433 1493 -328 END
START -8952 -1000 17864 -8634 1791 -1176 END
START -9208 -1020 17628 -8851 2154 -2062 END
START -9304 -1004 17360 -9042 2542 -2987 END
START -9424 -1140 17480 -9253 2935 -3906 END
START -9612 -1160 17460 -9457 3266 -4883 END
START -9804 -1520 17520 -9617 3554 -5792 END
START -10228 -1700 17736 -9780 3693 -6783 END
START -10508 -2004 17876 -9884 3733 -7809 END
START -10640 -2076 18064 -9990 3673 -8928 END
START -10700 -2124 18040 -10040 3492 -10032 END
START -10868 -2080 18360 -10005 3207 -11205 END
START -10844 -1880 18228 -9999 2821 -12284 END
START -10532 -1668 18228 -9893 2391 -13324 END
START -10356 -1304 18240 -9774 1915 -14225 END
START -9964 -840 18044 -9616 1405 -15112 END
START -9656 -316 17716 -9481 961 -15788 END
START -9400 16 17580 -9327 522 -16358 END
START -8988 632 17256 -9188 117 -16876 END
START -8520 1116 16900 -9059 -246 -17250 END
START -8044 1488 16648 -8956 -614 -17543 END
START -7676 1924 16540 -8861 -937 -17763 END
START -7372 2264 16204 -8802 -1223 -17870 END
START -7092 2180 15892 -8751 -1507 -17931 END
START -6576 2128 15500 -8705 -1643 -17965 END
START -6516 2072 15124 -8605 -1738 -17991 END
START -6276 1980 14680 -8523 -1684 -18022 END
START -6376 1876 14276 -8411 -1572 -18118 END
START -6476 1744 14228 -8298 -1404 -18292 END
START -6692 1680 13968 -8228 -1157 -18535 END
START -6772 1552 13752 -8169 -889 -18859 END
START -7036 1300 13376 -8181 -572 -19208 END
START -7280 944 12952 -8181 -153 -19722 END
START -7520 612 12892 -8234 268 -20258 END
START -7660 276 12616 -8306 731 -20934 END
START -8032 -136 12320 -8389 1293 -21660 END
START -8468 -488 12188 -8451 1881 -22476 END
START -8772 -764 11768 -8508 2492 -23470 END
START -9020 -1020 11656 -8513 3035 -24470 END
START -9272 -1204 11596 -8511 3611 -25624 END
START -9492 -1372 11868 -8447 4057 -26763 END
START -9668 -1228 11756 -8389 4455 -27963 END
START -9680 -1048 11972 -8329 4681 -29188 END
START -9648 -844 12308 -8292 4733 -30325 END
START -9480 -428 12604 -8206 4627 -31341 END
START -8992 -8 12832 -8093 4324 -32246 END
START -8900 628 13028 -7924 3875 -32768 END
START -8480 1184 12948 -7706 3298 -32768 END
START -8028 2008 12824 -7385 2665 -32768 END
START -7588 2796 12324 -6974 1992 -32768 END
START -7004 3720 12072 -6534 1340 -32768 END
START -6196 4300 11596 -5960 753 -32768 END
START -5216 4672 10908 -5457 307 -32768 END
START -4236 5136 10260 -4917 -56 -32768 END
START -3504 5348 9652 -4386 -263 -32592 END
START -2800 5676 9052 -3932 -316 -31814 END
START -2392 5856 8728 -3506 -303 -31064 END
START -2044 5860 8444 -3136 -205 -30254 END
START -1752 5920 8040 -2869 -1 -29471 END
START -1500 5616 7652 -2669 178 -28750 END
START -1184 5016 7368 -2471 521 -28059 END
START -1088 4588 6952 -2352 846 -27460 END
START -900 4108 6812 -2190 1176 -26965 END
START -988 3860 6724 -1974 1500 -26545 END
START -1436 3760 6808 -1712 1747 -26212 END
START -1720 3512 6824 -1369 1866 -25989 END
START -2080 3532 6676 -905 1943 -25780 END
START -2428 3356 6760 -379 1898 -25664 END
START -2740 3196 6924 245 1742 -25614 END
START -2952 3060 6916 951 1477 -25638 END
START -3168 3180 6676 1740 1119 -25708 END
START -3248 3420 6736 2622 736 -25808 END
START -3312 3804 6572 3550 394 -25937 END
START -3096 4020 6352 4459 59 -26014 END
START -2852 4436 6248 5381 -244 -26062 END
START -2520 4780 5860 6321 -427 -26003 END
START -1892 5148 5592 7164 -518 -25880 END
START -1168 5656 5568 7948 -577 -25626 END
START -592 6336 5460 8707 -584 -25261 END
START -264 7044 5332 9399 -517 -24774 END
START 404 7716 5360 10080 -372 -24130 END
START 1088 8500 5492 10655 -189 -23355 END
START 1820 8812 5496 11189 152 -22438 END
START 2652 8984 5480 11641 510 -21386 END
START 3380 9172 5784 12184 934 -20270 END
START 3912 9188 6008 12328 1457 -19094 END
START 4392 9188 6136 12693 1961 -17910 END
START 4740 9096 6484 12940 2405 -16817 END
START 4864 8920 7120 13113 2811 -15711 END
START 4572 8668 7556 13331 3177 -14643 END
START 4520 8584 8228 13515 3369 -13638 END
START 4344 8500 8812 13730 3463 -12742 END
START 4140 8336 9364 13913 3433 -11877 END
START 3988 8184 9768 14158 3350 -11038 END
START 3740 8028 10136 14387 3148 -10313 END
START 3556 7900 10452 14656 2899 -9567 END
START 3412 7756 10696 14904 2605 -8969 END
START 3312 7800 10988 15143 2251 -8340 END
START 3132 7888 11068 15404 1893 -7729 END
START 2888 7820 11112 15627 1593 -7147 END
START 2668 7768 11064 15837 1385 -6643 END
START 2516 7912 10892 16034 1192 -6163 END
START 2276 7940 11044 16190 1055 -5792 END
START 2112 8036 11084 16321 1041 -5403 END
START 2056 8068 11244 16429 1058 -5056 END
START 1920 8156 11224 16529 1204 -4753 END
START 2100 8136 11356 16531 1359 -4385 END
START 2148 8220 11588 16509 1557 -3987 END
START 2296 8424 11728 16418 1843 -3530 END
START 2552 8796 11716 16282 2187 -3018 END
START 2660 8796 11952 16165 2568 -2463 END
START 2720 8972 12140 16068 2928 -1818 END
START 2792 9028 12660 16023 3256 -1106 END
START 2776 9052 13232 15999 3515 -375 END
START 2796 9028 13736 16031 3727 307 END
START 2560 9028 14280 16135 3900 1043 END
START 2504 8904 14920 16236 3873 1688 END
START 2328 8532 15472 16365 3786 2399 END
START 2152 8308 16244 16495 3575 3035 END
START 2012 8164 16840 16609 3254 3625 END
START 1912 8280 17420 16687 2796 4148 END
START 1864 8424 17808 16682 2332 4657 END
START 2088 8696 17852 16614 1882 5167 END
START 2352 8904 17800 16467 1555 5730 END
START 2816 9360 17568 16193 1286 6319 END
START 3156 9724 17376 15865 1135 6988 END
START 3560 9968 17224 15489 1121 7682 END
START 4064 10272 17008 15120 1125 8431 END
START 4344 10536 17096 14723 1171 9276 END
START 4844 10904 16836 14339 1163 10122 END
START 5236 11104 16584 13973 1200 11020 END
START 5384 11356 16492 13599 1316 11963 END
START 5736 11500 16136 13285 1398 13047 END
START 6012 11864 16032 12992 1494 13905 END
START 5988 12016 15704 12737 1658 14977 END
START 6016 12144 15424 12575 1847 15931 END
START 5952 12224 15224 12495 2076 16920 END
START 5736 12424 15380 12487 2311 17944 END
START 5504 12416 15492 12540 2569 18973 END
START 5148 12636 15552 12641 2855 19925 END
START 4680 12804 15608 12709 3031 20840 END
START 4312 12688 15740 12771 3240 21728 END
START 3756 12620 16108 12760 3375 22504 END
START 3348 12372 16432 12811 3495 23249 END
START 2708 12120 16700 12824 3537 23893 END
START 2388 11912 17304 12891 3532 24425 END
START 1856 11876 17728 12837 3489 24856 END
START 1336 11904 18188 12771 3433 25230 END
START 896 11800 18492 12661 3291 25583 END
START 616 11728 18940 12443 3185 25881 END
START 456 11508 19204 12050 2986 26191 END
START 204 11332 19340 11766 2929 26530 END
START 224 11228 19284 11196 2834 26812 END
START 220 11116 19136 10722 2835 27058 END
START 236 11048 18952 10154 2961 27286 END
START 292 11016 18728 9617 3205 27481 END
START 320 11068 18496 9074 3504 27665 END
START 292 10980 18348 8532 3852 27772 END
START 304 10920 18328 7985 4277 27922 END
START 184 10892 18176 7418 4694 28008 END
START 16 10652 18276 6894 5080 28116 END
START 44 10628 18212 6379 5536 28254 END
START -36 10600 18268 5906 5900 28343 END
START -208 10520 18356 5466 6284 28443 END
START -308 10504 18340 5036 6650 28518 END
START -588 10464 18664 4641 6989 28549 END
START -804 10356 18856 4302 7176 28587 END
START -1000 10384 19360 3979 7320 28587 END
START -1476 10396 19840 3709 7303 28581 END
START -2092 10408 20236 3444 7120 28557 END
START -2412 10472 20956 3218 6807 28527 END
START -2796 10256 21504 3016 6422 28448 END
START -2952 10008 21808 2835 5943 28389 END
START -3348 9644 22360 2620 5468 28267 END
START -3716 9268 22916 2411 4944 28084 END
START -4280 9016 23224 2163 4430 27812 END
START -4660 8608 23860 1831 3868 27440 END
START -5216 8384 24280 1456 3258 27044 END
START -5596 7960 24536 991 2668 26539 END
START -5816 7496 24836 440 2041 25967 END
START -5900 6968 24740 -182 1466 25418 END
START -5940 6592 24712 -862 953 24747 END
START -5872 6344 24668 -1575 567 24044 END
START -5992 6112 24528 -2339 214 23281 END
START -5916 6096 24184 -3108 -83 22598 END
START -5804 5832 23740 -3866 -254 21928 END
START -5788 5912 23568 -4697 -404 21253 END
START -5700 5816 23016 -5540 -393 20661 END
START -5540 5800 22692 -6301 -389 20087 END
START -5460 5888 22344 -7098 -315 19504 END
START -5424 5812 21764 -7883 -202 18943 END
START -5352 5776 21180 -8609 -45 18435 END
START -5260 5728 20856 -9268 156 17891 END
START -5288 5580 20388 -9943 380 17385 END
START -5212 5560 19952 -10526 641 16855 END
START -5196 5572 19304 -11058 930 16290 END
START -5272 5372 18864 -11458 1220 15790 END
START -5200 5260 18312 -11817 1481 15247 END
START -5376 5084 18216 -12049 1731 14729 END
START -5420 4740 17812 -12168 1956 14165 END
START -5648 4572 17652 -12304 2076 13644 END
START -5756 4464 17408 -12267 2208 13098 END
START -5808 4232 17144 -12229 2273 12494 END
START -5976 3984 17084 -12146 2281 11979 END
START -6048 3856 17024 -12043 2222 11429 END
START -6040 3688 16848 -11878 2062 10850 END
START -6104 3588 16624 -11813 1941 10275 END
START -6088 3400 16716 -11673 1699 9673 END
START -6068 3300 16536 -11543 1509 9101 END
START -6088 3180 16232 -11436 1288 8499 END
START -6068 3152 15948 -11313 1085 7928 END
START -6032 3104 15624 -11202 925 7312 END
START -5908 3076 15452 -11117 765 6676 END
START -5808 3064 15140 -11002 707 6084 END
START -5848 2960 14920 -10862 587 5490 END
START -5624 3028 14636 -10713 560 4880 END