START 940 1844 1112 -2034 1441 -2564 END
START -1304 3292 3428 -1553 2131 -2466 END
START 12 3232 3004 -1209 1732 -2362 END
START 1764 3140 1040 -863 1651 -2296 END
START 1112 3224 1856 -658 1632 -2223 END
START -60 3392 2876 -437 1090 -2052 END
START 440 3572 1984 -243 764 -1940 END
START -100 3812 2252 18 557 -1760 END
START 676 4028 1516 274 188 -1518 END
START 1296 4232 876 600 89 -1323 END
START 1188 4464 820 923 130 -1106 END
START 1488 4660 500 1309 32 -866 END
START 1200 4968 524 1679 65 -585 END
START 848 5204 584 2095 -14 -264 END
START 1024 5328 184 2467 -68 80 END
START 1036 5320 76 2830 -25 472 END
START 1252 5360 -256 3187 -10 867 END
START 1296 5488 -360 3547 111 1253 END
START 1432 5572 -960 3839 207 1669 END
START 1720 5544 -1180 4197 387 2070 END
START 1656 5676 -1572 4529 621 2490 END
START 1492 5720 -1672 4850 881 2755 END
START 1576 5628 -1820 5173 1188 3036 END
START 1492 5524 -1876 5576 1440 3265 END
START 1260 5580 -2032 5942 1740 3458 END
START 1336 5512 -2304 6386 2002 3622 END
START 1036 5656 -2388 6831 2257 3780 END
START 856 5896 -2684 7344 2578 3901 END
START 592 5920 -2892 7797 2811 4007 END
START 456 6220 -2964 8385 3137 4090 END
START 356 6240 -2968 8980 3384 4170 END
START 96 6248 -3108 9762 3584 4148 END
START -84 6124 -3196 10541 3811 4179 END
START -212 6192 -2916 11420 3999 4062 END
START -220 6372 -2652 12380 4097 3995 END
START -308 6464 -2384 13315 4192 3896 END
START -168 6796 -2048 14294 4280 3821 END
START -196 6992 -1524 15143 4302 3815 END
START 28 7392 -1052 15921 4262 3896 END
START 100 7608 -976 16572 4201 4057 END
START 284 7968 -420 17104 4122 4259 END
START 380 8252 -244 17529 4047 4539 END
START 552 8628 184 17879 3871 4893 END
START 912 8700 284 18185 3743 5202 END
START 1132 8788 548 18453 3678 5585 END
START 1164 8748 920 18725 3640 5923 END
START 1272 8852 1080 19035 3589 6282 END
START 1324 9020 1340 19306 3594 6680 END
START 1480 9020 1464 19577 3663 7084 END
START 1712 9152 1656 19817 3749 7561 END
START 1832 9268 1996 20004 3903 8042 END
START 1776 9296 1756 20128 4184 8602 END
START 1764 9324 1964 20213 4451 9161 END
START 1588 9668 1632 20270 4859 9759 END
START 1360 9956 1440 20295 5433 10324 END
START 780 10168 1348 20386 6096 10944 END
START 400 10300 1156 20422 6743 11479 END
START -260 10192 1232 20569 7417 11906 END
START -956 10080 1572 20832 8123 12268 END
START -1592 9840 1948 21169 8743 12837 END
START -2188 9448 2608 21614 9233 12955 END
START -2788 9124 3096 22142 9641 13018 END
START -3328 8648 4064 22714 9938 13259 END
START -3876 8096 4960 23393 10058 13289 END
START -4400 7704 6164 24129 10024 13235 END
START -4832 7364 7344 24891 9804 12959 END
START -5272 7144 8416 25622 9441 12677 END
START -5608 6896 9408 26343 8901 12550 END
START -5828 6732 10348 26958 8241 12328 END
START -6084 6496 11480 27558 7561 11849 END
START -6224 6508 12156 27968 6882 11483 END
START -6288 6140 13540 28315 6132 11148 END
START -6280 6220 14152 28585 5401 10838 END
START -6188 6352 14728 28689 4769 10503 END
START -6048 6480 14960 28698 4172 10264 END
START -5844 6636 15160 28566 3865 10000 END
START -5488 6824 15532 28364 3751 9836 END
START -5348 7184 15656 28103 3793 9808 END
START -5172 7596 16076 27739 3996 9826 END
START -5200 8084 16816 27319 4312 10033 END
START -5236 8272 17404 26816 4667 10277 END
START -5316 8528 18244 26328 5005 10535 END
START -5632 8384 18800 25758 5374 10753 END
START -5892 8096 19508 25222 5646 10947 END
START -6144 7932 20480 24699 5806 11060 END
START -6436 7692 21416 24153 5956 11139 END
START -6708 7536 22156 23625 5961 11141 END
START -7272 7516 22960 23141 5895 11075 END
START -7748 7260 23836 22670 5651 10951 END
START -8000 6860 24684 22233 5394 10781 END
START -8144 6556 25032 21807 4989 10597 END
START -8120 6320 25316 21433 4698 10293 END
START -8188 6148 25796 21003 4386 9953 END
START -8144 5984 25816 20579 3993 9562 END
START -8040 5716 25904 20146 3711 9162 END
START -8084 5508 26112 19694 3404 8684 END
START -7980 5468 26180 19255 3153 8174 END
START -7800 5436 26324 18889 2964 7709 END
START -7852 5520 26388 18556 2777 7272 END
START -7800 5720 26328 18239 2740 6865 END
START -7696 6012 26292 17937 2678 6539 END
START -7408 6188 26280 17647 2643 6239 END
START -7220 6372 26288 17290 2676 5907 END
START -7076 6436 26620 16855 2646 5598 END
START -6856 6340 26584 16491 2539 5261 END
START -6524 6396 26600 16089 2508 4936 END
START -6252 6280 26608 15689 2419 4593 END
START -6004 6356 26740 15357 2359 4286 END
START -5796 6432 26920 15057 2278 3980 END
START -5536 6544 27256 14813 2188 3734 END
START -5060 6628 27320 14549 2119 3459 END
START -4840 6888 27112 14213 2132 3247 END
START -4748 7388 27456 13912 2136 3166 END
START -4512 7660 27868 13654 2077 3222 END
START -4376 7896 28476 13656 1970 3380 END
START -4160 8104 28840 13777 1790 3628 END
START -4220 7888 29400 14000 1541 3916 END
START -4116 7812 30124 14255 1219 4253 END
START -3948 7904 30496 14461 938 4555 END
START -3988 7864 31104 14453 467 4760 END
START -4104 7912 31488 14255 -32 4903 END
START -4188 7728 31924 13879 -583 5031 END
START -4220 7652 32272 13331 -1173 5079 END
START -4148 7524 32372 12729 -1769 5144 END
START -4148 7388 32280 11836 -2394 5235 END
START -3960 7052 32416 11231 -2850 5329 END
START -4024 6728 32188 10375 -3227 5349 END
START -3928 6548 31824 9595 -3503 5408 END
START -3904 6460 31388 8865 -3679 5408 END
START -3872 6484 30980 8176 -3655 5424 END
START -3812 6752 30068 7519 -3494 5435 END
START -3888 6916 29072 6915 -3165 5486 END
START -4168 7112 28304 6355 -2800 5584 END
START -4276 7016 27784 5841 -2366 5707 END
START -4056 6964 26932 5326 -1854 5761 END
START -4300 6840 26368 4797 -1200 5753 END
START -4368 6716 26016 4308 -623 5634 END
START -4452 6560 25868 3830 -7 5515 END
START -4488 6348 25808 3341 629 5360 END
START -4556 6120 25900 2946 1237 5172 END
START -4664 5904 26032 2502 1830 4997 END
START -4856 5876 26320 2148 2294 4838 END
START -4832 5812 26592 1773 2661 4704 END
START -5860 6428 26512 308 1218 4334 END
START -6300 4980 24624 -449 2891 4178 END
START -3428 4680 24860 -150 2929 4265 END
START -3900 4460 26212 194 3469 4241 END
START -6060 4932 28420 465 3432 4179 END
START -6984 5192 29336 665 2996 4088 END
START -6064 5304 28912 656 2719 3982 END
START -5716 5180 28876 444 2628 3788 END
START -6136 5260 29308 92 2385 3569 END
START -6116 5220 29388 -477 2043 3348 END
START -6780 5036 30136 -1142 1698 3115 END
START -7112 4828 30484 -1843 1339 2873 END
START -7068 4568 30328 -2555 862 2570 END
START -6876 4272 30268 -3209 452 2294 END
START -6864 4140 30124 -3838 287 1983 END
START -6992 3876 30028 -4457 149 1588 END
START -6976 3832 29756 -5088 -48 1232 END
START -6764 3744 29060 -5752 -77 842 END
START -6688 3940 28652 -6488 -27 416 END
START -6548 3876 28552 -7211 27 -35 END
START -6280 4076 27900 -7871 259 -405 END
START -6124 4416 27220 -8568 520 -775 END
START -6004 4592 27088 -9283 817 -1102 END
START -5504 4768 26372 -9954 1141 -1315 END
START -5192 4868 26028 -10671 1565 -1553 END
START -4992 4980 25380 -11358 2051 -1768 END
START -4872 5136 25272 -12033 2494 -1904 END
START -4784 5232 25124 -12735 2898 -2062 END
START -4476 5204 24640 -13347 3273 -2236 END
START -4224 5268 24320 -13951 3720 -2357 END
START -4228 5372 23864 -14488 4102 -2497 END
START -4036 5400 23548 -15028 4511 -2626 END
START -3868 5656 23120 -15506 4920 -2690 END
START -3792 5680 22812 -15979 5272 -2744 END
START -3728 5728 22600 -16405 5678 -2785 END
START -3724 5752 22356 -16819 5944 -2775 END
START -3720 6068 22276 -17164 6246 -2735 END
START -3920 5992 22208 -17549 6461 -2663 END
START -3924 6084 22080 -17811 6569 -2580 END
START -4136 6052 22108 -18084 6704 -2500 END
START -4428 5996 21964 -18302 6679 -2471 END
START -4652 5924 22052 -18488 6603 -2446 END
START -4900 5860 21692 -18600 6462 -2472 END
START -4992 5736 21384 -18673 6267 -2472 END
START -5128 5340 21204 -18705 6120 -2556 END
START -5244 5184 21132 -18693 5991 -2632 END
START -5384 4940 21036 -18630 5847 -2715 END
START -5696 4780 20728 -18579 5800 -2864 END
START -6092 4660 20648 -18503 5610 -3087 END
START -6432 4556 20792 -18438 5358 -3324 END
START -6800 4624 20908 -18379 5048 -3643 END
START -7040 4520 21004 -18345 4625 -3988 END
START -7268 4412 21228 -18326 4172 -4240 END
START -7352 4204 21220 -18386 3572 -4549 END
START -7672 4104 21324 -18401 2911 -4859 END
START -7652 4076 21172 -18383 2187 -5156 END
START -7764 3864 20996 -18385 1477 -5443 END
START -7816 3880 20692 -18346 790 -5725 END
START -7916 3752 20172 -18296 153 -6024 END
START -7876 3580 19776 -18240 -392 -6335 END
START -7880 3556 19192 -18152 -868 -6659 END
START -7800 3372 18652 -18091 -1249 -6996 END
START -7760 3192 18252 -18037 -1531 -7352 END
START -7628 3144 17820 -17984 -1843 -7708 END
START -7676 3240 17180 -17945 -2066 -8027 END
START -7568 3216 16684 -17943 -2189 -8334 END
START -7540 3328 16120 -17882 -2268 -8585 END
START -7764 3272 15768 -17852 -2253 -8845 END
START -7932 3260 15392 -17761 -2274 -9087 END
START -8020 3424 14900 -17665 -2233 -9331 END
START -8208 3116 14472 -17515 -2142 -9540 END
START -8228 3004 14008 -17347 -1998 -9808 END
START -8308 3004 13564 -17206 -1754 -10059 END
START -8404 3056 13308 -17031 -1559 -10364 END
START -8496 2852 13028 -16852 -1256 -10664 END
START -8836 2756 12952 -16733 -1007 -10999 END
START -9052 2696 12740 -16612 -732 -11384 END
START -9252 2528 12612 -16500 -544 -11778 END
START -9672 2216 12584 -16419 -358 -12195 END
START -9848 2048 12396 -16398 -189 -12665 END
START -9944 1804 12304 -16381 -35 -13257 END
START -10172 1692 12248 -16396 79 -13847 END
START -10252 1728 12500 -16430 149 -14526 END
START -10536 1616 12488 -16469 55 -15245 END
START -10856 1548 12520 -16456 -122 -15975 END
START -11164 1504 12648 -16482 -360 -16754 END
START -11472 1540 12440 -16477 -741 -17509 END
START -11776 1276 12320 -16484 -1199 -18319 END
START -11688 1112 11952 -16432 -1726 -19138 END
START -11668 856 11484 -16373 -2259 -19978 END
START -11412 880 10872 -16295 -2756 -20804 END
START -11216 868 10348 -16076 -3134 -21613 END
START -11020 904 9692 -15831 -3542 -22434 END
START -10752 1176 9192 -15487 -3871 -23192 END
START -10616 1428 8600 -15015 -4134 -23834 END
START -10364 1696 8032 -14512 -4470 -24421 END
START -10140 1972 7384 -13954 -4733 -24900 END
START -9668 2212 6716 -13393 -5007 -25303 END
START -9208 2560 5860 -12764 -5074 -25639 END
START -8896 2672 5420 -12185 -5146 -25917 END
START -8492 3032 4716 -11602 -5094 -26067 END
START -7952 3316 4320 -11009 -4887 -26257 END
START -7628 3736 3880 -10427 -4662 -26407 END
START -7476 4244 3736 -9882 -4433 -26548 END
START -7636 4528 3660 -9350 -4260 -26607 END
START -7844 4700 3708 -8747 -4136 -26634 END
START -8260 4632 3964 -8102 -4139 -26639 END
START -8612 4348 4220 -7433 -4322 -26600 END
START -9004 3980 3956 -6699 -4558 -26631 END
START -9280 3720 3664 -5903 -4803 -26724 END
START -9328 3324 3664 -5138 -4946 -26936 END
START -9436 3024 3084 -4388 -5054 -27278 END
START -9600 2740 2752 -3628 -5146 -27702 END
START -9672 2684 2476 -2994 -5180 -28180 END
START -9704 2988 1992 -2355 -5100 -28729 END
START -9612 3412 1796 -1790 -5008 -29245 END
START -9404 3968 1564 -1214 -4829 -29794 END
START -9028 4340 1436 -615 -4609 -30303 END
START -8820 4860 1148 -83 -4376 -30775 END
START -8648 4984 1188 393 -4209 -31161 END
START -8184 5248 852 899 -4017 -31460 END
START -7596 5536 788 1401 -3832 -31632 END
START -6972 6104 468 1870 -3668 -31715 END
START -6224 7016 544 2327 -3595 -31661 END
START -5616 7928 448 2821 -3630 -31515 END
START -4852 8908 620 3194 -3773 -31221 END
START -3852 9632 480 3601 -3963 -30874 END
START -2836 10120 352 4076 -4088 -30278 END
START -1936 10248 96 4540 -4152 -29573 END
START -844 10288 -160 5026 -4063 -28646 END
START -276 10356 -376 5582 -3872 -27660 END
START 192 10492 -676 6203 -3593 -26616 END
START 540 10716 -1144 6833 -3283 -25618 END
START 756 10656 -1384 7496 -2957 -24658 END
START 920 10496 -1488 8206 -2568 -23788 END
START 896 10096 -1400 8952 -2314 -23019 END
START 932 9352 -1232 9733 -2126 -22340 END
START 888 8952 -1460 10474 -1924 -21829 END
START 988 8684 -1492 11348 -1641 -21381 END
START 968 8604 -1308 11979 -1385 -20978 END
START 972 8576 -1508 13043 -1118 -20668 END
START 1100 8476 -1580 13854 -844 -20364 END
START 1336 8612 -1744 14692 -465 -20073 END
START 1596 8656 -2056 15566 18 -19702 END
START 1956 9144 -2304 16335 659 -19328 END
START 2040 9332 -2296 17146 1451 -18880 END
START 2288 9808 -2176 17875 2101 -18454 END
START 2396 10184 -1588 18568 2878 -17930 END
START 2784 10172 -1036 19261 3496 -17374 END
START 3004 10136 -356 19922 4015 -16777 END
START 3080 10328 288 20568 4365 -16203 END
START 3132 10404 660 21149 4690 -15615 END
START 3252 10720 1436 21788 4858 -15039 END
START 3456 11276 1800 22350 5059 -14398 END
START 3828 11968 2516 22821 5302 -13703 END
START 4148 12648 3152 23212 5436 -12940 END
START 4720 13204 3848 23444 5633 -12034 END
START 5052 13692 4608 23545 5792 -10934 END
START 5380 13872 5052 23543 5822 -9739 END
START 5512 14200 5920 23503 5715 -8492 END
START 5676 14192 6540 23412 5585 -7175 END
START 6000 13992 7268 23302 5387 -5888 END
START 6232 13756 7564 23213 5210 -4664 END
START 6460 13560 8100 23141 5116 -3489 END
START 6864 13392 8456 23053 5157 -2294 END
START 6964 13228 8616 22992 5344 -1107 END
START 7152 13148 9228 22866 5571 108 END
START 6924 13020 9596 22812 5845 1203 END
START 6552 13140 10104 22636 6176 2318 END
START 6136 13200 10780 22451 6521 3433 END
START 5508 13152 11488 22161 6749 4500 END
START 4776 13000 11984 21787 6819 5492 END
START 4028 12648 12360 21372 6788 6359 END
START 3140 12252 12824 20939 6730 7127 END
START 2272 11848 13304 20537 6715 7757 END
START 1448 11760 13676 20152 6660 8211 END
START 720 11488 13816 19794 6649 8515 END
START 56 11404 14132 19519 6598 8717 END
START -360 11404 14648 19239 6558 8814 END
START -676 11400 14696 18975 6420 8807 END
START -600 11580 14708 18691 6307 8813 END
START 216 11960 14364 18337 6513 8814 END
START 84 12192 14620 17828 6952 8899 END
START -84 12504 15184 17353 6866 8970 END
START 100 12520 15184 16935 6724 9027 END
START 656 12348 15188 16574 6838 9085 END
START 1516 12272 15056 16182 7166 9162 END
START 2352 12484 15388 15774 7577 9262 END
START 2992 12856 15380 15338 8067 9466 END
START 3628 13520 15644 14806 8522 9765 END
START 4228 14192 16488 14243 8838 10233 END
START 4572 14784 16864 13647 9026 10837 END
START 5136 15284 17552 13010 9063 11587 END
START 5608 15624 18020 12332 9070 12625 END
START 6236 15956 18800 11868 9043 13542 END
START 6704 16632 19372 11320 8890 14923 END
START 6804 17100 19928 10855 8563 16261 END
START 6960 17716 19948 10372 8067 17729 END
START 7184 17868 20400 9942 7542 19317 END
START 7460 18056 20240 9676 7054 20858 END
START 7708 18080 19972 9455 6637 22530 END
START 7968 17912 19792 9391 6321 24257 END
START 7976 17956 19620 9400 6133 25973 END
START 7812 17912 19368 9515 5980 27576 END
START 7720 17896 19156 9715 6041 29114 END
START 7260 17652 19004 10023 6239 30548 END
START 6584 17424 19136 10358 6551 31908 END
START 5464 17392 19364 10777 6878 32767 END
START 4048 17100 19944 11153 7044 32767 END
START 2596 16728 20752 11462 7087 32767 END
START 1316 16060 21808 12008 6945 32767 END
START 64 15208 22492 12320 6703 32767 END
START -836 14476 23304 12305 6455 32767 END
START -1592 13752 23836 12694 6228 32767 END
START -2260 13192 24288 12845 6037 32767 END
START -2912 13052 24772 12825 5925 32767 END
START -3008 12892 25440 12556 5884 32767 END
START -3144 12700 26036 12220 5888 32767 END
START -3316 12484 26092 11845 5954 32767 END
START -3168 12324 26692 11081 5975 32767 END
START -3300 11960 26740 10226 5902 32767 END
START -3460 11908 27112 9318 5893 32767 END
START -3432 11852 27036 8364 5902 32767 END
START -3044 11896 26960 7242 6044 32767 END
START -3012 12044 26660 6018 6244 32767 END
START -3040 11920 26656 4843 6337 32767 END
START -2956 11880 26480 3824 6409 32767 END
START -2736 11816 26048 2894 6377 32767 END
START -2560 11744 25896 2107 6402 32767 END
START -2620 11552 25604 1402 6358 32767 END
START -2524 11472 25484 814 6282 32767 END
START -2744 11184 25816 293 6127 32767 END
START -2992 11104 25968 -136 5880 32767 END
START -3384 11048 26304 -625 5461 32767 END
START -3696 11032 26660 -1004 4947 32767 END
START -4464 10736 27076 -1440 4296 32767 END
START -5156 10732 27508 -1735 3557 32767 END
START -6108 10444 27832 -2060 2729 32767 END
START -6936 9904 28452 -2328 1820 32767 END
START -8016 9204 28520 -2525 834 32767 END
START -8948 8108 28720 -2782 -107 32767 END
START -9696 7432 28492 -3023 -1040 32767 END
START -10612 6644 28336 -3305 -1982 32767 END
START -11460 6108 27904 -3659 -2891 32767 END
START -11912 5520 27360 -4111 -3643 32767 END
START -12456 4844 26608 -4602 -4299 32172 END
START -12884 4472 25824 -5141 -4730 31072 END
START -13172 4048 24928 -5734 -5044 29914 END
START -13596 3320 24036 -6333 -5289 28610 END
START -13844 2512 23368 -6887 -5390 27371 END
START -13972 1620 22560 -7311 -5484 26084 END
START -14168 1052 21676 -7741 -5682 24650 END
START -14248 528 20816 -8090 -5799 23104 END
START -14228 88 19852 -8387 -5726 21440 END
START -14068 -260 18896 -8619 -5601 19772 END
START -13876 -492 18236 -8755 -5294 17985 END
START -13588 -720 17260 -8874 -4999 16224 END
START -13316 -764 16416 -8923 -4608 14406 END
START -12804 -684 15824 -8976 -4217 12545 END
START -12204 -556 15096 -8964 -3656 11244 END
START -11620 -268 14588 -8957 -3024 9722 END
START -11044 -120 13900 -8931 -2308 8400 END
START -10684 184 13768 -8963 -1554 7134 END
START -10324 412 13368 -9040 -849 5942 END
START -9636 792 13300 -9042 -274 4923 END