START -912 532 13260 396 1606 -2303 END
START -2828 1320 8352 337 1831 -2172 END
START -76 -864 10056 125 2618 -2054 END
START 780 540 11276 -28 3571 -1855 END
START 1452 1112 11036 -129 4470 -1673 END
START 1660 1340 11100 -353 5494 -1483 END
START 1224 1604 11556 -655 6058 -1254 END
START 1000 1544 11812 -996 6390 -952 END
START 688 1472 12344 -1215 6812 -634 END
START 924 1196 12444 -1317 7178 -213 END
START 836 1128 12932 -1260 7474 194 END
START 488 1056 13524 -1060 7653 541 END
START -140 1212 14484 -810 7525 916 END
START -764 1212 15216 -537 7196 1306 END
START -1320 1016 16108 -312 6467 1641 END
START -1572 1148 16572 -110 5582 1991 END
START -2392 804 17264 43 4612 2301 END
START -2832 796 17432 177 3423 2538 END
START -3564 628 17632 337 2254 2656 END
START -3956 112 17764 526 1121 2714 END
START -4236 -472 17672 714 57 2594 END
START -4152 -856 17696 980 -914 2367 END
START -4060 -1648 17424 1206 -1862 2009 END
START -3872 -2136 17056 1463 -2712 1575 END
START -3664 -2244 16560 1677 -3304 1008 END
START -3352 -2280 15792 1811 -3632 481 END
START -2964 -2128 14980 1927 -3713 -89 END
START -2436 -1804 14460 1947 -3601 -548 END
START -2224 -1536 13864 1905 -3247 -923 END
START -1712 -1416 13632 1856 -2684 -1231 END
START -1208 -1152 13388 1675 -1944 -1465 END
START -1024 -848 13276 1500 -1007 -1748 END
START -768 -512 13352 1172 -111 -1967 END
START -816 -180 13612 817 795 -2127 END
START -688 0 13892 361 1580 -2250 END
START -704 464 14424 -85 2326 -2320 END
START -624 504 15056 -652 2984 -2301 END
START -536 372 15540 -1191 3487 -2245 END
START -532 104 16048 -1742 3872 -2050 END
START -616 240 16568 -2204 4073 -1882 END
START -764 256 17024 -2613 4172 -1693 END
START -1004 448 17308 -2904 4120 -1449 END
START -1068 336 17460 -3250 4011 -1195 END
START -988 196 17272 -3531 3835 -909 END
START -828 148 17092 -3777 3742 -621 END
START -692 120 16720 -3943 3678 -363 END
START -616 184 16616 -4077 3667 -66 END
START -804 112 16456 -4202 3632 280 END
START -1020 148 16280 -4255 3597 597 END
START -1228 -16 16296 -4240 3488 902 END
START -1544 -184 16512 -4178 3254 1161 END
START -1644 -548 16476 -4033 2981 1407 END
START -2028 -856 16492 -3803 2615 1638 END
START -2432 -1004 16732 -3545 2135 1833 END
START -2532 -1128 16696 -3252 1612 1922 END
START -2740 -1448 16616 -2919 1042 2065 END
START -3036 -1608 16428 -2540 440 2075 END
START -3160 -1764 16280 -2178 -120 2017 END
START -3260 -2020 15856 -1772 -647 1969 END
START -3336 -2008 15700 -1401 -1056 1812 END
START -3288 -2156 15176 -1054 -1411 1664 END
START -3252 -2044 14708 -693 -1553 1507 END
START -3164 -1972 14388 -433 -1588 1297 END
START -3020 -1956 14056 -226 -1555 1114 END
START -2908 -1776 13884 -52 -1310 939 END
START -2980 -1956 13796 24 -1187 795 END
START -2756 -2088 13660 88 -971 614 END
START -2632 -2100 13804 111 -758 477 END
START -2852 -1876 13632 104 -567 229 END
START -2796 -1636 13768 72 -356 28 END
START -2972 -1364 13696 -13 -140 -171 END
START -2952 -1208 13540 -79 13 -318 END
START -2984 -892 13564 -209 275 -491 END
START -2824 -828 13556 -327 473 -568 END
START -2560 -864 13544 -491 597 -651 END
START -2596 -716 13476 -685 758 -716 END
START -2452 -504 13488 -824 822 -717 END
START -2380 -348 13376 -969 938 -748 END
START -2240 -388 13276 -1105 1098 -710 END
START -2156 -300 13196 -1214 1168 -707 END
START -2004 -208 13148 -1357 1235 -643 END
START -2168 24 12892 -1475 1257 -570 END
START -2180 -96 12780 -1603 1192 -514 END
START -2052 -372 12512 -1695 1187 -448 END
START -1852 -628 12084 -1742 1227 -377 END
START -1676 -1000 11788 -1753 1344 -366 END
START -1592 -940 11280 -1677 1505 -378 END
START -1476 -1284 10968 -1552 1608 -457 END
START -1404 -1352 10816 -1486 1721 -579 END
START -1300 -1328 10196 -1366 1898 -658 END
START -1176 -1268 9896 -1269 2008 -759 END
START -964 -1428 9560 -1214 2200 -806 END
START -632 -1692 8940 -1119 2400 -876 END
START -320 -1916 8420 -1091 2752 -943 END
START -40 -1932 7996 -1027 3177 -1022 END
START 336 -2140 7276 -925 3628 -1153 END
START 632 -1996 6860 -805 4177 -1331 END
START 860 -1836 6588 -671 4764 -1475 END
START 1000 -1720 6600 -476 5320 -1490 END
START 856 -1460 6588 -289 5731 -1541 END
START 884 -1412 6776 -117 6059 -1505 END
START 844 -1404 6960 105 6315 -1449 END
START 728 -1252 6980 327 6424 -1379 END
START 628 -1144 7040 625 6449 -1300 END
START 500 -1168 7064 898 6417 -1243 END
START 488 -1028 7004 1229 6334 -1150 END
START 448 -800 7124 1594 6270 -1050 END
START 408 -664 6984 1995 6241 -927 END
START 564 -408 6864 2423 6195 -793 END
START 436 -204 7160 2798 6114 -579 END
START 280 28 7256 3197 6004 -370 END
START 204 52 7308 3524 5812 -116 END
START 228 352 7556 3914 5617 156 END
START 12 564 7600 4333 5296 436 END
START 96 656 7904 4714 4948 739 END
START -156 796 7900 5127 4577 1063 END
START -324 1000 8240 5592 4098 1411 END
START -420 1160 8244 6037 3585 1770 END
START -512 1368 8304 6451 3151 2094 END
START -528 1584 7960 6948 2703 2433 END
START -568 1620 8172 7372 2293 2773 END
START -636 1604 7840 7739 2043 3048 END
START -776 1696 7808 8111 1828 3329 END
START -808 1784 7552 8432 1728 3523 END
START -816 1972 7376 8705 1652 3693 END
START -1092 2148 7424 8921 1626 3827 END
START -1324 2352 7388 9119 1665 3925 END
START -1456 2444 7452 9278 1647 4029 END
START -1644 2544 7644 9424 1687 4125 END
START -1876 2724 7588 9570 1695 4197 END
START -2096 2704 7568 9684 1736 4259 END
START -2196 2676 7672 9806 1826 4218 END
START -2456 2588 7304 9872 1899 4160 END
START -2536 2624 7084 9968 2105 4077 END
START -2832 2532 6736 10041 2349 3874 END
START -2924 2476 6804 10101 2612 3682 END
START -3024 2628 6648 10170 2970 3428 END
START -3364 2580 6660 10234 3323 3193 END
START -3704 2680 6720 10321 3629 2928 END
START -3784 2664 6636 10333 3916 2615 END
START -3920 2664 6780 10389 4250 2300 END
START -3976 2868 6752 10408 4422 1996 END
START -3952 2872 6676 10444 4714 1721 END
START -3988 2976 6900 10537 4877 1483 END
START -3956 3156 7064 10648 5005 1297 END
START -3708 3220 7052 10825 5136 1097 END
START -3536 3512 7264 11003 5228 1012 END
START -3552 3696 7428 11178 5216 909 END
START -3452 3780 7612 11436 5227 854 END
START -3424 3936 7824 11631 5100 934 END
START -3208 4112 7908 11925 4965 966 END
START -3360 4372 8320 12234 4714 1067 END
START -3328 4656 8680 12195 4354 1205 END
START -3452 4860 8896 12749 3985 1337 END
START -3328 5004 9084 12946 3497 1556 END
START -3352 5024 9036 13378 3108 1736 END
START -3160 5148 9044 13781 2684 1918 END
START -3180 5328 9212 14172 2308 2095 END
START -3172 5480 9252 14550 1985 2319 END
START -3032 5544 9304 14981 1658 2503 END
START -3008 5824 9352 15321 1374 2627 END
START -2848 5720 9424 15653 1102 2761 END
START -2616 5832 9464 15961 980 2859 END
START -2572 5988 9424 16229 916 2988 END
START -2512 6068 9696 16459 955 3041 END
START -2404 6200 9912 16619 987 3187 END
START -2320 6364 10040 16764 1079 3257 END
START -2312 6572 10388 16910 1262 3341 END
START -2352 6728 10548 17096 1425 3424 END
START -2436 6884 11040 17163 1638 3514 END
START -2636 6972 11356 17261 1843 3573 END
START -2748 7184 11764 17255 2067 3648 END
START -2968 7288 12140 17316 2242 3713 END
START -3204 7408 12448 17245 2410 3706 END
START -3324 7500 12896 17197 2515 3750 END
START -3568 7524 13192 17201 2675 3741 END
START -3596 7428 13420 17178 2826 3717 END
START -3788 7420 13776 17194 3028 3626 END
START -3860 7656 14096 17188 3207 3534 END
START -4056 7684 14488 17188 3435 3402 END
START -4220 7812 15256 17076 3562 3261 END
START -4376 7984 15640 16941 3625 3219 END
START -4500 8056 16252 16790 3544 3124 END
START -4648 8076 16712 16653 3509 3072 END
START -4688 8092 17336 16504 3395 3032 END
START -4980 8040 17860 16433 3214 2951 END
START -4900 7936 18372 16364 3067 2856 END
START -4964 7748 18780 16340 2935 2727 END
START -4960 7684 19160 16274 2809 2614 END
START -4904 7812 19784 16230 2706 2442 END
START -4752 7868 20004 16145 2604 2363 END
START -4756 7940 20596 16022 2539 2314 END
START -4720 8180 20904 15835 2527 2275 END
START -4652 8488 21204 15568 2535 2279 END
START -4616 8620 21552 15231 2623 2239 END
START -4700 8796 22224 14881 2704 2347 END
START -4964 8584 23160 14629 2731 2553 END
START -5196 8752 24036 14449 2649 2743 END
START -5368 8896 24760 14291 2467 2928 END
START -5692 8784 25228 14115 2163 2934 END
START -5860 8752 26000 13880 1777 2992 END
START -6136 8648 26564 13629 1341 3067 END
START -6200 8516 26760 13331 911 3091 END
START -6152 8420 26924 13030 619 3174 END
START -6000 8336 27100 12777 396 3251 END
START -5956 8252 27264 12548 221 3276 END
START -5948 8096 27664 11993 113 3301 END
START -6084 7900 28048 11987 37 3301 END
START -6204 7808 28404 11747 -47 3284 END
START -6364 7624 28772 11246 -160 3270 END
START -6596 7716 29224 10816 -242 3287 END
START -6796 7460 29584 10358 -384 3231 END
START -7016 7424 29924 9882 -537 3235 END
START -7308 7276 30412 9418 -681 3212 END
START -7428 7016 30584 8944 -873 3188 END
START -7564 6896 30544 8448 -926 3161 END
START -7680 6724 30488 7983 -978 3102 END
START -7800 6524 30536 7502 -964 2989 END
START -7928 6540 30564 7029 -934 2905 END
START -7996 6200 30772 6547 -894 2786 END
START -8056 6024 30880 6091 -802 2713 END
START -8104 5804 30940 5615 -703 2584 END
START -8336 5540 31192 5112 -643 2424 END
START -8380 5196 31296 4693 -621 2218 END
START -8332 5008 31484 4256 -561 1988 END
START -8300 4924 31616 3814 -552 1762 END
START -8344 4888 31728 3410 -527 1533 END
START -8400 5024 32148 2973 -613 1324 END
START -8316 5020 32276 2493 -658 1156 END
START -8264 4956 32260 2011 -665 1064 END
START -8172 5172 32524 1529 -690 960 END
START -8088 5140 32492 1000 -729 850 END
START -8020 5108 32412 455 -823 804 END
START -7940 5072 32440 -72 -874 733 END
START -7836 5000 32304 -617 -855 692 END
START -7792 5084 32280 -1166 -884 612 END
START -7740 5028 32124 -1706 -904 564 END
START -7864 5068 31740 -2335 -898 485 END
START -7956 5136 31548 -2936 -886 404 END
START -7900 5188 31116 -3549 -860 335 END
START -7900 5180 30752 -4090 -869 199 END
START -7996 5156 30684 -4626 -867 94 END
START -7908 5172 30260 -5149 -874 -16 END
START -7840 5152 29780 -5641 -917 -155 END
START -7772 5132 29428 -6057 -901 -297 END
START -7732 5184 29088 -6478 -937 -443 END
START -7716 5192 28668 -6851 -884 -603 END
START -7752 5320 28164 -7203 -878 -728 END
START -7584 5348 27992 -7574 -852 -864 END
START -7616 5360 27284 -7953 -768 -1030 END
START -7540 5496 27032 -8346 -729 -1120 END
START -7456 5452 26608 -8724 -654 -1260 END
START -7296 5408 26424 -9076 -633 -1406 END
START -7184 5440 25896 -9418 -580 -1525 END
START -7028 5468 25424 -9748 -466 -1668 END
START -7036 5352 25136 -10036 -448 -1792 END
START -6888 5376 24864 -10324 -414 -1928 END
START -6736 5288 24528 -10563 -390 -2105 END
START -6744 5236 24204 -10732 -393 -2217 END
START -6504 5180 24012 -10884 -372 -2332 END
START -6372 5156 23812 -11008 -395 -2478 END
START -6208 5284 23536 -11180 -453 -2539 END
START -6016 5208 23388 -11280 -462 -2614 END
START -5912 5400 23288 -11432 -556 -2657 END
START -5728 5352 23136 -11591 -690 -2722 END
START -5472 5496 22748 -11706 -739 -2749 END
START -5248 5448 22488 -11861 -797 -2774 END
START -5080 5564 22264 -11965 -852 -2759 END
START -4988 5596 22136 -12163 -851 -2749 END
START -4908 5976 21768 -12335 -934 -2687 END
START -4884 5964 21592 -12581 -973 -2649 END
START -4872 6204 21408 -12787 -1018 -2622 END
START -4872 6032 21112 -13009 -1094 -2559 END
START -4668 6144 20736 -13266 -1137 -2485 END
START -4516 6052 20456 -13433 -1120 -2421 END
START -4492 6116 20152 -13616 -1157 -2416 END
START -4344 6132 19932 -13804 -1115 -2379 END
START -4236 6176 19788 -13943 -1188 -2371 END
START -4312 6116 19508 -14057 -1238 -2287 END
START -4128 6192 19416 -14165 -1370 -2245 END
START -4056 6180 19012 -14232 -1466 -2165 END
START -4016 6292 18772 -14284 -1578 -2058 END
START -3928 6164 18480 -14366 -1687 -2000 END
START -3896 6116 18016 -14425 -1776 -1927 END
START -3804 5956 17712 -14431 -1847 -1866 END
START -3812 5820 17476 -14440 -1883 -1792 END
START -3864 5824 17292 -14418 -1976 -1801 END
START -3848 5700 16852 -14408 -1993 -1817 END
START -3700 5508 16756 -14382 -1991 -1816 END
START -3724 5468 16352 -14363 -2012 -1884 END
START -3660 5420 16192 -14357 -1981 -1895 END
START -3412 5380 15872 -14361 -1947 -1957 END
START -3328 5364 15596 -14360 -1889 -2024 END
START -3304 5452 15256 -14359 -1781 -2047 END
START -3244 5348 15184 -14366 -1714 -2096 END
START -3220 5200 14996 -14354 -1722 -2165 END
START -3272 5276 14812 -14379 -1704 -2158 END
START -3304 5248 14868 -14345 -1772 -2155 END
START -3352 5140 14756 -14307 -1852 -2150 END
START -3324 5320 14628 -14251 -1973 -2151 END
START -3312 5272 14388 -14153 -2100 -2109 END
START -3252 5288 14160 -14039 -2197 -2086 END
START -3176 5048 13920 -13919 -2332 -2107 END
START -3188 5016 13816 -13771 -2426 -2058 END
START -3180 5056 13504 -13638 -2521 -2038 END
START -3112 5064 13352 -13520 -2619 -1986 END
START -3156 4888 13136 -13405 -2779 -1976 END
START -3116 4756 13132 -13270 -2826 -1922 END
START -3044 4860 12808 -13143 -2912 -1890 END
START -2960 4896 12676 -13082 -3014 -1886 END
START -2892 4972 12384 -13017 -3088 -1830 END
START -2892 4808 12204 -13036 -3159 -1799 END
START -2704 4752 12200 -13015 -3160 -1748 END
START -2520 4624 12092 -13017 -3115 -1693 END
START -2212 4336 11556 -13029 -3073 -1621 END
START -2076 4312 11388 -13065 -2925 -1542 END
START -2008 4100 11192 -13083 -2805 -1531 END
START -1972 4132 11024 -13136 -2634 -1522 END
START -1952 4096 10880 -13174 -2511 -1457 END
START -1812 4036 10800 -13237 -2402 -1427 END
START -1808 4024 10684 -13303 -2252 -1403 END
START -1716 3852 10176 -13377 -2141 -1371 END
START -1592 3828 10040 -13465 -1943 -1348 END
START -1564 3716 9760 -13539 -1744 -1374 END
START -1540 3720 9544 -13587 -1452 -1392 END
START -1524 3596 9224 -13728 -1161 -1403 END
START -1572 3592 9160 -13786 -906 -1434 END
START -1756 3480 9072 -13855 -640 -1453 END
START -1680 3440 8796 -13915 -411 -1490 END
START -1976 3340 8524 -13966 -188 -1504 END
START -2060 3244 8260 -13980 101 -1583 END
START -2144 3056 8032 -13995 385 -1648 END
START -2224 2856 7520 -13983 713 -1760 END
START -2264 2652 7132 -13974 1046 -1870 END
START -2488 2600 6780 -13873 1388 -2039 END
START -2676 2356 6820 -13757 1764 -2180 END
START -2856 2236 6708 -13584 1990 -2324 END
START -3004 2104 6772 -13386 2201 -2454 END
START -3148 2080 6516 -13113 2302 -2551 END
START -3144 1904 6552 -12797 2342 -2649 END
START -3180 1784 6600 -12454 2240 -2745 END
START -3144 1728 6460 -12038 2053 -2780 END
START -2976 1640 6360 -11560 1856 -2846 END
START -2776 1592 6020 -11035 1698 -2826 END
START -2544 1504 6124 -10435 1463 -2775 END
START -2276 1484 5844 -9806 1270 -2657 END
START -2120 1604 5988 -9136 1065 -2542 END
START -1996 1688 5672 -8492 935 -2370 END
START -1928 1776 5564 -7799 771 -2155 END
START -1832 1808 5656 -7204 620 -1898 END
START -1900 1892 5692 -6610 422 -1623 END
START -1884 1860 5744 -5992 228 -1299 END
START -1804 1784 6088 -5376 38 -1061 END
START -2036 1768 6048 -4782 -167 -735 END
START -2128 1720 6348 -4232 -414 -469 END
START -2436 1532 6596 -3687 -625 -272 END
START -2336 1444 6840 -3211 -859 -4 END
START -2412 1220 6956 -2791 -949 135 END
START -2364 1148 7088 -2482 -1113 283 END
START -2576 1176 7348 -2159 -1234 416 END
START -2488 1112 7528 -1894 -1239 541 END
START -2676 1076 7712 -1711 -1252 615 END
START -2780 956 8168 -1512 -1252 688 END
START -2716 960 8448 -1365 -1310 721 END
START -2856 816 8608 -1232 -1319 713 END
START -2764 664 8676 -1151 -1267 757 END
START -2708 628 8996 -1055 -1232 713 END
START -2828 660 9116 -997 -1137 656 END
START -2836 588 9500 -981 -1015 596 END
START -2664 556 9772 -954 -940 538 END
START -2648 556 10004 -946 -891 410 END
START -2744 704 10336 -959 -777 318 END
START -2780 756 10596 -963 -761 234 END
START -2688 892 10628 -1004 -702 124 END
START -2552 800 10788 -1023 -598 18 END
START -2392 736 10892 -1074 -464 -31 END
START -2140 720 10864 -1165 -262 -164 END
START -2012 808 10908 -1215 -33 -257 END
START -1752 764 10912 -1264 328 -361 END
START -1712 868 10924 -1306 629 -458 END
START -1716 832 11164 -1344 910 -522 END
START -1884 960 11372 -1394 1151 -550 END
START -1884 796 11688 -1396 1342 -566 END
START -2032 860 11948 -1427 1504 -593 END
START -2064 884 12036 -1412 1578 -592 END
START -2088 856 12220 -1324 1569 -593 END
START -2360 852 12504 -1227 1533 -555 END
START -2368 780 12840 -1128 1496 -514 END
START -2280 844 12968 -1002 1425 -400 END
START -2332 856 13144 -887 1340 -367 END
START -2472 740 13312 -775 1224 -263 END
START -2652 844 13604 -696 1111 -210 END
START -2640 800 13664 -569 994 -141 END
START -2740 612 13640 -466 908 -59 END
START -2596 580 13684 -315 863 48 END
START -2604 548 13916 -247 838 130 END
START -2796 560 13860 -158 824 195 END
START -2772 600 13984 -89 821 241 END
START -3108 544 14416 -88 785 346 END
START -3120 388 14468 -100 704 424 END
START -3368 228 14780 -77 656 469 END
START -3504 92 14972 -90 563 543 END
START -3672 -208 15352 -118 521 562 END
START -3728 -268 15388 -132 348 537 END
START -4004 -392 15632 -178 206 550 END
START -4232 -604 15752 -173 73 514 END
START -4392 -620 15740 -266 -82 482 END
START -4464 -756 15964 -246 -196 446 END
START -4828 -760 16040 -270 -374 440 END
START -5080 -828 16148 -260 -527 420 END
START -5272 -980 16196 -237 -652 392 END
START -5656 -1104 16292 -283 -778 386 END
START -5880 -1212 16360 -292 -855 365 END
START -5968 -1400 16460 -342 -945 325 END
START -6344 -1612 16484 -355 -1065 299 END
START -6744 -1848 16768 -448 -1146 282 END
START -7136 -1904 16900 -503 -1291 249 END
START -7304 -2380 17008 -599 -1425 206 END
START -7584 -2724 17180 -682 -1507 124 END
START -7912 -2924 17208 -685 -1610 9 END
START -8272 -2964 17248 -770 -1701 -141 END
START -8712 -3228 17252 -793 -1858 -367 END
START -8984 -3472 17336 -866 -2010 -570 END
START -9396 -3636 17440 -970 -2172 -820 END
START -9548 -3736 17300 -1009 -2378 -1082 END
START -9960 -3792 17396 -1148 -2544 -1406 END
START -10088 -3808 17280 -1226 -2755 -1740 END
START -10296 -3864 17320 -1352 -2902 -2051 END
START -10404 -3900 17312 -1476 -3071 -2430 END
START -10572 -4032 17004 -1612 -3204 -2728 END
START -10496 -4096 16968 -1742 -3263 -3052 END
START -10616 -4292 16840 -1876 -3323 -3367 END
START -10732 -4204 16944 -2054 -3387 -3728 END
START -10776 -4308 17048 -2203 -3473 -4114 END
START -10992 -4276 16740 -2394 -3605 -4494 END
START -11272 -4264 16812 -2599 -3697 -4888 END
START -11348 -4300 16768 -2770 -3794 -5299 END
START -11100 -4408 16540 -2984 -3820 -5713 END
START -10972 -4468 16304 -3240 -3827 -6166 END
START -11060 -4276 16152 -3517 -3782 -6658 END
START -10852 -4048 15780 -3810 -3689 -7099 END
START -10884 -4028 15656 -4109 -3651 -7582 END
START -10668 -3932 15428 -4421 -3560 -7962 END
START -10544 -3836 15212 -4707 -3496 -8377 END
START -10504 -3724 15032 -4944 -3464 -8801 END
START -10320 -3720 14740 -5190 -3441 -9211 END
START -10320 -3580 14516 -5403 -3481 -9651 END
START -10184 -3556 14016 -5548 -3457 -10090 END
START -10220 -3508 13712 -5689 -3467 -10525 END
START -10016 -3432 13284 -5764 -3504 -10934 END
START -10000 -3432 12916 -5803 -3484 -11330 END
START -9936 -3196 12436 -5801 -3558 -11728 END
START -9856 -2976 11892 -5769 -3582 -12143 END
START -9776 -2872 11496 -5690 -3561 -12537 END
START -9532 -2772 11168 -5588 -3553 -12887 END
START -9376 -2656 10812 -5462 -3545 -13243 END
START -9096 -2760 10452 -5289 -3468 -13615 END
START -8888 -2888 9936 -5126 -3459 -13964 END
START -8536 -2920 9648 -4942 -3394 -14301 END
START -8036 -2836 9088 -4761 -3286 -14635 END
START -7800 -2712 8684 -4551 -3232 -14969 END
START -7512 -2516 8544 -4279 -3116 -15308 END
START -7196 -2436 8132 -4039 -2950 -15659 END
START -6796 -2328 7976 -3709 -2785 -15963 END
START -6632 -2228 7860 -3428 -2659 -16292 END
START -6080 -1916 7772 -3137 -2524 -16497 END
START -5676 -1892 7440 -2858 -2367 -16788 END
START -5156 -1720 7476 -2586 -2256 -17018 END
START -4788 -1648 7368 -2323 -2198 -17190 END
START -4204 -1500 7144 -2013 -1995 -17371 END
START -3532 -1276 6972 -1749 -1842 -17540 END
START -2936 -1216 6832 -1494 -1540 -17681 END
START -2436 -988 6708 -1300 -1245 -17783 END
START -1876 -840 6500 -1081 -868 -17865 END
START -1684 -676 6356 -972 -418 -17927 END
START -1192 -548 6240 -895 28 -17975 END
START -852 -296 6144 -774 507 -17981 END
START -376 -284 6072 -722 1026 -18011 END
START -124 -88 6168 -637 1666 -18008 END
START 240 -144 6044 -630 2302 -18016 END
START 568 -148 6032 -591 3079 -18055 END
START 740 -144 5796 -678 3927 -18124 END
START 1108 -132 5680 -758 4818 -18228 END
START 1324 -48 5704 -886 5766 -18361 END
START 1600 -48 5916 -1027 6746 -18521 END
START 1796 -92 6348 -1188 7629 -18691 END
START 1880 -32 6764 -1287 8428 -18852 END
START 2116 -148 7304 -1372 9138 -18923 END
START 2240 -144 7908 -1411 9558 -18991 END
START 2520 72 8496 -1385 9864 -18966 END
START 2692 268 9136 -1263 9950 -18904 END
START 2852 516 9620 -1076 9852 -18772 END
START 3064 780 10136 -789 9499 -18589 END
START 3344 996 10408 -414 9071 -18318 END
START 3676 1192 10680 38 8530 -17975 END
START 4204 1536 10764 539 7959 -17585 END
START 4376 1692 10876 1148 7296 -17066 END
START 4848 2112 11156 1820 6574 -16530 END
START 5292 2668 11228 2564 5732 -15864 END
START 5648 2988 11064 3286 4926 -15070 END
START 6048 3220 10860 4034 4135 -14282 END
START 6564 3416 10904 4856 3386 -13417 END
START 7084 3440 10724 5707 2759 -12541 END
START 7524 3392 10684 6514 2239 -11724 END
START 7980 3300 10424 7368 1765 -10946 END
START 8424 3340 10452 8170 1405 -10158 END
START 8844 3220 10572 8916 1186 -9450 END
START 9088 3208 10664 9593 1027 -8731 END
START 9292 3136 10836 10190 944 -8064 END
START 9420 3304 11048 10694 911 -7387 END
START 9684 3452 11200 11123 944 -6757 END
START 9820 3540 11520 11482 1081 -6191 END
START 9972 3660 11776 11923 1403 -5564 END
START 9912 3856 12076 11786 1730 -4939 END
START 9960 4088 12624 12147 2047 -4387 END
START 9760 4200 13212 12105 2368 -3766 END
START 9804 4296 13700 12086 2574 -3171 END
START 9644 4400 14204 12058 2843 -2548 END
START 9484 4596 14864 12039 2989 -1940 END
START 9316 4700 15484 12004 3053 -1308 END
START 9240 4672 15920 11851 3124 -721 END
START 9040 4624 16280 11508 3206 -132 END
START 8896 4492 17000 11221 3262 441 END
START 8740 4588 17348 10987 3277 976 END
START 8404 4664 17736 10757 3251 1489 END
START 8112 4684 18036 10488 3197 1998 END
START 7872 4696 18632 10138 3084 2525 END
START 7804 4640 18804 9839 2998 3049 END
START 7540 4592 19132 9517 2811 3515 END
START 7400 4660 19308 9228 2684 4014 END
START 7152 4580 19552 8944 2540 4461 END
START 7108 4680 19700 8752 2325 4889 END
START 7048 4644 19856 8542 2118 5336 END
START 7000 4768 20172 8329 1912 5794 END
START 7060 4700 20252 8162 1720 6228 END
START 7036 4836 20248 7994 1549 6667 END
START 6964 5024 20448 7823 1378 7099 END
START 6972 5120 20712 7712 1260 7553 END
START 7016 5224 20768 7540 1196 8007 END
START 6996 5520 20836 7345 1189 8441 END
START 6972 5740 20920 7135 1235 8968 END
START 7016 6044 21100 6827 1289 9544 END
START 6976 6268 21396 6489 1383 10151 END
START 6900 6400 21428 6145 1461 10754 END
START 6956 6456 21724 5731 1585 11447 END
START 6856 6344 21988 5290 1772 12089 END
START 6660 6316 22084 4876 1909 12903 END
START 6620 6236 22300 4400 2102 13251 END
START 6320 6232 22412 3896 2324 13993 END
START 6072 6032 22704 3365 2434 14531 END
START 5556 6032 22660 2850 2616 15074 END
START 5292 5964 22708 2322 2737 15550 END
START 4932 5928 22344 1777 2946 16012 END
START 4580 5812 22144 1230 3172 16415 END
START 4256 5788 22120 730 3410 16810 END
START 4020 5652 21924 175 3673 17207 END
START 3904 5396 21680 -308 3965 17561 END
START 3732 5380 21692 -799 4272 17939 END
START 3600 5388 21436 -1268 4583 18323 END
START 3416 5732 21224 -1698 4924 18755 END
START 3300 5660 21460 -2119 5195 19254 END
START 3300 5680 21500 -2576 5521 19849 END
START 3016 5668 21596 -3021 5712 20550 END
START 2640 5628 21940 -3468 5825 21220 END
START 2172 5456 22112 -3875 5933 22007 END
START 1796 5312 22112 -4316 5999 22806 END
START 884 5176 22204 -4722 6062 23528 END
START -20 5012 22480 -5119 6030 24305 END
START -1432 4676 22504 -5540 5883 24944 END
START -2788 4036 22668 -5984 5627 25506 END
START -4004 3508 22324 -6375 5407 25914 END
START -5188 2968 21716 -6722 5250 26128 END
START -6360 2436 21216 -7046 5152 26206 END
START -7376 1892 20860 -7327 5101 26197 END
START -8412 1452 20356 -7587 5192 26088 END
START -9540 904 19896 -7801 5293 26007 END
START -10800 288 19320 -7992 5416 25805 END
START -11976 -188 18948 -8117 5537 25519 END
START -13128 -688 18380 -8238 5699 25083 END
START -14380 -1496 18004 -8262 5768 24517 END
START -15788 -2416 17972 -8304 5849 23828 END
START -17064 -3452 17772 -8193 5796 22989 END
START -18396 -4428 17928 -8121 5564 22100 END
START -19552 -5568 17840 -7948 5198 20994 END
START -20708 -6432 17984 -7728 4758 19890 END
START -21652 -7200 18068 -7472 4188 18651 END
START -22336 -8024 17896 -7143 3584 17355 END
START -22844 -8680 17640 -6760 2934 15923 END
START -23116 -9184 17692 -6352 2280 14552 END
START -23220 -9540 17400 -5966 1648 13166 END
START -23160 -9692 17264 -5598 1080 11988 END
START -22820 -9680 16944 -5330 584 10659 END
START -22456 -9600 16840 -5097 115 9481 END
START -22084 -9824 16684 -4982 -326 8408 END
START -21776 -9960 16472 -4886 -698 7395 END
START -21236 -10016 16096 -4857 -951 6573 END
START -20876 -10000 16112 -4818 -1134 5665 END
START -20404 -9796 15560 -4783 -1256 4817 END
START -20360 -9696 15736 -4771 -1388 3990 END
START -20280 -9416 15468 -4806 -1514 3235 END
START -20104 -9312 15312 -4764 -1652 2470 END
START -19952 -9256 15184 -4750 -1769 1726 END
START -19780 -9304 15004 -4708 -1962 989 END
START -19740 -9444 14880 -4625 -2103 254 END
START -19540 -9472 14976 -4546 -2278 -465 END
START -19480 -9424 14540 -4446 -2542 -1258 END
START -19356 -9340 14440 -4286 -2834 -2082 END
START -19432 -9208 14356 -4148 -3135 -2924 END
START -19216 -9044 14104 -3971 -3501 -3788 END
START -19132 -8876 13804 -3749 -3762 -4611 END
START -18752 -8660 13328 -3568 -4033 -5451 END
START -18412 -8440 12900 -3311 -4241 -6291 END
START -18092 -8096 12560 -3059 -4370 -7109 END
START -17612 -7900 12124 -2763 -4414 -7949 END
START -17068 -7500 11916 -2582 -4503 -8797 END
START -16692 -7012 11552 -2310 -4498 -9543 END
START -15968 -6732 11312 -2074 -4467 -10273 END
START -15396 -6376 11352 -1888 -4449 -10883 END
START -14792 -6088 11232 -1655 -4438 -11494 END
START -14436 -5688 11068 -1497 -4386 -12069 END
START -13820 -5396 11200 -1309 -4390 -12626 END
START -13552 -5052 10964 -1148 -4436 -13161 END
START -12860 -4436 10928 -941 -4462 -13728 END
START -12488 -3952 10696 -762 -4491 -14221 END
START -11972 -3560 10416 -609 -4502 -14679 END
START -11464 -3164 10404 -411 -4455 -15112 END
START -10820 -2732 10168 -278 -4380 -15448 END
START -10220 -2428 9832 -135 -4256 -15761 END
START -9736 -2044 9636 13 -4081 -16053 END
START -9428 -1792 9660 133 -3914 -16312 END
START -8872 -1584 9492 299 -3685 -16519 END
START -8580 -1344 9668 420 -3510 -16687 END
START -8196 -1064 9364 554 -3332 -16842 END
START -7720 -740 9432 727 -3207 -16948 END
START -7604 -488 9444 825 -3133 -17046 END
START -7360 -276 9456 1024 -3056 -17184 END
START -7140 -184 9552 1190 -3047 -17294 END
START -6792 32 9420 1362 -3046 -17391 END
START -6480 244 9488 1563 -3140 -17483 END
START -6248 632 9252 1763 -3214 -17566 END
START -5912 860 9340 1968 -3348 -17646 END
START -5744 964 9184 2204 -3521 -17635 END
START -5376 932 9160 2483 -3742 -17654 END
START -4964 1072 8812 2811 -3970 -17564 END
START -4536 1120 8716 3173 -4130 -17523 END
START -4204 1172 8348 3597 -4255 -17516 END
START -3936 1316 8252 4014 -4358 -17449 END
START -3560 1484 7980 4499 -4438 -17430 END
START -3256 1568 7908 4962 -4491 -17372 END
START -3068 1820 8008 5379 -4585 -17328 END
START -2756 1988 7724 5764 -4608 -17282 END
START -2528 2192 7752 6202 -4706 -17249 END
START -2280 2224 7672 6644 -4751 -17197 END
START -1896 2512 7380 7025 -4705 -17142 END
START -1748 3152 7392 7407 -4696 -17078 END
START -1400 3572 7428 7747 -4629 -17010 END
START -1124 3868 7492 8017 -4575 -16904 END
START -660 4012 7568 8182 -4473 -16714 END
START -296 4216 7404 8341 -4341 -16502 END
START 160 4252 7512 8443 -4125 -16252 END
START 528 4272 7408 8590 -3885 -16000 END
START 888 4460 7680 8688 -3612 -15790 END
START 1200 4556 7584 8778 -3329 -15535 END
START 1456 4516 7780 8878 -3003 -15323 END
START 1804 4552 7956 8961 -2668 -15110 END
START 2016 4640 8180 9043 -2364 -14867 END
START 2192 4548 8392 9133 -2118 -14694 END
START 2440 4680 8556 9140 -1836 -14468 END
START 2632 4740 8748 9181 -1618 -14296 END
START 3036 4720 8748 9164 -1330 -14089 END
START 3380 4816 9000 9166 -1101 -13856 END
START 3668 4828 9140 9170 -871 -13650 END
START 3792 4844 9324 9194 -715 -13398 END
START 4012 4928 9548 9225 -584 -13141 END
START 4236 5036 9688 9341 -556 -12906 END
START 4496 5248 10008 9484 -582 -12605 END
START 4564 5548 10188 9665 -712 -12216 END
START 4740 5872 10216 9884 -898 -11861 END
START 4852 6164 10240 10165 -1017 -11398 END
START 5044 6404 10316 10432 -1232 -10838 END
START 5184 6660 10236 10727 -1390 -10297 END
START 5460 6836 10116 11028 -1586 -9745 END
START 5788 6776 9840 11312 -1755 -9163 END
START 6100 6544 9828 11573 -1766 -8652 END
START 6352 6572 9632 12231 -1718 -8092 END
START 6652 6608 9652 12244 -1535 -7571 END
START 6792 6712 9628 12825 -1374 -7052 END
START 7092 6612 9748 13188 -1131 -6580 END
START 7192 6656 10076 13474 -885 -6048 END
START 7564 6688 10544 13717 -667 -5513 END
START 7692 6756 10904 13846 -420 -4958 END
START 7832 6904 11188 13971 -212 -4434 END
START 7932 7060 11672 14004 -59 -3841 END
START 8204 7144 12060 14021 155 -3262 END
START 8424 7276 12304 14024 351 -2603 END
START 8768 7448 12620 14073 605 -1970 END
START 8924 7348 12608 14057 909 -1305 END
START 9096 7368 13072 14037 1169 -630 END
START 9080 7404 13468 14013 1475 -12 END
START 9164 7500 13864 13905 1797 603 END
START 9188 7496 14004 13797 2074 1320 END
START 9252 7496 14140 13643 2363 1963 END
START 9124 7544 14500 13527 2680 2599 END
START 8784 7468 14944 13465 2996 3233 END
START 8428 7636 15312 13347 3279 3856 END
START 8252 7688 15628 13194 3430 4436 END
START 7604 7848 15948 12992 3518 4995 END
START 7192 7840 16556 12809 3535 5491 END
START 6532 7716 16832 12500 3505 5994 END
START 6032 7620 17284 12488 3379 6354 END
START 5592 7488 17584 11969 3204 6672 END
START 5084 7268 17776 11996 3063 6914 END
START 4644 7180 17956 11795 2867 7088 END
START 4432 6696 18216 11480 2738 7146 END
START 4048 6544 18164 11215 2604 7124 END
START 3964 6288 18044 10984 2520 7077 END
START 3804 6132 17980 10724 2544 6955 END
START 3868 6064 17852 10462 2626 6840 END
START 3676 6016 17936 10180 2808 6719 END
START 3832 6172 17788 9908 3018 6600 END
START 3816 6136 17760 9584 3311 6497 END
START 3940 6272 17800 9254 3619 6399 END
START 4216 6260 17832 8948 4015 6388 END
START 4116 6312 17636 8635 4336 6362 END
START 4272 6384 17780 8250 4743 6379 END
START 4396 6392 17748 7955 5133 6406 END
START 4456 6448 18084 7600 5562 6452 END
START 4576 6584 18220 7239 5919 6547 END
START 4532 6432 18476 6830 6204 6684 END
START 4584 6256 18704 6462 6483 6882 END
START 4604 6232 18936 6102 6741 7058 END
START 4428 6180 19328 5817 6942 7289 END
START 4364 6264 19396 5479 7114 7521 END
START 4368 6288 19580 5229 7187 7771 END
START 4328 6124 19620 5007 7275 8078 END
START 4268 6140 19988 4835 7381 8458 END
START 4116 6100 20216 4737 7376 8910 END
START 4236 5896 20652 4764 7303 9338 END
START 4064 5764 21008 4789 7095 9841 END
START 4004 5668 21252 4777 6936 10260 END
START 3968 5372 21524 4762 6675 10729 END
START 3712 5328 21420 4725 6375 11174 END
START 3552 5436 21660 4677 6228 11633 END
START 3628 5516 21692 4594 6063 12211 END
START 3420 5732 21748 4456 6021 12518 END
START 3252 5772 21772 4279 5960 13117 END
START 3204 5928 22120 4079 5969 13808 END
START 2992 6076 22340 3824 6025 14333 END
START 2772 6132 22524 3507 6046 14875 END
START 2584 6252 23000 3190 6069 15403 END
START 2336 6264 22964 2869 6096 15956 END
START 2140 6464 23376 2467 6107 16521 END
START 1968 6708 23728 2098 6102 17051 END
START 1740 6912 24136 1624 6051 17608 END
START 1412 7020 24600 1145 5949 18270 END
START 916 7176 24844 583 5830 18869 END
START 416 7548 25340 -6 5649 19435 END
START -200 7432 25636 -620 5422 19995 END
START -864 7528 25968 -1297 5143 20473 END
START -1612 7412 26216 -2058 4790 20968 END
START -2296 7224 26372 -2876 4412 21411 END
START -3116 7040 26156 -3691 4060 21754 END
START -3736 6880 25972 -4557 3733 22077 END
START -4440 6800 25648 -5407 3419 22271 END
START -5072 6572 25432 -6229 3156 22442 END
START -5704 6320 25140 -7046 2920 22556 END
START -6372 6000 24696 -7768 2778 22538 END
START -6780 5576 24104 -8523 2661 22459 END
START -7480 5052 23812 -9202 2642 22247 END
START -7728 4792 23736 -9818 2606 21994 END
START -8432 4440 23692 -10412 2541 21624 END
START -9404 3976 23516 -11074 2414 21189 END
START -10252 3652 23360 -11641 2200 20697 END
START -11244 3420 23284 -12236 1959 20054 END
START -12120 2904 23320 -12794 1564 19340 END
START -13080 2688 23304 -13343 1155 18442 END
START -13652 2372 23004 -13843 598 17550 END
START -14184 1816 22680 -14289 77 16575 END
START -14260 1424 22432 -14633 -433 15609 END
START -14196 840 22188 -14932 -897 14552 END
START -13804 500 21660 -15175 -1289 13520 END
START -13272 96 21296 -15380 -1572 12394 END
START -12648 24 21132 -15589 -1779 11390 END
START -12244 208 20732 -15756 -1991 10441 END
START -12144 444 20512 -15978 -2261 9625 END