START -1320 4896 12740 -2658 808 1563 END
START 4564 5816 7000 -3058 609 1969 END
START 1468 5552 8596 -3235 759 2618 END
START 600 4808 9780 -3532 1071 3284 END
START 312 4536 10692 -3788 1299 3907 END
START -332 3788 11268 -4015 1529 4395 END
START -1196 3008 11748 -4205 1759 4787 END
START -1860 2512 11324 -4309 2127 5019 END
START -2568 2140 11800 -4277 2593 5028 END
START -3548 2096 11932 -4111 2817 4771 END
START -4540 1316 11792 -3866 2965 4320 END
START -5512 560 11852 -3488 3100 3674 END
START -6632 -632 12004 -3022 3134 2777 END
START -7380 -1580 11940 -2550 3013 1695 END
START -7604 -2076 11936 -2026 2835 428 END
START -7992 -2816 11768 -1457 2674 -1086 END
START -7960 -3576 11736 -929 2560 -2608 END
START -7756 -3980 11496 -376 2563 -4292 END
START -7268 -4072 11144 118 2606 -5874 END
START -6840 -3868 11028 570 2885 -7375 END
START -6088 -3536 11048 985 3269 -8793 END
START -4988 -3100 11040 1328 3822 -9994 END
START -4024 -2312 11152 1569 4557 -10987 END
START -3140 -1392 11456 1649 5374 -11655 END
START -2220 -96 12228 1501 6101 -12107 END
START -1064 1116 12640 1209 6819 -12269 END
START -552 1984 13828 769 7490 -12160 END
START 652 2392 14372 216 8126 -11737 END
START 1604 2516 15228 -424 8658 -11107 END
START 2156 2600 15560 -1117 9047 -10256 END
START 2640 2744 16596 -1869 9203 -9232 END
START 2944 2772 16836 -2523 9230 -8111 END
START 3028 2956 17316 -3111 9117 -6949 END
START 3252 3004 17404 -3560 8915 -5745 END
START 3204 2712 17276 -3881 8580 -4632 END
START 2696 2468 17396 -4094 8128 -3452 END
START 2312 2004 17220 -4150 7435 -2362 END
START 1952 1560 17060 -4132 6614 -1306 END
START 1400 1216 16592 -3931 5771 -374 END
START 880 780 16252 -3597 4863 497 END
START 356 368 15872 -3111 4019 1211 END
START 196 156 15888 -2567 3187 1917 END
START -332 -28 15860 -1934 2198 2555 END
START -916 -172 15728 -1337 1272 3118 END
START -1480 -372 15852 -709 354 3580 END
START -1924 -920 15880 -120 -527 3951 END
START -2336 -1388 15908 436 -1292 4182 END
START -2452 -1816 15620 935 -1924 4337 END
START -2672 -2280 15620 1363 -2389 4307 END
START -2628 -2440 15564 1673 -2696 4197 END
START -2660 -2708 15484 1933 -2861 3956 END
START -2504 -2896 15684 2055 -2862 3690 END
START -2352 -2940 15744 2080 -2689 3411 END
START -2308 -3096 15764 1936 -2454 3101 END
START -2328 -2920 15976 1666 -2024 2786 END
START -2356 -2812 16292 1346 -1652 2467 END
START -2392 -2776 16284 929 -1097 2158 END
START -2388 -2948 16368 490 -531 1824 END
START -2296 -3052 16420 42 63 1449 END
START -2588 -3020 16496 -416 660 1105 END
START -2772 -3084 16524 -881 1291 705 END
START -2928 -3000 16724 -1382 1888 336 END
START -2860 -2796 16740 -1866 2359 -72 END
START -2944 -2904 17072 -2336 2810 -372 END
START -2904 -2892 17208 -2751 3161 -601 END
START -3064 -2800 17496 -3139 3481 -822 END
START -3188 -2564 17744 -3469 3685 -997 END
START -3256 -2592 17788 -3771 3830 -1120 END
START -3500 -2584 17856 -4036 3947 -1280 END
START -3476 -2572 18056 -4322 4049 -1480 END
START -3596 -2576 18000 -4569 4005 -1544 END
START -3848 -2588 18068 -4799 3972 -1703 END
START -3832 -2544 17988 -4986 3837 -1781 END
START -3764 -2412 17884 -5151 3653 -1846 END
START -3812 -2384 17884 -5280 3445 -1894 END
START -3760 -2408 17584 -5343 3163 -1899 END
START -3684 -2480 17420 -5398 2912 -1887 END
START -3704 -2520 17144 -5350 2640 -1883 END
START -3728 -2332 17084 -5256 2382 -1908 END
START -3652 -2236 17068 -5149 2039 -1871 END
START -3748 -2152 16700 -4985 1745 -1905 END
START -3692 -2160 16684 -4786 1406 -1862 END
START -3672 -2320 16632 -4570 1028 -1858 END
START -3644 -2108 16720 -4325 659 -1874 END
START -3616 -2172 16432 -4123 332 -1843 END
START -3556 -2088 16280 -3956 -33 -1831 END
START -3504 -2120 16140 -3805 -355 -1825 END
START -3492 -2016 16080 -3701 -672 -1822 END
START -3452 -2040 15988 -3607 -920 -1839 END
START -3444 -2176 15808 -3547 -1137 -1871 END
START -3360 -2192 15552 -3495 -1292 -1984 END
START -3316 -2128 15440 -3548 -1429 -2110 END
START -3268 -1948 15168 -3585 -1449 -2282 END
START -3272 -1892 14916 -3699 -1427 -2474 END
START -3088 -1596 14616 -3846 -1324 -2653 END
START -2904 -1484 14424 -4055 -1126 -2811 END
START -2928 -1508 14328 -4236 -956 -2965 END
START -2756 -1316 14120 -4426 -749 -3080 END
START -2592 -1188 13980 -4677 -543 -3191 END
START -2388 -860 13764 -4832 -355 -3296 END
START -2248 -864 13784 -5051 -147 -3360 END
START -2004 -716 13536 -5224 36 -3455 END
START -1732 -720 13316 -5366 165 -3511 END
START -1568 -544 13320 -5547 263 -3503 END
START -1596 -396 13228 -5648 325 -3490 END
START -1584 -192 12980 -5772 382 -3460 END
START -1384 -180 12684 -5851 343 -3421 END
START -1192 -32 12784 -5935 292 -3326 END
START -1212 104 12704 -5951 181 -3267 END
START -1096 176 12576 -5905 33 -3133 END
START -1012 88 12260 -5892 -158 -2989 END
START -844 192 11900 -5787 -319 -2862 END
START -776 320 11632 -5671 -480 -2713 END
START -740 276 11436 -5482 -669 -2545 END
START -708 308 10992 -5318 -897 -2383 END
START -672 268 10732 -5137 -1040 -2237 END
START -556 260 10332 -4946 -1182 -2075 END
START -596 208 9924 -4672 -1322 -1930 END
START -552 208 9340 -4442 -1360 -1752 END
START -656 156 8840 -4136 -1328 -1605 END
START -580 88 8320 -3752 -1344 -1488 END
START -732 32 7684 -3404 -1250 -1355 END
START -712 -56 7412 -2887 -1135 -1252 END
START -688 -40 6956 -2437 -1010 -1119 END
START -752 -212 6692 -1921 -818 -1067 END
START -836 -4 6596 -1414 -679 -950 END
START -884 -4 6488 -964 -591 -854 END
START -852 68 6376 -527 -449 -749 END
START -1132 168 6380 -85 -384 -687 END
START -1152 60 6268 320 -297 -556 END
START -1244 36 6412 702 -260 -465 END
START -1148 -28 6316 1081 -179 -393 END
START -1200 -28 6376 1440 -178 -335 END
START -1192 -60 6360 1759 -151 -300 END
START -1272 8 6500 2067 -196 -247 END
START -1200 0 6564 2328 -241 -216 END
START -1200 32 6568 2552 -264 -218 END
START -1148 -88 6344 2744 -276 -222 END
START -964 -180 6292 2965 -325 -232 END
START -876 -60 6184 3086 -279 -234 END
START -744 40 5904 3261 -231 -243 END
START -512 100 5836 3418 -95 -244 END
START -484 168 5524 3610 46 -225 END
START -420 484 5284 3787 248 -195 END
START -176 656 5296 3971 448 -101 END
START -120 548 5200 4125 624 -13 END
START 28 836 5112 4286 806 133 END
START -60 848 5052 4438 943 273 END
START 12 940 5088 4593 1066 428 END
START -152 924 4976 4791 1155 609 END
START -56 1036 4996 4987 1265 757 END
START -224 1088 4836 5274 1312 902 END
START -224 1128 4884 5509 1421 1071 END
START -296 1112 4872 5786 1458 1227 END
START -372 1112 4604 6112 1505 1369 END
START -544 1068 4688 6434 1560 1509 END
START -684 912 4456 6848 1532 1609 END
START -1000 932 4516 7257 1460 1716 END
START -1164 1104 4516 7758 1444 1798 END
START -1228 1104 4568 8363 1397 1885 END
START -1356 1132 4504 8930 1321 1972 END
START -1540 988 4692 9578 1259 2051 END
START -1580 868 4840 10200 1154 2105 END
START -1800 872 5096 10815 1059 2103 END
START -2080 888 5312 11395 989 2059 END
START -2116 988 5680 11807 857 2005 END
START -2004 1084 6096 12278 741 1916 END
START -2084 1248 6220 12721 686 1851 END
START -2092 1416 6640 13092 526 1743 END
START -2012 1676 6708 13422 484 1670 END
START -2024 1836 6852 13700 446 1629 END
START -1764 2324 7136 13955 472 1570 END
START -1704 2580 7160 14208 509 1563 END
START -1664 2932 7660 14398 580 1592 END
START -1584 3116 7876 14618 675 1602 END
START -1656 3356 8120 14810 745 1686 END
START -1952 3516 8588 15034 810 1779 END
START -2292 3776 9124 15198 825 1853 END
START -2800 3876 9660 15372 801 1884 END
START -3188 4068 10328 15582 734 1836 END
START -3620 4092 10888 15762 622 1753 END
START -3736 4092 11364 15862 497 1609 END
START -3840 4000 11824 15948 406 1419 END
START -3736 3956 12120 15997 408 1194 END
START -3564 4080 12356 16004 485 980 END
START -3296 4056 12672 15964 623 802 END
START -3184 4148 12832 15863 840 614 END
START -2840 4176 13264 15725 1159 504 END
START -2796 4372 13624 15602 1412 433 END
START -2604 4552 14216 15436 1769 426 END
START -2632 4984 14820 15256 2029 479 END
START -2604 5084 15408 15117 2238 549 END
START -2532 5264 15960 14907 2395 645 END
START -2684 5228 16448 14741 2531 792 END
START -2740 5208 16936 14557 2512 956 END
START -2768 5216 17344 14361 2467 1128 END
START -2656 5356 17796 14255 2296 1270 END
START -2576 5264 18136 14151 2151 1406 END
START -2500 5248 18356 14162 1922 1541 END
START -2576 5184 18384 14185 1757 1639 END
START -2664 5172 18424 14316 1554 1769 END
START -2732 5052 18764 14473 1379 1908 END
START -2848 5160 18888 14687 1210 2011 END
START -3116 5240 19128 14917 1015 2152 END
START -3224 5268 19540 15136 854 2249 END
START -3248 5120 19812 15344 600 2343 END
START -3316 5148 20004 15477 321 2382 END
START -3364 5112 20392 15548 60 2444 END
START -3592 5200 20504 15617 -189 2438 END
START -3732 5272 20900 15689 -382 2471 END
START -3856 5276 21216 15756 -555 2413 END
START -3700 5104 21496 15764 -765 2362 END
START -3748 4684 21968 15738 -935 2284 END
START -3452 4336 22028 15682 -1125 2170 END
START -3256 4032 22036 15554 -1200 2059 END
START -2932 3796 22164 15432 -1312 1883 END
START -2684 3684 22284 15235 -1279 1696 END
START -2420 3616 21988 14946 -1103 1476 END
START -2200 3712 22228 14586 -900 1297 END
START -2064 3512 22260 14295 -641 1226 END
START -2048 3432 22792 14128 -461 1273 END
START -1840 3244 22672 13973 -286 1300 END
START -1664 3424 22728 13857 -47 1263 END
START -1520 3464 22660 13714 160 1173 END
START -1772 3320 22776 13451 373 1052 END
START -1836 3184 23008 13184 569 948 END
START -1984 3164 23212 12970 674 892 END
START -2024 3308 23384 12664 822 876 END
START -2260 3472 23596 12412 880 926 END
START -2356 3604 23600 12483 943 1040 END
START -2524 3692 24012 11996 968 1113 END
START -2596 3676 24120 12004 953 1289 END
START -2800 3448 24348 11901 918 1425 END
START -2900 3312 24544 11536 869 1551 END
START -3192 3152 24644 11423 800 1669 END
START -3464 2960 24908 11221 747 1708 END
START -3540 2584 25032 11057 654 1771 END
START -3724 2340 25308 10888 640 1754 END
START -3776 1836 25584 10721 555 1710 END
START -3676 1636 25752 10567 487 1608 END
START -3636 1232 25884 10375 469 1473 END
START -3656 1104 26104 10187 441 1332 END
START -3712 840 26252 9994 435 1223 END
START -3568 760 26264 9791 404 1039 END
START -3424 648 26552 9591 437 892 END
START -3284 652 26952 9367 482 755 END
START -3232 560 26980 9140 533 600 END
START -2956 676 27228 8855 654 481 END
START -2804 628 27456 8636 751 391 END
START -2712 724 27720 8374 839 322 END
START -2564 768 27936 8074 945 328 END
START -2452 924 28264 7797 1034 306 END
START -2432 1104 28636 7445 1125 328 END
START -2412 1292 28912 7055 1169 430 END
START -2560 1252 29264 6639 1207 501 END
START -2612 1288 29512 6225 1227 590 END
START -2708 1152 29972 5715 1228 649 END
START -2636 1112 29968 5201 1247 715 END
START -2576 1132 30336 4703 1237 709 END
START -2856 1152 30376 4169 1281 712 END
START -2932 1368 30700 3612 1246 647 END
START -2836 1576 30804 3055 1238 598 END
START -2860 1704 30920 2483 1222 552 END
START -2984 1720 31196 1907 1210 507 END
START -2928 1720 31160 1311 1162 502 END
START -3068 1836 31276 714 1059 445 END
START -2952 1896 31352 181 959 446 END
START -2932 2100 31152 -387 885 365 END
START -2984 2368 31200 -946 796 353 END
START -3160 2512 31056 -1501 736 333 END
START -3080 2752 30936 -2089 624 294 END
START -3032 2788 30828 -2705 512 305 END
START -3156 2880 30596 -3260 409 331 END
START -3172 3056 30088 -3811 328 326 END
START -2936 3116 29592 -4317 339 268 END
START -2860 3204 28984 -4822 347 287 END
START -2812 3276 28704 -5303 479 224 END
START -2776 3220 28404 -5717 520 184 END
START -2672 3312 27992 -6137 607 208 END
START -2596 3428 27668 -6509 728 144 END
START -2612 3292 27368 -6882 807 149 END
START -2480 3284 27160 -7218 876 142 END
START -2464 3384 26892 -7546 931 123 END
START -2392 3368 26896 -7860 937 120 END
START -2364 3348 26664 -8164 892 124 END
START -2336 3340 26508 -8416 828 123 END
START -2348 3264 26428 -8662 754 95 END
START -2148 3344 26148 -8910 663 99 END
START -2096 3424 25780 -9103 534 130 END
START -2028 3564 25364 -9391 533 151 END
START -1892 3660 25040 -9590 487 204 END
START -1872 3696 24672 -9809 547 270 END
START -1732 3592 24216 -10037 619 359 END
START -1660 3632 24028 -10284 711 430 END
START -1648 3556 23788 -10449 809 536 END
START -1692 3412 23564 -10629 907 635 END
START -1624 3276 23408 -10719 1037 729 END
START -1700 3084 23232 -10809 1062 822 END
START -1912 2892 23156 -10848 1125 887 END
START -2008 2828 23108 -10904 1125 965 END
START -2284 2724 22824 -10933 1134 962 END
START -2524 2560 22776 -10979 1110 959 END
START -2540 2548 22692 -11043 1102 889 END
START -2620 2492 22684 -11127 1029 814 END
START -2772 2468 22524 -11215 1030 685 END
START -2908 2536 22616 -11370 959 581 END
START -2800 2516 22524 -11560 877 465 END
START -2704 2672 22368 -11759 792 336 END
START -2636 2804 22156 -11994 740 292 END
START -2564 2980 22028 -12220 685 214 END
START -2620 3088 21960 -12387 629 239 END
START -2660 3296 21848 -12609 539 180 END
START -2512 3428 21696 -12792 460 245 END
START -2632 3480 21392 -12919 376 276 END
START -2648 3664 21324 -13130 305 320 END
START -2560 3736 21052 -13236 191 376 END
START -2724 3864 20748 -13398 74 385 END
START -2608 3776 20628 -13562 -38 430 END
START -2624 3748 20412 -13616 -111 518 END
START -2508 3676 20056 -13723 -138 570 END
START -2588 3400 19696 -13797 -206 568 END
START -2544 3340 19452 -13868 -235 598 END
START -2656 3284 19052 -13964 -236 592 END
START -2724 3224 18916 -13998 -189 584 END
START -2980 3116 18568 -14015 -99 558 END
START -3084 3012 18196 -14074 -36 488 END
START -3200 3008 17996 -14068 37 437 END
START -3376 2980 17820 -14074 47 347 END
START -3532 3004 17624 -14053 88 260 END
START -3680 2868 17480 -14055 133 138 END
START -3844 2808 17300 -13997 96 54 END
START -3896 2836 17236 -13939 42 -54 END
START -3924 2688 17048 -13901 -77 -198 END
START -4208 2496 16836 -13831 -147 -327 END
START -4180 2680 16888 -13757 -293 -490 END
START -4040 2676 16584 -13673 -424 -622 END
START -4112 2696 16300 -13591 -622 -758 END
START -4052 2824 16084 -13483 -778 -874 END
START -4000 2992 15792 -13404 -961 -987 END
START -3960 3116 15528 -13341 -1123 -1037 END
START -3684 3080 15268 -13283 -1212 -1107 END
START -3716 3088 14984 -13173 -1314 -1123 END
START -3628 3136 14540 -13161 -1378 -1161 END
START -3332 3020 14280 -13097 -1477 -1217 END
START -3236 2976 13988 -13004 -1484 -1255 END
START -3128 2964 13724 -12922 -1478 -1299 END
START -3012 3044 13488 -12878 -1460 -1322 END
START -2808 3164 13056 -12795 -1453 -1380 END
START -2772 3352 12900 -12769 -1427 -1361 END
START -2628 3420 12604 -12697 -1405 -1346 END
START -2600 3756 12396 -12660 -1431 -1282 END
START -2420 3844 12172 -12609 -1446 -1233 END
START -2352 3828 11940 -12507 -1523 -1088 END
START -2328 3704 11652 -12369 -1587 -975 END
START -2244 3680 11400 -12336 -1693 -913 END
START -2172 3412 11128 -12134 -1788 -834 END
START -2140 3428 10976 -11972 -1873 -777 END
START -2072 3512 10444 -11763 -1958 -754 END
START -2136 3596 10176 -11565 -2041 -680 END
START -2032 3580 10040 -11322 -2103 -623 END
START -2024 3464 9684 -11132 -2165 -556 END
START -2176 3456 9396 -10898 -2198 -469 END
START -2176 3356 8932 -10715 -2228 -420 END
START -2124 3260 8664 -10497 -2204 -390 END
START -2176 3144 8436 -10296 -2173 -404 END
START -2308 3084 7984 -10006 -2186 -469 END
START -2252 2976 7712 -9762 -2188 -532 END
START -2384 3092 7460 -9490 -2114 -630 END
START -2348 2948 7236 -9210 -2091 -705 END
START -2464 2924 7016 -8965 -2038 -799 END
START -2372 2780 6680 -8659 -1962 -832 END
START -2236 2760 6384 -8424 -1859 -879 END
START -2336 2776 6360 -8153 -1736 -948 END
START -2208 2740 5900 -7889 -1650 -964 END
START -2172 2776 5736 -7628 -1486 -1040 END
START -2152 2712 5552 -7344 -1380 -1025 END
START -2136 2720 5152 -7058 -1191 -1056 END
START -1924 2708 4880 -6800 -950 -1089 END
START -1788 2808 4556 -6551 -622 -1100 END
START -1568 2636 4436 -6320 -302 -1165 END
START -1260 2540 4224 -6146 84 -1205 END
START -1268 2436 4068 -5913 444 -1255 END
START -900 2376 3852 -5714 901 -1284 END
START -812 2416 3732 -5555 1328 -1307 END
START -724 2556 3520 -5380 1834 -1240 END
START -640 2680 3256 -5196 2264 -1225 END
START -588 2664 3444 -4990 2693 -1162 END
START -584 2836 3608 -4809 3039 -1060 END
START -640 2576 3488 -4563 3315 -1007 END
START -520 2628 3784 -4368 3495 -883 END
START -708 2492 4008 -4117 3624 -718 END
START -800 2380 4092 -3847 3658 -646 END
START -832 2388 4620 -3550 3583 -508 END
START -1048 2464 4500 -3167 3516 -402 END
START -1176 2488 4944 -2789 3380 -267 END
START -1244 2492 5060 -2367 3127 -147 END
START -1308 2348 5460 -1953 2899 -42 END
START -1284 2216 5448 -1572 2579 61 END
START -1328 2180 5732 -1195 2315 199 END
START -1228 2172 5872 -850 2081 342 END
START -1128 2016 6124 -462 1885 448 END
START -1380 1968 6492 -117 1671 627 END
START -1444 1980 6604 280 1595 751 END
START -1500 2032 6780 641 1420 880 END
START -1648 2076 7204 951 1263 964 END
START -1824 2044 7488 1279 1083 1017 END
START -1924 1848 7956 1575 838 1091 END
START -1868 1672 8260 1868 605 1132 END
START -2064 1508 8500 2160 404 1199 END
START -2004 1352 8844 2466 137 1181 END
START -2188 1176 9192 2803 -26 1125 END
START -2088 1288 9476 3092 -179 1033 END
START -2252 1224 9932 3423 -312 911 END
START -2244 1216 10084 3652 -412 794 END
START -1984 1216 10384 3865 -459 720 END
START -1972 1148 10848 4000 -420 622 END
START -1740 1164 11240 4075 -334 550 END
START -1644 1208 11484 4106 -172 507 END
START -1344 1176 11888 4039 90 488 END
START -1288 1220 11912 3918 387 424 END
START -1072 1084 12572 3708 705 416 END
START -1080 1156 12864 3441 1075 386 END
START -940 1100 13400 3116 1430 388 END
START -932 992 14020 2758 1811 408 END
START -1108 992 14316 2407 2169 436 END
START -1236 796 14700 2037 2478 479 END
START -1308 652 15180 1668 2756 559 END
START -1576 500 15592 1352 2975 630 END
START -1936 536 15904 1038 3143 709 END
START -2332 588 16412 750 3152 752 END
START -2664 528 16584 486 3099 795 END
START -3108 360 17076 296 2972 853 END
START -3452 464 17324 114 2836 955 END
START -3864 356 17536 -31 2578 967 END
START -4236 244 17920 -133 2233 1064 END
START -4568 16 18088 -216 1919 1099 END
START -4652 -152 18460 -298 1549 1126 END
START -4928 -328 18388 -323 1203 1173 END
START -5068 -440 18476 -392 855 1179 END
START -5340 -424 18556 -451 533 1252 END
START -5544 -556 18532 -524 280 1283 END
START -5736 -696 18636 -607 21 1337 END
START -6028 -924 18608 -667 -191 1342 END
START -6380 -1152 18828 -708 -396 1370 END
START -6524 -1316 18752 -786 -595 1358 END
START -6864 -1472 18912 -831 -810 1309 END
START -7184 -1872 19032 -861 -1047 1207 END
START -7532 -1980 19076 -925 -1264 1073 END
START -7580 -2292 19056 -967 -1506 896 END
START -8012 -2604 19304 -1000 -1770 682 END
START -8116 -2688 19188 -1076 -2041 404 END
START -8492 -2720 19140 -1157 -2304 126 END
START -8624 -2836 19012 -1300 -2535 -171 END
START -8712 -2824 19084 -1443 -2745 -489 END
START -8788 -2904 18768 -1585 -2928 -815 END
START -8912 -2932 18900 -1782 -3109 -1123 END
START -8976 -2948 18524 -2025 -3235 -1410 END
START -9088 -3056 18620 -2166 -3352 -1730 END
START -9024 -3180 18576 -2367 -3491 -2044 END
START -9056 -3288 18332 -2585 -3545 -2368 END
START -9132 -3368 18224 -2815 -3608 -2739 END
START -9232 -3520 18380 -3034 -3675 -3076 END
START -9300 -3524 18052 -3260 -3711 -3469 END
START -9224 -3648 17988 -3509 -3687 -3931 END
START -9220 -3736 17472 -3779 -3607 -4307 END
START -9120 -3780 17236 -4062 -3456 -4775 END
START -9260 -3684 16908 -4403 -3245 -5226 END
START -9212 -3692 16652 -4721 -3016 -5676 END
START -9144 -3640 16420 -5046 -2755 -6100 END
START -9168 -3604 16184 -5365 -2497 -6512 END
START -9172 -3664 16244 -5697 -2308 -6947 END
START -9284 -3788 15856 -5990 -2111 -7387 END
START -9288 -3792 15644 -6298 -2005 -7868 END
START -9312 -3628 15424 -6549 -1827 -8315 END
START -9216 -3768 15052 -6783 -1677 -8766 END
START -9284 -3584 14768 -6982 -1523 -9260 END
START -9340 -3524 14604 -7133 -1427 -9672 END
START -9352 -3516 14156 -7309 -1315 -10135 END
START -9464 -3472 13920 -7458 -1266 -10581 END
START -9444 -3352 13664 -7595 -1211 -11019 END
START -9312 -3284 13340 -7752 -1177 -11454 END
START -9460 -3112 13068 -7855 -1160 -11908 END
START -9612 -3000 12828 -7928 -1199 -12388 END
START -9444 -2836 12460 -7959 -1325 -12773 END
START -9524 -2804 12240 -7928 -1561 -13143 END
START -9512 -2836 12132 -7836 -1800 -13483 END
START -9512 -2760 11728 -7671 -2240 -13848 END
START -9324 -2728 11296 -7423 -2563 -14181 END
START -9284 -2800 10680 -7078 -2915 -14560 END
START -9244 -2708 10224 -6680 -3254 -14953 END
START -8972 -2552 9852 -6226 -3577 -15316 END
START -8760 -2320 9316 -5786 -3868 -15683 END
START -8532 -2256 8928 -5296 -4159 -16047 END
START -8256 -2188 8660 -4834 -4432 -16390 END
START -7836 -1900 8180 -4435 -4667 -16694 END
START -7616 -1816 7812 -3994 -4843 -16998 END
START -7308 -1600 7616 -3522 -5076 -17285 END
START -6936 -1648 7236 -3106 -5208 -17571 END
START -6488 -1612 6920 -2628 -5358 -17836 END
START -5892 -1580 6484 -2183 -5383 -18098 END
START -5384 -1420 6212 -1786 -5320 -18360 END
START -4968 -1204 5932 -1378 -5228 -18587 END
START -4280 -904 5636 -957 -5052 -18841 END
START -3820 -728 5432 -587 -4817 -19017 END
START -3280 -400 5328 -273 -4563 -19163 END
START -2696 -160 5264 7 -4272 -19299 END
START -1976 48 4936 255 -3899 -19422 END
START -1116 256 4756 483 -3398 -19538 END
START -528 404 4708 701 -2832 -19543 END
START -176 504 4660 807 -2246 -19576 END
START 368 792 4816 949 -1743 -19538 END
START 728 972 4864 1012 -1176 -19445 END
START 1240 1212 4968 1075 -674 -19329 END
START 1420 1292 4920 1153 -182 -19162 END
START 1648 1356 5164 1266 281 -19038 END
START 1808 1332 5304 1368 649 -18860 END
START 2012 1288 5452 1507 983 -18764 END
START 2476 1176 5500 1670 1292 -18691 END
START 2820 1120 5820 1874 1459 -18576 END
START 3176 992 6092 2133 1523 -18471 END
START 3460 872 6004 2520 1504 -18308 END
START 3912 804 6224 2915 1353 -18154 END
START 4448 584 6432 3421 1200 -17930 END
START 4984 572 6388 4008 982 -17693 END
START 5308 520 6328 4628 809 -17497 END
START 5784 608 6396 5305 616 -17210 END
START 6224 644 6556 6021 350 -16964 END
START 6588 500 6524 6799 132 -16665 END
START 6984 708 6756 7517 -75 -16327 END
START 7316 872 6992 8297 -316 -15916 END
START 7504 976 7144 9060 -555 -15581 END
START 7812 1300 7356 9879 -724 -15102 END
START 7992 1516 7364 10650 -784 -14672 END
START 8452 1728 7624 11393 -776 -14198 END
START 8948 1816 7872 12268 -648 -13663 END
START 9392 1840 8404 12538 -433 -13147 END
START 9744 2064 8808 13266 -237 -12544 END
START 10052 2108 9552 13635 -85 -11962 END
START 10060 2212 10204 14084 11 -11348 END
START 10128 2356 11152 14374 40 -10676 END
START 10256 2520 11784 14687 -19 -10120 END
START 10420 2596 12508 14942 -137 -9497 END
START 10692 2496 12984 15117 -153 -8913 END
START 11028 2500 13504 15271 -73 -8321 END
START 11380 2552 13920 15321 31 -7734 END
START 11496 2788 14352 15318 365 -7138 END
START 11804 2932 14776 15196 679 -6526 END
START 11868 3316 15336 15020 1076 -5883 END
START 11868 3492 15884 14796 1518 -5224 END
START 11868 3888 16372 14565 1967 -4500 END
START 11760 3876 17244 14280 2353 -3801 END
START 11612 4072 17900 13992 2684 -3128 END
START 11224 4300 18668 13772 2886 -2433 END
START 10752 4604 19244 13465 3068 -1819 END
START 10400 4832 19888 13202 3086 -1205 END
START 10060 5108 20584 12943 3032 -582 END
START 9844 5368 21192 12643 2854 36 END
START 9668 5368 21716 12395 2682 627 END
START 9484 5588 22048 12408 2406 1297 END
START 9160 5956 22360 11997 2167 1987 END
START 9076 6044 22628 12037 1964 2708 END
START 8796 6248 22964 12014 1687 3388 END
START 8388 6412 23204 11909 1504 4096 END
START 8316 6664 23188 11526 1335 4799 END
START 8104 6872 23536 11320 1219 5487 END
START 7784 6888 23772 11025 1072 6085 END
START 7692 6820 23984 10646 966 6699 END
START 7604 6776 24176 10333 893 7306 END
START 7416 6636 24524 9914 861 7819 END
START 7348 6648 24520 9463 834 8290 END
START 7292 6800 24760 9016 920 8734 END
START 7256 6832 24884 8387 976 9201 END
START 7080 6976 25044 7724 1132 9595 END
START 6992 7056 24972 6937 1327 10049 END
START 6864 7080 24900 6086 1590 10468 END
START 6664 7072 24872 5121 1872 10823 END
START 6404 7012 24564 4201 2181 11178 END
START 6380 6752 23956 3210 2582 11442 END
START 6184 6536 23608 2314 3063 11661 END
START 6084 6268 23156 1495 3642 11796 END
START 6008 6108 22436 658 4299 11903 END
START 5968 5960 22108 -76 4894 11904 END
START 5972 5988 21568 -813 5538 11973 END
START 5708 6036 21396 -1519 6119 11964 END
START 5560 6012 20976 -2217 6694 12089 END
START 5416 6012 20680 -2790 7134 12290 END
START 5524 5792 20340 -3300 7508 12354 END
START 5384 5724 20140 -3675 7748 12889 END
START 5384 5728 19804 -3929 7877 13072 END
START 5300 5696 19448 -4094 8097 13756 END
START 5392 5640 19184 -4195 8223 14277 END
START 5300 5536 18824 -4215 8314 14863 END
START 5388 5384 18404 -4255 8397 15491 END
START 5284 5180 18328 -4254 8475 16223 END
START 5132 5000 17984 -4203 8467 17040 END
START 4992 4784 17920 -4122 8509 17883 END
START 4620 4864 17380 -4005 8537 18826 END
START 4224 4632 17520 -3829 8509 19735 END
START 3836 4348 17228 -3667 8480 20670 END
START 3216 4160 17388 -3377 8340 21556 END
START 2324 3996 17204 -3129 8067 22431 END
START 1452 3756 17360 -2803 7785 23221 END
START 360 3432 17432 -2482 7438 23862 END
START -1024 2956 17652 -2105 7043 24431 END
START -2748 2464 17908 -1835 6575 24852 END
START -4152 2004 17988 -1537 5995 25056 END
START -5652 1328 18260 -1289 5365 25035 END
START -7032 764 18344 -1141 4713 24813 END
START -8196 36 18576 -989 4055 24430 END
START -9120 -452 18412 -942 3475 23904 END
START -10144 -1220 18680 -906 2922 23184 END
START -11180 -1816 18728 -911 2344 22301 END
START -11992 -2380 18748 -940 1895 21361 END
START -12688 -2904 18584 -1033 1523 20277 END
START -13240 -3324 18500 -1155 1300 19166 END
START -13812 -3904 18436 -1382 1196 18003 END
START -14152 -4216 18344 -1633 1118 16811 END
START -14412 -4504 18504 -1944 1173 15621 END
START -14652 -4752 18568 -2322 1230 14437 END
START -14748 -4880 18444 -2703 1427 13282 END
START -14864 -5004 18548 -3153 1628 12239 END
START -14784 -5120 18316 -3572 1876 11245 END
START -14764 -5104 18308 -3949 2185 10304 END
START -14804 -5000 18768 -4336 2405 9456 END
START -14856 -4984 19108 -4612 2562 8700 END
START -14932 -5048 19572 -4931 2548 8042 END
START -15032 -5084 19820 -5235 2389 7459 END
START -15056 -5216 19932 -5533 2146 6926 END
START -15168 -5156 19752 -5864 1863 6367 END
START -15148 -5108 19684 -6158 1587 5837 END
START -15204 -5200 19448 -6444 1240 5284 END
START -15364 -5248 19308 -6665 953 4748 END
START -15476 -5412 19016 -6892 658 4193 END
START -15584 -5468 18548 -7070 294 3589 END
START -15828 -5428 18148 -7175 -42 2963 END
START -15884 -5332 17960 -7264 -395 2250 END
START -16168 -5396 17384 -7285 -690 1578 END
START -16240 -5532 17096 -7266 -980 783 END
START -16332 -5880 16636 -7241 -1275 -2 END
START -16396 -5872 16268 -7165 -1549 -871 END
START -16108 -5892 15696 -7074 -1801 -1710 END
START -15960 -5924 15420 -6934 -1973 -2663 END
START -15836 -5888 14908 -6763 -2140 -3589 END
START -15636 -5604 14640 -6570 -2278 -4476 END
START -15332 -5488 14068 -6367 -2437 -5341 END
START -15124 -5396 13868 -6145 -2542 -6188 END
START -15028 -5128 13664 -5905 -2690 -7033 END
START -14720 -4864 13392 -5663 -2828 -7802 END
START -14272 -4764 13224 -5458 -3051 -8593 END
START -13964 -4388 12904 -5208 -3234 -9360 END
START -13612 -4312 12796 -4999 -3393 -10104 END
START -13108 -4056 12324 -4751 -3585 -10762 END
START -12632 -3760 11960 -4527 -3599 -11378 END
START -12136 -3456 11620 -4286 -3596 -11999 END
START -11652 -3160 11200 -4056 -3556 -12523 END
START -11084 -2796 10876 -3913 -3409 -12997 END
START -10496 -2544 10348 -3718 -3264 -13501 END
START -10048 -2356 10184 -3580 -3099 -13947 END
START -9652 -2192 10040 -3412 -2952 -14383 END
START -9280 -1884 9684 -3264 -2801 -14779 END
START -8800 -1640 9676 -3078 -2666 -15175 END
START -8496 -1336 9632 -2928 -2558 -15522 END
START -8108 -1088 9640 -2756 -2536 -15786 END
START -7772 -756 9496 -2606 -2505 -16065 END
START -7520 -548 9400 -2447 -2517 -16264 END
START -7292 -352 9176 -2276 -2593 -16436 END
START -7064 -392 8948 -2062 -2676 -16567 END
START -6680 -224 8904 -1828 -2766 -16753 END
START -6400 -232 8604 -1562 -2822 -16864 END
START -5996 -264 8432 -1302 -2847 -17062 END
START -5768 -208 8036 -968 -2845 -17198 END
START -5480 -260 7688 -644 -2869 -17359 END
START -5252 -392 7608 -239 -2912 -17550 END
START -4916 -352 7456 197 -2907 -17737 END
START -4636 -312 7200 636 -2978 -17922 END
START -4444 -384 6888 1153 -3014 -18081 END
START -4068 -280 6844 1681 -3119 -18249 END
START -3892 -296 6788 2234 -3232 -18348 END
START -3580 -288 6452 2831 -3398 -18538 END
START -3216 -224 6228 3449 -3563 -18608 END
START -3160 60 6268 4077 -3767 -18735 END
START -2984 456 5992 4726 -3905 -18824 END
START -2816 1044 5900 5335 -4076 -18943 END
START -2640 1820 5872 5960 -4282 -19054 END
START -2244 2184 5388 6517 -4367 -19091 END
START -2008 2412 5400 6992 -4337 -19073 END
START -1740 2384 5268 7354 -4322 -18993 END
START -1260 2428 5112 7699 -4268 -18806 END
START -864 2424 4984 7958 -4137 -18691 END
START -444 2368 4980 8169 -4002 -18538 END
START -124 2792 4284 8350 -3644 -18414 END
START -148 3284 4552 8493 -3379 -18219 END
START -80 3312 4496 8694 -2994 -18030 END
START 208 3516 4496 8917 -2685 -17827 END
START 268 3728 4676 9145 -2349 -17643 END
START 324 3908 4524 9391 -2005 -17469 END
START 292 4096 4632 9555 -1666 -17315 END
START 596 4196 4800 9779 -1357 -17212 END
START 908 4220 4888 9999 -1153 -17139 END
START 1076 4396 5112 10243 -910 -17133 END
START 1312 4588 5000 10498 -760 -17117 END
START 1744 4860 5284 10775 -524 -17058 END
START 2068 5440 5504 11062 -322 -16963 END
START 2556 5636 5680 11355 -88 -16840 END
START 2956 6272 5972 11671 160 -16582 END
START 3616 6716 6148 11839 477 -16236 END
START 4116 7188 6400 12098 721 -15793 END
START 4896 7596 6608 12210 1030 -15267 END
START 5436 7840 6780 12140 1432 -14639 END
START 6020 8168 7104 12138 1774 -14016 END
START 6560 8360 7584 12668 2134 -13321 END
START 6960 8340 8132 12777 2441 -12700 END
START 7180 8320 8752 13016 2686 -12005 END
START 7308 8380 9424 13168 2779 -11377 END
START 7344 8436 9924 13461 2752 -10705 END
START 7404 8668 10512 13631 2738 -9984 END
START 7292 8816 10844 13872 2659 -9391 END
START 7488 8992 11396 14118 2579 -8715 END
START 7556 9008 11748 14352 2511 -8092 END
START 7704 8784 12152 14553 2406 -7462 END
START 7888 8524 12372 14715 2366 -6809 END
START 7844 8268 12636 14871 2391 -6219 END
START 7792 8212 12932 14998 2469 -5613 END
START 7824 8240 13100 15129 2532 -5127 END
START 7756 8100 13380 15205 2699 -4671 END
START 7788 8024 13436 15263 2917 -4239 END
START 7860 7908 14000 15286 3172 -3887 END
START 7796 7964 14528 15244 3399 -3550 END
START 7784 8084 15056 15158 3584 -3210 END
START 7976 8316 15476 15003 3773 -2826 END
START 8080 8440 16040 14855 3931 -2430 END
START 8328 8412 16596 14659 4102 -2016 END
START 8460 8376 17064 14460 4288 -1601 END
START 8780 8360 17620 14273 4478 -1156 END
START 8956 8316 18136 14073 4714 -694 END
START 9064 8396 18508 13859 4960 -286 END
START 9216 8492 19012 13609 5191 144 END
START 9052 8600 19408 13313 5396 580 END
START 9232 9000 20012 13015 5524 971 END
START 9304 9212 20528 12582 5654 1423 END
START 9392 9456 20824 12160 5761 1847 END
START 9192 9580 21372 11944 5850 2323 END
START 9268 9808 21904 11669 5856 2865 END
START 9112 10024 22296 11139 5847 3330 END
START 9104 10160 22656 10756 5928 3866 END
START 9128 10140 22988 10340 5964 4451 END
START 9120 10356 23328 9916 5987 4961 END
START 8908 10348 23724 9480 6038 5466 END
START 8720 10636 23904 8943 6092 5973 END
START 8564 10696 24472 8368 6110 6519 END
START 8212 10732 24828 7802 6098 7090 END
START 8200 10708 25304 7319 5986 7737 END
START 8020 10604 25580 6811 5966 8346 END
START 7724 10504 25920 6367 5864 8912 END
START 7416 10196 26172 5886 5754 9391 END
START 7232 9748 26476 5370 5653 9822 END
START 7008 9344 26744 4855 5482 10216 END
START 6788 9000 26632 4239 5416 10522 END
START 6676 8668 26720 3636 5309 10860 END
START 6464 8480 26528 3089 5291 11073 END
START 6296 8196 26684 2475 5240 11317 END
START 6104 8128 26376 1922 5288 11518 END
START 5944 7928 26328 1408 5328 11712 END
START 5824 7740 26252 890 5394 11960 END
START 5516 7572 26272 415 5490 12159 END
START 5520 7416 26012 -57 5558 12414 END
START 5264 7344 26052 -521 5606 12508 END
START 4976 7280 26140 -995 5566 12858 END
START 4796 7164 26012 -1470 5596 12858 END
START 4668 7028 26060 -1950 5519 13135 END
START 4412 6916 26032 -2415 5441 13481 END
START 4124 6776 25752 -2841 5316 13845 END
START 3972 6828 26008 -3306 5185 14272 END
START 3756 6632 25808 -3753 5054 14701 END
START 3468 6444 25676 -4161 4941 15143 END
START 3108 6300 25444 -4587 4724 15649 END
START 2720 6132 25388 -4986 4544 16158 END
START 2384 5836 25416 -5359 4363 16734 END
START 1860 5596 25240 -5673 4105 17269 END
START 1280 5300 25320 -5984 3809 17844 END
START 672 5120 25300 -6264 3401 18387 END
START -152 4916 25156 -6568 2974 18895 END
START -680 4740 25088 -6902 2512 19369 END
START -1432 4480 24840 -7201 2028 19787 END
START -1872 4308 24688 -7556 1547 20135 END
START -2672 4092 24248 -7882 1102 20388 END
START -3456 3844 23788 -8254 698 20545 END
START -4096 3548 23404 -8572 317 20626 END
START -4704 3332 22904 -8933 11 20573 END
START -5128 3172 22416 -9293 -227 20434 END
START -5556 2980 21768 -9650 -316 20256 END
START -5952 2692 21128 -10007 -350 20008 END
START -6076 2464 20496 -10364 -360 19672 END
START -6140 2320 20036 -10684 -237 19394 END
START -6344 2140 19376 -11013 -36 19031 END
START -6312 1968 18988 -11386 211 18674 END
START -6500 1856 18200 -11699 519 18296 END
START -6432 1688 17864 -12005 811 17899 END
START -6708 1732 17332 -12250 1156 17568 END
START -6744 1408 17116 -12475 1453 17179 END
START -6840 1176 16808 -12682 1716 16736 END
START -6964 1160 16492 -12847 1937 16353 END
START -6760 920 16088 -13026 2218 15932 END
START -6620 740 15620 -13172 2573 15495 END
START -6768 552 15540 -13334 2786 15116 END
START -7024 404 15120 -13485 2992 14661 END
START -7268 352 14836 -13633 3118 14201 END