START 2856 2704 15048 787 1500 2272 END
START 8500 3164 3940 565 343 2257 END
START -576 1848 16456 661 929 2402 END
START 2376 1932 14672 673 628 2468 END
START 4888 2112 12208 753 1197 2534 END
START 3848 1788 12596 814 1434 2511 END
START 4416 1960 12228 829 1369 2591 END
START 2880 2032 13980 881 1739 2602 END
START 2064 2292 14588 870 2016 2635 END
START 2844 2456 13784 842 1973 2694 END
START 3320 2624 13372 852 2119 2800 END
START 3000 2844 13416 796 2398 2943 END
START 2428 2976 13992 770 2561 3091 END
START 2772 3160 13452 724 2774 3340 END
START 2660 3372 13628 685 3151 3568 END
START 2912 3448 13252 626 3476 3796 END
START 3128 3616 12736 616 3797 4137 END
START 3056 3712 12664 584 4222 4388 END
START 2868 3844 12868 620 4651 4656 END
START 2800 3864 12248 675 5052 5016 END
START 2720 3884 12208 742 5496 5290 END
START 2704 3912 12164 855 6094 5635 END
START 2828 4036 11848 990 6624 5979 END
START 2636 4124 11676 1135 7224 6315 END
START 2516 4256 11520 1310 7938 6700 END
START 2444 4548 11456 1450 8586 7052 END
START 2384 4640 11208 1637 9388 7398 END
START 2292 4728 11100 1878 10101 7747 END
START 2104 4788 11156 2072 10960 8103 END
START 1844 4872 11092 2349 11791 8515 END
START 1536 4884 11208 2533 12583 8873 END
START 1232 4844 11396 2754 13433 9280 END
START 728 4776 11576 2966 14423 9719 END
START 504 4712 11776 3161 15231 10086 END
START -84 4596 12216 3321 16051 10490 END
START -612 4372 12444 3460 16784 10843 END
START -1268 4048 12876 3564 17439 11115 END
START -1736 3936 13092 3688 18060 11318 END
START -2296 3756 13552 3809 18614 11484 END
START -3040 3560 13808 3876 18988 11534 END
START -3568 3260 14280 3965 19298 11519 END
START -4028 3100 14628 4056 19507 11429 END
START -4424 2624 14944 4068 19595 11252 END
START -4672 2404 15180 4137 19665 11047 END
START -5088 2036 15104 4168 19710 10773 END
START -5388 1860 15268 4200 19725 10473 END
START -5748 1668 15276 4251 19741 10133 END
START -6040 1444 15328 4252 19705 9760 END
START -6288 1376 15300 4316 19745 9429 END
START -6396 1304 14996 4317 19831 9061 END
START -6544 1124 14840 4366 19985 8648 END
START -6584 1088 14540 4390 20270 8283 END
START -6508 1176 14140 4409 20659 7916 END
START -6468 1124 13896 4390 21223 7567 END
START -6580 1064 13688 4339 21848 7212 END
START -6596 932 13664 4260 22515 6866 END
START -6916 816 13516 4169 23252 6481 END
START -7036 820 13436 4112 23891 6140 END
START -7360 824 13628 4008 24464 5740 END
START -7576 852 13908 3980 25017 5271 END
START -7940 756 14296 3973 25521 4864 END
START -8276 672 14688 3951 25891 4432 END
START -8652 540 15112 3998 26216 3966 END
START -8812 336 15560 3988 26474 3599 END
START -9192 328 16048 4023 26570 3186 END
START -9568 400 16460 4041 26594 2759 END
START -9916 512 16900 4001 26613 2376 END
START -9996 548 17136 3965 26478 1986 END
START -10372 568 17632 3933 26386 1547 END
START -10620 572 17964 3849 26229 1139 END
START -10952 500 18480 3757 25968 736 END
START -11252 504 19048 3655 25659 373 END
START -11624 468 19484 3558 25215 -68 END
START -11956 376 19984 3444 24676 -483 END
START -12276 240 20408 3372 24109 -938 END
START -12492 208 21076 3250 23449 -1475 END
START -12840 -12 21788 3229 22650 -2051 END
START -13116 -252 22360 3208 21774 -2647 END
START -13372 -408 22976 3154 20784 -3360 END
START -13496 -564 23780 3130 19654 -4113 END
START -13792 -884 24172 3065 18459 -4940 END
START -13880 -888 24724 2983 17236 -5818 END
START -13676 -1004 24924 2882 15962 -6712 END
START -13740 -1044 25332 2740 14764 -7657 END
START -13528 -832 25680 2518 13398 -8650 END
START -13320 -672 25948 2265 12518 -9649 END
START -13088 -460 26048 1955 11252 -10559 END
START -12704 -236 26316 1529 10045 -11499 END
START -12140 164 26352 1105 8896 -12345 END
START -11624 424 26324 623 7914 -13112 END
START -10948 612 26348 121 6980 -13703 END
START -10572 892 26352 -350 6166 -14253 END
START -10068 1284 26364 -902 5398 -14696 END
START -9452 1540 26412 -1468 4691 -15005 END
START -8944 1900 26216 -2037 3994 -15288 END
START -8400 2252 26128 -2631 3422 -15457 END
START -7732 2428 25920 -3218 2927 -15584 END
START -7264 2600 26004 -3885 2593 -15648 END
START -6744 2760 26076 -4505 2228 -15679 END
START -6380 2744 26124 -5199 2044 -15633 END
START -6000 2960 26224 -5967 1830 -15581 END
START -5692 3008 26488 -6795 1659 -15496 END
START -5496 3000 26700 -7704 1445 -15422 END
START -5216 3084 27000 -8656 1234 -15281 END
START -5064 3012 27068 -9714 1078 -15174 END
START -4896 2976 27200 -10801 895 -15084 END
START -4712 2996 27292 -11923 628 -15008 END
START -4636 2948 27112 -12993 376 -14995 END
START -4500 2884 27036 -14093 78 -14949 END
START -4500 2756 27092 -15037 -280 -14918 END
START -4544 2612 26852 -15983 -736 -14883 END
START -4336 2464 26576 -16817 -1202 -14859 END
START -4288 2004 26192 -17583 -1676 -14827 END
START -4168 1976 25876 -18199 -2126 -14839 END
START -4196 1856 25568 -18741 -2593 -14819 END
START -4184 1716 25168 -19263 -3167 -14835 END
START -4424 1500 24864 -19685 -3742 -14828 END
START -4432 1220 24676 -20076 -4374 -14839 END
START -4376 984 24220 -20423 -5072 -14846 END
START -4304 900 23680 -20729 -5739 -14900 END
START -4192 676 23216 -20985 -6396 -15017 END
START -4124 560 22784 -21180 -6963 -15062 END
START -4248 476 22264 -21382 -7486 -15140 END
START -4340 404 22048 -21501 -8080 -15212 END
START -4360 336 21560 -21622 -8668 -15318 END
START -4560 472 21268 -21676 -9293 -15351 END
START -4460 284 20784 -21693 -9854 -15386 END
START -4644 164 20276 -21636 -10425 -15426 END
START -4824 96 20088 -21542 -10955 -15426 END
START -4824 -20 19720 -21392 -11481 -15485 END
START -4928 -172 19388 -21236 -11981 -15528 END
START -4896 -256 18888 -21010 -12415 -15596 END
START -4920 -376 18408 -20817 -12818 -15718 END
START -5028 -496 17960 -20568 -13244 -15786 END
START -4916 -620 17528 -20380 -13532 -15926 END
START -4776 -664 16984 -20132 -13857 -16070 END
START -4648 -796 16464 -19898 -14090 -16218 END
START -4476 -740 16032 -19650 -14220 -16377 END
START -4440 -800 15768 -19385 -14354 -16516 END
START -4524 -752 15204 -19079 -14471 -16648 END
START -4476 -836 15024 -18778 -14587 -16783 END
START -4520 -952 14500 -18430 -14818 -16920 END
START -4824 -1128 14256 -18059 -15032 -17052 END
START -4696 -1236 14060 -17617 -15307 -17203 END
START -4648 -1436 13588 -17201 -15560 -17369 END
START -4728 -1672 13360 -16713 -15894 -17508 END
START -4788 -1884 12984 -16234 -16153 -17752 END
START -4860 -2084 12496 -15725 -16471 -18068 END
START -4784 -2296 12248 -15229 -16783 -18380 END
START -4928 -2416 11724 -14692 -17108 -18771 END
START -5064 -2592 11384 -14126 -17527 -19192 END
START -5340 -2720 10916 -13581 -17986 -19658 END
START -5336 -2920 10328 -12882 -18452 -20188 END
START -5352 -3076 9804 -12243 -18885 -20693 END
START -5448 -3128 9480 -11487 -19348 -21264 END
START -5532 -3300 8828 -10702 -19769 -21847 END
START -5496 -3100 8416 -9872 -20248 -22416 END
START -5528 -2940 7864 -9037 -20664 -22921 END
START -5252 -2920 7368 -8143 -21089 -23422 END
START -5092 -2780 6752 -7159 -21488 -23911 END
START -4728 -2620 6180 -6160 -21846 -24341 END
START -4344 -2400 5692 -5131 -22112 -24710 END
START -4084 -2292 5160 -4069 -22295 -25072 END
START -3592 -1972 4796 -2983 -22428 -25369 END
START -3296 -1660 4556 -1875 -22533 -25643 END
START -3140 -1308 4240 -706 -22674 -25830 END
START -2892 -1060 4168 358 -22820 -25972 END
START -2568 -928 4000 1397 -22915 -26085 END
START -2156 -740 3888 2451 -23007 -26157 END
START -1716 -852 3708 3492 -23127 -26260 END
START -1236 -824 3392 4447 -23173 -26314 END
START -608 -792 3204 5349 -23037 -26392 END
START -168 -820 2964 6255 -22807 -26447 END
START 648 -756 2704 7019 -22421 -26544 END
START 1064 -720 2516 7788 -21966 -26605 END
START 1620 -560 2364 8476 -21396 -26679 END
START 2104 -260 2320 9074 -20775 -26761 END
START 2376 148 2436 9603 -20057 -26850 END
START 2716 484 2536 10058 -19319 -26880 END
START 3032 768 2560 10412 -18654 -26898 END
START 3384 1096 2836 10802 -18044 -26907 END
START 3892 1580 3076 11111 -17394 -26836 END
START 4588 1768 3176 11455 -16645 -26716 END
START 5548 2100 3404 11713 -15848 -26536 END
START 6564 2540 3888 12205 -14967 -26171 END
START 7348 2908 4036 12177 -14112 -25737 END
START 8008 3528 4512 12324 -13236 -25146 END
START 8572 3924 4996 12619 -12396 -24436 END
START 9068 4476 5560 12932 -11651 -23656 END
START 9372 4864 6216 13141 -10987 -22760 END
START 9464 5252 6796 13276 -10426 -21802 END
START 9760 5704 7356 13461 -10001 -20793 END
START 10156 5980 7972 13629 -9676 -19779 END
START 10468 6192 8628 13722 -9316 -18698 END
START 10812 6232 9468 13820 -9052 -17695 END
START 11232 6264 10004 13843 -8850 -16581 END
START 11728 6304 10696 13806 -8559 -15484 END
START 12472 6308 11048 13658 -8280 -14348 END
START 12944 6340 11828 13412 -7874 -13149 END
START 13452 6380 12508 13052 -7414 -11964 END
START 13844 6508 13088 12532 -6935 -10683 END
START 14224 6468 13532 11789 -6399 -9428 END
START 14360 6744 14324 11187 -5861 -8130 END
START 14704 6760 14824 10235 -5295 -6815 END
START 14856 6928 15688 9167 -4742 -5470 END
START 14956 6904 16016 8051 -4188 -4160 END
START 15140 6856 16424 6800 -3652 -2838 END
START 15108 6812 16936 5504 -3135 -1494 END
START 15200 6796 17028 4147 -2548 -225 END
START 15092 6636 17252 2853 -2042 999 END
START 14980 6648 17320 1496 -1425 2225 END
START 14680 6408 17340 229 -805 3375 END
START 14424 6444 17144 -1004 -214 4492 END
START 13944 6316 16888 -2269 448 5638 END
START 13496 6156 16548 -3426 1093 6674 END
START 13152 6012 16152 -4540 1718 7701 END
START 12788 5848 15936 -5535 2408 8720 END
START 12316 5848 15676 -6374 3012 9590 END
START 11864 5740 15292 -7148 3673 10481 END
START 11224 5556 14768 -7851 4292 11325 END
START 10764 5228 14436 -8388 4859 12133 END
START 10184 4924 14116 -8805 5506 12949 END
START 9736 4460 13784 -9219 6003 13607 END
START 9316 3964 13256 -9497 6617 14322 END
START 8876 3788 12956 -9718 7234 14982 END
START 8404 3532 12512 -9909 7844 15642 END
START 7940 3296 12360 -10038 8490 16214 END
START 7568 3028 12156 -10152 9167 16844 END
START 7032 2968 11884 -10258 9837 17422 END
START 6512 2752 11736 -10357 10501 18038 END
START 6000 2480 11620 -10470 11061 18665 END
START 5536 2324 11436 -10581 11565 19271 END
START 5104 2144 11068 -10748 12135 19868 END
START 4608 2000 10908 -10892 12517 20498 END
START 4292 1872 10660 -11024 13242 21074 END
START 3828 1700 10308 -11150 13452 21606 END
START 3596 1500 10008 -11217 14221 22266 END
START 3284 1516 9916 -11317 14819 22807 END
START 2820 1392 9684 -11408 15409 23388 END
START 2320 1480 9520 -11464 15972 24027 END
START 1936 1536 9388 -11504 16523 24607 END
START 1408 1652 9280 -11583 17039 25275 END
START 1044 1788 9028 -11662 17511 25898 END
START 612 1740 9000 -11791 17992 26548 END
START 24 1852 8736 -11851 18377 27175 END
START -456 1836 8360 -11974 18757 27797 END
START -884 1936 8240 -12077 19108 28469 END
START -1272 2004 8028 -12132 19463 29070 END
START -1384 2044 7796 -12133 19774 29683 END
START -1724 1896 7308 -12168 20167 30348 END
START -1992 1664 6868 -12093 20491 30928 END
START -2132 1672 6424 -12007 20963 31542 END
START -2436 1664 6080 -11872 21427 32152 END
START -2748 1840 5580 -11820 21873 32756 END
START -3008 1948 5156 -11659 22350 32767 END
START -3356 1864 4996 -11524 22752 32767 END
START -3640 1864 4756 -11398 23086 32767 END
START -4568 1932 4612 -11175 23461 32767 END
START -5460 1632 4416 -10950 23636 32767 END
START -6168 1180 4224 -10688 23708 32767 END
START -7080 1008 4240 -10336 23702 32767 END
START -7892 636 4016 -9893 23581 32767 END
START -8556 244 3564 -9391 23467 32767 END
START -9188 -100 3444 -8835 23322 32767 END
START -9496 -540 3012 -8119 23196 32767 END
START -9948 -1196 2644 -7313 22970 32767 END
START -10552 -1980 2536 -6447 22636 32767 END
START -10872 -2496 2236 -5342 22299 32767 END
START -11340 -3332 2224 -4143 21939 32767 END
START -11740 -4192 2192 -2764 21585 32767 END
START -12276 -4808 2404 -1337 21111 32767 END
START -12552 -5228 2600 295 20517 32353 END
START -12928 -5600 2556 1772 19874 31537 END
START -13204 -5880 2644 3417 19117 30567 END
START -13316 -5856 2872 4918 18340 29621 END
START -13240 -5652 2952 6411 17558 28689 END
START -13372 -5408 2988 7813 16871 27732 END
START -13292 -5000 3336 9166 16104 26801 END
START -13356 -4744 3896 10399 15316 25944 END
START -13244 -4412 4228 11680 14507 25105 END
START -13220 -4480 4472 12592 13653 24337 END
START -13064 -4316 4628 13519 12949 23643 END
START -12928 -4192 5064 14379 12686 22943 END
START -12980 -4144 5276 15092 12010 22286 END
START -13240 -3924 5744 15698 11700 21666 END
START -13684 -3992 6292 16200 11362 21021 END
START -14276 -4176 6736 16645 10980 20356 END
START -14700 -4716 7364 16994 10421 19608 END
START -15208 -5400 7900 17291 9936 18787 END
START -15584 -6152 7952 17564 9304 17913 END
START -15860 -6764 8392 17776 8771 16867 END
START -15764 -7428 8364 18011 8294 15616 END
START -15872 -7648 8136 18187 7891 14238 END
START -15752 -7776 7704 18375 7598 12632 END
START -15760 -7836 7528 18545 7440 11346 END
START -15460 -7916 7260 18706 7392 9672 END
START -15472 -7760 7064 18906 7468 8096 END
START -15372 -7512 7064 19147 7551 6567 END
START -15384 -7352 7308 19376 7597 5143 END
START -15328 -7012 7680 19698 7663 3749 END
START -15172 -6960 7728 20099 7709 2574 END
START -15120 -6768 7956 20521 7790 1423 END
START -14932 -6628 8240 21006 7829 348 END
START -14816 -6484 8476 21492 7905 -748 END
START -14720 -6128 8836 21955 7947 -1782 END
START -14580 -5944 9392 22462 7936 -2832 END
START -14452 -5836 9880 22942 7910 -3885 END
START -14624 -5628 10896 23417 7733 -4942 END
START -14564 -5360 11560 23838 7388 -6006 END
START -14456 -5380 12452 24284 6947 -7066 END
START -14276 -5168 13168 24674 6361 -8229 END
START -13844 -4772 14444 25059 5644 -9375 END
START -13652 -4372 15276 25413 4942 -10474 END
START -13112 -3984 15960 25708 4117 -11528 END
START -12736 -3468 16532 25907 3306 -12512 END
START -12148 -3076 17500 26076 2515 -13405 END
START -11636 -2440 17840 26157 1833 -14252 END
START -11040 -1772 18732 26166 1180 -14933 END
START -10580 -1220 19232 26012 611 -15636 END
START -9924 -812 19880 25799 19 -16191 END
START -9320 -324 20392 25506 -424 -16621 END
START -8692 280 21000 25229 -791 -17016 END
START -8152 744 21648 24888 -1190 -17347 END
START -7492 1380 22264 24512 -1560 -17559 END
START -6964 1840 23000 24094 -1994 -17744 END
START -6324 2696 23908 23657 -2436 -17786 END
START -5536 3332 24812 23133 -2912 -17791 END
START -4696 3908 25488 22544 -3403 -17676 END
START -3964 4644 26264 21915 -3829 -17430 END
START -3292 5300 26940 21250 -4221 -17099 END
START -2532 5980 27744 20475 -4645 -16598 END
START -1912 6484 28416 19596 -5023 -15949 END
START -1260 6900 28944 18630 -5400 -15217 END
START -652 7080 29548 17667 -5796 -14376 END
START -204 7184 29968 16609 -6164 -13445 END
START 348 7260 30416 15536 -6504 -12531 END
START 616 7324 30696 14468 -6805 -11582 END
START 840 7144 31068 13407 -7237 -10620 END
START 948 6972 31304 12427 -7618 -9784 END
START 892 6704 31536 11407 -8226 -8916 END
START 660 6412 31860 10353 -8888 -8163 END
START 388 6084 31896 9482 -9631 -7464 END
START 108 5940 32108 8688 -10478 -6858 END
START -28 5644 32168 7932 -11473 -6285 END
START -384 5320 32376 7297 -12510 -5827 END
START -568 4948 32200 6665 -13676 -5483 END
START -800 4692 32008 6168 -14843 -5201 END
START -1040 4380 31760 5691 -16076 -4957 END
START -1168 3924 31552 5255 -17262 -4786 END
START -1304 3680 31288 4887 -18425 -4680 END
START -1424 3464 30596 4487 -19525 -4632 END
START -1532 3460 30348 4114 -20541 -4623 END
START -1448 3272 29636 3727 -21417 -4646 END
START -1716 3208 29072 3279 -22173 -4736 END
START -1692 3288 28168 2835 -22794 -4846 END
START -1664 3148 27408 2332 -23215 -4939 END
START -1688 3072 26796 1758 -23556 -5043 END
START -1596 3068 25880 1236 -23765 -5163 END
START -1504 3092 24740 662 -23694 -5359 END
START -1580 3172 24072 119 -23586 -5530 END
START -1392 3116 23344 -446 -23384 -5716 END