START -5732 4176 10260 6806 10476 9385 END
START -10576 5044 17040 7135 9121 9882 END
START -4044 4768 7568 8214 10864 10430 END
START -4776 4604 7440 8927 12684 10956 END
START -6676 4444 8512 9657 13912 11427 END
START -6036 4164 7752 10269 15133 11978 END
START -5112 4268 6704 10791 16526 12540 END
START -5976 4328 7448 11194 17987 12678 END
START -7288 4380 8532 11542 19145 13434 END
START -7576 4436 8856 11671 20200 13784 END
START -7376 4404 8536 11619 21348 14232 END
START -7696 4220 8876 11950 22658 14652 END
START -8752 4040 9932 11711 23788 15062 END
START -9720 3928 10572 11946 24714 15435 END
START -10104 3716 10564 11617 25470 15732 END
START -10376 3468 10472 11408 26221 15916 END
START -10800 2932 10956 11096 26997 16023 END
START -11424 2600 11292 10722 27771 15979 END
START -11980 2180 11368 10366 28586 15828 END
START -12336 1844 11496 9978 29348 15614 END
START -12976 1660 11716 9637 29984 15241 END
START -13848 1492 12044 9324 30506 14791 END
START -14744 1088 12592 9079 30798 14277 END
START -15240 1012 12988 8951 31018 13683 END
START -15836 804 13240 8906 31070 12947 END
START -16408 716 13724 8972 30967 12424 END
START -16948 508 14032 9146 30890 11790 END
START -17476 428 14608 9428 30748 11103 END
START -17932 340 15064 9849 30537 10323 END
START -18460 152 15796 10320 30093 9528 END
START -19072 -56 16492 10839 29522 8683 END
START -19400 -168 16844 11364 28845 7799 END
START -19732 -380 17244 11816 28133 6865 END
START -19648 -436 17544 12291 27546 5896 END
START -19744 -440 18072 12951 26904 4848 END
START -19736 -348 18192 13431 26403 3898 END
START -19696 -52 18720 13797 25880 2908 END
START -19608 168 19396 14109 25311 1943 END
START -19612 368 20024 14361 24792 993 END
START -19572 468 20840 14595 24142 106 END
START -19452 496 21332 14744 23494 -745 END
START -19372 612 22112 14828 22768 -1554 END
START -19216 580 22788 14879 21938 -2345 END
START -19252 708 23596 14899 21118 -3142 END
START -19000 628 24096 14891 20283 -3881 END
START -18816 852 24784 14825 19361 -4659 END
START -18460 1196 25328 14706 18522 -5355 END
START -18280 1512 26108 14535 17659 -6037 END
START -18156 1704 26432 14264 16884 -6662 END
START -17916 1888 27048 13901 16029 -7263 END
START -17752 2192 27516 13447 15159 -7741 END
START -17592 2420 27980 12813 14294 -8188 END
START -17308 2652 28464 11951 13522 -8609 END
START -17200 2692 28900 11637 12724 -8971 END
START -16888 2832 29164 10612 11770 -9307 END
START -16596 2820 29204 9737 10959 -9663 END
START -16364 2736 29288 8796 10175 -10016 END
START -16148 2836 29516 7832 9398 -10364 END
START -15936 2684 29404 6922 8643 -10705 END
START -15660 2708 29280 5851 7850 -11088 END
START -15332 2540 29108 4918 7134 -11457 END
START -15044 2328 29108 4001 6392 -11788 END
START -14832 2352 28928 3120 5613 -12113 END
START -14476 2336 28708 2266 4807 -12382 END
START -14136 2224 28316 1450 4007 -12693 END
START -13548 2320 27928 737 3260 -12984 END
START -13152 2160 27672 30 2514 -13204 END
START -12696 2016 27016 -604 1858 -13442 END
START -12280 1876 26656 -1182 1245 -13623 END
START -11920 1812 26300 -1784 627 -13818 END
START -11448 1852 25912 -2319 61 -13924 END
START -11192 1908 25336 -2811 -480 -14038 END
START -10768 1984 24928 -3394 -952 -14115 END
START -10392 1892 24328 -3935 -1392 -14222 END
START -10024 1784 23980 -4452 -1811 -14288 END
START -9816 1760 23484 -5037 -2205 -14379 END
START -9420 1732 23112 -5603 -2523 -14423 END
START -9120 1564 22724 -6161 -2833 -14520 END
START -8776 1540 22116 -6675 -3137 -14607 END
START -8456 1516 21648 -7191 -3435 -14706 END
START -8220 1432 21160 -7654 -3617 -14795 END
START -7936 1300 20892 -8078 -3859 -14834 END
START -7840 1340 20420 -8471 -4065 -14944 END
START -7660 1136 20056 -8792 -4217 -15037 END
START -7504 1060 19720 -9092 -4447 -15082 END
START -7536 1012 19456 -9355 -4679 -15158 END
START -7356 996 19196 -9622 -4938 -15260 END
START -7376 1040 18932 -9851 -5193 -15318 END
START -7208 1000 18912 -10038 -5492 -15431 END
START -7144 884 18540 -10247 -5824 -15562 END
START -6996 916 18420 -10409 -6139 -15674 END
START -6888 756 18332 -10572 -6485 -15867 END
START -6692 692 18124 -10687 -6839 -16005 END
START -6748 768 18032 -10838 -7213 -16163 END
START -6592 712 17820 -10986 -7589 -16291 END
START -6680 828 17996 -11131 -7992 -16444 END
START -6520 900 17876 -11260 -8492 -16540 END
START -6560 996 18020 -11421 -8976 -16666 END
START -6524 1048 17952 -11589 -9475 -16733 END
START -6616 912 17932 -11723 -10041 -16814 END
START -6636 920 17860 -11900 -10610 -16861 END
START -6620 912 17752 -12090 -11229 -16910 END
START -6552 928 17640 -12240 -11784 -16967 END
START -6520 960 17504 -12389 -12333 -17052 END
START -6580 856 17352 -12560 -12874 -17104 END
START -6592 920 17428 -12684 -13428 -17207 END
START -6612 828 16940 -12800 -13952 -17242 END
START -6704 840 16808 -12913 -14531 -17360 END
START -6768 628 16584 -13009 -15092 -17465 END
START -6712 444 16100 -13093 -15620 -17581 END
START -6520 248 15792 -13143 -16040 -17714 END
START -6360 228 15500 -13181 -16427 -17863 END
START -6228 256 15028 -13223 -16650 -18031 END
START -6220 128 14444 -13265 -16910 -18192 END
START -6196 188 14180 -13277 -17072 -18356 END
START -6072 308 13756 -13296 -17148 -18528 END
START -6052 304 13500 -13285 -17162 -18695 END
START -6024 392 13200 -13258 -17184 -18793 END
START -6076 436 13084 -13285 -17149 -18917 END
START -6240 396 12832 -13277 -17145 -19011 END
START -6436 420 12736 -13272 -17095 -19123 END
START -6348 368 12528 -13265 -17083 -19243 END
START -6360 244 12404 -13262 -17007 -19362 END
START -6512 196 12136 -13260 -16982 -19534 END
START -6620 240 12096 -13252 -16972 -19711 END
START -6552 48 11908 -13170 -16980 -19885 END
START -6596 -32 11888 -13068 -16997 -20057 END
START -6536 -96 11528 -12973 -17032 -20300 END
START -6484 -192 11620 -12812 -17105 -20514 END
START -6312 -164 11196 -12548 -17213 -20695 END
START -6212 -216 11336 -12396 -17424 -20884 END
START -6276 -256 11084 -12091 -17527 -21099 END
START -6100 -360 10988 -11808 -17749 -21278 END
START -6040 -300 10712 -11552 -17972 -21479 END
START -5864 -276 10500 -11243 -18190 -21664 END
START -5532 -252 10532 -10904 -18451 -21864 END
START -5436 -288 10184 -10550 -18620 -22005 END
START -5056 -296 10132 -10164 -18845 -22110 END
START -4976 -352 9920 -9838 -19015 -22188 END
START -4688 -384 9556 -9452 -19101 -22219 END
START -4448 -448 9488 -9102 -19261 -22215 END
START -4168 -424 9244 -8772 -19374 -22214 END
START -3992 -492 8980 -8437 -19456 -22194 END
START -3660 -508 8692 -8103 -19485 -22123 END
START -3464 -516 8556 -7752 -19483 -22111 END
START -3284 -424 8380 -7428 -19532 -22077 END
START -3244 -560 8268 -7065 -19549 -22054 END
START -3080 -412 8068 -6680 -19562 -22066 END
START -3084 -376 8084 -6295 -19589 -22046 END
START -2976 -472 7924 -5932 -19645 -22025 END
START -2924 -416 7760 -5532 -19711 -22027 END
START -2820 -408 7360 -5180 -19779 -22003 END
START -2700 -544 7440 -4768 -19861 -22025 END
START -2476 -588 7192 -4373 -19943 -22032 END
START -2348 -648 6728 -4006 -19996 -22080 END
START -2036 -652 6792 -3566 -20045 -22167 END
START -1812 -648 6388 -3151 -20070 -22233 END
START -1748 -708 6264 -2675 -20124 -22354 END
START -1492 -656 6048 -2200 -20173 -22424 END
START -1320 -676 5928 -1696 -20277 -22580 END
START -1140 -592 5712 -1091 -20398 -22664 END
START -1052 -548 5856 -477 -20621 -22772 END
START -588 -632 5688 156 -20861 -22912 END
START -380 -544 5744 810 -21088 -23014 END
START -4 -640 5616 1466 -21364 -23134 END
START 220 -748 5500 2198 -21650 -23295 END
START 584 -752 5548 2915 -21984 -23452 END
START 744 -752 5456 3648 -22352 -23613 END
START 1084 -780 5388 4444 -22666 -23825 END
START 1292 -580 5272 5239 -23000 -23975 END
START 1568 -428 5376 6074 -23376 -24168 END
START 1892 -344 5184 6910 -23777 -24354 END
START 2244 -112 5248 7663 -24143 -24563 END
START 2712 184 4980 8462 -24528 -24724 END
START 3196 456 5168 9206 -24766 -24803 END
START 3552 832 5024 9959 -24987 -24899 END
START 4068 940 5076 10677 -25107 -24913 END
START 4508 1208 5308 11371 -25241 -24867 END
START 5028 1384 5468 12006 -25274 -24724 END
START 5688 1676 5344 12397 -25337 -24579 END
START 6256 1968 5344 13139 -25237 -24350 END
START 6860 2336 5448 13653 -25155 -24112 END
START 7520 2560 5572 14160 -24945 -23807 END
START 8216 2908 5488 14629 -24606 -23446 END
START 8920 3168 5720 15088 -24185 -23049 END
START 9484 3532 6020 15492 -23631 -22561 END
START 10152 3968 6172 15906 -23060 -22074 END
START 10912 4356 6720 16238 -22473 -21405 END
START 11544 4860 6972 16567 -21819 -20679 END
START 12216 5140 7504 16794 -21115 -19818 END
START 13020 5420 7888 16942 -20383 -18883 END
START 13700 5692 8308 17106 -19477 -17764 END
START 14360 5952 8784 17102 -18613 -16630 END
START 15168 6188 9080 17042 -17650 -15367 END
START 16040 6540 9928 16964 -16551 -13966 END
START 16672 6620 10092 16657 -15397 -12438 END
START 17284 6936 10860 16305 -14218 -10857 END
START 17640 7184 11416 15839 -13047 -9282 END
START 18104 7328 11812 15254 -11911 -7615 END
START 18336 7468 12496 14567 -10760 -5953 END
START 18632 7576 12748 13792 -9586 -4263 END
START 18756 7596 13164 12931 -8462 -2564 END
START 18776 7568 13792 11908 -7423 -897 END
START 18700 7504 14104 11175 -6435 781 END
START 18344 7456 14504 10155 -5426 2432 END
START 18208 7412 14748 9163 -4437 4066 END
START 17916 7192 14884 8267 -3614 5555 END
START 17436 7000 14964 7334 -2730 7069 END
START 17048 6780 15032 6427 -1924 8486 END
START 16380 6704 15236 5647 -1158 9765 END
START 15760 6300 15128 4878 -446 10960 END
START 15024 6020 15224 4206 284 12143 END
START 14572 5700 15276 3600 950 13229 END
START 13580 5308 15212 3123 1557 13991 END
START 12760 5096 15440 2658 2025 14853 END
START 11956 4660 15212 2275 2418 15600 END
START 11260 4292 15020 1908 2797 16258 END
START 10720 4044 14904 1616 3137 16813 END
START 10088 3660 14480 1281 3518 17345 END
START 9608 3436 14380 1052 3942 17807 END
START 9208 3184 14072 847 4431 18240 END
START 8844 3188 13852 650 4906 18658 END
START 8376 2888 13708 517 5425 19092 END
START 7808 2756 13476 367 5948 19516 END
START 7532 2464 13232 212 6538 19973 END
START 7100 2400 13148 46 7132 20430 END
START 6792 2276 12740 -134 7768 20891 END
START 6420 2276 12540 -307 8388 21399 END
START 6012 2140 12444 -524 9184 21891 END
START 5664 2024 12220 -759 9876 22459 END
START 5276 2040 11760 -977 10635 23058 END
START 4984 2068 11512 -1233 11477 23644 END
START 4796 1968 11348 -1504 12392 24299 END
START 4412 2092 10976 -1800 13492 24977 END
START 4172 2244 10660 -2104 14191 25674 END
START 3780 2332 10368 -2427 15253 26423 END
START 3512 2540 10048 -2709 16309 27174 END
START 3252 2708 9712 -3043 17474 27946 END
START 2724 2916 9224 -3324 18596 28730 END
START 2168 2948 8956 -3594 19800 29547 END
START 1632 3184 8572 -3868 21004 30360 END
START 1012 3432 8480 -4158 22085 31184 END
START 220 3540 8168 -4449 23271 31983 END
START -84 3448 8136 -4748 24338 32745 END
START -796 3596 7768 -5005 25471 32767 END
START -1580 3404 7580 -5290 26503 32767 END
START -2356 3300 7324 -5592 27586 32767 END
START -3252 3136 7120 -5892 28690 32767 END
START -4108 3056 6944 -6131 29780 32767 END
START -4976 2904 6824 -6399 30712 32767 END
START -6036 2664 6896 -6679 31621 32767 END
START -6936 2500 6824 -6888 32378 32767 END
START -7780 2264 6696 -7138 32767 32767 END
START -8600 1996 6528 -7324 32767 32767 END
START -9200 1612 6540 -7516 32767 32767 END
START -10428 1368 6412 -7703 32767 32767 END
START -10796 608 6244 -7868 32767 32767 END
START -11292 148 6280 -8012 32767 32767 END
START -11452 -176 6076 -8101 32767 32767 END
START -11932 -356 5948 -8175 32767 32767 END
START -12260 -680 5744 -8266 32767 32767 END
START -12300 -892 5156 -8306 32767 32767 END
START -12416 -1104 5116 -8314 32767 32767 END
START -12496 -1292 4752 -8326 32767 32767 END
START -12644 -1260 4696 -8295 32767 32767 END
START -12656 -1368 4220 -8253 32767 32686 END
START -12688 -1388 3920 -8182 32767 32228 END
START -12492 -1408 3656 -8024 32767 31757 END
START -12488 -1264 3432 -7787 32767 31319 END
START -12736 -1196 3216 -7497 32767 30893 END
START -12948 -1244 3092 -7092 32767 30492 END
START -13348 -1076 3044 -6574 32767 30081 END
START -13604 -1180 2856 -5944 32767 29658 END
START -13732 -1328 2756 -5179 32767 29259 END
START -13780 -1440 2508 -4238 32767 28903 END
START -14052 -1592 2296 -3213 32767 28483 END
START -14248 -1548 2180 -2039 32755 28104 END
START -14444 -1332 2108 -838 32045 27706 END
START -14544 -1272 2048 521 31176 27329 END
START -14756 -1044 2032 1959 30316 26913 END
START -14916 -896 2088 3437 29355 26537 END
START -15032 -912 2328 5023 28376 26101 END
START -15264 -1136 2640 6620 27421 25691 END
START -15476 -1228 2964 8305 26258 25254 END
START -15692 -1536 3284 10022 25100 24738 END
START -15768 -1516 3576 11875 23880 24215 END
START -16036 -1964 4056 13562 22663 23592 END
START -16196 -1932 4688 15406 21436 22932 END
START -16344 -1884 5352 17062 20252 22229 END
START -16756 -1924 6136 18675 18988 21481 END
START -16920 -1832 6688 20165 17874 20675 END
START -17436 -1972 7384 21484 16739 19867 END
START -17984 -1996 8216 22633 15615 18991 END
START -18340 -1992 9336 23637 14401 18074 END
START -18808 -2180 10012 24518 12963 17007 END
START -19184 -2300 10848 25217 12253 16003 END
START -19632 -2568 11556 25798 10987 14862 END
START -19856 -3084 11992 26216 9970 13699 END
START -20000 -3312 12512 26480 8981 12293 END
START -20132 -3880 13088 26690 8119 11128 END
START -20228 -4360 13168 26751 7419 9651 END
START -20368 -4788 13888 26746 6735 8168 END
START -20548 -5072 14540 26712 6096 6753 END
START -20672 -5312 15048 26740 5396 5380 END
START -20652 -5324 15848 26859 4666 3973 END
START -20712 -5232 16120 27059 3865 2481 END
START -20656 -5120 16736 27252 3094 967 END
START -20368 -4864 17188 27547 2267 -587 END
START -20360 -4604 17548 27787 1527 -2143 END
START -20072 -4232 18088 27960 716 -3700 END
START -20004 -3740 18488 28073 -101 -5236 END
START -19756 -3276 19000 28078 -985 -6697 END
START -19600 -2840 19628 27965 -1790 -8061 END
START -19244 -2380 20172 27814 -2612 -9322 END
START -18784 -1816 20848 27518 -3437 -10470 END
START -18528 -1300 21168 27237 -4330 -11523 END
START -18028 -740 21784 26944 -5251 -12518 END
START -17596 -76 22452 26645 -6154 -13357 END
START -17044 380 22720 26362 -7080 -14124 END
START -16468 820 23004 26220 -7967 -14821 END
START -16096 1312 23372 26076 -8857 -15449 END
START -15512 1612 23628 26002 -9596 -15911 END
START -14988 2200 23580 25985 -10300 -16326 END
START -14552 2540 23560 26004 -10923 -16566 END
START -13976 2856 23688 26000 -11455 -16671 END
START -13076 3168 23804 26023 -11885 -16754 END
START -12584 3484 23968 25909 -12204 -16716 END
START -12200 3828 24080 25759 -12405 -16689 END
START -11764 3976 24340 25463 -12664 -16704 END
START -11168 3988 24408 25098 -12740 -16731 END
START -10620 3744 24344 24607 -12735 -16840 END
START -10068 3508 24440 24059 -12708 -16962 END
START -9596 3332 24496 23420 -12616 -17149 END
START -9000 3208 24472 22757 -12581 -17336 END
START -8468 3124 24628 22093 -12456 -17506 END
START -7936 2968 24564 21376 -12190 -17682 END
START -7156 2900 24712 20552 -12015 -17865 END
START -6616 2856 24632 19734 -11766 -17998 END
START -5964 2984 24644 18886 -11448 -18116 END
START -5316 2964 24692 17929 -11115 -18192 END
START -4904 3348 24668 17009 -10758 -18219 END
START -4188 3512 24728 15948 -10418 -18177 END
START -3716 3956 24692 14914 -10040 -18064 END
START -3192 4284 24712 13777 -9651 -17874 END
START -2724 4632 24528 12608 -9222 -17571 END
START -2136 4860 24460 11489 -8691 -17220 END
START -1740 5408 24324 10471 -8220 -16764 END
START -1260 5948 24668 9294 -7719 -16256 END
START -884 6464 24572 8110 -7295 -15688 END
START -532 6868 24508 6933 -6820 -15034 END
START -28 7156 24516 5722 -6458 -14344 END
START 212 7200 24432 4467 -5970 -13508 END
START 604 7356 24268 3236 -5545 -12661 END
START 824 7468 24228 1957 -5103 -11724 END
START 840 7748 24188 795 -4743 -10772 END
START 872 7952 24112 -437 -4432 -9823 END
START 832 8024 24332 -1562 -4331 -8905 END
START 748 7996 23872 -2618 -4264 -7994 END
START 780 7932 23608 -3631 -4253 -7074 END
START 956 7572 23312 -4550 -4297 -6173 END
START 968 7156 23016 -5313 -4257 -5302 END
START 1060 6804 22496 -5990 -4237 -4509 END
START 968 6708 22152 -6593 -4215 -3717 END
START 620 6388 21888 -7083 -4243 -3050 END
START 488 6332 21568 -7477 -4367 -2402 END
START 252 6204 21276 -7722 -4672 -1855 END
START -112 5928 21088 -7913 -4920 -1326 END
START -568 5708 20968 -7997 -5266 -840 END
START -888 5396 20636 -8005 -5689 -398 END
START -964 5268 20472 -7987 -6151 14 END
START -1256 5140 20192 -7910 -6694 436 END
START -1544 4916 19936 -7844 -7171 800 END
START -1844 4784 19596 -7774 -7706 1167 END
START -1892 4604 19300 -7721 -8257 1465 END
START -2168 4464 19100 -7658 -8744 1737 END
START -2528 4404 18932 -7617 -9290 1935 END
START -2688 4172 18776 -7552 -9879 2128 END
START -2932 4136 18424 -7517 -10383 2287 END
START -2948 4008 18320 -7458 -10982 2392 END
START -3096 3944 17956 -7416 -11501 2509 END
START -3320 3784 17564 -7362 -11960 2629 END
START -3392 3760 17384 -7245 -12446 2757 END
START -3440 3700 17256 -7179 -12834 2866 END
START -3660 3492 16864 -7083 -13293 2954 END
START -3856 3516 16856 -6932 -13677 3088 END
START -3952 3400 16496 -6789 -14034 3147 END
START -4056 3236 16316 -6611 -14389 3226 END
START -4260 3152 16008 -6447 -14614 3292 END