START 4800 5184 16596 -1997 7699 -4779 END
START 6280 5560 14932 -2628 8787 -3884 END
START 5948 5832 14924 -3250 9616 -3040 END
START 4796 5956 14824 -3905 9996 -2204 END
START 3684 5764 15100 -4594 10373 -1413 END
START 2500 5388 14908 -5186 10410 -724 END
START 1328 4760 14548 -5598 10313 -238 END
START 240 4020 13980 -5768 10099 119 END
START -820 3440 13420 -5663 9850 296 END
START -2032 2832 13084 -5317 9596 233 END
START -2796 2292 12840 -4772 9160 -74 END
START -3796 1220 12668 -4031 8638 -597 END
START -4428 108 12624 -3197 8124 -1229 END
START -5076 -736 12692 -2388 7501 -2005 END
START -5716 -896 12896 -1612 6794 -2901 END
START -5900 -740 12968 -806 6199 -3925 END
START -5724 -576 13156 -61 5691 -4899 END
START -5444 -356 13412 548 5237 -5844 END
START -4928 116 13680 1047 4935 -6716 END
START -4464 872 14124 1430 4723 -7443 END
START -4016 1464 14552 1674 4689 -8039 END
START -3104 2516 15460 1778 4706 -8496 END
START -2472 3848 16480 1713 4803 -8772 END
START -1012 5248 17124 1390 4855 -8782 END
START 192 6388 18360 850 5062 -8499 END
START 1400 7392 19172 120 5211 -7967 END
START 2516 8128 20036 -724 5342 -7212 END
START 3572 8796 20444 -1699 5483 -6240 END
START 4344 8780 20784 -2717 5610 -5135 END
START 4952 8228 20900 -3732 5657 -3941 END
START 4888 7660 20812 -4590 5887 -2701 END
START 4376 6928 20760 -5392 5729 -1479 END
START 3884 6140 20328 -5974 5567 -376 END
START 3332 5964 20104 -6263 5299 526 END
START 2244 5180 19772 -6402 4736 1382 END
START 1392 4380 19160 -6395 4083 2128 END
START 836 3728 18536 -6187 3294 2838 END
START 276 3032 17756 -5805 2545 3438 END
START -148 2444 16940 -5294 1828 3945 END
START -560 2092 16040 -4641 1121 4385 END
START -776 1668 15320 -3844 506 4729 END
START -1224 1232 14652 -3086 16 5012 END
START -1420 760 14204 -2345 -394 5225 END
START -1700 544 14180 -1648 -834 5403 END
START -2024 60 13924 -933 -1069 5452 END
START -2296 -580 13944 -307 -1267 5376 END
START -3008 -816 14324 152 -1431 5211 END
START -3564 -1036 14804 513 -1603 4926 END
START -3868 -1416 15168 681 -1761 4522 END
START -3848 -1936 15724 693 -1894 4075 END
START -3524 -2412 15776 545 -1917 3539 END
START -3560 -2112 15672 291 -1735 2933 END
START -3280 -1716 15540 -86 -1461 2324 END
START -3072 -1420 15188 -484 -994 1766 END
START -2636 -680 14620 -908 -318 1295 END
START -2308 -144 14184 -1298 423 900 END
START -1860 640 13848 -1743 1239 553 END
START -1456 1520 14012 -2109 2022 299 END
START -1376 2600 14352 -2474 2718 224 END
START -944 3520 14612 -2837 3290 335 END
START -180 3960 15032 -3181 3757 686 END
START 56 3856 15284 -3536 4084 1195 END
START 420 3552 16028 -3976 4288 1759 END
START 616 3624 16248 -4346 4344 2324 END
START 396 4032 16444 -4648 4288 2860 END
START 344 4628 16496 -4872 4154 3363 END
START 180 5456 16812 -5051 3896 3955 END
START 348 4684 16680 -5228 3379 4715 END
START 600 3840 16608 -5332 2926 5508 END
START 364 3520 16464 -5295 2406 6225 END
START 188 3380 16528 -5132 1792 6857 END
START -292 3016 16252 -4903 1060 7377 END
START -856 2644 16092 -4669 203 7882 END
START -1568 2164 15716 -4340 -657 8296 END
START -2044 1840 14988 -3976 -1438 8608 END
START -2468 1248 14244 -3529 -2089 8755 END
START -2568 636 13668 -3025 -2593 8799 END
START -2544 40 13080 -2581 -2840 8709 END
START -2568 -304 12672 -2320 -2974 8533 END
START -2536 -500 12064 -2087 -2976 8283 END
START -2224 -700 11944 -1952 -2689 7947 END
START -1948 -848 11728 -1850 -2343 7596 END
START -1896 -820 11676 -1859 -1892 7251 END
START -2060 -588 11588 -1927 -1436 6816 END
START -2168 -488 11492 -2054 -971 6358 END
START -1824 -772 11456 -2132 -493 5923 END
START -1620 -552 11376 -2186 162 5503 END
START -1812 176 11532 -2250 629 5132 END
START -1996 728 11804 -2364 1021 4863 END
START -1560 1216 12000 -2469 1448 4716 END
START -1092 1604 11676 -2539 1963 4739 END
START -620 2016 11700 -2684 2519 4869 END
START -564 2448 12016 -2837 3072 5026 END
START -532 2700 12204 -3065 3512 5238 END
START -756 3040 12744 -3371 3826 5474 END
START -964 3192 13168 -3624 3972 5753 END
START -1040 3268 13364 -3904 4014 6094 END
START -1276 3524 13604 -4125 4003 6418 END
START -1616 3440 13912 -4236 3711 6753 END
START -1692 3232 13864 -4282 3290 7126 END
START -1948 3200 13500 -4214 2850 7501 END
START -2000 3180 13268 -4045 2315 7876 END
START -1956 2916 13092 -3811 1861 8245 END
START -2084 2892 12908 -3574 1237 8607 END
START -2248 3008 12344 -3295 655 8979 END
START -2036 3068 11900 -3017 178 9319 END
START -1884 3160 11268 -2713 -204 9624 END
START -1888 3184 11192 -2399 -534 9993 END
START -1960 3344 10948 -2096 -937 10330 END
START -2040 3012 10908 -1788 -1267 10654 END
START -1964 2820 10636 -1430 -1487 11001 END
START -2172 2768 10592 -1075 -1669 11262 END
START -2524 2684 10608 -806 -1831 11527 END
START -2760 2560 10708 -570 -2020 11762 END
START -3160 2320 10576 -381 -2197 11902 END
START -3384 1888 10708 -163 -2324 12011 END
START -3612 1464 10648 33 -2386 11978 END
START -3732 1044 10452 234 -2335 11877 END
START -4036 764 10368 370 -2202 11712 END
START -4352 576 10288 460 -2067 11465 END
START -4644 516 10032 443 -1854 11208 END
START -4548 504 9888 462 -1576 10852 END
START -4512 216 9556 369 -1231 10473 END
START -4140 -16 9360 272 -751 10117 END
START -4176 -136 9100 72 -212 9766 END
START -4012 296 8808 -70 380 9407 END
START -3964 348 8580 -228 947 9114 END
START -3820 396 8532 -435 1515 8815 END
START -3816 508 8608 -569 2067 8555 END
START -3888 752 8472 -675 2546 8288 END
START -3932 824 8724 -707 3069 8081 END
START -4116 1376 8592 -715 3463 7880 END
START -4312 1752 9284 -726 3790 7792 END
START -4484 2000 9676 -786 3959 7726 END
START -4504 2200 9732 -888 4114 7771 END
START -4612 2476 10000 -936 4154 7868 END
START -4640 2788 9996 -934 4175 7990 END
START -4808 3032 10192 -869 4156 8161 END
START -4968 3136 10604 -770 3977 8412 END
START -5188 3092 10628 -687 3741 8660 END
START -5468 3232 10880 -538 3363 8997 END
START -5792 3444 10820 -317 2875 9339 END
START -6108 3560 10956 -37 2395 9660 END
START -6432 3524 10836 301 1823 9966 END
START -6636 3512 10864 695 1157 10296 END
START -7000 3492 10780 1158 485 10636 END
START -7172 3392 10712 1620 -169 10969 END
START -7028 3120 10612 2120 -716 11288 END
START -7024 2832 10364 2626 -1231 11582 END
START -7208 2756 10212 3068 -1652 11796 END
START -7344 2604 10152 3452 -1993 11872 END
START -7336 2512 10128 3797 -2276 12009 END
START -7492 2120 9820 4037 -2479 12003 END
START -7200 1652 9680 4250 -2545 11949 END
START -6948 1296 9168 4401 -2370 11796 END
START -6820 1184 8888 4532 -2020 11546 END
START -6688 948 8528 4551 -1545 11260 END
START -6528 904 8496 4498 -946 10936 END
START -6424 940 8252 4376 -211 10658 END
START -6288 952 8260 4222 446 10399 END
START -6552 1024 8276 4023 1215 10122 END
START -6508 1284 8176 3798 2008 9812 END
START -6632 1112 8312 3573 2776 9515 END
START -6820 1052 8308 3390 3499 9198 END
START -7108 1176 8524 3225 4140 8929 END
START -7540 1536 8688 3133 4667 8697 END
START -7944 1672 9008 3067 5166 8500 END
START -8244 1832 9244 3039 5565 8318 END
START -8440 1872 9388 3075 5909 8273 END
START -8652 1924 9844 3105 6211 8167 END
START -9132 1968 10264 3154 6307 8118 END
START -9636 2016 10828 3177 6324 8079 END
START -9844 2072 11196 3235 6182 8047 END
START -10268 2112 11396 3312 5964 7979 END
START -10644 2140 11540 3446 5726 7967 END
START -10932 2084 11728 3631 5367 7900 END
START -11088 2008 11716 3861 5018 7890 END
START -11224 2228 11900 4077 4608 7866 END
START -11388 2124 12048 4300 4208 7854 END
START -11412 2052 12056 4545 3717 7841 END
START -11356 2064 12544 4775 3241 7841 END
START -11288 1840 12792 5025 2612 7853 END
START -11264 1908 12700 5296 1975 7798 END
START -11036 1880 12740 5624 1315 7800 END
START -10672 1800 12576 5905 693 7773 END
START -10280 1704 12384 6212 201 7776 END
START -9980 1684 11944 6498 -205 7809 END
START -9696 1840 11712 6750 -495 7793 END
START -9564 1976 11644 6986 -710 7816 END
START -9524 2288 11364 7192 -844 7778 END
START -9524 2316 11300 7366 -889 7812 END
START -9424 2120 10856 7551 -814 7851 END
START -9268 2204 10540 7779 -580 7914 END
START -9308 2092 10276 8019 -155 7931 END
START -9632 1976 10240 8216 296 7924 END
START -10048 2084 10584 8405 785 7860 END
START -10632 1948 10924 8486 1274 7784 END
START -11320 1936 11424 8529 1662 7637 END
START -11832 1724 12196 8516 1931 7415 END
START -12448 1436 12588 8484 2192 7159 END
START -12680 1304 12992 8427 2359 6843 END
START -13036 1280 13200 8272 2576 6404 END
START -13200 1136 13272 8118 2797 5925 END
START -13404 1248 13408 7873 3049 5474 END
START -13660 1332 13804 7580 3312 5008 END
START -13840 1548 13688 7284 3509 4581 END
START -13816 1452 13748 7080 3728 4119 END
START -13764 1408 13808 6900 3955 3722 END
START -13856 1496 13840 6762 4109 3222 END
START -13828 1620 14040 6691 4140 2840 END
START -13972 1800 14272 6650 4015 2440 END
START -13932 1900 14596 6658 3770 2117 END
START -13768 2044 14720 6753 3430 1887 END
START -13500 2284 14792 6859 3051 1737 END
START -13236 2236 14780 7091 2572 1653 END
START -12856 2160 14824 7347 2110 1596 END
START -12496 2256 14580 7628 1661 1559 END
START -12156 2376 14580 7934 1253 1539 END
START -11988 2452 14392 8221 820 1555 END
START -11976 2596 14612 8543 399 1603 END
START -11944 2576 14604 8846 -16 1662 END
START -12032 2728 14636 9135 -429 1760 END
START -11840 2724 14684 9466 -808 1821 END
START -11968 2624 14980 9750 -1139 1886 END
START -11888 2748 15080 9937 -1464 1916 END
START -12028 2792 15256 10127 -1739 1920 END
START -12176 2804 15272 10204 -1930 1867 END
START -12308 2728 15292 10216 -2096 1775 END
START -12224 2812 15512 10171 -2130 1632 END
START -12216 2736 15480 10063 -2130 1464 END
START -12420 2868 15464 9887 -2064 1288 END
START -12644 2848 15656 9673 -1924 1064 END
START -12740 2904 15600 9446 -1816 811 END
START -12776 2900 15668 9181 -1648 526 END
START -12900 2904 15524 8967 -1543 235 END
START -13016 3080 15456 8750 -1359 -106 END
START -12948 3124 15344 8540 -1206 -423 END
START -13164 3168 15316 8386 -1033 -755 END
START -13012 3240 15128 8262 -886 -1064 END
START -13160 3400 15132 8176 -782 -1383 END
START -13024 3288 14760 8144 -642 -1747 END
START -12864 3032 14872 8175 -633 -2062 END
START -12668 2964 14708 8261 -534 -2381 END
START -12448 3116 14760 8353 -442 -2741 END
START -12372 3232 14732 8459 -381 -3064 END
START -12108 3440 14844 8542 -373 -3347 END
START -11880 3592 14932 8635 -382 -3554 END
START -11648 3672 15016 8746 -339 -3736 END
START -11292 3800 15172 8826 -348 -3889 END
START -11052 3908 15480 8870 -378 -3977 END
START -10784 4064 15560 8858 -412 -4089 END
START -10620 4292 16036 8860 -465 -4117 END
START -10444 4352 16152 8815 -503 -4188 END
START -10452 4508 16200 8818 -562 -4205 END
START -10184 4568 16596 8776 -656 -4206 END
START -10376 4672 16688 8764 -739 -4159 END
START -10232 4720 16896 8718 -887 -4208 END
START -10252 4744 17004 8667 -1005 -4170 END
START -10440 4668 17008 8619 -1166 -4205 END
START -10400 4680 17332 8558 -1315 -4248 END
START -10636 4784 17432 8539 -1446 -4312 END
START -10584 4796 17512 8504 -1598 -4350 END
START -10600 4840 17828 8420 -1750 -4444 END
START -10904 4932 17756 8377 -1903 -4499 END
START -11140 4984 17984 8283 -2124 -4627 END
START -11232 5044 18128 8175 -2335 -4769 END
START -11300 4864 18220 8079 -2529 -4956 END
START -11336 4668 18212 8004 -2688 -5115 END
START -11268 4632 18256 7904 -2899 -5355 END
START -11156 4508 18188 7816 -3035 -5576 END
START -11008 4548 18308 7737 -3178 -5812 END
START -10760 4460 18128 7675 -3352 -6012 END
START -10740 4228 18024 7596 -3456 -6240 END
START -10356 4264 18004 7494 -3600 -6474 END
START -10384 4204 18028 7448 -3730 -6762 END
START -10244 4212 17980 7397 -3837 -6992 END
START -10052 3976 18016 7309 -3973 -7273 END
START -9716 3964 17928 7206 -3985 -7557 END
START -9336 4064 17468 7084 -3952 -7831 END
START -9012 4140 17440 6891 -3793 -8089 END
START -8640 4316 17220 6709 -3551 -8329 END
START -8276 4204 16880 6516 -3259 -8514 END
START -7888 4352 16708 6315 -2858 -8702 END
START -7656 4480 16648 6138 -2365 -8855 END
START -7480 4548 16664 5909 -1914 -9004 END
START -7492 4668 16760 5675 -1516 -9121 END
START -7448 4604 17172 5402 -1085 -9206 END
START -7324 4600 17336 5165 -870 -9280 END
START -7384 4644 17692 4900 -614 -9393 END
START -7284 4800 17956 4650 -504 -9487 END
START -7448 4876 17960 4355 -399 -9566 END
START -7408 4924 18016 4054 -337 -9664 END
START -7320 5040 18096 3795 -350 -9753 END
START -7192 5008 18044 3572 -346 -9809 END
START -7120 4916 17804 3353 -376 -9840 END
START -7088 4972 17740 3179 -490 -9876 END
START -7180 4912 17608 3066 -649 -9903 END
START -7216 4900 17448 2973 -827 -9965 END
START -7228 4656 17184 2941 -1056 -10052 END
START -7092 4392 17200 2954 -1364 -10147 END
START -6840 4168 16716 3012 -1645 -10243 END
START -6656 4284 16600 3143 -2038 -10350 END
START -6456 4460 16568 3342 -2367 -10412 END
START -6160 4332 16512 3547 -2778 -10458 END
START -5788 4428 16556 3796 -3274 -10440 END
START -5292 4520 16336 3988 -3700 -10370 END
START -4840 4676 16288 4188 -4171 -10266 END
START -4260 4676 16132 4416 -4550 -10140 END
START -3896 4888 15688 4603 -4886 -9958 END
START -3552 5016 15692 4757 -5156 -9782 END
START -3276 5356 15412 4891 -5315 -9544 END
START -2916 5368 15080 5034 -5452 -9283 END
START -2416 5480 14972 5073 -5427 -9032 END
START -2316 5424 14908 5110 -5430 -8774 END
START -2212 5596 14772 5056 -5319 -8453 END
START -2176 5648 14776 4977 -5209 -8203 END
START -2128 5500 14864 4810 -5026 -7957 END
START -2024 5360 14844 4618 -4794 -7776 END
START -2100 5164 14772 4386 -4566 -7626 END
START -2232 5020 14832 4133 -4282 -7540 END
START -2372 4860 14592 3929 -4076 -7467 END
START -2552 4692 14612 3709 -3832 -7409 END
START -2772 4584 14496 3533 -3677 -7407 END
START -2656 4364 14332 3388 -3447 -7371 END
START -2792 4200 14160 3341 -3281 -7432 END
START -2880 4232 14144 3316 -3101 -7499 END
START -3092 4220 14204 3289 -3029 -7633 END
START -3004 4104 14360 3307 -2919 -7750 END
START -3088 4104 14184 3252 -2848 -7801 END
START -2740 4132 14412 3235 -2773 -7938 END
START -2792 4080 14472 3169 -2614 -8067 END
START -2648 4152 14540 3046 -2615 -8188 END
START -2692 4280 14596 2877 -2573 -8391 END
START -2220 4152 14512 2748 -2508 -8537 END
START -1864 4140 14636 2623 -2450 -8666 END
START -1572 4312 14624 2462 -2312 -8843 END
START -1144 4524 14792 2377 -2220 -8972 END
START -828 4752 15024 2218 -2091 -9027 END
START -816 5084 15316 2024 -2016 -9042 END
START -552 5424 15144 1817 -2022 -8970 END
START -332 5696 15228 1594 -1964 -8905 END
START -212 5976 15208 1423 -1920 -8724 END