START -1884 1252 14384 -810 3353 -171 END
START -1996 1388 7256 -814 2880 -129 END
START -2448 -216 11748 -945 3551 -49 END
START -2340 892 13172 -930 4234 -33 END
START -1800 1212 12816 -803 4691 -48 END
START -1540 1208 12724 -768 5271 -89 END
START -2280 1276 12992 -739 5505 -167 END
START -3032 1328 13484 -679 5633 -207 END
START -3276 1584 13664 -649 5621 -225 END
START -3116 1368 13968 -584 5660 -237 END
START -3136 1356 14216 -536 5609 -173 END
START -3168 1416 14440 -459 5522 -189 END
START -3276 1492 14732 -419 5385 -155 END
START -3300 1388 14872 -387 5232 -97 END
START -3476 1208 15228 -405 4978 -70 END
START -3380 1040 15280 -335 4694 5 END
START -3320 816 15424 -273 4480 70 END
START -3280 536 15644 -224 4224 96 END
START -3444 476 15880 -176 3876 97 END
START -3544 324 15768 -164 3532 110 END
START -3592 348 15596 -117 3231 38 END
START -3664 128 15376 -45 3015 -40 END
START -3476 -84 15340 70 2896 -95 END
START -3500 -60 15200 200 2823 -177 END
START -3384 -72 15140 354 2754 -225 END
START -3528 88 15216 443 2648 -363 END
START -3512 136 15232 502 2553 -446 END
START -3464 292 15344 578 2499 -584 END
START -3428 328 15280 595 2428 -612 END
START -3528 420 15504 608 2289 -618 END
START -3600 252 15596 583 2179 -623 END
START -3516 276 15724 600 2057 -643 END
START -3676 260 15904 580 1913 -634 END
START -3652 216 15956 582 1645 -667 END
START -3684 244 15980 584 1413 -643 END
START -3792 252 16092 536 1145 -667 END
START -3544 220 15948 501 949 -687 END
START -3548 304 16044 431 747 -684 END
START -3560 440 15920 358 644 -684 END
START -3504 552 16008 310 502 -672 END
START -3428 616 15864 233 390 -641 END
START -3080 600 15560 158 394 -554 END
START -2868 484 15576 64 424 -455 END
START -2896 488 15456 -15 451 -363 END
START -2780 256 15528 -132 496 -276 END
START -2700 220 15264 -213 538 -214 END
START -2712 76 15276 -247 588 -160 END
START -2620 -64 15168 -261 707 -127 END
START -2636 -96 15044 -269 824 -138 END
START -2620 -56 15104 -273 901 -156 END
START -2728 40 15200 -258 963 -132 END
START -2760 212 15184 -270 1081 -105 END
START -2972 296 15176 -269 1070 -88 END
START -3080 416 15344 -275 1093 2 END
START -3172 344 15452 -296 1073 69 END
START -3184 268 15532 -300 1028 120 END
START -3288 104 15388 -250 986 164 END
START -3160 96 15492 -238 951 204 END
START -3216 56 15348 -187 939 220 END
START -3216 -20 15300 -77 975 185 END
START -3236 -36 15340 -8 966 181 END
START -3440 -40 15340 62 929 180 END
START -3560 -108 15528 134 855 135 END
START -3604 20 15556 205 758 135 END
START -3532 -172 15660 265 631 53 END
START -3524 -240 15704 359 532 9 END
START -3612 -176 15812 432 390 -57 END
START -3428 -144 16120 470 305 -129 END
START -3436 -28 16036 506 220 -147 END
START -3340 64 15944 542 193 -151 END
START -3376 248 16204 532 74 -146 END
START -3328 248 16200 538 23 -123 END
START -3392 212 16188 514 -36 -108 END
START -3216 252 16144 468 -69 -77 END
START -3320 172 16248 440 -67 -85 END
START -3308 184 16200 365 -118 -46 END
START -3224 124 16356 362 -149 -25 END
START -3208 112 16372 281 -165 -6 END
START -3156 -72 16460 236 -154 -6 END
START -2996 -8 16364 158 -175 -45 END
START -2972 -100 16256 92 -164 -45 END
START -2920 -24 16304 -28 -76 -40 END
START -2872 -36 16088 -170 -45 -30 END
START -2952 68 16064 -252 4 13 END
START -2888 56 15952 -314 24 24 END
START -2812 116 16108 -393 106 66 END
START -2800 252 16100 -459 149 113 END
START -2800 248 16068 -470 174 134 END
START -2860 176 16164 -542 146 151 END
START -2876 228 15980 -563 133 168 END
START -2832 400 15972 -592 152 197 END
START -2732 520 16036 -645 179 217 END
START -2704 476 16248 -649 153 247 END
START -2620 456 16168 -737 102 270 END
START -2640 444 16316 -758 81 365 END
START -2596 520 16360 -786 49 424 END
START -2644 364 16344 -866 -42 499 END
START -2540 404 16400 -910 -101 536 END
START -2492 112 16360 -938 -125 598 END
START -2528 40 16176 -900 -170 590 END
START -2332 12 15924 -855 -188 567 END
START -2180 -8 15784 -790 -126 544 END
START -2260 60 15704 -713 -80 459 END
START -2196 180 15916 -703 -8 430 END
START -2180 156 15768 -658 50 384 END
START -2252 260 15880 -634 60 351 END
START -2204 268 16100 -615 95 357 END
START -2084 524 16092 -673 78 349 END
START -2164 600 16252 -662 100 350 END
START -1992 548 16288 -710 90 377 END
START -1844 780 16484 -788 88 418 END
START -1824 612 16504 -882 55 426 END
START -1808 672 16496 -996 43 489 END
START -1720 776 16596 -1074 4 517 END
START -1580 776 16640 -1197 53 540 END
START -1608 816 16596 -1289 18 571 END
START -1596 904 16600 -1401 10 621 END
START -1500 996 16568 -1491 27 646 END
START -1392 1168 16600 -1632 4 716 END
START -1348 1156 16472 -1739 3 777 END
START -1304 1028 16412 -1873 -9 861 END
START -1272 1032 16464 -1963 -16 940 END
START -940 916 16320 -2099 38 1030 END
START -956 912 16180 -2142 38 1094 END
START -1000 1048 16268 -2169 112 1150 END
START -836 972 16284 -2242 75 1210 END
START -920 900 16136 -2271 98 1302 END
START -900 1044 16172 -2338 69 1366 END
START -720 936 16160 -2401 66 1401 END
START -616 884 15964 -2464 101 1489 END
START -428 1080 16036 -2572 109 1526 END
START -368 996 15972 -2644 127 1616 END
START -360 1040 16000 -2708 120 1715 END
START -316 1100 15956 -2795 71 1810 END
START -276 1016 15952 -2861 63 1913 END
START -376 1204 16036 -2962 60 2011 END
START -272 1216 15988 -3039 -46 2101 END
START -224 1252 15948 -3129 -54 2199 END
START -176 1320 15936 -3254 -150 2297 END
START 4 1308 15636 -3347 -203 2384 END
START -76 1332 15712 -3458 -254 2447 END
START 60 1340 15660 -3531 -300 2528 END
START 192 1212 15520 -3623 -343 2602 END
START 260 1384 15184 -3669 -319 2704 END
START 260 1424 15032 -3741 -261 2783 END
START 328 1524 14828 -3758 -188 2889 END
START 304 1548 14712 -3829 -116 3012 END
START 344 1624 14412 -3831 -21 3114 END
START 220 1712 14288 -3851 52 3291 END
START 380 1760 14068 -3884 202 3436 END
START 280 1756 13856 -3889 268 3560 END
START 140 1908 13892 -3922 386 3722 END
START 344 1848 13756 -3894 484 3858 END
START 164 1800 13668 -3879 573 4006 END
START 136 1816 13820 -3826 577 4132 END
START 192 1736 13632 -3760 604 4237 END
START 144 1604 13492 -3678 646 4367 END
START 172 1660 13468 -3634 617 4491 END
START 92 1692 13432 -3556 612 4539 END
START 32 1760 13412 -3491 564 4638 END
START -4 1800 13460 -3456 538 4766 END
START -76 1800 13184 -3365 495 4881 END
START 32 1824 13220 -3324 411 5008 END
START -16 1960 13020 -3264 382 5139 END
START -20 1964 12872 -3158 308 5316 END
START -80 1900 12692 -3061 316 5441 END
START 128 1920 12508 -2968 303 5569 END
START -64 1816 12204 -2884 371 5695 END
START 32 1824 12140 -2777 410 5815 END
START -120 1844 12000 -2619 475 5854 END
START -128 1872 11888 -2520 632 5974 END
START -260 2016 11660 -2452 728 6076 END
START -432 1944 11564 -2408 875 6238 END
START -560 1936 11652 -2366 978 6326 END
START -776 1972 11576 -2316 1056 6461 END
START -848 1840 11512 -2251 1114 6558 END
START -1024 1648 11660 -2198 1194 6608 END
START -1048 1576 11480 -2135 1208 6659 END
START -1112 1528 11540 -2080 1243 6627 END
START -1192 1592 11604 -2076 1258 6625 END
START -1452 1524 11592 -2040 1305 6577 END
START -1416 1672 11424 -2016 1303 6598 END
START -1648 1644 11508 -1968 1274 6599 END
START -1596 1608 11244 -1898 1284 6610 END
START -1628 1636 11188 -1856 1250 6643 END
START -1604 1592 11140 -1810 1303 6643 END
START -1560 1612 10976 -1793 1358 6671 END
START -1692 1676 10968 -1751 1437 6669 END
START -1552 1704 10764 -1729 1446 6664 END
START -1680 1840 10864 -1757 1521 6713 END
START -1728 1860 10736 -1684 1631 6738 END
START -1768 1936 10520 -1620 1677 6880 END
START -1896 2156 10600 -1530 1785 6946 END
START -2044 2204 10420 -1441 1858 7121 END
START -2296 2232 10440 -1317 1949 7288 END
START -2620 2140 10464 -1161 1935 7455 END
START -2904 2072 10300 -968 1965 7646 END
START -2948 2024 10296 -807 1956 7735 END
START -3244 1824 10536 -632 1902 7825 END
START -3380 1868 10528 -472 1825 7933 END
START -3680 1804 10520 -334 1688 8006 END
START -3744 1744 10744 -245 1496 8075 END
START -3908 1644 10876 -134 1342 8132 END
START -4012 1488 10848 0 1154 8209 END
START -3888 1316 10940 164 994 8230 END
START -4064 1172 10828 306 838 8264 END
START -4220 1140 10848 471 666 8220 END
START -4276 916 10720 657 535 8161 END
START -4332 1012 10764 827 368 8127 END
START -4444 1072 10460 1042 228 8047 END
START -4448 976 10352 1227 102 7911 END
START -4436 908 10216 1464 -21 7787 END
START -4364 828 10008 1677 -67 7643 END
START -4248 860 9996 1922 -95 7545 END
START -4168 956 9988 2123 -99 7476 END
START -4112 1052 9756 2367 -35 7351 END
START -4100 1120 9612 2564 13 7265 END
START -3956 1156 9676 2791 121 7230 END
START -4140 1300 9732 3003 255 7198 END
START -4288 1324 10156 3185 398 7234 END
START -4488 1328 10184 3411 472 7233 END
START -4644 1472 10320 3605 541 7267 END
START -4724 1564 10780 3777 602 7253 END
START -5108 1664 10800 3876 619 7271 END
START -5228 1712 11112 3948 634 7250 END
START -5356 1764 11232 3955 564 7213 END
START -5608 1668 11548 3900 487 7271 END
START -5724 1620 11452 3878 501 7294 END
START -5624 1704 11592 3868 486 7250 END
START -5688 1648 11540 3854 524 7247 END
START -5808 1728 11516 3913 506 7210 END
START -5896 1652 11392 3966 555 7167 END
START -6100 1440 11324 4027 593 7062 END
START -6168 1432 11092 4109 623 6988 END
START -6160 1324 11120 4207 677 6845 END
START -6380 1280 11116 4305 679 6656 END
START -6404 1368 11076 4476 742 6455 END
START -6432 1268 10988 4617 743 6266 END
START -6536 1308 10888 4850 727 6049 END
START -6532 1436 11160 5008 768 5880 END
START -6576 1472 11280 5257 715 5727 END
START -6656 1728 11192 5374 710 5619 END
START -6656 1916 11436 5549 635 5528 END
START -6752 1932 11468 5729 539 5432 END
START -6772 2040 11480 5871 455 5359 END
START -6744 2032 11656 6025 382 5298 END
START -6788 2232 11668 6156 349 5271 END
START -6816 2232 11728 6328 294 5247 END
START -6928 2444 11672 6468 232 5243 END
START -7124 2444 11796 6618 224 5251 END
START -7324 2620 11980 6727 174 5302 END
START -7608 2656 12016 6867 89 5273 END
START -7788 2720 12196 6984 -27 5275 END
START -7960 2628 12200 7149 -104 5225 END
START -7992 2616 12128 7269 -203 5176 END
START -8176 2460 12228 7473 -263 5098 END
START -8488 2348 12060 7680 -369 4991 END
START -8360 2400 12232 7826 -502 4895 END
START -8544 2260 12108 8028 -582 4784 END
START -8532 2304 12220 8198 -703 4612 END
START -8548 2136 12152 8404 -817 4498 END
START -8680 2216 12288 8584 -939 4339 END
START -8708 2228 12392 8753 -1049 4217 END
START -8668 1976 12304 8920 -1238 4066 END
START -8672 1804 12320 9078 -1320 3938 END
START -8588 1804 12332 9260 -1379 3778 END
START -8484 1896 12156 9405 -1365 3635 END
START -8324 1652 12016 9549 -1322 3500 END
START -8416 1652 12124 9640 -1270 3264 END
START -8468 1832 12152 9775 -1187 3051 END
START -8536 1860 12080 9905 -1076 2864 END
START -8568 2004 12076 10030 -951 2693 END
START -8696 1952 12336 10141 -830 2482 END
START -8716 1824 12488 10226 -656 2356 END
START -8756 1776 12452 10325 -533 2183 END
START -9056 1784 12668 10408 -395 1986 END
START -9108 1876 12992 10513 -280 1812 END
START -9064 1880 12868 10591 -172 1621 END
START -9292 1792 13072 10653 -68 1416 END
START -9344 1916 13308 10756 55 1233 END
START -9440 1956 13408 10838 179 1056 END
START -9476 2212 13432 10913 254 939 END
START -9740 2416 13576 10962 326 790 END
START -9748 2624 13616 11000 374 657 END
START -10000 2712 14020 10969 457 579 END
START -10192 2840 14284 10994 480 477 END
START -10448 2880 14656 10983 428 375 END
START -10560 2900 14856 11061 328 245 END
START -10708 3052 14992 11192 158 123 END
START -10852 3044 15084 11277 61 -15 END
START -10872 3028 15024 11404 -124 -145 END
START -11072 3256 15364 11429 -341 -292 END
START -11132 3044 15544 11501 -523 -494 END
START -10996 3004 15564 11570 -710 -674 END
START -10988 3068 15604 11891 -924 -900 END
START -11148 3064 15620 11843 -1050 -1156 END
START -11192 3132 15708 12078 -1263 -1448 END
START -11164 3152 15548 12148 -1346 -1735 END
START -11176 3432 15512 12127 -1466 -2003 END
START -11124 3384 15568 12099 -1522 -2331 END
START -10852 3536 15720 12094 -1588 -2625 END
START -10792 3444 15956 12087 -1725 -2933 END
START -10668 3564 16008 12094 -1798 -3168 END
START -10480 3572 16224 12087 -1927 -3389 END
START -10316 3700 16264 12095 -2076 -3645 END
START -10160 3812 16332 12116 -2153 -3857 END
START -10048 4080 16416 12117 -2242 -4072 END
START -9956 4344 16608 12072 -2265 -4268 END
START -9876 4424 16756 12099 -2314 -4361 END
START -9880 4396 16700 12079 -2348 -4516 END
START -9692 4576 16876 12243 -2294 -4629 END
START -9736 4640 16916 12319 -2295 -4797 END
START -9548 4700 16992 12026 -2359 -4938 END
START -9556 4776 16956 12061 -2323 -5050 END
START -9444 4920 16948 12028 -2303 -5177 END
START -9352 4944 17080 12013 -2264 -5271 END
START -9348 4872 17044 11900 -2258 -5434 END
START -9224 4968 17312 11680 -2307 -5571 END
START -9328 4916 17352 11524 -2379 -5710 END
START -9184 4852 17380 11496 -2422 -5877 END
START -9180 4836 17500 11461 -2572 -6043 END
START -9104 4868 17688 11451 -2658 -6233 END
START -8952 4800 17664 11448 -2780 -6480 END
START -8820 4836 17504 11358 -2930 -6697 END
START -8772 4888 17688 11414 -2986 -6967 END
START -8504 5140 17740 11429 -3059 -7170 END
START -8576 5296 17840 11395 -3189 -7409 END
START -8432 5396 18216 11385 -3366 -7577 END
START -8156 5536 18340 11288 -3494 -7732 END
START -7840 5568 18452 11190 -3628 -7921 END
START -7504 5640 18552 11044 -3715 -8128 END
START -7024 5776 18384 10825 -3653 -8267 END
START -6648 5884 18176 10659 -3563 -8436 END
START -6516 6184 18280 10443 -3347 -8644 END
START -6256 6344 18384 10237 -3128 -8759 END
START -6248 6640 18372 9991 -2898 -8878 END
START -6172 6688 18348 9689 -2709 -9000 END
START -5948 6776 18320 9386 -2455 -9084 END
START -5716 6976 18488 9034 -2252 -9157 END
START -5712 6936 18524 8684 -2049 -9287 END
START -5760 6988 18692 8349 -1882 -9382 END
START -5668 7008 18892 8001 -1754 -9533 END
START -5780 7056 18876 7706 -1753 -9688 END
START -5692 6980 19156 7445 -1711 -9813 END
START -5676 7024 18956 7198 -1745 -9964 END
START -5560 7040 19036 7012 -1788 -10135 END
START -5388 6980 19208 6769 -1878 -10276 END
START -5360 7064 19188 6565 -1995 -10404 END
START -5284 7072 19140 6388 -2146 -10570 END
START -5048 7196 19208 6186 -2306 -10690 END
START -4648 7164 19276 5987 -2512 -10825 END
START -4388 7112 19256 5780 -2736 -10926 END
START -4080 7132 19104 5706 -2942 -11057 END
START -3788 7088 19216 5596 -3123 -11161 END
START -3516 7068 19208 5503 -3331 -11300 END
START -3248 7232 19056 5407 -3539 -11383 END
START -2668 7272 19020 5367 -3693 -11422 END
START -2300 7516 19116 5244 -3764 -11434 END
START -2088 7616 19100 5090 -3913 -11411 END
START -1828 7740 19060 4967 -3995 -11358 END
START -1512 7776 19372 4791 -4150 -11241 END
START -1360 7768 19460 4632 -4331 -11170 END
START -1228 7624 19488 4440 -4523 -11113 END
START -1092 7504 19840 4260 -4820 -11074 END
START -976 7340 19952 4083 -5152 -11077 END
START -916 7288 20132 3892 -5535 -11075 END
START -740 7220 20224 3715 -5958 -11100 END
START -760 7104 20064 3562 -6354 -11133 END
START -456 7084 19924 3382 -6726 -11192 END
START -156 7068 19716 3160 -6924 -11241 END
START -40 7040 19216 2936 -7087 -11332 END
START 208 7208 19040 2646 -7182 -11411 END
START 344 7252 18572 2320 -7157 -11457 END
START 508 7400 18448 1995 -7072 -11535 END
START 404 7440 18296 1593 -6963 -11594 END
START 712 7520 17864 1263 -6870 -11661 END
START 716 7564 17720 907 -6693 -11730 END
START 736 7604 17588 617 -6581 -11841 END
START 728 7780 17304 339 -6447 -11970 END
START 688 8004 17140 97 -6268 -12098 END
START 856 8224 16836 -105 -6087 -12129 END
START 1100 8288 16732 -290 -6044 -12226 END
START 1188 8340 16392 -470 -5929 -12177 END
START 1456 8584 16336 -672 -5794 -12152 END
START 1588 8672 16036 -854 -5615 -12003 END
START 1852 8972 15824 -974 -5363 -11900 END
START 1968 9208 15636 -1125 -5098 -11707 END
START 2136 9560 15512 -1259 -4803 -11456 END
START 2380 9696 15312 -1411 -4521 -11131 END
START 2632 9908 15148 -1534 -4175 -10714 END