START -3396 3720 12000 1800 10185 8655 END
START 1112 4840 6588 1278 8017 9105 END
START -5084 4428 13216 1588 9914 9659 END
START -5720 4100 13572 1477 10312 10107 END
START -2832 3828 10076 1529 10796 10603 END
START -2468 3356 9480 1545 11882 11057 END
START -4304 3208 10892 1596 12725 11335 END
START -5496 3064 11936 1647 12987 11616 END
START -5400 2876 11296 1733 13085 11810 END
START -5564 2596 11040 1847 13024 11845 END
START -6272 2332 11676 2054 13147 11868 END
START -7092 2156 12048 2263 13119 11844 END
START -7324 1828 11804 2545 13494 11762 END
START -7216 1808 11436 2898 13126 11646 END
START -7640 1728 11344 3251 13668 11557 END
START -7984 1896 11248 3589 13703 11460 END
START -8440 1968 11148 3948 13804 11342 END
START -8432 2028 10524 4265 13893 11247 END
START -8340 2220 10316 4610 14315 11159 END
START -8416 2400 10036 4921 14794 11100 END
START -8536 2640 9840 5190 15457 11081 END
START -8796 3360 9504 5396 16056 11185 END
START -8680 3428 9316 5535 16880 11298 END
START -8884 3720 8880 5645 17771 11418 END
START -9164 4080 8776 5734 18677 11624 END
START -9200 3844 8912 5773 19682 11891 END
START -9496 4072 8560 5896 20808 12055 END
START -9644 4172 8388 5919 21936 12287 END
START -10056 4044 8676 6007 23046 12793 END
START -10472 3956 8832 6120 24236 12832 END
START -10972 3752 8892 6255 25344 12808 END
START -11464 3040 9508 6471 26471 12739 END
START -12532 3044 9784 6767 27483 12752 END
START -12892 2624 10080 7044 28416 12720 END
START -13572 2392 10308 7410 29392 12676 END
START -13896 1896 10572 7741 30279 12567 END
START -14416 1364 10800 8129 31142 12056 END
START -14632 1004 10972 8455 32089 11601 END
START -15280 1008 11384 8686 32767 11172 END
START -15492 196 12240 8937 32767 10589 END
START -16080 356 13012 9276 32767 10041 END
START -16288 84 13856 9550 32767 9519 END
START -16512 -508 15228 9896 32767 8841 END
START -16872 -712 16048 10249 32767 8007 END
START -17044 -804 16936 10642 32767 7079 END
START -17192 -656 17900 11009 32767 6107 END
START -17256 -552 18684 11280 32767 5250 END
START -17176 -456 19384 11527 32294 4399 END
START -17380 -184 20368 11622 31498 3718 END
START -16960 -12 20656 11533 30597 3121 END
START -16844 -144 21336 11444 29671 2576 END
START -16696 -68 21628 11249 28816 1972 END
START -16556 8 22160 11049 27924 1402 END
START -16692 616 22588 10799 27046 935 END
START -16152 140 22768 10457 26191 493 END
START -15740 -120 23080 10146 25261 31 END
START -15536 -80 23176 9811 24511 -397 END
START -15476 112 23228 9440 23672 -808 END
START -15368 100 23188 9064 22853 -1200 END
START -15208 352 23124 8655 22164 -1584 END
START -15204 580 23064 8274 21480 -1959 END
START -14996 488 22976 7917 20823 -2314 END
START -14884 552 22732 7560 20326 -2709 END
START -14904 476 22668 7300 19867 -3090 END
START -14940 532 22784 7060 19485 -3449 END
START -14964 628 22660 6843 19206 -3741 END
START -15076 828 22736 6539 18861 -3962 END
START -14588 892 22024 6146 18584 -4163 END
START -14728 580 22788 5910 18371 -4467 END
START -15176 692 22832 5614 18248 -4790 END
START -15328 580 23116 5317 18065 -5161 END
START -15328 456 23020 5054 17811 -5509 END
START -15560 388 23420 4753 17573 -5868 END
START -15812 72 23780 4492 17198 -6261 END
START -16032 -4 23952 4173 16821 -6706 END
START -16204 -324 24260 3873 16345 -7212 END
START -16148 -436 24468 3598 15730 -7735 END
START -16296 -796 24904 3290 15113 -8295 END
START -16176 -844 24968 2987 14361 -8902 END
START -16252 -1180 25404 2778 13704 -9513 END
START -16240 -1256 25612 2458 12765 -10181 END
START -16132 -1384 26012 2200 11988 -10837 END
START -16076 -1532 26356 1954 10957 -11526 END
START -15900 -1356 26364 1642 9989 -12163 END
START -15804 -1308 26612 1304 8981 -12766 END
START -15432 -1380 26684 952 7955 -13304 END
START -15036 -1184 26680 510 7004 -13843 END
START -14552 -1036 26688 65 6068 -14323 END
START -14264 -696 26872 -511 5181 -14716 END
START -13780 -588 26604 -1084 4304 -15111 END
START -13368 -84 26584 -1712 3463 -15369 END
START -12888 248 26548 -2366 2708 -15573 END
START -12564 568 26348 -3059 1934 -15661 END
START -12012 872 26180 -3839 1275 -15738 END
START -11440 1208 25676 -4575 743 -15687 END
START -11028 1344 25292 -5406 211 -15545 END
START -10704 1424 25100 -6250 -264 -15410 END
START -10276 1532 24748 -7108 -636 -15181 END
START -10056 1572 24328 -7991 -1002 -14927 END
START -9672 1608 24008 -8865 -1229 -14698 END
START -9324 1432 23508 -9701 -1523 -14440 END
START -9216 1268 23132 -10509 -1739 -14221 END
START -9120 1120 22716 -11357 -2005 -14025 END
START -9108 1132 22556 -12084 -2308 -13863 END
START -9216 872 22264 -12808 -2720 -13735 END
START -9376 616 22032 -13448 -3103 -13700 END
START -9500 332 21736 -13962 -3638 -13697 END
START -9576 120 21516 -14426 -4189 -13744 END
START -9708 -192 21400 -14828 -4808 -13833 END
START -9764 -444 21016 -15127 -5521 -14026 END
START -9808 -644 20600 -15420 -6227 -14243 END
START -9992 -872 20412 -15614 -6976 -14501 END
START -10192 -1164 20124 -15793 -7805 -14873 END
START -10116 -1492 19824 -15945 -8588 -15200 END
START -10264 -1696 19444 -16080 -9337 -15601 END
START -10156 -2004 18852 -16199 -10094 -16043 END
START -9976 -2132 18340 -16332 -10686 -16561 END
START -9692 -2328 17812 -16473 -11205 -17049 END
START -9624 -2352 17136 -16585 -11620 -17586 END
START -9556 -2248 16940 -16700 -11966 -18054 END
START -9472 -2240 16236 -16835 -12277 -18516 END
START -9428 -2204 15920 -16919 -12622 -18974 END
START -9300 -2084 15452 -16980 -12874 -19391 END
START -9084 -2284 14872 -16963 -13045 -19817 END
START -9064 -2136 14324 -16918 -13240 -20199 END
START -8812 -2140 14140 -16801 -13506 -20546 END
START -8748 -2068 13568 -16620 -13690 -20930 END
START -8556 -1916 13316 -16376 -13863 -21235 END
START -8472 -1692 12880 -16048 -14078 -21468 END
START -8248 -1320 12620 -15732 -14299 -21748 END
START -8180 -1108 12612 -15305 -14611 -21930 END
START -8204 -716 12592 -14862 -14978 -22111 END
START -8120 -468 12440 -14384 -15380 -22259 END
START -7948 -152 12192 -13927 -15898 -22278 END
START -7924 -8 11988 -13403 -16422 -22360 END
START -7792 136 11932 -12938 -16980 -22306 END
START -7536 252 11472 -12498 -17482 -22259 END
START -7200 300 11120 -12020 -18022 -22208 END
START -6828 292 10644 -11589 -18365 -22192 END
START -6816 212 10432 -11106 -18752 -22115 END
START -6608 244 9952 -10681 -19139 -22062 END
START -6396 164 9616 -10284 -19516 -21987 END
START -6172 12 9272 -9825 -19762 -21906 END
START -6060 -224 9072 -9425 -20009 -21839 END
START -6080 -276 9048 -9008 -20191 -21777 END
START -6140 -472 8896 -8663 -20449 -21737 END
START -5972 -684 8728 -8276 -20802 -21723 END
START -5840 -844 8328 -7935 -21130 -21764 END
START -5892 -1108 8168 -7543 -21385 -21811 END
START -5600 -1332 8176 -7131 -21678 -21915 END
START -5588 -1508 7888 -6690 -21925 -22031 END
START -5596 -1748 7600 -6221 -22146 -22271 END
START -5604 -1884 7620 -5760 -22418 -22477 END
START -5768 -2052 7584 -5222 -22668 -22739 END
START -5824 -2132 7500 -4711 -23048 -22999 END
START -5876 -2388 7468 -4161 -23421 -23311 END
START -5820 -2408 7224 -3664 -23928 -23656 END
START -5692 -2380 7256 -3136 -24413 -24033 END
START -5412 -2472 7096 -2607 -24879 -24458 END
START -5072 -2536 6780 -2073 -25325 -24858 END
START -4592 -2508 6496 -1443 -25790 -25235 END
START -4308 -2268 6184 -865 -26184 -25574 END
START -3600 -2020 5976 -282 -26439 -25774 END
START -2936 -1544 6052 207 -26626 -25934 END
START -2408 -1168 5968 704 -26735 -26031 END
START -1812 -676 5896 1181 -26832 -25975 END
START -1272 -260 6080 1552 -26939 -25832 END
START -736 300 6032 1914 -26984 -25599 END
START 72 764 6188 2193 -26987 -25219 END
START 652 1044 6184 2375 -26921 -24749 END
START 1444 1316 5956 2535 -26753 -24173 END
START 2308 1508 6144 2662 -26514 -23604 END
START 2836 1660 5976 2739 -26175 -22974 END
START 3552 1708 6028 2823 -25714 -22359 END
START 4100 1700 6012 2929 -25244 -21779 END
START 4488 1800 6248 3001 -24742 -21160 END
START 4744 1776 6404 3172 -24301 -20581 END
START 4848 1720 6672 3319 -23922 -20036 END
START 5196 1536 6840 3533 -23722 -19539 END
START 5356 1536 7288 3860 -23524 -19061 END
START 5388 1324 7424 4228 -23449 -18632 END
START 5392 1216 7784 4718 -23441 -18230 END
START 5288 936 7832 5278 -23539 -17936 END
START 5432 668 8024 5896 -23659 -17691 END
START 5288 384 7952 6536 -23798 -17525 END
START 5256 84 8088 7214 -23999 -17443 END
START 5336 -136 8068 7863 -24217 -17415 END
START 5300 -412 7908 8491 -24444 -17496 END
START 5476 -440 7528 9176 -24590 -17602 END
START 5688 -668 7348 9857 -24721 -17788 END
START 5920 -648 6980 10499 -24754 -17981 END
START 6252 -600 6700 11141 -24719 -18177 END
START 6772 -564 6448 11748 -24549 -18325 END
START 7364 -412 6148 12230 -24245 -18440 END
START 8204 -168 6024 12898 -23856 -18433 END
START 9072 140 5892 13341 -23211 -18317 END
START 10076 588 6020 13709 -22396 -18026 END
START 10904 980 5960 13938 -21456 -17620 END
START 11700 1776 6188 14074 -20439 -17023 END
START 12372 2380 6332 14070 -19237 -16272 END
START 12964 3040 6576 13957 -17973 -15349 END
START 13656 3672 6708 13743 -16644 -14343 END
START 14328 4100 7100 13422 -15281 -13178 END
START 14832 4588 7308 12989 -13809 -11909 END
START 15368 4848 7872 12441 -12362 -10597 END
START 15708 5192 8360 11781 -10834 -9136 END
START 15956 5452 8848 11493 -9440 -7680 END
START 15884 5608 9408 10756 -8133 -6163 END
START 15924 5580 10236 10157 -6857 -4626 END
START 15768 5588 10644 9437 -5671 -3088 END
START 15412 5536 11344 8744 -4651 -1583 END
START 15216 5384 11760 8068 -3660 -108 END
START 15052 5120 12344 7459 -2823 1228 END
START 14732 4812 12800 6813 -1946 2559 END
START 14300 4308 13244 6201 -1224 3760 END
START 13972 3908 13560 5632 -530 4923 END
START 13472 3336 13848 5044 124 5971 END
START 13184 2848 14056 4479 810 7028 END
START 12740 2556 14380 3930 1383 7927 END
START 12416 2240 14484 3332 2015 8845 END
START 11924 2080 14712 2703 2591 9652 END
START 11432 1788 14888 2040 3074 10415 END
START 10896 1652 14944 1386 3503 11191 END
START 10300 1592 14956 700 3922 11891 END
START 9872 1428 15044 82 4286 12624 END
START 9416 1328 14708 -510 4654 13105 END
START 9048 1064 14804 -1091 5051 13638 END
START 8456 764 14376 -1648 5449 14208 END
START 8020 588 14208 -2096 5790 14777 END
START 7556 348 13716 -2532 6219 15271 END
START 7048 200 13668 -2911 6715 15807 END
START 6696 28 13112 -3262 7225 16288 END
START 6204 -68 12732 -3542 7757 16828 END
START 5900 -104 12364 -3822 8335 17313 END
START 5372 -76 11896 -4115 8978 17860 END
START 5120 -244 11688 -4314 9643 18397 END
START 4728 -340 11336 -4593 10379 18955 END
START 4488 -428 10988 -4814 11124 19481 END
START 4096 -528 10652 -5016 11967 20073 END
START 3744 -660 10336 -5272 12918 20621 END
START 3304 -716 10120 -5459 13700 21225 END
START 2820 -716 9896 -5622 14518 21779 END
START 2432 -472 9660 -5792 15328 22337 END
START 2160 -400 9476 -5953 16108 22898 END
START 1796 -184 9436 -6144 16878 23537 END
START 1304 -192 9168 -6282 17628 24187 END
START 1000 -8 8936 -6433 18403 24807 END
START 588 -52 8844 -6564 19158 25516 END
START 132 -44 8576 -6640 19881 26136 END
START -388 4 8480 -6760 20611 26839 END
START -980 -8 8428 -6836 21275 27464 END
START -1584 -4 8380 -6952 21890 28046 END
START -1920 92 8460 -7040 22544 28647 END
START -2460 72 8208 -7145 23150 29199 END
START -3044 12 8216 -7228 23680 29721 END
START -3652 84 8588 -7299 24118 30194 END
START -4272 -120 8364 -7368 24486 30605 END
START -4868 -156 8548 -7438 24725 30983 END
START -5468 -288 8372 -7459 24961 31364 END
START -5748 -392 8268 -7465 25207 31661 END
START -6036 -652 8260 -7431 25339 31930 END
START -6468 -628 8092 -7376 25545 32122 END
START -6776 -416 8024 -7343 25713 32301 END
START -7192 -568 8028 -7277 25830 32400 END
START -7532 -336 7920 -7243 25934 32458 END
START -8012 -368 8140 -7172 25912 32469 END
START -8640 -416 8272 -7111 25783 32482 END
START -9108 -496 8420 -7074 25479 32490 END
START -9436 -540 8300 -7009 25086 32463 END
START -9672 -616 8252 -6917 24675 32393 END
START -9976 -468 7960 -6756 24220 32337 END
START -10216 -368 8000 -6593 23752 32210 END
START -10440 -472 7656 -6341 23225 32104 END
START -10784 -492 7340 -6065 22641 31997 END
START -10956 -740 7108 -5677 21995 31876 END
START -11160 -892 6612 -5252 21375 31787 END
START -11332 -988 6552 -4660 20705 31650 END
START -11424 -896 5876 -4029 20068 31560 END
START -11380 -840 5560 -3226 19426 31431 END
START -11488 -772 5136 -2282 18779 31324 END
START -11544 -344 4804 -1319 18154 31269 END
START -11404 -120 4404 -192 17571 31195 END
START -11460 -36 4408 970 17033 31227 END
START -11536 76 4144 2108 16540 31230 END
START -11500 32 4096 3310 15963 31304 END
START -11768 104 3988 4489 15333 31344 END
START -11720 196 3660 5677 14760 31423 END
START -11800 400 3648 6798 14233 31473 END
START -11928 528 3556 7967 13754 31432 END
START -12036 708 3564 9062 13353 31414 END
START -12396 788 3388 10180 13236 31319 END
START -12900 760 3484 11282 13009 31204 END
START -13636 488 3660 12295 13080 30980 END
START -14504 116 3816 13087 13185 30761 END
START -15376 -628 4148 13906 13657 30389 END
START -16120 -1184 4416 14578 13721 29896 END
START -16836 -2084 4656 15127 14004 29272 END
START -17508 -2840 4948 15579 14160 28451 END
START -18112 -3856 4784 15986 14397 27403 END
START -18512 -4520 4636 16266 14656 26135 END
START -18520 -5264 4444 16507 14992 24616 END
START -18496 -5876 4624 16752 15371 22974 END
START -18500 -5988 4412 16985 15904 21154 END
START -18384 -6160 4480 17293 16349 19404 END
START -18388 -6088 4204 17623 16844 17587 END
START -18456 -5872 4208 18000 17291 15851 END
START -18564 -5444 4420 18428 17598 14296 END
START -18712 -5052 4964 19017 17761 12579 END
START -18788 -4496 5300 19719 17827 11367 END
START -18744 -4088 5656 20391 17774 10044 END
START -18804 -3636 6220 21256 17582 8808 END
START -18568 -3056 6508 22076 17283 7716 END
START -18332 -2500 6876 23018 16868 6645 END
START -18032 -1964 7336 23990 16434 5628 END
START -17724 -1536 7736 24959 16010 4640 END
START -17420 -1404 8184 25964 15567 3777 END
START -17272 -1156 8992 26971 15174 2900 END
START -17164 -992 9516 27852 14705 2105 END
START -17184 -528 10448 28598 14119 1333 END
START -17188 -368 11204 29347 13566 492 END
START -17132 -220 12112 29940 12846 -301 END
START -17176 -224 13004 30401 12148 -1129 END
START -16916 -172 13736 30783 11336 -1992 END
START -16740 -296 14532 30985 10564 -2891 END
START -16540 -296 15072 31053 9826 -3824 END
START -16664 -328 15884 31048 9105 -4755 END
START -16444 -308 16588 30893 8310 -5758 END
START -16336 -272 17384 30757 7513 -6771 END
START -16200 -32 17920 30525 6659 -7740 END
START -15884 76 18484 30268 5819 -8663 END
START -15920 224 19052 29988 5005 -9491 END
START -15468 332 19320 29640 4161 -10277 END
START -15304 500 19572 29275 3409 -11019 END
START -14996 644 19824 28868 2711 -11702 END
START -14668 612 20028 28425 2039 -12371 END
START -14504 964 20312 27965 1496 -12961 END
START -14404 916 20624 27487 957 -13563 END
START -14284 940 20768 27009 430 -14195 END
START -14020 1020 20960 26491 -132 -14810 END
START -13680 1068 21176 25973 -615 -15428 END
START -13604 1176 21304 25528 -1146 -16031 END
START -13376 1484 21656 25048 -1682 -16655 END
START -13216 2036 21964 24633 -2206 -17270 END
START -12884 2728 22360 24213 -2854 -17877 END
START -12632 3284 22756 23825 -3513 -18406 END
START -12352 3792 23364 23504 -4277 -18880 END
START -11928 4448 23680 23158 -5025 -19197 END
START -11392 5024 23924 22846 -5810 -19369 END
START -10772 5772 24488 22519 -6488 -19393 END
START -10104 6344 24872 22148 -7170 -19251 END
START -9444 6492 25228 21743 -7842 -18982 END
START -8720 6844 25568 21230 -8387 -18605 END
START -8140 6856 25736 20678 -8833 -18154 END
START -7368 6916 26016 20049 -9207 -17640 END
START -6688 6936 26212 19380 -9486 -17127 END
START -6068 6876 26476 18607 -9668 -16549 END
START -5564 6964 26668 17809 -9783 -15953 END
START -5028 6880 27060 16927 -9796 -15352 END
START -4536 6624 27552 15962 -9834 -14700 END
START -4232 6468 27880 14957 -9839 -14020 END
START -3904 6224 28264 13850 -9861 -13301 END
START -3532 5964 28816 12702 -9816 -12607 END
START -3276 5820 29288 11813 -9853 -11894 END
START -3236 5668 29592 10417 -9991 -11254 END
START -3280 5312 30004 9186 -10226 -10571 END
START -3252 5128 30432 7942 -10602 -9996 END
START -3276 4916 30640 6708 -11070 -9488 END
START -3392 4588 30832 5536 -11689 -9038 END
START -3452 4252 31184 4448 -12444 -8671 END
START -3584 3956 31200 3373 -13283 -8325 END
START -3640 3884 31312 2379 -14225 -8047 END
START -3636 3872 31144 1397 -15265 -7774 END
START -3648 3848 30684 520 -16330 -7496 END
START -3464 3648 30528 -344 -17421 -7218 END
START -3372 3588 30020 -1184 -18406 -6873 END
START -3188 3672 29432 -1966 -19366 -6512 END
START -3052 3820 28700 -2826 -20266 -6170 END
START -2872 4060 28036 -3639 -21060 -5702 END
START -2676 4312 27268 -4484 -21759 -5235 END
START -2612 4632 26328 -5323 -22325 -4755 END
START -2508 4812 25580 -6188 -22799 -4213 END
START -2304 5088 24828 -7015 -23158 -3673 END
START -2288 5192 23984 -7844 -23418 -3107 END
START -2132 5296 23048 -8563 -23553 -2537 END
START -2248 5372 22204 -9275 -23639 -1974 END
START -2200 5440 21500 -9901 -23629 -1474 END
START -2480 5408 20664 -10414 -23615 -952 END
START -2488 5376 19960 -10894 -23575 -484 END
START -2628 5248 19404 -11233 -23506 -118 END
START -2788 5204 18808 -11487 -23340 242 END
START -2960 5056 18288 -11700 -23217 544 END
START -3240 4848 17892 -11774 -23082 790 END
START -3356 4644 17484 -11846 -22929 998 END
START -3464 4460 17000 -11785 -22794 1189 END
START -3784 4288 16496 -11685 -22631 1387 END
START -3844 3944 16176 -11586 -22433 1486 END
START -3924 3604 15944 -11363 -22229 1556 END