START -4228 5392 13268 1744 15737 13110 END
START -8596 6720 20160 1479 14274 13832 END
START -2884 6188 10668 1955 16244 14365 END
START -5644 6012 12612 2182 17197 14823 END
START -6836 6224 12104 2486 17674 15447 END
START -5068 6028 10056 2674 18720 16023 END
START -5008 6368 9296 2877 19960 16547 END
START -6804 6512 10896 3023 20813 17068 END
START -8172 6768 11764 3129 21382 17570 END
START -8300 6924 11384 3221 21983 18090 END
START -8384 6800 11188 3284 22608 18493 END
START -9320 6548 11840 3398 23151 18860 END
START -10576 6032 12640 3532 23497 19099 END
START -11212 5640 12748 3683 23667 19223 END
START -11436 4588 12712 3892 23773 19337 END
START -12020 3788 12760 4264 23890 19297 END
START -12616 3044 13132 4773 23907 19199 END
START -13220 2484 13332 5402 23829 19004 END
START -13464 1848 12968 6147 23729 18606 END
START -13528 1492 12648 6869 23610 18125 END
START -13960 948 12480 7597 23575 17510 END
START -14264 804 12608 8278 23643 16752 END
START -14548 652 12248 8878 23636 15943 END
START -15024 776 12196 9396 23628 15103 END
START -15324 1192 12432 9866 23579 14197 END
START -15732 1140 12964 10282 23507 13474 END
START -16112 992 12956 10590 23391 12458 END
START -16252 824 13176 10926 23333 11841 END
START -16220 824 13028 11222 23243 10973 END
START -16164 776 13228 11428 23262 10198 END
START -16424 716 13740 11651 23326 9370 END
START -16756 840 14132 12139 23314 8625 END
START -17036 576 14900 12177 23189 7850 END
START -17004 484 15308 12197 23044 7038 END
START -17092 256 16216 12705 22795 6218 END
START -17392 44 16832 12774 22461 5311 END
START -17312 -164 17664 12908 21984 4365 END
START -17360 -488 18092 12931 21492 3363 END
START -17224 -632 18740 12983 20970 2336 END
START -17164 -764 19372 12944 20437 1289 END
START -17096 -840 19904 12979 19842 321 END
START -17060 -772 20304 12812 19242 -674 END
START -16756 -500 20488 12756 18623 -1575 END
START -16556 -324 20904 12596 18138 -2419 END
START -16080 0 20988 12001 17658 -3218 END
START -15892 416 21148 11961 17382 -3829 END
START -15656 788 21320 11873 17142 -4442 END
START -15340 1068 21300 11331 16935 -4904 END
START -14996 1344 21200 10861 16784 -5363 END
START -14792 1636 21248 10366 16727 -5643 END
START -14364 1868 20940 9822 16839 -5914 END
START -14000 1860 20724 9267 17006 -6169 END
START -13872 1860 20608 8701 17355 -6369 END
START -13540 1908 20368 8151 17708 -6561 END
START -13336 1840 20356 7606 18171 -6759 END
START -13348 1736 20616 7087 18596 -7017 END
START -13420 1604 20876 6651 18958 -7292 END
START -13716 1272 21268 6235 19208 -7593 END
START -13912 952 21640 5856 19346 -7981 END
START -14140 796 22128 5504 19420 -8344 END
START -14240 708 22396 5187 19263 -8825 END
START -14432 512 23004 4930 19134 -9314 END
START -14576 360 23424 4652 18794 -9805 END
START -14540 112 23672 4331 18324 -10332 END
START -14728 56 24184 4080 17769 -10898 END
START -14868 -48 24548 3848 17111 -11505 END
START -14880 -128 25208 3591 16349 -12154 END
START -15132 84 25784 3374 15422 -12792 END
START -15080 228 26428 3079 14340 -13463 END
START -15024 152 26760 2852 13289 -14088 END
START -14916 168 27028 2469 11967 -14707 END
START -14720 460 27224 2142 10664 -15254 END
START -14596 604 27300 1746 9338 -15811 END
START -14308 884 27460 1340 8003 -16314 END
START -13836 984 27300 866 6660 -16767 END
START -13368 1208 27220 400 5444 -17159 END
START -12872 1336 26940 -100 4230 -17484 END
START -12388 1568 26904 -676 3067 -17775 END
START -11840 1864 26592 -1247 1979 -17982 END
START -11244 2100 26136 -1872 976 -18094 END
START -10800 2432 25844 -2472 3 -18188 END
START -10204 2616 25608 -3087 -792 -18203 END
START -9820 2728 25588 -3797 -1579 -18100 END
START -9480 2952 25188 -4508 -2316 -17978 END
START -9196 3004 25068 -5252 -3008 -17809 END
START -8876 3128 24732 -6038 -3722 -17627 END
START -8816 3120 24568 -6805 -4305 -17415 END
START -8892 3220 24336 -7535 -4971 -17249 END
START -8676 3212 24252 -8302 -5610 -17105 END
START -8668 3184 24064 -9018 -6226 -17004 END
START -8756 3056 24008 -9746 -6869 -16911 END
START -8888 3008 23680 -10462 -7558 -16882 END
START -9052 2916 23592 -11147 -8190 -16882 END
START -9068 2752 23512 -11833 -8842 -16963 END
START -9224 2340 23052 -12472 -9511 -17125 END
START -9336 2236 22776 -13062 -10148 -17350 END
START -9344 1928 22588 -13628 -10745 -17650 END
START -9380 1756 22276 -14198 -11334 -17932 END
START -9444 1688 21944 -14754 -11876 -18321 END
START -9404 1376 21496 -15193 -12378 -18708 END
START -9312 1244 21248 -15685 -12900 -19139 END
START -9156 948 20632 -16074 -13398 -19584 END
START -8972 928 20156 -16410 -13897 -20008 END
START -8804 804 19508 -16727 -14253 -20404 END
START -8724 844 19132 -16963 -14587 -20831 END
START -8560 1016 18612 -17135 -14880 -21250 END
START -8460 1216 18096 -17279 -15187 -21634 END
START -8336 1364 17848 -17357 -15471 -21989 END
START -8016 1608 17368 -17393 -15860 -22321 END
START -7632 1716 16928 -17427 -16139 -22609 END
START -7368 1756 16488 -17440 -16358 -22861 END
START -7096 1832 16104 -17428 -16609 -23041 END
START -6828 1928 15828 -17357 -16904 -23180 END
START -6596 2112 15404 -17283 -17177 -23262 END
START -6296 2200 15020 -17200 -17414 -23315 END
START -6148 2316 14704 -17131 -17680 -23265 END
START -5912 2476 14568 -16977 -17937 -23225 END
START -5640 2396 14180 -16818 -18239 -23138 END
START -5572 2452 13768 -16672 -18563 -22973 END
START -5220 2428 13324 -16472 -18833 -22852 END
START -4940 2384 12736 -16288 -19137 -22643 END
START -4560 2260 12500 -16033 -19383 -22400 END
START -4316 2336 12052 -15744 -19550 -22215 END
START -4188 2160 11748 -15437 -19720 -22015 END
START -4004 2044 11404 -15091 -19877 -21743 END
START -3952 1808 10988 -14782 -19987 -21491 END
START -3784 1576 10492 -14496 -20124 -21301 END
START -3696 1296 10036 -14185 -20204 -21099 END
START -3464 1112 9640 -13889 -20194 -20905 END
START -3304 864 9264 -13593 -20166 -20777 END
START -3284 640 8988 -13330 -20057 -20640 END
START -3280 636 8676 -13079 -20016 -20494 END
START -3120 480 8368 -12774 -19916 -20363 END
START -2996 404 8036 -12557 -19802 -20254 END
START -2824 312 7808 -12282 -19701 -20147 END
START -2812 204 7768 -12042 -19627 -20038 END
START -2828 -40 7484 -11698 -19524 -19994 END
START -2840 -124 7312 -11423 -19458 -19945 END
START -2972 -364 7036 -11059 -19445 -19952 END
START -2876 -512 6932 -10678 -19430 -19977 END
START -2820 -572 6740 -10232 -19437 -19966 END
START -2944 -784 6604 -9750 -19410 -20002 END
START -2968 -836 6492 -9282 -19380 -20039 END
START -2916 -960 6308 -8741 -19416 -20095 END
START -3064 -1092 6268 -8154 -19533 -20147 END
START -3172 -1392 6000 -7596 -19683 -20239 END
START -3012 -1472 5744 -6936 -19871 -20336 END
START -3124 -1524 5688 -6215 -20103 -20519 END
START -3048 -1716 5528 -5482 -20343 -20714 END
START -3032 -1816 5372 -4683 -20541 -20912 END
START -3044 -1908 5288 -3825 -20821 -21166 END
START -3036 -2060 4960 -3003 -21083 -21368 END
START -2852 -2080 4824 -2134 -21390 -21531 END
START -2600 -2128 4456 -1242 -21672 -21658 END
START -2380 -2144 4156 -353 -21924 -21731 END
START -2192 -2000 4112 584 -22123 -21770 END
START -1704 -1932 3728 1493 -22309 -21766 END
START -1468 -1776 3360 2443 -22407 -21726 END
START -1092 -1652 3184 3372 -22438 -21654 END
START -672 -1332 2800 4299 -22378 -21561 END
START -408 -1108 3044 5167 -22307 -21410 END
START -216 -856 2928 5961 -22259 -21285 END
START -36 -724 3056 6754 -22249 -21103 END
START 228 -628 3168 7490 -22253 -20938 END
START 244 -636 3180 8210 -22290 -20777 END
START 444 -668 3336 8950 -22336 -20625 END
START 532 -700 3404 9590 -22368 -20497 END
START 764 -784 3284 10282 -22411 -20384 END
START 1052 -864 3388 10957 -22434 -20327 END
START 1280 -944 3352 11647 -22350 -20282 END
START 1732 -1100 3460 12217 -22235 -20258 END
START 1768 -1228 3608 12892 -22139 -20354 END
START 1952 -1392 3596 13519 -22044 -20381 END
START 2176 -1448 3652 14161 -21934 -20451 END
START 2508 -1364 3516 14849 -21740 -20543 END
START 2948 -1196 3660 15459 -21419 -20596 END
START 3320 -1028 3696 16130 -21033 -20592 END
START 3460 -1000 3656 16724 -20613 -20637 END
START 3724 -612 3880 17319 -20094 -20604 END
START 4100 -272 3856 17839 -19516 -20508 END
START 4380 0 4120 18362 -18903 -20424 END
START 4876 332 4376 18750 -18198 -20311 END
START 5652 640 4600 19101 -17377 -20106 END
START 6324 1020 4964 19247 -16464 -19833 END
START 7204 1384 5380 19369 -15473 -19399 END
START 7864 1816 5836 19379 -14331 -18889 END
START 8452 2364 6248 19287 -13180 -18288 END
START 9124 2860 6760 19047 -11982 -17633 END
START 9744 3488 7672 18776 -10699 -16896 END
START 10348 3840 8392 18348 -9542 -16065 END
START 10812 4204 9236 17793 -8366 -15151 END
START 11392 4504 10168 17182 -7253 -14182 END
START 11776 4668 11052 16465 -6115 -13095 END
START 12184 4776 12032 15647 -5127 -11998 END
START 12432 4840 12832 14754 -4138 -10811 END
START 12820 4952 13756 13838 -3357 -9633 END
START 12976 4936 14652 12811 -2645 -8485 END
START 13136 5040 15428 12083 -2071 -7300 END
START 13392 4964 16160 10846 -1501 -6064 END
START 13440 5032 16960 9847 -1146 -4942 END
START 13400 5028 17408 8820 -782 -3746 END
START 13436 4872 17952 7822 -529 -2677 END
START 13360 4912 18472 6824 -339 -1545 END
START 13468 4784 18672 5854 -112 -479 END
START 13244 4644 18772 4933 45 605 END
START 13332 4536 18700 3983 243 1630 END
START 13088 4628 18652 3054 426 2672 END
START 13092 4496 18344 2156 659 3752 END
START 12936 4544 18420 1333 880 4656 END
START 12680 4512 18088 510 1162 5694 END
START 12276 4588 17900 -215 1437 6650 END
START 11972 4552 17372 -926 1755 7611 END
START 11368 4496 17192 -1554 2057 8480 END
START 11016 4232 17076 -2145 2315 9351 END
START 10676 3920 16484 -2672 2607 10174 END
START 10212 3804 16260 -3181 2953 10975 END
START 9888 3540 15752 -3561 3283 11648 END
START 9484 3304 15312 -3917 3648 12262 END
START 9024 3136 14996 -4213 4040 13020 END
START 8804 3028 14392 -4445 4463 13451 END
START 8508 2932 14188 -4663 4889 14046 END
START 8152 2752 13940 -4838 5340 14571 END
START 7920 2776 13500 -4982 5876 15132 END
START 7660 2592 13232 -5089 6437 15703 END
START 7300 2580 12944 -5223 6951 16283 END
START 7032 2628 12664 -5316 7568 16902 END
START 6832 2572 12460 -5511 8159 17543 END
START 6644 2584 12048 -5627 8805 18151 END
START 6440 2436 11876 -5797 9474 18913 END
START 6224 2340 11744 -5988 10231 19636 END
START 6048 2364 11252 -6217 10993 20415 END
START 5704 2416 11068 -6468 11846 21235 END
START 5512 2444 10736 -6656 12584 22033 END
START 5212 2504 10224 -6945 13400 22851 END
START 5024 2716 9844 -7174 14461 23693 END
START 4816 2792 9444 -7364 15379 24555 END
START 4420 2888 8912 -7551 16311 25421 END
START 4188 2988 8520 -7679 17259 26335 END
START 3876 3092 8096 -7788 18242 27275 END
START 3420 3328 7776 -7856 19280 28219 END
START 3104 3468 7672 -7902 20204 29159 END
START 2520 3632 7484 -7912 21082 30105 END
START 1824 3872 7436 -7901 21888 31033 END
START 1060 3976 7128 -7835 22649 31955 END
START 376 3932 7024 -7746 23210 32767 END
START -396 4132 7312 -7586 23749 32767 END
START -1268 4244 7468 -7396 24092 32767 END
START -2264 4240 7560 -7160 24327 32767 END
START -3176 4176 7748 -6918 24407 32767 END
START -3964 3820 7656 -6634 24375 32767 END
START -4696 3728 7716 -6348 24234 32767 END
START -5480 3564 8136 -6018 23934 32767 END
START -6208 3220 8100 -5665 23647 32767 END
START -6904 2932 8128 -5277 23311 32767 END
START -7620 2712 8008 -4862 22931 32767 END
START -8188 2320 8124 -4442 22492 32767 END
START -8680 2044 7768 -4053 22096 32767 END
START -9240 1708 7732 -3634 21639 32767 END
START -9956 1524 7760 -3263 21196 32767 END
START -10640 1308 7568 -2879 20795 32767 END
START -11096 892 7472 -2547 20374 32767 END
START -11764 496 7296 -2244 19965 32767 END
START -12320 -64 7000 -1931 19585 32767 END
START -12832 -532 6780 -1661 19187 32767 END
START -13132 -952 6516 -1389 18743 32767 END
START -13364 -1360 5868 -1145 18343 32767 END
START -13516 -1712 5568 -834 17972 32767 END
START -13432 -2008 4900 -525 17708 32767 END
START -13292 -2244 4288 -152 17484 32767 END
START -13108 -2416 3768 299 17396 32070 END
START -13016 -2384 3360 884 17436 31307 END
START -13196 -2300 2952 1609 17465 30564 END
START -13512 -2216 2744 2450 17402 29832 END
START -13928 -2008 2628 3527 17197 29153 END
START -14044 -2168 2712 4796 16857 28504 END
START -14504 -1844 2764 6193 16415 27843 END
START -14572 -1860 2984 7782 15895 27234 END
START -14812 -1820 3264 9601 15296 26506 END
START -15500 -1220 3484 11513 14588 25918 END
START -15256 -1388 3948 13451 13778 25246 END
START -15216 -1432 3976 15544 13011 24589 END
START -15060 -1536 4180 17591 12818 24001 END
START -15476 -1464 4648 19532 12131 23406 END
START -15680 -1592 4912 21344 11671 22743 END
START -15960 -1536 5716 22911 11266 22111 END
START -16060 -1688 6088 24273 10957 21351 END
START -16400 -1736 6436 25373 10733 20617 END
START -16644 -2172 7056 26220 10676 19798 END
START -16812 -2720 7556 26842 10761 18791 END
START -16992 -3184 7936 27161 10926 17673 END
START -16988 -3336 8252 27254 11251 16495 END
START -17052 -3684 8580 27161 11608 15253 END
START -16940 -3964 8960 26936 12077 13917 END
START -16968 -4384 9324 26526 12612 12767 END
START -16908 -4612 9552 26035 13324 11147 END
START -17084 -4924 9908 25550 14006 9764 END
START -17388 -4928 10428 25064 14629 8325 END
START -17568 -5020 10964 24641 15258 6767 END
START -17644 -5216 11484 24297 15715 5324 END
START -17824 -5360 12080 24046 16145 3835 END
START -17896 -5460 12736 23900 16461 2251 END
START -17808 -5568 13456 23825 16631 809 END
START -17648 -5320 14216 23817 16701 -727 END
START -17584 -5276 15084 23957 16579 -2279 END
START -17572 -4748 15968 24109 16301 -3771 END
START -17616 -4260 16840 24332 15741 -5201 END
START -17256 -3712 17692 24538 15094 -6580 END
START -17032 -2880 18868 24870 14090 -7894 END
START -16672 -2200 19800 25184 13060 -9103 END
START -16380 -1528 20632 25506 11998 -10190 END
START -16076 -868 21304 25812 10656 -11225 END
START -15564 -32 22160 26107 9397 -12131 END
START -15100 704 22676 26331 8118 -12932 END
START -14584 1436 23120 26540 6804 -13571 END
START -13864 2004 23464 26614 5519 -14109 END
START -13244 2584 23708 26624 4380 -14489 END
START -12620 3084 23964 26518 3382 -14715 END
START -12092 3420 24140 26290 2554 -14843 END
START -11588 3720 24292 26008 1730 -14909 END
START -11248 3716 24496 25677 1181 -14971 END
START -10980 3964 24712 25196 602 -15023 END
START -10632 3932 25136 24741 168 -15131 END
START -10556 4020 25532 24247 -265 -15229 END
START -10568 4044 26208 23852 -671 -15335 END
START -10440 3956 26880 23376 -1247 -15558 END
START -10356 3784 27448 22976 -1897 -15829 END
START -10324 4048 27920 22535 -2642 -16138 END
START -10116 4200 28564 22035 -3343 -16466 END
START -9696 4420 28920 21419 -4127 -16797 END
START -9264 4720 29008 20764 -4783 -17122 END
START -8900 5132 29244 20111 -5409 -17416 END
START -8452 5584 29688 19335 -5967 -17630 END
START -7908 6140 29696 18535 -6468 -17748 END
START -7332 6236 29892 17674 -6855 -17723 END
START -6640 6732 30008 16734 -7179 -17536 END
START -5944 7016 30120 15762 -7453 -17256 END
START -5212 7704 30052 14726 -7678 -16881 END
START -4596 8076 29988 13600 -7832 -16416 END
START -3948 8600 30148 12603 -7964 -15901 END
START -3268 8912 30112 11518 -8106 -15298 END
START -2624 9260 30096 10174 -8182 -14647 END
START -2040 9364 29908 9018 -8345 -13944 END
START -1576 9304 29908 7845 -8386 -13205 END
START -1068 9308 29892 6709 -8480 -12479 END
START -784 9500 29856 5621 -8538 -11683 END
START -320 9344 29872 4655 -8637 -10955 END
START 80 9244 29756 3671 -8795 -10212 END
START 320 9208 29548 2739 -8947 -9453 END
START 584 9060 29532 1914 -9188 -8756 END
START 900 8988 29072 1078 -9414 -7945 END
START 944 8768 28908 322 -9577 -7243 END
START 1024 8600 28640 -469 -9792 -6464 END
START 1152 8572 28524 -1209 -9968 -5729 END
START 1296 8396 27884 -1996 -10117 -4993 END
START 1280 8092 27528 -2792 -10329 -4267 END
START 1240 7884 26888 -3503 -10429 -3601 END
START 1208 7724 26520 -4293 -10498 -2950 END
START 1044 7492 25964 -5027 -10640 -2350 END
START 1032 7240 25576 -5754 -10740 -1838 END
START 876 7096 24976 -6452 -10815 -1342 END
START 808 6976 24452 -7082 -10966 -896 END
START 636 6616 23832 -7728 -11046 -532 END
START 420 6432 23544 -8303 -11152 -224 END
START 192 6148 22956 -8836 -11262 51 END
START 12 5996 22600 -9327 -11332 301 END
START -100 6036 22200 -9826 -11502 514 END
START -204 5860 21836 -10209 -11615 694 END
START -248 5748 21416 -10566 -11776 815 END