START -12 264 16296 253 70 -1664 END
START 152 232 16384 193 147 -1551 END
START 100 336 16820 139 258 -1428 END
START 20 172 17112 52 300 -1296 END
START 68 200 17148 -76 314 -1210 END
START 36 268 17412 -198 285 -1114 END
START 96 220 17488 -375 270 -1030 END
START -32 220 17648 -568 259 -1013 END
START -40 128 17808 -726 256 -921 END
START -32 36 17676 -912 188 -853 END
START -16 8 17988 -1074 145 -821 END
START -36 -68 17792 -1237 69 -765 END
START -112 -96 17856 -1392 26 -724 END
START -108 -164 17920 -1518 -3 -695 END
START -88 -200 17948 -1628 -34 -688 END
START -176 -164 17900 -1732 -56 -648 END
START -76 -244 17916 -1841 -132 -683 END
START -100 -328 17804 -1926 -184 -682 END
START 0 -336 17976 -1967 -203 -685 END
START 48 -528 18008 -2013 -242 -700 END
START -12 -628 18088 -2022 -279 -723 END
START 152 -628 18136 -2060 -264 -727 END
START -44 -600 18372 -2098 -359 -720 END
START 108 -608 18428 -2161 -412 -673 END
START 40 -560 18400 -2193 -493 -653 END
START 220 -520 18464 -2267 -590 -587 END
START 352 -400 18344 -2324 -630 -565 END
START 532 -476 18248 -2419 -670 -521 END
START 644 -300 18216 -2479 -611 -474 END
START 860 -136 18192 -2597 -545 -454 END
START 892 -72 18244 -2690 -477 -427 END
START 912 -92 18284 -2804 -363 -350 END
START 1076 188 18372 -2993 -309 -276 END
START 1308 236 18344 -3153 -264 -174 END
START 1244 376 18476 -3373 -152 -53 END
START 1472 408 18512 -3575 -108 116 END
START 1632 512 18624 -3813 -49 283 END
START 1756 504 18660 -4084 17 453 END
START 1980 668 18736 -4362 119 631 END
START 2056 784 18780 -4657 253 850 END
START 2236 788 18516 -4977 372 1034 END
START 2420 768 18476 -5290 507 1205 END
START 2468 760 18360 -5654 690 1417 END
START 2628 660 18500 -5970 840 1598 END
START 2736 544 18308 -6280 1021 1781 END
START 2848 700 18220 -6560 1274 1923 END
START 2944 816 18328 -6784 1549 2102 END
START 2988 896 18272 -7019 1708 2308 END
START 3028 1100 18436 -7223 1845 2536 END
START 2928 1152 18380 -7419 1884 2812 END
START 2808 1316 18480 -7609 1886 3124 END
START 2780 1252 18664 -7746 1768 3475 END
START 2800 1356 18520 -7880 1626 3844 END
START 2896 1328 18388 -7976 1482 4247 END
START 2820 1300 18436 -8020 1265 4580 END
START 2832 1372 18320 -8032 1058 4947 END
START 2784 1400 18196 -8042 817 5325 END
START 2756 1428 18236 -8005 561 5697 END
START 2836 1484 17792 -7971 293 6081 END
START 2820 1604 17680 -7913 23 6497 END
START 2912 1476 17540 -7834 -237 6889 END
START 2840 1512 17196 -7796 -484 7316 END
START 3048 1644 16884 -7713 -730 7736 END
START 3076 1496 16740 -7630 -974 8171 END
START 3016 1312 16264 -7566 -1122 8597 END
START 3172 1208 15764 -7502 -1322 8970 END
START 3112 1024 15364 -7393 -1389 9316 END
START 3232 1024 15036 -7284 -1369 9650 END
START 3260 860 14516 -7139 -1301 9978 END
START 3316 816 13948 -6988 -1172 10251 END
START 3356 920 13464 -6871 -924 10545 END
START 3424 1032 13184 -6723 -628 10817 END
START 3400 1284 12596 -6589 -305 11111 END
START 3340 1260 12344 -6477 37 11407 END
START 3272 1316 11940 -6363 383 11720 END
START 3276 1388 11524 -6224 762 12032 END
START 3508 1332 11376 -6105 1219 12376 END
START 3512 1424 11080 -5958 1723 12719 END
START 3656 1508 10788 -5761 2235 13000 END
START 3668 1720 10640 -5592 2713 13473 END
START 3460 1832 10572 -5419 3151 13881 END
START 3472 1928 10500 -5229 3569 14386 END
START 3488 2052 10376 -5014 4027 14841 END
START 3296 2052 10284 -4832 4395 15365 END
START 3144 2100 10168 -4592 4771 15913 END
START 2932 2144 9932 -4329 5038 16461 END
START 2736 2156 9996 -4096 5240 16943 END
START 2532 2000 9736 -3796 5400 17503 END
START 2424 2052 9476 -3531 5556 17965 END
START 2264 2104 9068 -3186 5703 18484 END
START 1932 1944 8872 -2858 5750 18958 END
START 1708 1960 8652 -2391 5815 19415 END
START 1400 1896 8280 -1877 5794 19878 END
START 1216 1800 7952 -1255 5792 20322 END
START 824 1696 7460 -508 5796 20732 END
START 580 1476 7484 280 5725 21102 END
START 224 1248 7152 1073 5659 21406 END
START 188 1208 7008 1908 5555 21631 END
START -12 1156 6892 2772 5509 21839 END
START -256 1200 6768 3633 5427 22026 END
START -608 1300 6596 4516 5323 22167 END
START -824 1376 6652 5378 5208 22308 END
START -968 1376 6620 6294 5089 22387 END
START -1128 1348 6488 7182 4991 22463 END
START -1056 1224 6384 8076 5004 22531 END
START -1016 1176 6076 8973 5107 22541 END
START -796 1248 5816 9833 5268 22580 END
START -764 1468 5720 10565 5575 22582 END
START -640 1832 5308 11346 5926 22597 END
START -552 2400 5040 11969 6418 22654 END
START -640 2944 4788 12420 6892 22848 END
START -324 3244 4636 12890 7464 23067 END
START -204 3560 4588 13331 8047 23383 END
START -260 3740 4748 13715 8638 23702 END
START -356 3864 4784 14101 9149 24041 END
START -528 3964 5096 14512 9629 24459 END
START -704 3848 5380 14910 9988 24811 END
START -1028 3856 5544 15333 10358 25159 END
START -1408 3936 5868 15753 10630 25481 END
START -1776 4068 5896 16102 10764 25738 END
START -2008 4148 6124 16417 10856 26040 END
START -2488 4264 6120 16699 10931 26246 END
START -2924 4384 6400 16972 10925 26498 END
START -3404 4392 6380 17183 10939 26754 END
START -3704 4304 6520 17417 10900 26941 END
START -3964 4124 6580 17623 10858 27073 END
START -4284 4084 6592 17831 10897 27137 END
START -4732 3816 6668 17988 11016 27163 END
START -5124 3636 6868 18083 11237 27075 END
START -5356 3436 6956 18027 11487 26889 END
START -5804 3352 6972 17889 11793 26637 END
START -6140 3288 7072 17611 12181 26281 END
START -6764 3360 7384 17215 12571 25835 END
START -7260 3156 7564 16729 13075 25234 END
START -7708 3196 7596 16176 13287 24466 END
START -8148 3164 7928 15642 13856 23689 END
START -8748 3144 8028 15120 14280 22845 END
START -9304 3184 8460 14590 14642 22024 END
START -9644 3024 8912 14167 14858 21233 END
START -9952 2812 9388 13759 15021 20416 END
START -10232 2824 9652 13408 15171 19599 END
START -10484 2896 9904 13082 15189 18797 END
START -10808 3084 10344 12700 15105 18009 END
START -10776 3224 10492 12232 14878 17282 END
START -10876 3380 11080 11921 14509 16549 END
START -10764 3220 11300 11693 14046 15854 END
START -10520 3028 11356 11329 13687 15279 END
START -10296 2976 11768 11030 12936 14682 END
START -10064 2944 11912 10773 12797 14228 END
START -9640 3112 11976 10459 12157 13688 END
START -9396 3360 11840 10144 11644 13194 END
START -9124 3744 11864 9846 11117 12907 END
START -8912 4140 11764 9507 10539 12491 END
START -8840 4384 11572 9214 9874 12070 END
START -8556 4540 11528 8962 9190 11842 END
START -8564 4744 11472 8845 8482 11617 END
START -8388 4980 10928 8827 7691 11472 END
START -8292 5116 10520 8900 6906 11334 END
START -8072 5432 9964 9079 6231 11210 END
START -8156 5556 10016 9346 5639 11128 END
START -7832 5644 9344 9686 5154 11056 END
START -7552 5732 8928 10106 4861 11026 END
START -7404 5944 8428 10470 4755 11015 END
START -7292 6212 8472 10860 4752 10990 END
START -7580 6288 8604 11139 4808 10959 END
START -7612 6356 8672 11346 4849 10888 END
START -7820 6392 9212 11480 4880 10788 END
START -7896 6156 9872 11454 4811 10581 END
START -8048 5972 10196 11330 4689 10281 END
START -8216 5824 10504 11162 4446 9867 END
START -8360 5596 11008 10919 4235 9455 END
START -8452 5468 11488 10692 3928 9041 END
START -8552 5416 11736 10487 3564 8570 END
START -8828 5476 11924 10326 3194 8195 END
START -8848 5784 11984 10238 2778 7781 END
START -9068 6060 11856 10176 2344 7394 END
START -9000 6144 11720 10153 1941 7052 END
START -9020 6384 11560 10159 1488 6678 END
START -8872 6636 11220 10229 1057 6332 END
START -8812 6732 11000 10335 713 5957 END
START -8532 6616 10636 10484 421 5592 END
START -8316 6672 10468 10710 190 5311 END
START -8220 6528 10436 11016 8 4990 END
START -8028 6320 10548 11291 -143 4719 END
START -8128 5928 10928 11577 -302 4392 END
START -8152 5776 10976 11980 -521 4049 END
START -8324 5636 11320 12270 -758 3698 END
START -8360 5852 11356 12364 -1009 3349 END
START -8340 6164 11516 12641 -1173 2944 END
START -8268 6536 11380 12645 -1300 2600 END
START -8176 6844 11324 12606 -1362 2251 END
START -7948 7148 11576 12550 -1322 1909 END
START -8180 7368 11648 12345 -1318 1649 END
START -8324 7416 12504 12246 -1400 1359 END
START -8412 7440 12752 12014 -1578 1059 END
START -8588 7596 13224 11985 -1851 738 END
START -8780 7644 13668 11876 -2201 418 END
START -8792 7872 14148 11684 -2690 108 END
START -8904 7972 14588 11580 -3230 -161 END
START -8816 8068 14732 11520 -3838 -411 END
START -8864 8284 14972 11417 -4470 -652 END
START -8780 8380 15064 11386 -5092 -873 END
START -8884 8512 15316 11266 -5698 -1130 END
START -8800 8476 15352 11180 -6394 -1366 END
START -8676 8520 15256 11088 -6880 -1664 END
START -8736 8356 15188 10942 -7398 -1968 END
START -8672 8684 15024 10790 -7754 -2306 END
START -8536 8732 14868 10599 -8142 -2610 END
START -8456 8724 14728 10432 -8417 -2961 END
START -8524 8832 14768 10239 -8623 -3363 END
START -8664 8852 14600 10121 -8809 -3751 END
START -8800 8740 14720 10019 -9014 -4170 END
START -8872 8704 14736 9963 -9226 -4582 END
START -9044 8700 14912 9917 -9463 -5016 END
START -9332 8604 15044 9945 -9731 -5479 END
START -9768 8412 15376 9959 -10105 -5965 END
START -10028 8140 15660 10048 -10537 -6533 END
START -10244 7896 15812 10138 -11080 -7062 END
START -10436 7788 16036 10225 -11675 -7711 END
START -10512 7584 16076 10272 -12210 -8356 END
START -10432 7576 15932 10348 -12815 -9035 END
START -10568 7472 15972 10383 -13303 -9730 END
START -10744 7820 15932 10413 -13790 -10420 END
START -10704 8452 15864 10394 -14233 -11127 END
START -10432 8860 15780 10351 -14573 -11771 END
START -9980 9224 15512 10221 -14872 -12300 END
START -9400 9404 15724 9982 -15085 -12727 END
START -9032 9564 15704 9722 -15281 -13038 END
START -8600 9632 15648 9501 -15503 -13257 END
START -8072 9724 15404 9283 -15578 -13473 END
START -7616 9812 15344 9121 -15615 -13725 END
START -7128 10056 15124 8961 -15464 -13879 END
START -6576 10212 15072 8890 -15301 -14071 END
START -6384 10408 15080 8797 -15006 -14152 END
START -6096 10580 15388 8677 -14785 -14200 END
START -6060 10688 15712 8538 -14571 -14218 END
START -6100 10864 16024 8435 -14433 -14219 END
START -6212 10908 16484 8281 -14417 -14254 END
START -6316 10764 16920 8165 -14419 -14329 END
START -6412 10684 17348 8013 -14503 -14412 END
START -6540 10436 17612 7817 -14572 -14543 END
START -6488 10048 17764 7600 -14644 -14748 END
START -6320 9904 17688 7299 -14604 -15006 END
START -6236 9840 17544 6996 -14436 -15322 END
START -6040 10044 17540 6606 -14225 -15678 END
START -6132 10356 17344 6162 -13903 -16144 END
START -6136 10400 17196 5661 -13454 -16528 END
START -6212 10108 17192 5157 -12976 -16905 END
START -6116 9984 16936 4606 -12459 -17271 END
START -6124 10012 16864 4113 -11873 -17654 END
START -6328 10116 16788 3545 -11241 -18057 END
START -6508 10148 17016 3023 -10687 -18555 END
START -6668 10452 17060 2532 -10217 -19056 END
START -6692 10536 17252 1951 -9810 -19593 END
START -6620 10524 17340 1406 -9439 -20014 END
START -6504 10484 17556 872 -9113 -20374 END
START -6224 10096 17732 325 -8868 -20663 END
START -6276 10060 18008 -190 -8794 -20960 END
START -6352 10276 18420 -674 -8809 -21229 END
START -6428 10388 18532 -1086 -8940 -21422 END
START -6376 10528 18872 -1412 -9219 -21585 END
START -6368 10656 18896 -1668 -9504 -21683 END
START -6236 10644 18640 -1818 -9824 -21696 END
START -6084 10776 18492 -1902 -10134 -21657 END
START -5868 10848 18380 -1891 -10329 -21556 END
START -5768 10900 18088 -1848 -10452 -21384 END
START -5436 10948 17844 -1810 -10438 -21211 END
START -5068 10884 17492 -1772 -10301 -21027 END
START -4956 10784 17332 -1855 -10094 -20917 END
START -4768 10724 17012 -1916 -9722 -20827 END
START -4504 10676 16796 -2067 -9355 -20735 END
START -4412 10616 16700 -2225 -8881 -20727 END
START -4312 10552 16676 -2448 -8351 -20736 END
START -4152 10608 16312 -2693 -7727 -20773 END
START -3876 10688 16068 -2952 -7055 -20831 END
START -3764 10728 15820 -3206 -6351 -20903 END
START -3744 10712 15864 -3459 -5641 -20945 END
START -3688 10528 15628 -3724 -4903 -21009 END
START -3540 10464 15400 -3980 -4161 -21073 END
START -3324 10388 15364 -4246 -3394 -21169 END
START -3156 10732 15160 -4460 -2693 -21310 END
START -2916 10836 15268 -4706 -1991 -21474 END
START -2616 11028 15460 -4983 -1334 -21643 END
START -2420 11204 15500 -5242 -722 -21756 END
START -2208 11408 15580 -5572 -257 -21716 END
START -2068 11420 15684 -5897 253 -21637 END