START -3796 1052 11724 -1653 5594 8594 END
START -4804 2604 15084 -1744 4064 8681 END
START -2836 1528 10580 -1206 5436 8758 END
START -6040 1404 12600 -838 5382 8942 END
START -3000 896 7408 -315 6145 9066 END
START -4692 1240 9364 126 7449 9244 END
START -3380 1484 8320 511 7964 9422 END
START -2748 1880 7440 880 8585 9662 END
START -3632 2264 8400 1152 9502 9928 END
START -4620 2516 9496 1404 9997 10195 END
START -4532 2764 9260 1584 10540 10499 END
START -4168 2904 8804 1709 11210 10826 END
START -4492 3096 9116 1776 11995 11137 END
START -5212 3100 9496 1789 12681 11478 END
START -5032 3120 9180 1717 13018 11747 END
START -5596 3184 9548 1596 14044 12045 END
START -5856 3200 9548 1444 14897 12254 END
START -5976 3120 9408 1234 15712 12561 END
START -6288 3172 9680 975 16517 12495 END
START -6672 3212 9644 765 17295 12715 END
START -7312 3304 9720 474 18045 12789 END
START -7652 3628 9836 188 18807 12787 END
START -7996 3784 9892 -96 19500 12796 END
START -8496 3960 9900 -321 20207 12824 END
START -8768 3840 9836 -521 20918 13061 END
START -8960 3792 9804 -687 21686 12890 END
START -9224 3712 9400 -765 22548 12860 END
START -9352 3764 9184 -789 23479 13180 END
START -9616 3796 8848 -809 24493 12855 END
START -9828 3884 8420 -735 25555 13179 END
START -9892 4048 8252 -602 26606 12891 END
START -10124 4052 7988 -441 27695 13219 END
START -10160 4144 7732 -228 28878 13061 END
START -10188 4168 7508 27 30068 13301 END
START -10264 4092 7284 356 31242 13546 END
START -10340 4164 7128 671 32338 13633 END
START -10444 4212 6908 1009 32767 13837 END
START -10900 4248 7348 1491 32767 13998 END
START -11508 4080 7940 2173 32767 14307 END
START -11988 3936 8304 3066 32767 14589 END
START -12572 3748 8904 4060 32767 14862 END
START -12984 3532 9636 5104 32767 15102 END
START -13584 3140 10140 6089 32767 15174 END
START -13872 2864 10720 7104 32767 15082 END
START -14184 2340 11296 7980 32767 14872 END
START -14960 1884 12184 8824 32767 14500 END
START -15480 1456 12736 9568 32767 13973 END
START -15872 796 13624 10207 32767 13396 END
START -16316 808 14284 10813 32767 12509 END
START -16416 352 15196 11237 32481 11954 END
START -16476 180 15500 11641 31552 11150 END
START -16692 144 16008 12240 30538 10348 END
START -16992 312 16684 12182 29390 9537 END
START -17128 484 17032 12718 28225 8792 END
START -16960 716 17212 12770 27058 8165 END
START -17028 1404 17256 12918 25943 7634 END
START -16412 1368 17592 12832 24797 7278 END
START -16592 1536 17788 12944 23820 6895 END
START -16696 1844 17908 12850 22856 6504 END
START -16872 1940 18296 12846 21889 6246 END
START -16888 2104 18164 12709 20966 5939 END
START -16852 2064 18412 12615 20097 5631 END
START -16960 2112 18256 12377 19374 5389 END
START -17152 2056 18264 12226 18657 5131 END
START -17308 2060 18224 11991 18084 4926 END
START -17236 1952 18004 11953 17565 4643 END
START -17416 2120 17860 11478 17204 4381 END
START -17472 2068 17732 11286 16855 4112 END
START -17600 1984 17532 10966 16632 3789 END
START -17716 2012 17420 10679 16488 3449 END
START -17748 2032 17084 10439 16442 3100 END
START -17884 1872 17220 10174 16358 2782 END
START -18076 1652 17020 9970 16323 2408 END
START -18132 1488 17112 9775 16254 1988 END
START -18280 1488 17180 9698 16193 1558 END
START -18424 1400 17188 9600 16050 1086 END
START -18516 1272 17256 9617 15910 553 END
START -18648 1224 17300 9731 15750 8 END
START -18696 1076 17272 9854 15554 -561 END
START -18796 820 17608 10019 15407 -1108 END
START -18764 780 17836 10174 15141 -1674 END
START -18908 516 18056 10342 14846 -2262 END
START -19084 216 18268 10466 14525 -2805 END
START -19068 -140 18304 10649 14299 -3437 END
START -18988 -352 18620 10716 13966 -4071 END
START -19008 -548 19028 10832 13721 -4784 END
START -19064 -744 19176 10821 13464 -5548 END
START -19096 -908 19356 10763 12957 -6393 END
START -18964 -812 19864 10617 12903 -7214 END
START -18668 -848 20052 10440 12303 -8082 END
START -18572 -900 20300 10161 11993 -8920 END
START -18412 -996 20632 9861 11580 -9707 END
START -18112 -876 21072 9542 11191 -10497 END
START -17764 -644 21396 9140 10783 -11231 END
START -17628 -364 21792 8743 10325 -11996 END
START -17348 -224 22316 8301 9865 -12613 END
START -17084 192 22840 7836 9288 -13206 END
START -17076 468 23372 7330 8637 -13747 END
START -16760 668 23784 6794 7884 -14204 END
START -16456 868 24104 6288 7112 -14609 END
START -16132 1120 24544 5703 6277 -14924 END
START -15736 1292 24672 5106 5460 -15234 END
START -15320 1372 24916 4441 4570 -15435 END
START -14932 1540 25276 3777 3770 -15607 END
START -14768 1700 25400 3098 2935 -15703 END
START -14096 1816 25544 2393 2124 -15773 END
START -13768 1928 25472 1673 1390 -15757 END
START -13372 1976 25628 874 688 -15714 END
START -12832 1944 25392 77 36 -15666 END
START -12516 2040 25388 -722 -515 -15537 END
START -12236 2072 25312 -1572 -994 -15424 END
START -11984 2076 25144 -2394 -1509 -15283 END
START -11920 2052 25176 -3215 -2032 -15148 END
START -11728 1980 25096 -4043 -2459 -14970 END
START -11492 1880 25092 -4868 -2860 -14788 END
START -11476 1628 24872 -5702 -3297 -14632 END
START -11328 1496 24708 -6545 -3728 -14494 END
START -11036 1196 24560 -7471 -4181 -14342 END
START -10956 1060 24124 -8343 -4489 -14252 END
START -10728 952 23780 -9244 -4703 -14211 END
START -10660 884 23580 -10157 -4903 -14169 END
START -10500 664 23116 -11093 -5129 -14180 END
START -10496 728 22900 -11957 -5356 -14234 END
START -10396 548 22540 -12887 -5599 -14292 END
START -10396 564 22088 -13658 -5928 -14360 END
START -10504 480 21812 -14423 -6248 -14505 END
START -10512 312 21216 -15071 -6547 -14636 END
START -10684 248 20752 -15637 -6859 -14797 END
START -10548 240 20396 -16152 -7286 -14985 END
START -10684 100 20036 -16532 -7622 -15222 END
START -10520 -148 19260 -16869 -7992 -15425 END
START -10440 -312 18484 -17106 -8368 -15721 END
START -10312 -424 17852 -17266 -8645 -16040 END
START -10240 -440 17324 -17382 -8875 -16349 END
START -10096 -300 16640 -17478 -9072 -16713 END
START -10012 -240 16160 -17510 -9186 -16991 END
START -9960 -188 15684 -17559 -9316 -17318 END
START -9952 16 15292 -17616 -9359 -17556 END
START -9848 40 14784 -17659 -9431 -17779 END
START -9852 236 14652 -17756 -9477 -17891 END
START -9840 352 14216 -17808 -9569 -18005 END
START -9952 572 14028 -17822 -9693 -18090 END
START -9916 612 13848 -17844 -9838 -18149 END
START -9812 520 13508 -17868 -9966 -18223 END
START -9784 704 13276 -17788 -10092 -18273 END
START -9844 552 13128 -17742 -10295 -18285 END
START -9796 528 13032 -17633 -10521 -18345 END
START -9804 432 12936 -17509 -10860 -18330 END
START -9804 324 12908 -17272 -11286 -18365 END
START -10028 336 12536 -17030 -11765 -18353 END
START -9892 180 12344 -16734 -12270 -18351 END
START -9760 176 11996 -16336 -12856 -18349 END
START -9536 68 11772 -15897 -13398 -18415 END
START -9336 -20 11220 -15402 -13927 -18412 END
START -9224 104 11048 -14877 -14394 -18457 END
START -8924 -20 10712 -14323 -14892 -18477 END
START -8836 32 10316 -13794 -15353 -18484 END
START -8664 36 10120 -13280 -15800 -18450 END
START -8568 104 9924 -12770 -16328 -18443 END
START -8504 68 9640 -12231 -16815 -18398 END
START -8420 16 9476 -11693 -17371 -18363 END
START -8332 -128 9184 -11236 -17915 -18338 END
START -8176 -136 8972 -10705 -18507 -18305 END
START -7940 -284 8832 -10170 -19052 -18308 END
START -7828 -576 8464 -9648 -19555 -18308 END
START -7800 -696 8164 -9082 -20027 -18370 END
START -7780 -928 7928 -8479 -20499 -18466 END
START -7652 -1160 7584 -7936 -20955 -18551 END
START -7616 -1304 7508 -7351 -21429 -18630 END
START -7512 -1488 7216 -6802 -21903 -18787 END
START -7468 -1480 7056 -6226 -22350 -18949 END
START -7364 -1592 6724 -5712 -22716 -19128 END
START -7280 -1600 6520 -5125 -23086 -19310 END
START -7368 -1716 6484 -4595 -23477 -19564 END
START -7096 -1752 6136 -4046 -23795 -19811 END
START -7172 -1608 6096 -3518 -24098 -20095 END
START -7012 -1648 5708 -2928 -24369 -20377 END
START -6948 -1556 5624 -2339 -24675 -20660 END
START -6724 -1516 5228 -1754 -24870 -20885 END
START -6444 -1512 5064 -1234 -25060 -21123 END
START -6200 -1372 4680 -667 -25242 -21340 END
START -6040 -1196 4592 -158 -25318 -21544 END
START -5748 -1116 4416 353 -25378 -21720 END
START -5380 -952 4072 892 -25426 -21852 END
START -5240 -872 3864 1397 -25405 -21980 END
START -4900 -680 3760 1950 -25388 -22090 END
START -4636 -468 3508 2582 -25374 -22169 END
START -4280 -516 3320 3147 -25384 -22272 END
START -3900 -396 3192 3846 -25342 -22324 END
START -3644 -436 2952 4511 -25304 -22380 END
START -3072 -360 2732 5222 -25171 -22445 END
START -2704 -364 2284 5983 -24983 -22452 END
START -2372 -324 2124 6704 -24677 -22442 END
START -1732 -300 1868 7449 -24347 -22416 END
START -1300 -24 1648 8157 -23966 -22334 END
START -868 -24 1512 8891 -23556 -22235 END
START -516 124 1500 9562 -23130 -22101 END
START -112 316 1432 10262 -22633 -21933 END
START 404 376 1132 10917 -22044 -21768 END
START 844 636 1212 11652 -21364 -21531 END
START 1048 936 1140 12412 -20656 -21278 END
START 1376 1200 1364 12818 -19965 -21014 END
START 1620 1404 1708 13453 -19218 -20796 END
START 1740 1704 2044 14045 -18482 -20509 END
START 2032 1944 2480 14523 -17805 -20210 END
START 2212 2140 2880 14939 -17154 -19903 END
START 2408 2100 3236 15286 -16607 -19557 END
START 2756 2060 3728 15620 -16047 -19119 END
START 2932 1972 4032 15869 -15507 -18674 END
START 3152 1816 4664 16178 -15066 -18245 END
START 3280 1760 5172 16479 -14598 -17816 END
START 3596 1828 5552 16805 -14290 -17441 END
START 3624 1820 6200 17170 -14054 -17123 END
START 3752 1820 6668 17533 -13897 -16758 END
START 3996 1896 7076 17909 -13756 -16412 END
START 4216 1832 7652 18263 -13677 -16040 END
START 4408 1964 8160 18655 -13607 -15649 END
START 4572 1800 8872 19092 -13599 -15254 END
START 4656 1680 9392 19438 -13693 -14830 END
START 4864 1676 9860 19852 -13798 -14413 END
START 5016 1656 10504 20237 -13989 -13984 END
START 5224 1456 10628 20576 -14107 -13598 END
START 5640 1508 11108 20874 -14225 -13247 END
START 6068 1480 11476 21107 -14271 -12850 END
START 6440 1756 11904 21252 -14158 -12481 END
START 6900 1872 12348 21287 -14073 -12040 END
START 7132 2348 12884 21219 -13955 -11593 END
START 7520 2824 13548 20948 -13879 -11083 END
START 8032 3180 14304 20643 -13811 -10512 END
START 8464 3624 14784 20188 -13681 -9848 END
START 8984 3736 14940 19704 -13372 -9123 END
START 9768 4020 15488 19079 -12892 -8287 END
START 10504 4076 15916 18309 -12267 -7332 END
START 11104 4272 16284 17376 -11492 -6310 END
START 11752 4448 16796 16337 -10568 -5224 END
START 12176 4712 17296 15132 -9495 -4104 END
START 12524 5120 17824 13695 -8355 -2900 END
START 12684 5184 18416 12122 -7276 -1781 END
START 12680 5416 18768 10566 -6108 -612 END
START 12776 5548 19208 8750 -4995 565 END
START 12792 5536 19408 6972 -3922 1656 END
START 12548 5572 19640 5083 -2765 2766 END
START 12380 5568 19592 3223 -1729 3809 END
START 12064 5412 19544 1312 -615 4847 END
START 11572 5428 19380 -498 394 5846 END
START 11256 5452 19256 -2022 1280 6661 END
START 10984 5088 18788 -3640 2180 7558 END
START 10512 4820 18572 -5000 3079 8397 END
START 10024 4452 18216 -6181 3916 9166 END
START 9656 4052 17508 -7167 4702 9887 END
START 9276 3900 17152 -8026 5412 10466 END
START 8816 3648 16824 -8720 6102 11086 END
START 8356 3456 16272 -9275 6772 11616 END
START 7964 3152 15824 -9724 7258 12172 END
START 7528 3100 15352 -10048 7798 12488 END
START 7164 2844 15040 -10304 8261 12971 END
START 6860 2748 14824 -10511 8717 13522 END
START 6612 2736 14280 -10632 9102 13942 END
START 6268 2688 13928 -10656 9477 14399 END
START 6048 2760 13548 -10653 9832 14832 END
START 5744 2744 13276 -10595 10171 15292 END
START 5460 2532 12752 -10497 10557 15842 END
START 5228 2372 12348 -10373 10899 16383 END
START 4956 2236 12128 -10224 11304 17010 END
START 4744 2172 11820 -10064 11725 17609 END
START 4508 1960 11520 -9877 12141 18280 END
START 4100 1980 11180 -9699 12573 18947 END
START 3880 2036 10876 -9506 13268 19614 END
START 3596 1936 10508 -9322 13253 20343 END
START 3312 2064 10236 -9136 14066 21085 END
START 2916 1960 10144 -8952 14501 21801 END
START 2448 2188 9944 -8774 15016 22531 END
START 2048 2416 9984 -8612 15482 23304 END
START 1664 2520 9840 -8406 15935 24075 END
START 1080 2548 9688 -8239 16406 24834 END
START 380 2676 9816 -8037 16730 25612 END
START -336 2728 9936 -7877 17047 26280 END
START -984 2640 10020 -7714 17320 26974 END
START -1684 2692 9880 -7517 17485 27611 END
START -2416 2616 10112 -7388 17593 28233 END
START -3040 2476 10120 -7217 17715 28737 END
START -3636 2320 10236 -7054 17672 29242 END
START -4228 2080 10196 -6916 17654 29653 END
START -4900 1768 10224 -6805 17549 30053 END
START -5456 1656 9976 -6683 17412 30344 END
START -5836 1564 10040 -6525 17197 30597 END
START -6224 1632 9880 -6392 16961 30802 END
START -6436 1660 9628 -6201 16772 30976 END
START -6716 1504 9536 -6036 16570 31097 END
START -7112 1340 9148 -5865 16464 31244 END
START -7432 1216 8808 -5647 16386 31357 END
START -7784 1036 8596 -5451 16264 31431 END
START -8216 960 8180 -5238 16258 31487 END
START -8696 732 8004 -5024 16172 31557 END
START -9028 648 7744 -4774 16050 31558 END
START -9500 524 7508 -4553 15941 31497 END
START -9956 492 7064 -4253 15856 31435 END
START -10340 360 6800 -3908 15788 31307 END
START -10800 512 6476 -3481 15735 31139 END
START -11156 236 6304 -3063 15649 30939 END
START -11768 84 6112 -2521 15509 30702 END
START -12148 -180 5828 -1978 15348 30413 END
START -12748 12 5640 -1343 15051 30132 END
START -12836 -424 5288 -683 14770 29799 END
START -13108 -440 4940 159 14505 29429 END
START -13152 -724 4688 956 14283 29077 END
START -13256 -944 4400 1902 14129 28655 END
START -13432 -964 3912 2881 13927 28267 END
START -13460 -1300 3728 3997 13908 27793 END
START -13656 -1624 3392 5208 13931 27320 END
START -14084 -1760 3356 6450 13914 26825 END
START -14636 -1768 3576 7742 13996 26281 END
START -15100 -1388 3784 8970 13950 25738 END
START -15512 -1596 4180 10122 13765 25247 END
START -15804 -2420 4524 11343 13558 24665 END
START -15984 -2704 4724 12194 13182 23952 END
START -15904 -3116 4644 13470 13311 23146 END
START -16048 -3180 4912 14384 13057 22234 END
START -16116 -2868 5008 15162 13118 21349 END
START -16176 -3036 5972 15907 13201 20412 END
START -16156 -2840 5732 16436 13470 19475 END
START -16424 -2876 6164 16988 13630 18466 END
START -16596 -2572 6576 17454 13667 17528 END
START -16924 -2528 7204 17900 13634 16567 END
START -17076 -2320 7600 18287 13556 15580 END
START -17256 -2268 8152 18707 13541 14576 END
START -17700 -2176 8652 19121 13211 13583 END
START -17956 -2476 9256 19592 13488 12540 END
START -18140 -2692 9456 19985 13025 11545 END
START -18232 -2964 9764 20441 12994 10439 END
START -18348 -3496 9996 20853 13069 9281 END
START -18412 -3460 10172 21182 13138 8077 END
START -18616 -3408 10928 21484 13432 6949 END
START -18224 -3728 10728 21660 13299 5795 END
START -17912 -3912 10804 21787 13679 4511 END
START -17764 -3788 10928 21865 14060 3202 END
START -17568 -3680 10896 21881 14438 1884 END
START -17168 -3380 11040 21904 14867 567 END
START -17048 -2948 11376 21905 15323 -606 END
START -16924 -2520 11980 21938 15652 -1726 END
START -16984 -2048 12428 21981 15880 -2760 END
START -16764 -1700 13248 22063 15988 -3785 END
START -16708 -1256 13744 22193 15982 -4674 END
START -16644 -928 14196 22350 15800 -5483 END
START -16380 -540 14624 22571 15653 -6266 END
START -16128 -112 15132 22801 15430 -6981 END
START -15896 100 15604 22994 15188 -7622 END
START -15448 388 16152 23170 14860 -8254 END
START -15356 728 16788 23235 14577 -8816 END
START -15032 1104 17420 23265 14203 -9304 END
START -14848 1440 18136 23278 13637 -9802 END
START -14632 1800 18776 23200 13170 -10275 END
START -14180 2196 19740 23069 12751 -10686 END
START -13904 2296 20048 22964 11884 -11112 END
START -13804 2288 20952 22822 11245 -11449 END
START -13456 2348 21440 22642 10493 -11794 END
START -13236 2488 22076 22451 9715 -12080 END
START -12828 2392 22520 22239 8926 -12379 END
START -12584 2672 23000 22019 8161 -12690 END
START -12164 2812 23644 21734 7335 -12976 END
START -11980 3140 24296 21430 6487 -13227 END
START -11728 3536 24872 21059 5483 -13475 END
START -11344 3968 25544 20648 4501 -13645 END
START -11004 4308 26448 20119 3411 -13796 END
START -10628 4540 26920 19580 2291 -13867 END
START -10172 4932 27492 18988 1185 -13848 END
START -9592 5232 27828 18269 38 -13718 END
START -9056 5212 28560 17637 -1052 -13445 END
START -8608 5348 28648 17084 -2054 -13140 END
START -7920 5544 28708 16523 -2989 -12712 END
START -7476 5428 29048 15911 -3886 -12281 END
START -6876 5532 29008 15277 -4658 -11827 END
START -6532 5580 29168 14582 -5398 -11449 END
START -6136 5592 29176 13817 -6061 -11037 END
START -5684 5600 29240 12937 -6603 -10658 END
START -5352 5640 29216 11795 -7060 -10275 END
START -5000 5680 29336 11110 -7452 -9923 END
START -4876 5716 29204 9951 -7859 -9459 END
START -4616 5704 29032 8809 -8215 -9020 END
START -4300 5492 28508 7692 -8471 -8583 END
START -4168 5340 28304 6657 -8685 -8186 END
START -3976 5528 27808 5622 -8824 -7791 END
START -3760 5576 27500 4673 -8966 -7354 END
START -3732 5520 27224 3711 -9087 -6988 END
START -3748 5616 26900 2830 -9197 -6572 END
START -3824 5708 26572 2011 -9396 -6208 END
START -3800 5620 26392 1189 -9588 -5831 END
START -3724 5752 25964 398 -9777 -5442 END
START -3720 5704 25472 -301 -10005 -5174 END
START -3728 5732 25180 -1014 -10316 -4845 END
START -3704 5672 24824 -1696 -10590 -4537 END
START -3660 5412 24320 -2316 -10854 -4244 END
START -3580 5408 23756 -2907 -11096 -3971 END
START -3596 5220 23384 -3418 -11370 -3740 END
START -3392 5068 23008 -3890 -11639 -3487 END
START -3404 5100 22640 -4339 -11879 -3265 END
START -3312 4956 22008 -4688 -12148 -3061 END
START -3416 4864 21752 -5043 -12419 -2848 END
START -3304 4756 21468 -5340 -12765 -2658 END
START -3340 4752 21140 -5578 -13044 -2476 END
START -3324 4532 20932 -5832 -13402 -2286 END
START -3220 4552 20488 -6072 -13716 -2147 END
START -3384 4436 20472 -6307 -14047 -1972 END
START -3388 4444 19932 -6510 -14305 -1858 END
START -3492 4360 19876 -6709 -14577 -1693 END
START -3444 4436 19560 -6899 -14815 -1580 END
START -3604 4444 19416 -7075 -15082 -1433 END
START -3736 4488 19168 -7214 -15285 -1271 END
START -3980 4296 19020 -7379 -15438 -1141 END
START -3964 4420 18932 -7542 -15645 -971 END
START -4152 4312 18588 -7663 -15818 -843 END
START -4216 4224 18532 -7789 -15963 -757 END