START -260 2600 11204 -665 2108 -2519 END
START 1584 3176 5976 -661 1647 -2069 END
START 392 2668 9844 -848 2003 -1628 END
START -1100 3428 12848 -998 2389 -1161 END
START -1112 3256 14152 -1107 2248 -637 END
START -860 2880 14228 -1278 1925 -68 END
START -1112 2364 14052 -1540 1530 492 END
START -1080 2172 13884 -1805 1059 953 END
START -1504 1944 13940 -2011 710 1368 END
START -1812 1488 13864 -2098 299 1674 END
START -2184 912 13912 -2124 70 1808 END
START -2360 100 13696 -2076 -229 1798 END
START -2556 -652 13772 -1939 -494 1653 END
START -2880 -1060 13976 -1753 -825 1469 END
START -3160 -1472 13844 -1484 -1107 1153 END
START -3168 -1568 13620 -1182 -1432 795 END
START -3420 -1556 13404 -857 -1644 368 END
START -3372 -1536 13296 -566 -1817 76 END
START -3560 -1636 13060 -250 -1819 -260 END
START -3432 -1632 13196 25 -1901 -535 END
START -3340 -1560 12948 322 -1796 -820 END
START -3256 -1768 12800 613 -1703 -1102 END
START -2896 -1548 12524 818 -1434 -1411 END
START -2744 -1472 12508 929 -1058 -1680 END
START -2548 -1036 12520 997 -646 -1982 END
START -2072 -816 12688 1006 -218 -2200 END
START -1736 -620 12700 977 301 -2389 END
START -1516 -564 12856 898 865 -2478 END
START -1184 -224 13460 773 1344 -2486 END
START -1148 128 13568 528 1771 -2449 END
START -912 424 13760 342 2152 -2259 END
START -964 676 14304 81 2475 -2090 END
START -1092 812 14672 -115 2720 -1875 END
START -1260 916 14980 -238 2788 -1578 END
START -1488 944 15136 -369 2792 -1290 END
START -1564 816 15460 -365 2715 -983 END
START -1584 596 15540 -283 2547 -695 END
START -1868 472 15596 -165 2363 -407 END
START -2000 316 15728 18 2122 -184 END
START -2096 296 15864 277 1767 76 END
START -2404 472 15660 588 1438 306 END
START -2504 724 15040 868 1181 562 END
START -2600 744 14976 1215 987 870 END
START -2556 612 14888 1507 812 1191 END
START -2580 532 14848 1765 651 1475 END
START -2636 412 14828 2086 462 1744 END
START -2688 88 14880 2425 319 1934 END
START -2712 -348 14996 2698 248 2074 END
START -2956 -344 15088 2984 114 2193 END
START -3160 -440 15508 3217 -40 2202 END
START -3312 -688 15904 3381 -221 2215 END
START -3500 -656 16364 3379 -455 2188 END
START -3612 -560 16744 3326 -806 2152 END
START -3772 -644 16940 3168 -1113 2087 END
START -3664 -860 17256 2904 -1493 2023 END
START -3444 -1048 16964 2666 -1777 1915 END
START -3372 -1344 16928 2343 -1943 1737 END
START -3124 -1472 16700 2057 -2012 1476 END
START -2812 -1448 16436 1700 -1940 1182 END
START -2604 -1412 15976 1359 -1742 906 END
START -2520 -1308 15856 945 -1477 645 END
START -2356 -1152 15344 523 -1111 394 END
START -2336 -1044 15032 117 -692 204 END
START -2320 -744 14664 -306 -169 -29 END
START -2344 -620 14552 -706 303 -193 END
START -2336 -628 14304 -1076 774 -319 END
START -2384 -516 14312 -1364 1234 -454 END
START -2464 -240 14360 -1648 1641 -550 END
START -2556 -188 14328 -1872 1887 -583 END
START -2620 -60 14520 -2047 2104 -596 END
START -2688 92 14552 -2211 2184 -567 END
START -2852 376 14580 -2298 2281 -496 END
START -2820 464 14568 -2393 2191 -359 END
START -2828 464 14484 -2429 2146 -232 END
START -2868 244 14548 -2398 2070 -86 END
START -2868 156 14544 -2339 1909 55 END
START -2852 72 14512 -2159 1736 167 END
START -3036 -20 14440 -2004 1559 277 END
START -3156 12 14448 -1781 1290 360 END
START -3256 -124 14288 -1554 1035 401 END
START -3256 -176 13932 -1337 710 472 END
START -3340 -248 13860 -1159 449 484 END
START -3352 -324 13748 -1014 84 513 END
START -3492 -312 13352 -830 -198 544 END
START -3452 -204 13076 -688 -407 492 END
START -3608 -156 12868 -518 -605 540 END
START -3496 -96 12476 -375 -706 538 END
START -3480 -188 12488 -202 -872 558 END
START -3516 -96 12196 -34 -982 522 END
START -3448 -108 11944 40 -1041 526 END
START -3516 -228 11792 207 -1149 474 END
START -3472 -256 11604 302 -1230 405 END
START -3604 -312 11556 388 -1324 304 END
START -3528 -364 11264 497 -1458 244 END
START -3468 -244 11024 548 -1480 131 END
START -3268 -204 10784 643 -1541 -34 END
START -3164 -172 10588 686 -1541 -142 END
START -3132 -188 10140 779 -1508 -224 END
START -2912 -188 9840 849 -1404 -366 END
START -2832 -160 9480 920 -1282 -475 END
START -2640 92 9244 1025 -1163 -591 END
START -2632 92 8992 1138 -1026 -754 END
START -2560 220 8624 1247 -922 -867 END
START -2396 380 8580 1394 -831 -966 END
START -2236 608 8416 1511 -690 -1064 END
START -2064 844 8180 1651 -544 -1101 END
START -1912 1044 8088 1765 -396 -1170 END
START -1756 1156 7828 1857 -282 -1162 END
START -1692 1204 7640 1895 -158 -1170 END
START -1448 1396 7496 1926 -48 -1156 END
START -1388 1300 7448 1983 43 -1111 END
START -1236 1452 7188 2033 125 -1068 END
START -1184 1376 7000 2136 244 -1022 END
START -1188 1508 6704 2296 411 -967 END
START -1192 1448 6644 2457 539 -941 END
START -1064 1404 6488 2653 621 -915 END
START -1080 1384 6416 2860 700 -889 END
START -1116 1372 6376 3040 720 -817 END
START -1024 1468 6372 3237 731 -762 END
START -1032 1616 6188 3456 735 -751 END
START -944 1544 6332 3650 709 -658 END
START -936 1652 6360 3867 692 -542 END
START -840 1584 6560 4161 680 -413 END
START -944 1632 6556 4406 615 -334 END
START -836 1676 6456 4677 508 -190 END
START -664 1760 6580 4924 367 -21 END
START -692 1820 6688 5179 217 103 END
START -792 1892 6648 5464 78 244 END
START -632 1912 6736 5750 -153 390 END
START -680 1984 6796 6101 -362 514 END
START -840 1856 6628 6372 -626 664 END
START -852 1924 6648 6681 -822 793 END
START -792 2008 6456 7004 -1027 917 END
START -720 1916 6284 7301 -1106 996 END
START -740 2004 6204 7644 -1191 1053 END
START -700 2132 6104 7941 -1154 1132 END
START -812 2172 6016 8193 -1133 1175 END
START -1008 2364 5976 8411 -1120 1246 END
START -1156 2412 6012 8619 -1009 1303 END
START -1276 2308 6016 8861 -995 1323 END
START -1356 2360 6052 9096 -930 1361 END
START -1568 2112 6116 9311 -852 1338 END
START -1716 2176 6212 9592 -837 1297 END
START -1896 2196 6404 9884 -824 1210 END
START -2124 2260 6440 10197 -834 1098 END
START -2324 2280 6476 10504 -863 981 END
START -2468 2220 6848 10813 -917 874 END
START -2548 2280 6980 11159 -997 715 END
START -2336 2172 6844 11388 -1042 572 END
START -2224 2124 6936 11794 -1045 395 END
START -2092 2128 7192 12041 -958 250 END
START -1980 2116 7308 12188 -905 35 END
START -1740 2264 7380 12283 -771 -187 END
START -1600 2368 7620 12697 -642 -358 END
START -1268 2652 7780 12892 -453 -515 END
START -1104 3052 8020 12961 -269 -663 END
START -1052 3440 8320 13009 -118 -727 END
START -944 3780 8468 13063 76 -752 END
START -728 4144 8408 13079 256 -748 END
START -656 4376 8732 13094 412 -671 END
START -628 4600 9052 13183 611 -582 END
START -572 4876 9376 13286 686 -454 END
START -564 4840 9896 13430 751 -369 END
START -692 5052 10120 13625 738 -298 END
START -804 5120 10616 13793 672 -216 END
START -916 5128 11180 14002 557 -146 END
START -1060 5324 11328 14233 435 -114 END
START -1008 5504 11624 14501 286 -37 END
START -996 5456 12160 14664 171 29 END
START -956 5560 12316 14837 74 52 END
START -864 5588 12708 14913 3 85 END
START -804 5612 12684 14989 -10 49 END
START -668 5840 13064 14952 42 25 END
START -424 5864 13304 14869 178 -32 END
START -344 6048 13612 14774 413 -48 END
START -220 6244 13868 14617 679 -44 END
START -136 6336 14276 14434 979 -19 END
START -156 6460 14984 14251 1218 67 END
START -180 6484 15376 14030 1417 166 END
START -188 6628 15704 13769 1488 250 END
START -444 6816 15848 13509 1596 358 END
START -392 6744 16088 13327 1695 494 END
START -412 7008 16252 13167 1789 670 END
START -752 7144 16444 13127 1898 879 END
START -896 7208 16792 13137 1899 1099 END
START -1452 7196 17128 13320 1851 1335 END
START -1756 7092 17368 13534 1785 1532 END
START -2324 7184 17556 13820 1669 1740 END
START -2592 6968 17764 14105 1586 1873 END
START -2788 6852 17892 14405 1580 1942 END
START -2960 6680 18192 14707 1599 1981 END
START -3136 6412 18868 14945 1685 1927 END
START -3472 6100 19480 15141 1737 1815 END
START -3460 5728 20308 15285 1708 1634 END
START -3508 5480 20672 15247 1719 1423 END
START -3568 5516 21100 15112 1751 1157 END
START -3772 5452 21524 14907 1803 845 END
START -3816 5488 22068 14715 1906 546 END
START -3920 5532 22448 14437 1968 260 END
START -3884 5508 22864 14108 2140 15 END
START -3896 5756 23360 13759 2321 -204 END
START -3972 5840 23720 13326 2507 -406 END
START -4092 5800 24028 12762 2635 -598 END
START -4132 5876 24416 12071 2755 -869 END
START -4108 5932 24784 11786 2868 -1088 END
START -4568 6040 25196 11069 2950 -1190 END
START -5100 6124 26140 10696 2867 -1135 END
START -5112 6268 26500 10491 2693 -1032 END
START -5140 6336 26696 10276 2453 -1066 END
START -5172 6144 26820 10161 2153 -1115 END
START -5288 6220 27160 10001 1851 -1156 END
START -5576 6208 27496 9885 1445 -1131 END
START -5572 6444 27716 9788 1006 -1070 END
START -5572 6652 27736 9645 627 -950 END
START -5484 6784 28152 9485 260 -862 END
START -5288 6900 28132 9332 -46 -754 END
START -5196 7016 28428 9133 -314 -597 END
START -4952 7088 28632 8950 -530 -452 END
START -4784 7156 28808 8673 -693 -281 END
START -4660 7276 29080 8338 -851 -156 END
START -4540 7384 29120 7968 -974 -34 END
START -4396 7276 29396 7535 -1052 47 END
START -4248 7324 29332 7102 -1097 167 END
START -4176 7252 29468 6614 -1058 187 END
START -4008 7324 29312 6135 -984 234 END
START -3812 7212 29264 5688 -869 251 END
START -3896 7124 29212 5240 -653 305 END
START -3792 7148 29104 4825 -430 269 END
START -3792 6956 29272 4401 -250 215 END
START -3860 6804 29052 4041 -58 181 END
START -3920 6860 29116 3672 101 159 END
START -3968 6756 28976 3354 210 110 END
START -4008 6708 29084 3021 327 97 END
START -3888 6588 28976 2688 422 18 END
START -3868 6468 28900 2410 558 -19 END
START -3800 6504 28840 2131 667 -115 END
START -3760 6404 28956 1898 831 -179 END
START -3888 6404 28712 1602 940 -217 END
START -3948 6388 28920 1337 989 -276 END
START -3868 6396 29036 1043 1071 -320 END
START -3844 6312 29052 710 1117 -384 END
START -3768 6380 29056 365 1139 -407 END
START -3720 6396 29024 26 1165 -433 END
START -3736 6324 29172 -332 1190 -479 END
START -3728 6532 29344 -724 1133 -483 END
START -3756 6420 29392 -1126 1085 -486 END
START -3860 6748 29512 -1514 986 -476 END
START -3548 6880 29516 -1881 905 -473 END
START -3460 7140 29316 -2301 844 -383 END
START -3364 7220 29084 -2741 810 -309 END
START -3312 7440 28676 -3158 866 -162 END
START -3216 7564 28512 -3636 925 -34 END
START -3124 7528 28284 -4068 1093 98 END
START -2996 7412 28140 -4471 1246 199 END
START -3040 7376 27940 -4895 1472 309 END
START -3136 7256 27836 -5286 1673 395 END
START -3376 7220 27688 -5739 1811 464 END
START -3484 7068 27692 -6140 1933 512 END
START -3704 7052 27508 -6555 1996 518 END
START -3852 6924 27328 -6929 2017 473 END
START -4000 6776 27376 -7226 2003 462 END
START -4068 6700 27076 -7514 2004 369 END
START -4192 6572 27000 -7733 1985 269 END
START -4248 6624 26780 -7910 1976 148 END
START -4028 6612 26304 -8100 2024 15 END
START -3976 6704 26060 -8297 2133 -62 END
START -3836 6852 25824 -8532 2220 -150 END
START -3696 7184 25656 -8789 2370 -208 END
START -3748 7288 25580 -9101 2475 -214 END
START -3668 7276 25480 -9348 2587 -225 END
START -3712 7296 25616 -9597 2655 -234 END
START -3808 7248 25628 -9857 2694 -218 END
START -3896 7052 25644 -10129 2628 -240 END
START -4180 7036 25516 -10402 2483 -310 END
START -4276 6932 25564 -10653 2267 -361 END
START -4516 6904 25340 -10912 2049 -450 END
START -4516 6908 24952 -11115 1815 -497 END
START -4356 6860 24532 -11296 1634 -494 END
START -4372 6796 23988 -11509 1509 -530 END
START -4216 6760 23816 -11695 1384 -536 END
START -4224 6668 23180 -11895 1333 -552 END
START -4080 6572 22880 -12108 1249 -597 END
START -3928 6448 22320 -12297 1258 -605 END
START -3828 6436 22068 -12426 1252 -641 END
START -3672 6348 21884 -12608 1284 -659 END
START -3676 6412 21508 -12751 1313 -735 END
START -3724 6428 21228 -12900 1242 -756 END
START -3708 6332 20972 -13130 1201 -796 END
START -3576 6264 20820 -13340 1150 -806 END
START -3504 6284 20480 -13494 1092 -856 END
START -3472 6324 20172 -13693 1087 -847 END
START -3484 6228 19868 -13822 1117 -845 END
START -3316 6352 19416 -13924 1105 -829 END
START -3328 6600 19052 -14002 1082 -826 END
START -3356 6604 18696 -14119 1066 -807 END
START -3280 6460 18676 -14178 1029 -810 END
START -3148 6248 18308 -14275 1058 -744 END
START -3100 6116 18108 -14399 985 -731 END
START -3180 6232 17684 -14478 933 -749 END
START -3200 6032 17312 -14555 921 -722 END
START -3184 5832 16968 -14572 837 -712 END
START -3084 5788 16540 -14596 777 -742 END
START -3040 5572 15960 -14590 741 -756 END
START -3052 5424 15532 -14561 747 -803 END
START -3052 5244 14964 -14512 828 -847 END
START -3032 5084 14700 -14424 870 -889 END
START -3044 4920 14444 -14338 953 -949 END
START -3196 4876 14176 -14208 982 -1004 END
START -3208 4792 13684 -14010 1048 -1099 END
START -3304 4652 13588 -13875 1025 -1159 END
START -3300 4596 13216 -13724 1026 -1258 END
START -3388 4516 13000 -13557 994 -1326 END
START -3220 4516 12816 -13427 919 -1406 END
START -3272 4320 12796 -13274 853 -1466 END
START -3312 4444 12636 -13102 760 -1552 END
START -3408 4580 12276 -12923 671 -1587 END
START -3304 4496 12104 -12771 501 -1601 END
START -3376 4580 11792 -12615 445 -1602 END
START -3308 4444 11656 -12407 265 -1557 END
START -3308 4640 11408 -12227 111 -1575 END
START -3228 4488 11052 -12005 -36 -1559 END
START -3268 4368 10644 -11825 -130 -1576 END
START -3084 4384 10476 -11628 -194 -1586 END
START -3056 4308 10108 -11431 -245 -1549 END
START -2920 4312 10080 -11267 -280 -1533 END
START -3072 4460 9852 -11121 -269 -1480 END
START -3008 4472 9608 -11034 -301 -1484 END
START -2996 4360 9416 -10940 -289 -1422 END
START -2876 4320 9268 -10883 -284 -1405 END
START -2888 4300 9140 -10868 -224 -1398 END
START -2848 4284 8960 -10851 -222 -1382 END
START -2824 4144 8844 -10847 -253 -1370 END
START -2880 4236 8624 -10844 -292 -1369 END
START -2880 4120 8296 -10821 -240 -1373 END
START -2676 4148 7880 -10816 -256 -1389 END
START -2772 3912 7620 -10747 -150 -1399 END
START -2760 3860 7500 -10736 -122 -1390 END
START -2712 3648 6868 -10702 -48 -1493 END
START -2756 3584 6764 -10605 12 -1510 END
START -2740 3516 6440 -10472 41 -1602 END
START -2672 3356 6124 -10334 80 -1635 END
START -2716 3444 5904 -10124 102 -1709 END
START -2676 3384 5560 -9864 166 -1694 END
START -2476 3372 5192 -9627 216 -1768 END
START -2296 3304 4912 -9312 303 -1789 END
START -2180 3264 4748 -9067 406 -1808 END
START -1956 3096 4564 -8744 519 -1856 END
START -2076 3272 4488 -8477 607 -1860 END
START -1908 3184 4240 -8150 686 -1834 END
START -1900 3140 4212 -7879 781 -1839 END
START -1740 3000 4020 -7573 909 -1797 END
START -1652 3008 4184 -7303 996 -1737 END
START -1764 3112 3964 -6980 1053 -1702 END
START -1716 2968 3948 -6672 1062 -1626 END
START -1860 2876 4152 -6358 1059 -1558 END
START -1960 2788 4084 -5975 1066 -1506 END
START -2144 2692 4316 -5579 979 -1448 END
START -2128 2796 4476 -5186 917 -1399 END
START -2028 2704 4484 -4774 827 -1391 END
START -2044 2796 4392 -4432 802 -1317 END
START -2016 2948 4740 -4084 728 -1273 END
START -2064 3004 4888 -3778 674 -1143 END
START -1984 3140 4912 -3515 601 -997 END
START -1876 3084 5452 -3257 481 -813 END
START -1860 3096 5620 -3023 431 -641 END
START -1680 2960 5620 -2851 381 -477 END
START -1556 2960 5748 -2646 281 -287 END
START -1608 2764 6204 -2476 212 -124 END
START -1616 2600 6456 -2320 95 33 END
START -1812 2504 6556 -2068 -12 158 END
START -1764 2548 6704 -1880 -139 319 END
START -1728 2308 6888 -1567 -301 427 END
START -1824 2116 7212 -1309 -350 560 END
START -1888 2028 7360 -1022 -538 624 END
START -1868 1748 7832 -708 -687 743 END
START -1848 1496 7864 -431 -863 757 END
START -1888 1364 8000 -131 -956 796 END
START -1928 1304 8148 168 -1076 832 END
START -1912 1244 8188 406 -1074 873 END
START -2044 1080 8512 646 -1012 837 END
START -2112 960 8768 890 -956 827 END
START -2236 864 9144 1126 -871 717 END
START -2392 692 9456 1288 -838 612 END
START -2592 720 9776 1418 -721 462 END
START -2652 840 10152 1500 -603 323 END
START -2652 788 10308 1516 -487 217 END
START -2908 968 10752 1483 -311 106 END
START -3028 1032 11036 1443 -110 -18 END
START -2996 1088 11324 1329 116 -125 END
START -3256 1080 11804 1227 386 -229 END
START -3424 1364 11972 1083 638 -338 END
START -3536 1504 12408 926 855 -425 END
START -3588 1452 12824 743 1086 -495 END
START -3768 1384 13336 547 1328 -557 END
START -3968 1220 13984 318 1484 -603 END
START -4276 1188 14448 117 1604 -655 END
START -4484 1044 14944 -59 1590 -720 END
START -4904 996 15608 -244 1575 -787 END
START -5084 868 15908 -395 1442 -809 END
START -5260 832 16380 -492 1326 -859 END
START -5536 828 16780 -638 1134 -900 END
START -5696 804 16928 -729 952 -900 END
START -5912 792 17196 -858 694 -917 END
START -5972 668 17396 -981 428 -901 END
START -6148 700 17312 -1102 135 -910 END
START -6232 844 17632 -1224 -194 -862 END
START -6268 588 17416 -1322 -394 -856 END
START -6392 484 17156 -1390 -541 -804 END
START -6484 488 17120 -1430 -596 -754 END
START -6544 356 17108 -1492 -615 -718 END
START -6720 264 17008 -1529 -566 -710 END
START -6832 56 17076 -1600 -554 -699 END
START -7188 8 17116 -1673 -590 -739 END
START -7452 -156 17340 -1771 -605 -763 END
START -7672 -220 17532 -1816 -602 -811 END
START -7880 -328 17856 -1944 -747 -893 END
START -8072 -340 17736 -2059 -854 -946 END
START -8300 -444 17908 -2167 -963 -1016 END
START -8520 -516 17784 -2307 -1084 -1102 END
START -8592 -596 17592 -2400 -1134 -1182 END
START -8736 -684 17392 -2505 -1166 -1299 END
START -8816 -780 17324 -2589 -1141 -1396 END
START -9036 -904 17104 -2689 -1135 -1534 END
START -9112 -1108 17288 -2786 -1137 -1688 END
START -9312 -1276 17064 -2872 -1182 -1896 END
START -9588 -1380 16976 -2976 -1272 -2100 END
START -9844 -1720 16884 -2993 -1359 -2337 END
START -9876 -1736 16672 -3020 -1435 -2581 END
START -10104 -1932 16540 -3075 -1490 -2888 END
START -10312 -1840 16332 -3105 -1531 -3169 END
START -10240 -1964 16032 -3154 -1549 -3431 END
START -10308 -1896 15816 -3242 -1538 -3747 END
START -10368 -2060 15504 -3307 -1454 -4084 END
START -10412 -1980 15180 -3372 -1367 -4388 END
START -10504 -2116 14904 -3458 -1227 -4702 END
START -10624 -2120 14388 -3534 -1109 -5021 END
START -10648 -1980 14332 -3581 -929 -5385 END
START -10688 -2024 14092 -3656 -780 -5770 END
START -10804 -1996 13964 -3747 -595 -6161 END
START -10784 -2048 13704 -3818 -462 -6511 END
START -10872 -2004 13476 -3912 -308 -6899 END
START -10740 -1944 13396 -4004 -237 -7224 END
START -10780 -1700 13260 -4130 -160 -7521 END
START -10780 -1756 13044 -4240 -166 -7895 END
START -10848 -1736 12876 -4336 -120 -8183 END
START -10744 -1784 12752 -4440 -161 -8446 END
START -10720 -1592 12312 -4496 -219 -8760 END
START -10628 -1696 12012 -4526 -233 -9000 END
START -10552 -1600 11704 -4494 -298 -9287 END
START -10568 -1568 11368 -4475 -428 -9540 END
START -10232 -1500 11112 -4396 -540 -9719 END
START -10156 -1516 10832 -4324 -660 -9931 END
START -9832 -1480 10408 -4248 -784 -10092 END
START -9652 -1396 10232 -4123 -973 -10239 END
START -9380 -1480 9844 -4018 -1069 -10363 END
START -9120 -1512 9308 -3859 -1233 -10540 END
START -8848 -1604 9108 -3694 -1339 -10624 END
START -8668 -1668 8744 -3471 -1417 -10789 END
START -8468 -1544 8276 -3235 -1506 -10898 END
START -8236 -1568 8120 -2976 -1595 -11033 END
START -8000 -1560 7636 -2609 -1657 -11165 END
START -7840 -1788 7204 -2172 -1752 -11270 END
START -7608 -1792 6972 -1723 -1761 -11409 END
START -7308 -1700 6608 -1263 -1753 -11547 END
START -7172 -1696 6292 -793 -1755 -11637 END
START -6940 -1800 6292 -322 -1782 -11710 END
START -6564 -1628 6112 99 -1837 -11832 END
START -6400 -1808 6224 499 -1877 -11898 END
START -6136 -1856 5968 915 -1936 -12052 END
START -5896 -1680 6104 1243 -1988 -12136 END
START -5740 -1484 5796 1555 -1988 -12286 END
START -5556 -1108 5812 1811 -1985 -12379 END
START -5172 -872 5540 2041 -1919 -12447 END
START -4940 -720 5532 2236 -1835 -12504 END
START -4652 -500 5196 2387 -1704 -12488 END
START -4336 -336 5084 2578 -1529 -12528 END
START -4052 -300 4964 2729 -1242 -12576 END
START -3772 -228 4844 2944 -977 -12607 END
START -3684 -56 4724 3113 -656 -12694 END
START -3488 224 4716 3264 -398 -12720 END
START -3288 144 4708 3497 -170 -12795 END
START -3196 560 5072 3647 56 -12820 END
START -3112 744 5272 3833 174 -12876 END
START -2960 916 5104 3955 211 -12891 END
START -2716 1064 5092 4105 185 -12901 END
START -2648 1152 5036 4251 197 -12912 END
START -2428 1384 4996 4382 222 -12949 END
START -1988 1428 4860 4593 247 -12969 END
START -1700 1684 4652 4775 392 -12969 END
START -1464 1864 4728 5020 494 -12998 END
START -1140 1940 4576 5209 561 -13001 END
START -792 2156 4444 5370 630 -12986 END
START -372 2172 4364 5560 772 -12996 END
START 176 2352 4252 5705 920 -12979 END
START 556 2668 3832 5879 1180 -12948 END
START 844 2968 4048 6035 1464 -12882 END
START 1084 3244 4256 6191 1678 -12732 END
START 1224 3704 4224 6336 1820 -12559 END
START 1540 3948 4232 6596 2064 -12276 END
START 1928 4124 4516 6867 2149 -11999 END
START 2336 4200 4872 7158 2260 -11687 END
START 2632 4436 5068 7463 2259 -11357 END
START 2736 4596 5056 7763 2200 -11004 END
START 3080 4824 5144 8087 2188 -10625 END
START 3268 5080 5036 8384 2147 -10219 END
START 3568 5252 4912 8740 2180 -9778 END
START 3748 5316 5028 9062 2282 -9316 END
START 4024 5372 5080 9442 2336 -8773 END
START 4052 5460 5128 9823 2397 -8266 END
START 4120 5392 5416 10215 2445 -7787 END
START 4304 5116 5628 10641 2443 -7372 END
START 4520 5000 5924 11052 2428 -6964 END
START 4712 4772 6232 11462 2368 -6669 END
START 4656 4668 6280 11741 2330 -6369 END
START 4680 4544 6856 12230 2328 -6177 END
START 4680 4844 7060 12630 2308 -6018 END
START 4616 5088 7384 13004 2267 -5842 END
START 4788 5156 7756 13245 2245 -5637 END
START 4676 5320 7836 13505 2192 -5480 END
START 4632 5304 8636 13683 2178 -5291 END
START 4612 5448 9012 13817 2116 -5167 END
START 4576 5580 9496 13927 2038 -5045 END
START 4668 5684 10088 14001 1861 -4932 END
START 4720 5892 10588 14120 1764 -4803 END
START 4860 6144 11000 14186 1685 -4676 END
START 5124 6228 10976 14240 1658 -4546 END
START 5432 6356 11120 14282 1813 -4381 END
START 5720 6432 11312 14246 2076 -4260 END
START 5920 6696 11496 14215 2385 -4101 END
START 6092 6932 11668 14132 2756 -3877 END
START 6140 6960 12328 13966 3083 -3687 END
START 6452 7056 12568 13832 3438 -3470 END
START 6348 7272 13160 13687 3765 -3258 END
START 6328 7428 13756 13554 4011 -3020 END
START 6108 7668 14636 13491 4170 -2737 END
START 5996 7844 15136 13393 4225 -2465 END
START 5820 7904 15604 13394 4186 -2163 END
START 5872 8056 16080 13370 4112 -1843 END
START 5824 8208 16512 13376 4015 -1547 END
START 5804 8280 16920 13357 3854 -1285 END
START 5900 8348 17092 13390 3756 -952 END
START 5644 8648 17692 13366 3546 -660 END
START 5720 8760 17944 13371 3326 -305 END
START 5628 8836 18460 13278 3103 40 END
START 5704 8804 18740 13246 2849 377 END
START 5752 8724 18940 13129 2608 702 END
START 5800 8660 19360 13049 2338 1013 END
START 5760 8604 19276 12922 2090 1322 END
START 5756 8624 19480 12899 1912 1657 END
START 5804 8592 19520 12704 1738 1985 END
START 5804 8588 19876 12472 1660 2273 END
START 5800 8480 19916 12405 1621 2555 END
START 5504 8520 20012 12231 1562 2871 END
START 5444 8476 20176 12245 1487 3110 END
START 5532 8488 20148 11984 1414 3387 END
START 5608 8356 20312 11859 1435 3675 END
START 5456 8380 20128 11513 1483 3874 END
START 5448 8368 20156 11205 1586 4246 END
START 5468 8368 20220 10900 1718 4562 END
START 5344 8232 20268 10607 1827 4931 END
START 5216 8160 20292 10331 1916 5248 END
START 5132 8036 20216 10053 2000 5598 END
START 4816 7928 20388 9837 2111 5920 END
START 4660 7808 20180 9656 2174 6247 END
START 4460 7736 20240 9530 2242 6484 END
START 4212 7488 20320 9405 2302 6744 END
START 3692 7400 20300 9315 2283 6943 END
START 3424 7036 20464 9221 2281 7148 END
START 3020 6840 20496 9211 2153 7307 END
START 2652 6588 20516 9210 2015 7447 END
START 2428 6528 20708 9255 1846 7523 END
START 2212 6336 20580 9265 1675 7527 END
START 2096 6212 20456 9287 1486 7513 END
START 2128 6156 20440 9322 1337 7510 END
START 2004 6064 20420 9361 1260 7433 END
START 1888 6128 20488 9386 1223 7405 END
START 1796 6132 20608 9389 1166 7386 END
START 1908 6148 20856 9360 1151 7418 END
START 1804 6088 21012 9354 1047 7417 END
START 2092 6132 21148 9308 1019 7452 END
START 2196 6208 21160 9188 1021 7415 END
START 2492 6160 21476 9061 1016 7394 END
START 2468 6368 21476 8852 1043 7440 END
START 2720 6648 21584 8602 1109 7475 END
START 3032 6920 21576 8340 1327 7627 END
START 3140 7168 21600 8056 1544 7786 END
START 3348 7428 21932 7660 1766 8053 END
START 3308 7720 22108 7288 2047 8374 END
START 3112 7956 22180 6880 2235 8674 END
START 2908 8168 22164 6386 2408 9010 END
START 2520 8272 22380 5911 2632 9414 END
START 2220 8476 22692 5503 2799 9851 END
START 1876 8444 23264 5202 2938 10323 END
START 1620 8436 23352 4947 2921 10674 END
START 1220 8168 23728 4725 2923 11067 END
START 752 8048 24128 4532 2737 11370 END
START -12 8096 24432 4282 2539 11640 END
START -416 8144 24640 4040 2210 11967 END
START -952 8164 24876 3756 1864 12255 END
START -1356 8100 24876 3452 1471 12769 END
START -1852 7940 24952 3120 1117 12883 END
START -2208 7812 25116 2788 813 12880 END
START -2460 7604 24960 2417 547 13386 END
START -2696 7440 24896 2027 377 13403 END
START -2944 7264 24604 1607 217 13426 END
START -3268 7088 24312 1180 222 13393 END
START -3588 6880 24432 735 232 13444 END
START -3756 6668 24348 366 208 13376 END
START -3964 6328 24288 -38 287 13317 END
START -4104 6176 23968 -422 325 13072 END
START -4212 5996 23924 -877 476 12998 END
START -4148 5876 23656 -1293 633 12733 END
START -4292 5664 23556 -1740 818 12614 END
START -4504 5760 23664 -2122 1097 12694 END
START -4640 5744 23644 -2519 1321 12702 END
START -5032 5940 23828 -2926 1490 12615 END
START -5432 6004 23880 -3285 1599 12309 END
START -6028 5852 24084 -3654 1680 12658 END
START -6476 5800 24320 -3952 1685 12551 END
START -7032 5536 24436 -4222 1638 12522 END
START -7520 5240 24460 -4440 1573 12766 END
START -8172 5032 24724 -4646 1369 12728 END
START -8868 4768 24772 -4871 1176 12722 END
START -9508 4548 24988 -5042 908 12698 END
START -9884 4168 24996 -5245 581 12482 END
START -10612 3932 25076 -5462 232 12413 END
START -11056 3796 25088 -5720 -271 12139 END
START -11408 3432 24880 -5983 -755 11990 END
START -11436 3220 24528 -6251 -1175 11693 END
START -11500 3008 24096 -6552 -1544 11371 END
START -11512 2752 24068 -6901 -1825 10993 END
START -11572 2596 23708 -7273 -2093 10561 END
START -11744 2572 23344 -7617 -2350 10120 END
START -11784 2612 23148 -7970 -2575 9693 END
START -11668 2632 22536 -8325 -2743 9313 END
START -11464 2856 22008 -8755 -2806 8948 END
START -11544 2884 21384 -9119 -2863 8572 END
START -11388 2520 20992 -9466 -2948 8261 END
START -11272 2532 20344 -9749 -3127 8146 END
START -11024 3680 19564 -9966 -2611 7915 END
START -11368 4012 19276 -10215 -2499 7481 END
START -11136 3604 18708 -10406 -2528 7058 END
START -10900 3448 18424 -10581 -2567 6705 END
START -10780 3584 17860 -10700 -2464 6398 END
START -10696 3788 17308 -10716 -2270 6222 END
START -10576 3852 17016 -10678 -2083 6111 END
START -10392 3864 16804 -10610 -1936 6022 END
START -10288 3880 16424 -10552 -1929 5933 END
START -10016 3916 16072 -10478 -2026 5806 END
START -9860 4016 15632 -10394 -2081 5605 END
START -9492 4096 15428 -10371 -2110 5452 END
START -9744 4240 15056 -10265 -2207 5331 END
START -9420 4372 14696 -10206 -2305 5215 END
START -9500 4480 14352 -10135 -2457 5140 END