START 1728 1676 8384 -11376 -184 808 END
START 1452 1384 8232 -11431 382 754 END
START 1316 1404 8240 -11456 904 629 END
START 996 1484 8216 -11429 1286 441 END
START 664 1592 8420 -11358 1539 237 END
START 400 1708 8624 -11287 1614 15 END
START 364 1900 8740 -11141 1518 -163 END
START 72 2032 8716 -10958 1349 -350 END
START -88 2212 8644 -10658 1139 -436 END
START -112 2144 8440 -10288 848 -514 END
START -140 2112 8280 -9893 522 -529 END
START -400 2328 8356 -9450 207 -495 END
START -376 2372 8288 -8970 -222 -467 END
START -492 2440 7912 -8476 -597 -443 END
START -588 2432 7720 -7910 -921 -393 END
START -488 2720 7532 -7456 -1210 -386 END
START -384 2872 7144 -6903 -1409 -342 END
START -364 3132 6772 -6487 -1459 -326 END
START -284 3348 6604 -6070 -1497 -202 END
START -232 3636 6372 -5741 -1468 -164 END
START -188 3816 6084 -5527 -1433 -40 END
START -92 4072 5568 -5371 -1283 93 END
START -60 4120 5152 -5296 -1151 250 END
START -36 4260 4844 -5267 -977 406 END
START 12 4148 4172 -5232 -659 662 END
START -136 4084 3528 -5173 -427 825 END
START 16 3984 3064 -5085 -81 1042 END
START -36 4056 2496 -4891 385 1249 END
START -96 4100 2040 -4637 734 1458 END
START -420 4076 2024 -4309 1114 1704 END
START -616 4052 1576 -3896 1382 1916 END
START -920 3856 1344 -3474 1656 2113 END
START -1200 3500 1068 -2995 1783 2298 END
START -1280 3120 948 -2461 1988 2476 END
START -1544 2844 628 -2024 2157 2526 END
START -1812 2496 532 -1559 2269 2560 END
START -1712 2376 228 -1131 2379 2501 END
START -2028 2252 28 -678 2455 2467 END
START -2092 2084 -148 -238 2552 2373 END
START -2132 2020 -344 230 2664 2334 END
START -2308 2156 -536 672 2895 2250 END
START -2340 2252 -576 1150 3159 2216 END
START -2620 2704 -724 1617 3343 2232 END
START -2804 3012 -644 2026 3547 2239 END
START -2884 3244 -392 2432 3647 2327 END
START -2964 3352 -276 2804 3727 2394 END
START -3148 3512 -240 3161 3838 2478 END
START -3280 3440 -76 3535 3880 2587 END
START -3036 3492 12 3909 3947 2650 END
START -3248 3436 164 4232 3975 2729 END
START -3492 3184 396 4599 3911 2759 END
START -3372 3036 704 4990 3851 2800 END
START -3404 3016 728 5357 3820 2843 END
START -3628 2912 1000 5748 3684 2850 END
START -3652 2976 1108 6139 3573 2866 END
START -3820 2936 1064 6555 3427 2858 END
START -3932 3036 1184 6927 3262 2824 END
START -3964 2956 1184 7300 3138 2796 END
START -3908 2756 1324 7641 2998 2723 END
START -4072 2604 1556 8022 2890 2650 END
START -3968 2584 1732 8303 2784 2536 END
START -3948 2420 1736 8589 2753 2400 END
START -3784 2464 1924 8818 2664 2229 END
START -3720 2512 1948 8985 2626 2073 END
START -3524 2616 2232 9163 2599 1862 END
START -3232 2652 2320 9288 2624 1720 END
START -3024 2840 2212 9495 2688 1602 END
START -2796 3024 2336 9636 2797 1529 END
START -2680 3416 2556 9793 3001 1498 END
START -2540 3788 2876 10014 3123 1561 END
START -2492 4140 3108 10253 3261 1635 END
START -2320 4324 3216 10502 3313 1756 END
START -2204 4560 3588 10767 3399 1930 END
START -2256 4860 3880 10984 3484 2054 END
START -2340 5008 4252 11212 3500 2256 END
START -2428 5096 4636 11363 3530 2461 END
START -2404 5248 5216 11523 3511 2653 END
START -2332 5244 5564 11684 3497 2886 END
START -2316 5264 5944 11925 3456 2999 END
START -2584 5000 6400 11662 3361 3137 END
START -2700 4948 6740 12051 3174 3258 END
START -2828 4864 7212 12090 2965 3362 END
START -2896 4808 7312 12169 2724 3376 END
START -3028 4752 7468 12157 2484 3395 END
START -2880 4632 7744 12178 2298 3419 END
START -3016 4608 7924 12661 2097 3432 END
START -3024 4652 7928 12810 1897 3409 END
START -2888 4656 8140 13034 1757 3412 END
START -2900 4568 8200 13266 1629 3469 END
START -2824 4448 8456 13496 1540 3446 END
START -2672 4400 8540 13754 1522 3413 END
START -2516 4384 8688 13928 1592 3375 END
START -2452 4352 8788 14182 1738 3335 END
START -2376 4400 8980 14374 1848 3260 END
START -2356 4392 9304 14610 1917 3234 END
START -2304 4412 9612 14849 1995 3159 END
START -2356 4316 10076 15134 2134 3124 END
START -2368 4408 10508 15486 2278 3126 END
START -2360 4524 10804 15882 2396 3109 END
START -2392 4792 11468 16227 2517 3155 END
START -2568 4856 12388 16559 2619 3224 END
START -2484 4704 12956 16847 2689 3322 END
START -2628 4408 13740 17089 2785 3421 END
START -2928 4272 14468 17143 2862 3474 END
START -3116 4164 15216 17248 2827 3492 END
START -3380 3948 16008 17208 2833 3433 END
START -3488 3600 16596 17147 2697 3400 END
START -3620 3356 17336 17060 2570 3285 END
START -3680 3080 18200 17026 2390 3168 END
START -3788 2892 18888 16909 2154 3037 END
START -3804 2716 19432 16810 1845 2928 END
START -3760 2668 19832 16670 1521 2749 END
START -3620 2464 20468 16588 1163 2577 END
START -3308 2344 20436 16428 763 2457 END
START -3004 2100 20872 16251 423 2365 END
START -2812 1976 21108 16097 110 2300 END
START -2712 2076 21464 15939 -141 2334 END
START -2632 2160 21656 15748 -405 2381 END
START -2464 2144 21876 15553 -595 2392 END
START -2380 2140 21892 15373 -733 2481 END
START -2260 1944 21856 15096 -810 2540 END
START -2140 1756 21896 14821 -791 2670 END
START -2076 1620 21724 14553 -660 2710 END
START -1708 1372 21628 14219 -506 2816 END
START -1748 1216 21660 13927 -270 2873 END
START -1520 1236 21560 13676 100 2970 END
START -1652 1220 21620 13516 580 3071 END
START -1760 1408 22080 13366 1048 3171 END
START -2096 1396 22412 13294 1602 3210 END
START -2556 1332 23348 13223 1944 3361 END
START -2908 1244 23772 13124 2156 3397 END
START -3420 1040 24572 13043 2143 3450 END
START -3640 844 25004 12845 2093 3398 END
START -3732 508 25772 12615 1963 3266 END
START -4116 208 26504 11988 1779 3211 END
START -4412 -68 27180 11989 1512 3191 END
START -4656 -220 27592 12007 1037 3201 END
START -4784 -188 28168 11925 515 3155 END
START -4884 -364 28388 11598 -42 3092 END
START -4892 -628 28492 11487 -600 2932 END
START -4820 -1044 28416 11404 -1144 2733 END
START -4932 -1576 28464 11222 -1663 2450 END
START -4812 -1784 28348 11026 -2095 2180 END
START -4796 -2024 28280 10794 -2419 1877 END
START -4760 -2108 28080 10519 -2729 1543 END
START -4608 -2008 27852 10254 -2892 1272 END
START -4464 -2000 27812 9955 -2994 1079 END
START -4464 -1920 27884 9675 -3033 902 END
START -4396 -1620 27648 9350 -2942 789 END
START -4296 -1604 27688 9004 -2851 690 END
START -4212 -1488 27724 8703 -2675 624 END
START -4044 -1524 27532 8324 -2489 561 END
START -3972 -1532 27604 7976 -2216 580 END
START -4144 -1596 27920 7635 -1922 530 END
START -4288 -1696 28224 7266 -1625 497 END
START -4400 -1684 28336 6937 -1418 431 END
START -4436 -1848 28460 6616 -1312 366 END
START -4500 -1952 28712 6295 -1166 243 END
START -4724 -2088 29440 5984 -1168 153 END
START -4820 -2284 29768 5672 -1230 20 END
START -4652 -2384 29604 5373 -1281 -86 END
START -4744 -2380 29840 5051 -1270 -217 END
START -4600 -2480 29964 4738 -1400 -358 END
START -4428 -2400 29864 4376 -1520 -483 END
START -4324 -2540 29824 3986 -1677 -580 END
START -4492 -2432 30216 3600 -1692 -678 END
START -4648 -2380 30284 3165 -1687 -770 END
START -4476 -2296 29724 2721 -1738 -874 END
START -4468 -2324 29564 2240 -1726 -993 END
START -4240 -2324 29252 1799 -1737 -1104 END
START -4392 -2412 29340 1350 -1633 -1189 END
START -4392 -2276 29288 955 -1565 -1299 END
START -4300 -2344 29104 641 -1505 -1396 END
START -4484 -2436 28968 340 -1469 -1518 END
START -4460 -2548 28896 115 -1480 -1634 END
START -4700 -2700 29156 -100 -1546 -1768 END
START -4780 -2652 29096 -289 -1684 -1964 END
START -4792 -2600 29072 -463 -1739 -2119 END
START -4668 -2576 29096 -656 -1850 -2355 END
START -4512 -2452 28972 -882 -1917 -2568 END
START -4356 -2172 29308 -1168 -2018 -2732 END
START -4076 -1964 29240 -1475 -2063 -2809 END
START -3760 -1704 29000 -1885 -2122 -2862 END
START -3492 -1472 29056 -2280 -2143 -2829 END
START -3188 -1332 29012 -2783 -2148 -2781 END
START -3044 -1200 28880 -3288 -2153 -2696 END
START -2740 -884 28644 -3750 -2113 -2619 END
START -2440 -868 28356 -4209 -2011 -2541 END
START -2304 -924 28132 -4634 -1955 -2424 END
START -2244 -952 28012 -5024 -1906 -2349 END
START -2020 -764 27736 -5428 -1884 -2264 END
START -1848 -820 27480 -5758 -1808 -2222 END
START -1756 -816 27192 -6084 -1798 -2124 END
START -1608 -656 27024 -6355 -1768 -2092 END
START -1524 -716 26664 -6650 -1724 -2058 END
START -1492 -604 26560 -6920 -1724 -1988 END
START -1416 -504 26304 -7161 -1766 -1996 END
START -1416 -460 25856 -7454 -1830 -1995 END
START -1224 -428 25672 -7643 -1821 -1993 END
START -1196 -416 25432 -7863 -1898 -2006 END
START -1060 -372 25300 -8023 -1920 -2017 END
START -948 -328 24980 -8152 -1941 -2022 END
START -992 -176 24772 -8327 -2019 -2005 END
START -868 -60 24640 -8481 -2114 -2051 END
START -908 100 24332 -8615 -2242 -2042 END
START -820 132 24100 -8727 -2438 -2075 END
START -660 116 23708 -8858 -2602 -2099 END
START -520 80 23268 -8967 -2716 -2139 END
START -384 160 22840 -9091 -2747 -2200 END
START -172 312 22452 -9151 -2748 -2279 END
START -132 240 22344 -9271 -2758 -2355 END
START 48 384 21892 -9358 -2711 -2383 END
START 172 576 21704 -9466 -2708 -2393 END
START 332 712 21388 -9559 -2716 -2390 END
START 608 1032 21068 -9615 -2640 -2372 END
START 992 1252 20500 -9724 -2597 -2276 END
START 1340 1408 20076 -9768 -2496 -2225 END
START 1720 1472 19616 -9834 -2312 -2145 END
START 1876 1768 19708 -9900 -2159 -2028 END
START 2076 1924 19520 -9972 -1939 -1872 END
START 2372 2180 19284 -10083 -1773 -1709 END
START 2588 2392 19072 -10257 -1581 -1481 END
START 2728 2560 18972 -10427 -1430 -1273 END
START 2756 2636 18988 -10650 -1359 -1017 END
START 2712 2748 19028 -10891 -1282 -803 END
START 2996 2956 18488 -11097 -1218 -583 END
START 2880 3012 18584 -11295 -1197 -390 END
START 3076 3040 18056 -11442 -1214 -196 END
START 2940 3096 18032 -11542 -1320 -51 END
START 2912 3152 17692 -11612 -1373 131 END
START 2952 3168 17340 -11642 -1492 255 END
START 2944 3260 17176 -11627 -1635 379 END
START 3020 3520 16812 -11588 -1797 488 END
START 2976 3632 16428 -11520 -1994 604 END
START 3076 3788 16384 -11464 -2104 731 END
START 3136 3976 15972 -11392 -2298 846 END
START 3084 3900 15720 -11286 -2474 938 END
START 3100 3944 15292 -11207 -2706 1065 END
START 3132 3988 14848 -11143 -2895 1150 END
START 3128 3992 14532 -11043 -3039 1215 END
START 3164 3876 14088 -11012 -3203 1299 END
START 3288 3924 13708 -10938 -3290 1367 END
START 3276 3940 13260 -10940 -3395 1398 END
START 3304 4100 12900 -10954 -3475 1452 END
START 3224 4352 12500 -10973 -3516 1506 END
START 3248 4548 12080 -11044 -3557 1558 END
START 3328 4852 11648 -11061 -3604 1591 END
START 3284 5108 11176 -11140 -3733 1611 END
START 3540 5100 10740 -11150 -3830 1726 END
START 3696 5160 10368 -11081 -3963 1798 END
START 3708 5364 9884 -11002 -4001 1904 END
START 3688 5748 9496 -10790 -4117 2007 END
START 3696 6060 8852 -10588 -4148 2201 END
START 3848 6324 8832 -10284 -4147 2376 END
START 3944 6452 8348 -9973 -4190 2678 END
START 3920 6696 7716 -9646 -4278 2955 END
START 4112 6956 7300 -9323 -4198 3281 END
START 4284 7160 6932 -8956 -4088 3568 END
START 4252 7400 6712 -8654 -3953 3838 END
START 4112 7540 6288 -8295 -3874 4134 END
START 4172 7632 6008 -8006 -3776 4392 END
START 4376 7804 5524 -7706 -3658 4691 END
START 4588 7868 5308 -7415 -3507 4976 END
START 4684 7744 4992 -7120 -3328 5263 END
START 4804 7704 4776 -6845 -3120 5595 END
START 4968 7808 4608 -6563 -2865 5939 END
START 5044 7708 4304 -6286 -2660 6289 END
START 5140 7900 3872 -5991 -2389 6648 END
START 5156 7996 3844 -5718 -2150 6998 END
START 5336 8012 3488 -5406 -1891 7387 END
START 5292 7972 3208 -5121 -1591 7784 END
START 5248 8020 2844 -4780 -1274 8263 END
START 5080 8188 2564 -4450 -1001 8684 END
START 4928 8180 2320 -4091 -658 9138 END
START 4616 8192 1896 -3703 -421 9601 END
START 4528 8184 1800 -3334 -81 10045 END
START 4420 7996 1544 -2884 315 10460 END
START 4012 7788 1684 -2506 747 10891 END
START 3836 7824 1452 -2047 1232 11293 END
START 3288 7764 1444 -1605 1704 11652 END
START 3024 7712 1588 -1195 2118 11951 END
START 2540 7792 1512 -815 2549 12240 END
START 2084 7680 1700 -449 2966 12754 END
START 1736 7564 1932 -91 3334 12982 END
START 1500 7580 1956 225 3644 12879 END
START 1076 7432 2376 596 4010 13186 END
START 660 7168 2704 920 4344 13282 END
START 160 6984 3312 1223 4576 13484 END
START -324 6692 3864 1521 4669 13561 END
START -796 6420 4444 1798 4743 13560 END
START -1300 6356 4904 2084 4710 13587 END
START -1520 6384 5188 2342 4633 13482 END
START -1684 6220 5424 2599 4571 13455 END
START -1948 6084 5828 2841 4489 13401 END
START -2196 5964 6204 3058 4380 13399 END
START -2256 5968 6360 3234 4287 13355 END
START -2456 5812 6732 3395 4189 13318 END
START -2688 5744 6912 3486 4052 13225 END
START -2692 5704 7012 3575 3969 13099 END
START -2708 5804 6752 3653 3895 13080 END
START -2808 5816 7092 3736 3966 13306 END
START -2924 5844 6856 3854 3908 13326 END
START -3032 5816 6728 3976 3977 13386 END
START -3180 5792 7120 4121 4016 13436 END
START -3372 5864 6828 4294 4054 13522 END
START -3488 5992 6960 4519 4109 13649 END
START -3716 5928 7308 4663 4144 13795 END
START -3908 5864 7712 4869 4182 13883 END
START -4284 5924 7952 5028 4075 13983 END
START -4540 5772 8100 5147 3830 14071 END
START -5052 5624 8384 5287 3644 14127 END
START -5252 5612 8320 5432 3490 14156 END
START -5516 5336 8644 5567 3406 14136 END
START -6092 5140 8896 5749 3344 14058 END
START -6304 5000 9060 5912 3283 13989 END
START -6768 4964 9140 6082 3234 13879 END
START -6952 4896 9372 6220 3244 13713 END
START -7268 4920 9432 6325 3285 13586 END
START -7748 4792 9916 6414 3259 13342 END
START -7996 4680 10132 6444 3161 13134 END
START -8164 4568 10372 6544 3081 12817 END
START -8352 4468 10712 6660 2906 12768 END
START -8604 4448 10900 6845 2741 12322 END
START -8776 4248 11128 7034 2600 12375 END
START -8972 4076 11476 7310 2359 12026 END
START -9076 3852 11528 7512 2141 11796 END
START -9228 3728 11776 7804 1893 11502 END
START -9328 3680 11868 7967 1618 11177 END
START -9584 3400 12052 8179 1334 10867 END
START -9620 3216 12264 8350 946 10529 END
START -9588 2996 12360 8443 625 10174 END
START -9820 2820 12608 8587 320 9807 END
START -9956 2740 12284 8660 64 9458 END
START -9952 2596 12308 8760 -90 9079 END
START -9992 2464 12124 8903 -188 8761 END
START -10116 2156 12020 8995 -152 8355 END
START -10320 2144 12112 9130 -42 7998 END
START -10412 2108 12152 9247 91 7657 END
START -10640 2128 12216 9344 242 7362 END
START -10696 2280 12332 9422 396 7071 END
START -10912 2336 12608 9456 573 6767 END
START -11220 2332 12828 9514 735 6516 END
START -11404 2116 13012 9476 889 6202 END
START -11648 1948 13300 9488 1050 5955 END
START -11816 1808 13544 9474 1173 5652 END
START -12052 1568 14112 9468 1341 5349 END
START -12612 1212 14600 9469 1339 4962 END
START -13048 712 15096 9473 1202 4596 END
START -13340 420 15416 9477 991 4120 END
START -13588 116 15776 9497 777 3570 END
START -13580 -112 15996 9537 577 2982 END
START -13812 -248 16208 9571 381 2347 END
START -13916 -464 16444 9608 122 1718 END
START -13936 -796 16684 9665 -40 1099 END
START -14084 -796 16980 9639 -247 534 END
START -14272 -924 17316 9689 -457 -105 END
START -14444 -1168 17444 9671 -651 -772 END
START -14524 -1268 17764 9661 -897 -1505 END
START -14640 -1416 17948 9678 -966 -2249 END
START -14596 -1660 18104 9660 -1007 -3026 END
START -14516 -1772 18288 9579 -1011 -3832 END
START -14572 -1856 18736 9552 -953 -4590 END
START -14728 -1772 19072 9447 -1011 -5423 END
START -14664 -1800 19548 9389 -1118 -6196 END
START -14844 -1764 20008 9286 -1278 -6981 END
START -14868 -1840 20292 9260 -1518 -7719 END
START -14644 -1856 20848 9245 -1829 -8520 END
START -14420 -1888 21136 9309 -2113 -9322 END
START -14140 -1820 21404 9349 -2375 -10095 END
START -13748 -1680 21628 9318 -2638 -10894 END
START -13304 -1436 21968 9284 -2891 -11649 END
START -12720 -1192 22168 9167 -3082 -12365 END
START -12100 -888 22572 8964 -3287 -13069 END
START -11372 -460 22560 8728 -3441 -13655 END
START -10572 -12 22988 8450 -3507 -14100 END
START -9724 796 23236 8124 -3520 -14476 END
START -8916 1532 23400 7782 -3539 -14756 END
START -8304 1864 23748 7452 -3564 -14888 END
START -7344 2024 23832 7070 -3624 -14872 END
START -6420 2156 23812 6737 -3644 -14768 END
START -5792 2452 24104 6372 -3565 -14612 END
START -5124 2624 24104 6067 -3494 -14439 END
START -4440 2824 24056 5792 -3421 -14300 END
START -4016 2884 24068 5478 -3329 -14134 END
START -3580 2812 24172 5238 -3274 -13924 END
START -3452 2860 24020 4993 -3124 -13712 END
START -3212 2788 24156 4717 -3029 -13552 END
START -3124 2896 24064 4449 -2969 -13362 END
START -2996 2720 23984 4139 -2903 -13197 END
START -2932 2800 24072 3857 -2905 -13073 END
START -2864 2608 23776 3566 -2908 -13017 END
START -2940 2520 23696 3242 -2900 -12940 END
START -2708 2276 23484 2974 -2909 -12947 END
START -2728 2232 23328 2713 -2902 -12989 END
START -2660 2036 23004 2515 -2866 -13020 END
START -2564 1980 22860 2288 -2865 -13116 END
START -2496 1936 22608 2132 -2978 -13214 END
START -2344 1828 22520 2003 -2985 -13345 END
START -2260 1772 22396 1865 -3043 -13517 END
START -1888 1568 22208 1774 -3124 -13656 END
START -1644 1668 22076 1691 -3231 -13897 END
START -1360 1772 21980 1635 -3362 -14105 END
START -1012 1984 21648 1590 -3503 -14363 END
START -564 2144 21564 1598 -3547 -14534 END
START -112 2348 21348 1555 -3549 -14705 END
START 288 2464 21320 1608 -3507 -14798 END
START 708 2676 21080 1604 -3436 -14844 END
START 1380 2900 20836 1628 -3286 -14861 END
START 1756 3356 20584 1599 -3041 -14815 END
START 2236 4360 20340 1593 -2704 -14729 END
START 2668 5224 20428 1500 -2349 -14594 END
START 3160 5568 20548 1366 -1987 -14410 END
START 3500 5856 20596 1131 -1643 -14086 END
START 4084 5940 20676 858 -1323 -13713 END
START 4420 6292 20684 579 -863 -13268 END
START 4676 6360 20748 236 -408 -12820 END
START 4828 6396 20928 -59 -67 -12303 END
START 4880 6240 20952 -330 220 -11804 END
START 4796 6184 20960 -612 453 -11294 END
START 4660 6236 21212 -838 577 -10806 END
START 4628 6180 21608 -1034 644 -10328 END
START 4252 6152 21732 -1201 513 -9870 END
START 4104 5964 22040 -1307 342 -9480 END
START 3788 5836 22176 -1366 38 -9097 END