START -2968 -1652 13980 887 -531 -3017 END
START 1488 -1804 672 1053 -1415 -3423 END
START -3048 -2316 9208 1258 -804 -3443 END
START -1736 -1776 11796 1333 -672 -3660 END
START -1664 -1636 12436 1578 59 -3724 END
START -672 -1756 12588 1716 852 -3785 END
START -68 -1628 12604 1767 1635 -3829 END
START 212 -1476 12872 1687 2274 -3809 END
START 300 -1268 12808 1505 2896 -3739 END
START 572 -724 13016 1196 3668 -3541 END
START 716 -468 13816 769 4253 -3213 END
START 560 44 14600 259 4586 -2936 END
START 280 828 15340 -285 4675 -2561 END
START 244 1636 15764 -781 4770 -2102 END
START 212 2084 16040 -1269 4770 -1519 END
START 204 2132 16364 -1626 4607 -890 END
START 56 1920 16560 -1899 4361 -238 END
START -308 1820 17136 -2048 4042 398 END
START -688 1376 17448 -2071 3519 983 END
START -1220 1000 17488 -2043 2932 1441 END
START -1708 516 17576 -1930 2147 1842 END
START -2012 160 17520 -1753 1323 2068 END
START -2088 -232 17240 -1471 526 2225 END
START -2252 -488 17032 -1159 -195 2287 END
START -2452 -612 16636 -799 -889 2256 END
START -2656 -916 16500 -457 -1441 2174 END
START -2984 -1064 16200 -127 -1957 2089 END
START -3080 -1324 16132 194 -2466 1980 END
START -3304 -1488 16136 466 -2842 1847 END
START -3456 -1504 15948 675 -3223 1678 END
START -3576 -1876 15864 870 -3564 1466 END
START -3588 -2216 15616 1032 -3795 1212 END
START -3408 -2312 15452 1194 -3875 941 END
START -3464 -2512 15136 1312 -3877 613 END
START -3204 -2620 14900 1386 -3764 272 END
START -3124 -2732 14628 1403 -3452 -152 END
START -2916 -2608 14284 1433 -3090 -556 END
START -2812 -2568 14324 1440 -2678 -957 END
START -2688 -2368 14020 1413 -2209 -1310 END
START -2484 -2280 14184 1411 -1554 -1649 END
START -2324 -2276 14240 1377 -947 -1900 END
START -2096 -2012 14304 1249 -212 -2124 END
START -2020 -1956 14612 1099 428 -2308 END
START -1912 -1596 14996 852 1034 -2502 END
START -1872 -1292 15312 505 1639 -2673 END
START -1868 -936 15680 224 2142 -2743 END
START -1864 -760 16100 -163 2555 -2793 END
START -1700 -696 16392 -519 2847 -2817 END
START -1612 -640 16716 -916 3112 -2752 END
START -1436 -404 16688 -1339 3422 -2576 END
START -1188 -148 16872 -1774 3670 -2410 END
START -1160 -44 16868 -2136 3912 -2205 END
START -1020 112 17044 -2571 4136 -1931 END
START -1032 216 17100 -2918 4280 -1636 END
START -1120 316 17264 -3300 4335 -1335 END
START -1168 244 17292 -3579 4271 -967 END
START -1220 252 17632 -3799 4125 -610 END
START -1272 276 17684 -3937 3831 -279 END
START -1512 128 17920 -4004 3429 74 END
START -1704 48 17764 -3962 2992 417 END
START -1812 -40 17776 -3830 2524 700 END
START -1900 -220 17660 -3612 1972 930 END
START -2240 -488 17652 -3375 1385 1141 END
START -2264 -636 17500 -3054 807 1333 END
START -2296 -744 17344 -2728 226 1490 END
START -2528 -1080 17164 -2406 -302 1563 END
START -2548 -1176 17004 -2051 -728 1672 END
START -2620 -1292 16616 -1722 -1137 1679 END
START -2572 -1436 16300 -1455 -1387 1724 END
START -2580 -1476 16164 -1188 -1536 1686 END
START -2628 -1548 16044 -1035 -1628 1648 END
START -2664 -1680 15984 -932 -1693 1546 END
START -2724 -1928 16036 -893 -1739 1393 END
START -2548 -2292 16100 -876 -1680 1179 END
START -2760 -2380 16016 -918 -1608 931 END
START -2724 -2436 15760 -969 -1496 641 END
START -2860 -2524 15660 -1037 -1354 286 END
START -2980 -2392 15476 -1132 -1184 25 END
START -2932 -2344 15396 -1224 -986 -269 END
START -2796 -2192 15084 -1324 -655 -538 END
START -2616 -2100 14656 -1458 -207 -774 END
START -2556 -1912 14648 -1611 231 -967 END
START -2564 -1764 14532 -1821 588 -1178 END
START -2428 -1640 14580 -1983 1005 -1319 END
START -2260 -1640 14780 -2169 1332 -1459 END
START -2268 -1588 15044 -2335 1550 -1545 END
START -2096 -1652 15048 -2479 1761 -1591 END
START -2044 -1588 15176 -2586 1872 -1593 END
START -1908 -1460 15152 -2738 1913 -1575 END
START -1844 -1144 15196 -2796 1953 -1513 END
START -1668 -984 15028 -2914 1977 -1391 END
START -1660 -852 14992 -2922 1950 -1221 END
START -1668 -612 14872 -2923 1890 -990 END
START -1592 -540 14892 -2904 1823 -728 END
START -1396 -528 14828 -2895 1681 -443 END
START -1260 -440 14748 -2824 1579 -94 END
START -1204 -680 14656 -2830 1436 164 END
START -1376 -632 14588 -2784 1221 434 END
START -1432 -724 14768 -2689 908 670 END
START -1756 -776 14608 -2640 563 853 END
START -1840 -924 14556 -2473 79 1073 END
START -1920 -912 14556 -2271 -345 1199 END
START -2020 -948 14224 -2081 -797 1323 END
START -2264 -1060 13876 -1806 -1259 1407 END
START -2328 -1060 13600 -1560 -1702 1486 END
START -2364 -1044 13076 -1337 -2016 1521 END
START -2436 -1136 12556 -1085 -2231 1534 END
START -2400 -1240 11968 -874 -2346 1485 END
START -2396 -1400 11524 -691 -2369 1414 END
START -2260 -1568 11116 -513 -2318 1304 END
START -2296 -1800 10732 -315 -2177 1143 END
START -2384 -2000 10604 -105 -2028 953 END
START -2264 -2064 10404 125 -1771 700 END
START -2256 -2128 10152 322 -1584 451 END
START -2140 -2180 9984 500 -1367 157 END
START -2308 -1944 9832 620 -1122 -110 END
START -2308 -1716 9684 703 -867 -389 END
START -2172 -1356 9532 727 -627 -638 END
START -2116 -1048 9520 676 -346 -840 END
START -2052 -944 9540 615 -127 -1028 END
START -1900 -812 9676 533 71 -1168 END
START -1792 -748 9556 454 196 -1249 END
START -1764 -788 9392 392 379 -1354 END
START -1644 -608 9260 377 565 -1415 END
START -1524 -484 9164 384 634 -1502 END
START -1524 -248 8964 420 763 -1522 END
START -1504 -68 8960 442 849 -1522 END
START -1504 224 8720 493 906 -1540 END
START -1480 392 8428 540 894 -1462 END
START -1328 488 8372 567 923 -1446 END
START -1180 552 8024 630 934 -1369 END
START -1148 640 7768 676 936 -1284 END
START -1160 804 7720 809 892 -1132 END
START -1152 976 7480 938 905 -996 END
START -1196 1080 7364 1181 830 -777 END
START -984 1336 7104 1430 793 -585 END
START -756 1488 6784 1733 730 -420 END
START -772 1560 6884 2116 657 -176 END
START -940 1688 6804 2468 564 34 END
START -1008 1768 6668 2789 392 242 END
START -1176 1992 6760 3152 205 479 END
START -1236 2040 6628 3522 -80 694 END
START -1216 1896 6728 3906 -433 900 END
START -1244 1856 6672 4291 -767 1095 END
START -1224 1684 6584 4679 -1093 1243 END
START -1252 1740 6540 5122 -1379 1406 END
START -1520 1620 6192 5472 -1606 1475 END
START -1516 1644 6000 5864 -1902 1539 END
START -1632 1576 5752 6223 -2048 1509 END
START -1752 1660 5376 6564 -2147 1480 END
START -1628 1664 5044 6915 -2122 1396 END
START -1664 1704 4864 7275 -1996 1264 END
START -1644 1580 4532 7584 -1883 1128 END
START -1524 1624 4360 7839 -1664 956 END
START -1492 1596 4724 8145 -1432 745 END
START -1444 1384 4468 8343 -1167 518 END
START -1280 1400 4636 8563 -879 354 END
START -1320 1588 4932 8787 -618 115 END
START -1128 1632 4988 9007 -411 -130 END
START -1168 1720 4992 9213 -258 -325 END
START -1156 1988 5028 9435 -103 -578 END
START -1008 2212 5204 9654 -32 -729 END
START -940 2336 5288 9899 52 -925 END
START -852 2504 5332 10122 126 -1045 END
START -672 2820 5340 10307 239 -1144 END
START -552 3128 5336 10498 427 -1145 END
START -396 3472 5216 10688 587 -1152 END
START -184 3652 5352 10875 819 -1112 END
START -60 3668 5392 11039 1090 -998 END
START -12 3760 5460 11212 1377 -866 END
START 24 3964 5548 11429 1654 -726 END
START -120 4148 5952 11611 1929 -531 END
START -204 4356 6152 11960 2154 -325 END
START -576 4404 6652 11905 2201 -107 END
START -688 4596 7032 12180 2182 106 END
START -1020 4628 7644 12507 2078 338 END
START -1300 4848 7988 12841 1885 611 END
START -1308 4860 8324 13109 1622 861 END
START -1452 4940 8340 13407 1325 1136 END
START -1724 5080 8640 13738 1097 1393 END
START -1928 5140 8936 14057 719 1596 END
START -2188 5280 9540 14365 292 1807 END
START -2416 5312 10012 14672 -160 2036 END
START -2468 5400 10448 15050 -697 2281 END
START -2568 5360 10844 15425 -1192 2461 END
START -2488 5176 11036 15744 -1761 2615 END
START -2520 5284 11304 16051 -2256 2736 END
START -2336 5196 11172 16292 -2619 2808 END
START -2152 5288 11308 16454 -2986 2842 END
START -1912 5500 11292 16608 -3204 2877 END
START -1876 5696 11368 16666 -3267 2893 END
START -1620 5804 10928 16661 -3151 2886 END
START -1644 5948 10904 16684 -2891 2860 END
START -1604 6032 10516 16639 -2484 2830 END
START -1772 5864 10496 16573 -1981 2711 END
START -1780 5884 10616 16540 -1399 2555 END
START -1668 5556 10900 16514 -788 2387 END
START -2040 5556 11352 16465 -285 2153 END
START -2048 5444 11712 16462 210 1913 END
START -2120 5552 12348 16507 666 1665 END
START -2312 5620 12632 16509 967 1431 END
START -2196 5896 13176 16514 1315 1207 END
START -2252 6064 13724 16434 1576 1023 END
START -2200 6212 14076 16386 1823 851 END
START -2200 6284 14600 16273 2078 717 END
START -2100 6380 14904 16174 2296 550 END
START -2060 6536 15324 16091 2513 486 END
START -1908 6408 15916 15991 2820 322 END
START -1840 6420 16448 15846 3083 196 END
START -1656 6288 16904 15705 3355 68 END
START -1452 6088 17356 15490 3548 -65 END
START -1320 5960 18056 15278 3734 -171 END
START -1148 6084 18604 15058 3805 -265 END
START -1052 6316 19436 14807 3889 -367 END
START -1092 6496 20004 14585 3795 -408 END
START -948 6832 20700 14396 3604 -372 END
START -712 7100 21600 14265 3398 -276 END
START -644 7320 22108 14128 3147 -115 END
START -408 7592 22612 13983 2887 128 END
START -376 7788 23120 13780 2637 347 END
START -388 7720 23516 13565 2514 652 END
START -776 7772 24176 13386 2329 1043 END
START -920 7644 24836 13217 2136 1477 END
START -996 7824 25324 13113 1913 1883 END
START -1260 7664 25868 12981 1649 2224 END
START -1396 7564 26180 12871 1348 2501 END
START -1788 7300 26884 12647 962 2773 END
START -2204 7036 26852 12379 667 3101 END
START -2508 7216 26436 12083 563 3404 END
START -2824 7060 25620 11824 836 3711 END
START -3040 6848 25004 11414 1338 3965 END
START -3588 6012 24680 11170 2074 4099 END
START -4044 5044 24592 11040 2922 4112 END
START -4716 4144 24804 10974 3799 3932 END
START -5216 3304 25192 10916 4718 3609 END
START -5664 2680 25880 10799 5500 3151 END
START -6384 2072 26904 10600 6102 2558 END
START -6772 1736 27948 10236 6539 1865 END
START -7100 1668 29120 9746 6849 1117 END
START -7420 1684 30160 9169 6934 423 END
START -7632 2048 31140 8433 6893 -157 END
START -7724 2368 32016 7702 6687 -698 END
START -7572 2760 32764 7030 6415 -1098 END
START -7376 2928 32767 6361 6079 -1350 END
START -7284 3336 32767 5807 5666 -1528 END
START -7248 3808 32767 5312 5170 -1601 END
START -7092 4348 32767 4918 4581 -1551 END
START -7220 4928 32767 4580 3939 -1420 END
START -7176 5392 32767 4296 3259 -1208 END
START -7260 5776 32767 4003 2543 -938 END
START -7128 6096 32767 3737 1746 -622 END
START -7108 6020 32767 3479 1096 -370 END
START -7104 5960 32767 3178 312 -65 END
START -6984 5912 32767 2840 -409 226 END
START -6792 5764 32767 2492 -1057 488 END
START -6668 5460 32767 2159 -1683 755 END
START -6612 5104 32767 1817 -2204 927 END
START -6340 4872 32767 1427 -2588 1069 END
START -6156 4660 32767 1024 -2826 1196 END
START -6004 4476 32767 569 -2951 1242 END
START -5876 4344 32767 53 -2858 1261 END
START -5724 4140 32688 -460 -2768 1235 END
START -5636 4088 32360 -1078 -2525 1165 END
START -5660 3940 31852 -1709 -2218 1024 END
START -5428 3816 31540 -2316 -1848 859 END
START -5428 3672 31180 -2934 -1412 614 END
START -5436 3564 31072 -3481 -981 361 END
START -5324 3480 30880 -4066 -515 81 END
START -5428 3556 30872 -4627 -133 -210 END
START -5276 3588 30536 -5213 248 -458 END
START -5140 3568 30400 -5795 612 -735 END
START -5176 3676 30056 -6419 991 -1021 END
START -4944 3752 29852 -7003 1265 -1264 END
START -4804 4072 29528 -7551 1594 -1527 END
START -4668 4412 28952 -8073 1934 -1682 END
START -4612 4652 28836 -8543 2361 -1848 END
START -4572 4628 28636 -9026 2757 -1905 END
START -4380 4524 28432 -9498 3030 -1963 END
START -4356 4452 28368 -9945 3312 -1998 END
START -4236 4372 28324 -10392 3516 -2054 END
START -4316 4324 28344 -10815 3572 -2123 END
START -4280 4160 28388 -11164 3494 -2176 END
START -4372 4116 28432 -11448 3270 -2144 END
START -4416 4040 28400 -11644 2898 -2142 END
START -4424 4100 28476 -11762 2384 -2065 END
START -4436 4132 28020 -11909 1892 -2037 END
START -4460 4208 27492 -11942 1383 -1913 END
START -4252 4284 27104 -12026 880 -1801 END
START -4200 4208 26468 -12096 515 -1683 END
START -3844 4224 25740 -12244 228 -1525 END
START -3760 4216 25140 -12296 27 -1378 END
START -3772 3936 24800 -12409 -136 -1251 END
START -3620 3896 24312 -12434 -233 -1110 END
START -3596 3784 24068 -12472 -349 -1057 END
START -3600 3704 24000 -12409 -462 -914 END
START -3692 3544 23808 -12344 -578 -868 END
START -3476 3580 23488 -12353 -671 -787 END
START -3584 3492 23172 -12378 -763 -737 END
START -3372 3592 22956 -12460 -835 -682 END
START -3412 3628 22540 -12550 -786 -655 END
START -3336 3816 22220 -12633 -752 -587 END
START -3400 3856 21904 -12799 -653 -570 END
START -3516 3952 21680 -12893 -583 -526 END
START -3492 3908 21468 -13056 -491 -477 END
START -3508 4016 21384 -13249 -391 -490 END
START -3552 4056 21028 -13436 -281 -494 END
START -3464 4076 20760 -13627 -238 -483 END
START -3644 3956 20608 -13807 -134 -482 END
START -3592 3992 20416 -14004 -75 -481 END
START -3708 4016 20184 -14157 -70 -531 END
START -3668 3956 19844 -14321 -9 -594 END
START -3632 3956 19524 -14414 10 -629 END
START -3612 3940 19296 -14586 101 -699 END
START -3636 3964 18972 -14728 170 -788 END
START -3640 3896 18456 -14863 274 -895 END
START -3564 3888 18168 -15032 350 -1010 END
START -3628 3972 17852 -15211 447 -1148 END
START -3524 3932 17436 -15377 493 -1264 END
START -3448 3972 17412 -15515 621 -1341 END
START -3348 3988 17112 -15649 681 -1438 END
START -3252 3904 16804 -15780 701 -1525 END
START -3348 4020 16592 -15873 727 -1627 END
START -3288 4140 16088 -15952 723 -1645 END
START -3228 4144 15968 -15997 651 -1697 END
START -3120 4112 15668 -16012 543 -1711 END
START -3048 4236 15208 -15982 453 -1720 END
START -3040 4336 14808 -15912 348 -1703 END
START -2952 4448 14356 -15817 264 -1668 END
START -2908 4548 13944 -15749 251 -1616 END
START -2888 4700 13512 -15561 214 -1565 END
START -2752 4544 13092 -15423 245 -1544 END
START -2748 4396 12760 -15265 231 -1480 END
START -2712 4464 12420 -15098 237 -1434 END
START -2664 4144 12080 -14874 256 -1366 END
START -2836 4004 11904 -14649 242 -1346 END
START -2924 3880 11632 -14317 184 -1351 END
START -3032 3668 11592 -13971 99 -1362 END
START -3036 3612 11308 -13612 2 -1423 END
START -3180 3692 11084 -13294 -166 -1445 END
START -3140 3680 10972 -12983 -363 -1521 END
START -2992 3800 10644 -12632 -602 -1503 END
START -2888 3904 10288 -12410 -824 -1550 END
START -2688 3844 10012 -12144 -999 -1543 END
START -2524 3824 9704 -11931 -1136 -1526 END
START -2520 3776 9316 -11721 -1252 -1506 END
START -2144 3976 9112 -11497 -1314 -1462 END
START -2132 3888 8820 -11236 -1410 -1417 END
START -1940 3984 8336 -10947 -1417 -1348 END
START -1784 4044 8396 -10683 -1437 -1260 END
START -1540 4016 8124 -10378 -1459 -1149 END
START -1492 4012 7916 -10101 -1495 -1072 END
START -1464 3996 7640 -9861 -1556 -922 END
START -1328 3980 7400 -9619 -1541 -851 END
START -1204 4044 7088 -9383 -1535 -791 END
START -1068 4224 6960 -9204 -1431 -670 END
START -1024 4136 6696 -9048 -1355 -587 END
START -824 4168 6308 -8914 -1239 -474 END
START -756 4220 5944 -8734 -1067 -346 END
START -680 4212 5660 -8600 -825 -227 END
START -444 4136 5168 -8438 -459 -128 END
START -632 4156 5108 -8287 -160 -38 END
START -644 4072 4844 -8108 267 26 END
START -680 4008 4668 -7952 610 83 END
START -868 3864 4500 -7851 969 86 END
START -884 3764 4280 -7703 1212 69 END
START -1068 3672 3960 -7561 1572 57 END
START -1172 3552 3836 -7359 1851 -2 END
START -1452 3280 3632 -7076 2200 -87 END
START -1520 3040 3724 -6777 2424 -179 END
START -1796 3164 3540 -6375 2761 -337 END
START -1876 3152 3600 -5931 2930 -479 END
START -2044 3168 3848 -5480 3136 -621 END
START -2084 3008 4100 -5004 3198 -776 END
START -2296 2836 4656 -4570 3199 -924 END
START -2220 2720 4896 -4167 3102 -1056 END
START -2312 2740 5056 -3744 2997 -1177 END
START -2100 2812 5320 -3410 2798 -1312 END
START -2140 2892 5644 -3123 2625 -1367 END
START -2096 2976 5712 -2854 2369 -1430 END
START -1920 3012 5756 -2614 2179 -1376 END
START -1664 3084 5520 -2400 2037 -1319 END
START -1484 3220 5520 -2151 2002 -1198 END
START -1388 3216 5580 -1940 2079 -1029 END
START -1416 2976 5436 -1673 2042 -845 END
START -1488 2984 5716 -1363 2083 -649 END
START -1480 2616 6120 -1060 2044 -457 END
START -1592 2388 6432 -716 1987 -279 END
START -1820 2136 6892 -400 1914 -111 END
START -1824 2108 7400 -151 1750 48 END
START -2072 2068 7964 100 1454 161 END
START -2284 1912 8456 315 1183 224 END
START -2520 1812 8932 470 820 310 END
START -2656 1716 9556 573 409 327 END
START -2636 1520 9588 678 54 372 END
START -2544 1396 9672 731 -280 339 END
START -2336 1076 10008 729 -504 309 END
START -2432 908 9892 715 -656 262 END
START -2280 912 9996 720 -736 171 END
START -2184 580 9944 681 -685 83 END
START -2008 384 10148 706 -553 -11 END
START -1980 392 10428 721 -395 -63 END
START -1976 308 10452 724 -185 -139 END
START -2192 556 10952 706 33 -226 END
START -2228 816 11184 712 179 -230 END
START -2540 1092 11800 675 354 -242 END
START -2632 1232 12184 640 501 -237 END
START -2764 1192 12676 543 651 -191 END
START -3068 1252 13220 447 693 -201 END
START -3276 1200 13820 324 721 -125 END
START -3564 1116 14408 196 743 -148 END
START -3696 916 14640 68 700 -132 END
START -3636 932 14820 -99 717 -168 END
START -3692 684 15348 -255 725 -146 END
START -3588 748 15528 -468 776 -158 END
START -3596 708 15608 -667 840 -113 END
START -3636 840 15920 -907 869 -41 END
START -3800 744 15860 -1130 963 -15 END
START -3920 792 16200 -1350 950 104 END
START -4032 636 16376 -1586 926 138 END
START -4244 508 16572 -1767 860 213 END
START -4392 192 16612 -1907 724 229 END
START -4344 92 16572 -2038 661 239 END
START -4520 -52 16492 -2115 571 219 END
START -4592 -256 16460 -2230 479 209 END
START -4684 -456 16424 -2246 349 177 END
START -4832 -648 16524 -2264 186 160 END
START -5028 -796 16544 -2285 44 161 END
START -5004 -856 16572 -2226 -192 188 END
START -4984 -1032 16496 -2150 -396 236 END
START -4960 -1272 16372 -2049 -574 255 END
START -5048 -1456 16232 -1934 -711 293 END
START -5016 -1680 16060 -1822 -854 333 END
START -5076 -2064 15980 -1681 -970 352 END
START -5184 -2104 15904 -1572 -1035 406 END
START -5340 -2328 15696 -1465 -1119 413 END
START -5500 -2360 15716 -1329 -1132 437 END
START -5664 -2548 15716 -1246 -1142 460 END
START -5940 -2844 15788 -1181 -1118 468 END
START -6180 -3036 15908 -1138 -1189 428 END
START -6564 -3240 15996 -1111 -1232 382 END
START -6864 -3440 16200 -1104 -1294 257 END
START -7108 -3624 16104 -1099 -1325 101 END
START -7452 -3724 16176 -1096 -1363 -52 END
START -7704 -4124 16136 -1054 -1367 -264 END
START -7752 -4236 16108 -1070 -1335 -504 END
START -8108 -4308 16240 -1031 -1276 -792 END
START -8284 -4372 16212 -1075 -1216 -1070 END
START -8444 -4456 16104 -1087 -1061 -1417 END
START -8528 -4488 16088 -1140 -986 -1724 END
START -8600 -4292 16272 -1210 -799 -2074 END
START -8568 -4132 16280 -1330 -608 -2391 END
START -8704 -3988 16272 -1495 -423 -2674 END
START -8836 -3740 16648 -1700 -269 -2920 END
START -8948 -3532 16948 -1940 -183 -3125 END
START -9196 -3332 17208 -2176 -153 -3277 END
START -9364 -3208 17552 -2421 -154 -3418 END
START -9464 -3160 17700 -2699 -245 -3560 END
START -9624 -3100 17636 -2882 -360 -3726 END
START -9784 -3116 17636 -3065 -402 -3924 END
START -9936 -3132 17420 -3262 -491 -4166 END
START -9912 -3192 17416 -3431 -549 -4385 END
START -10008 -3060 17224 -3598 -626 -4660 END
START -10092 -2932 17140 -3722 -700 -4862 END
START -10140 -2824 17100 -3861 -773 -5098 END
START -10196 -2716 16792 -3987 -848 -5305 END
START -10200 -2640 16684 -4115 -992 -5544 END
START -10256 -2240 16420 -4209 -1111 -5729 END
START -10180 -2196 16020 -4285 -1235 -5942 END
START -10032 -1904 15588 -4313 -1296 -6127 END
START -9888 -1760 15440 -4351 -1312 -6312 END
START -9816 -1712 14988 -4369 -1282 -6448 END
START -9772 -1652 14664 -4376 -1240 -6572 END
START -9764 -1556 14464 -4373 -1252 -6765 END
START -9704 -1432 14360 -4380 -1278 -6899 END
START -9784 -1364 13960 -4288 -1337 -7073 END
START -9872 -1404 13704 -4205 -1416 -7242 END
START -9768 -1484 13420 -4046 -1443 -7458 END
START -9784 -1592 13068 -3858 -1600 -7613 END
START -9620 -1556 12844 -3653 -1681 -7854 END
START -9460 -1676 12340 -3465 -1705 -8105 END
START -9360 -1636 12036 -3282 -1743 -8354 END
START -9240 -1624 11672 -3067 -1724 -8631 END
START -9024 -1796 11484 -2953 -1740 -8887 END
START -9036 -1824 11284 -2736 -1695 -9171 END
START -8760 -1840 10900 -2609 -1625 -9444 END
START -8632 -1752 10628 -2495 -1578 -9701 END
START -8332 -1736 10540 -2357 -1561 -9949 END
START -8212 -1712 10240 -2266 -1477 -10231 END
START -7824 -1668 10128 -2224 -1444 -10446 END
START -7648 -1624 9936 -2208 -1368 -10686 END
START -7316 -1508 9688 -2226 -1367 -10877 END
START -7028 -1484 9272 -2238 -1359 -11038 END
START -6700 -1436 9144 -2183 -1308 -11203 END
START -6444 -1364 8888 -2143 -1238 -11309 END
START -6180 -1184 8568 -2055 -1126 -11405 END
START -5868 -1304 8184 -1976 -1112 -11435 END
START -5652 -1120 7728 -1771 -1041 -11517 END
START -5480 -1232 7424 -1552 -922 -11543 END
START -5288 -1180 7120 -1275 -800 -11585 END
START -5032 -1192 6696 -988 -734 -11629 END
START -4828 -992 6452 -678 -677 -11688 END
START -4812 -844 6256 -375 -572 -11765 END
START -4584 -576 6032 -50 -503 -11804 END
START -4416 -436 5992 209 -411 -11884 END
START -4164 -244 5928 425 -408 -11864 END
START -3920 -140 5756 667 -372 -11890 END
START -3620 -100 5640 861 -304 -11857 END
START -3244 84 5432 1115 -190 -11820 END
START -2908 72 5296 1307 -46 -11812 END
START -2608 216 5508 1541 85 -11786 END
START -2244 320 5316 1757 264 -11810 END
START -2080 312 5056 1941 403 -11771 END
START -1828 344 5056 2181 565 -11793 END
START -1512 516 5068 2419 787 -11773 END
START -1184 652 4808 2618 912 -11712 END
START -964 820 4936 2847 1054 -11672 END
START -832 1044 4728 3127 1136 -11584 END
START -436 1004 4748 3400 1258 -11477 END
START -28 1236 4676 3711 1391 -11343 END
START 24 1324 4640 4053 1490 -11176 END
START 136 1460 4744 4393 1598 -11032 END
START 336 1564 5180 4754 1549 -10842 END
START 360 1644 5208 5097 1481 -10710 END
START 528 1880 5496 5453 1290 -10475 END
START 756 2144 5716 5790 1071 -10305 END
START 1020 2156 5512 6147 864 -10086 END
START 1280 2144 5504 6438 652 -9888 END
START 1592 2224 5124 6695 580 -9665 END
START 1820 2364 4828 7047 553 -9517 END
START 2052 2268 4556 7330 693 -9335 END
START 2312 2444 4404 7657 890 -9138 END
START 2408 2620 4436 7999 1234 -9012 END
START 2436 2644 4632 8317 1527 -8865 END
START 2376 2832 4836 8636 1822 -8727 END
START 2412 2880 5140 8898 2016 -8548 END
START 2336 2976 5460 9135 2181 -8452 END
START 2408 2992 5700 9325 2303 -8348 END
START 2536 2960 5844 9487 2350 -8218 END
START 2540 3136 6232 9627 2506 -8112 END
START 2556 3208 6420 9779 2579 -8016 END
START 2712 3448 6464 9918 2704 -7877 END
START 2956 3644 6564 10035 2863 -7765 END
START 3048 3788 6628 10112 2992 -7576 END
START 2836 3956 6708 10204 3096 -7440 END
START 2816 3932 6832 10289 3215 -7347 END
START 2936 3976 7088 10442 3279 -7158 END
START 2900 4012 7164 10586 3363 -7054 END
START 2744 4028 7448 10825 3404 -6969 END
START 2904 4080 7488 11007 3399 -6803 END
START 2916 4092 7780 11187 3480 -6673 END
START 3052 4068 8104 11475 3433 -6563 END
START 3032 4232 8160 11668 3443 -6421 END
START 3144 4348 8492 11718 3441 -6254 END
START 3296 4640 8828 12153 3379 -6142 END
START 3532 4760 8956 12158 3326 -5968 END
START 3408 5004 9296 12127 3233 -5693 END
START 3572 5016 9696 12172 3118 -5469 END
START 3500 5024 9704 12658 2979 -5206 END
START 3576 5168 9852 12727 2780 -4949 END
START 3732 5020 10272 12879 2592 -4682 END
START 3632 5152 10232 13097 2327 -4457 END
START 3884 5328 10404 13310 2173 -4253 END
START 4032 5400 10148 13542 2042 -4012 END
START 4084 5748 10320 13712 1991 -3812 END
START 4200 5680 10440 13893 1991 -3563 END
START 4248 5796 10316 14039 2046 -3345 END
START 4496 5668 10584 14236 2180 -3158 END
START 4648 5776 10572 14380 2370 -2929 END
START 4728 5932 10836 14518 2626 -2766 END
START 4756 6176 11272 14618 2861 -2582 END
START 4792 6372 11476 14701 3089 -2410 END
START 4752 6472 12116 14711 3241 -2183 END
START 4760 6500 12784 14707 3410 -1972 END
START 4804 6584 13348 14723 3434 -1726 END
START 4720 6576 13808 14768 3459 -1488 END
START 4832 6676 14368 14783 3381 -1263 END
START 4756 6704 14844 14805 3291 -1041 END
START 4764 6616 15044 14778 3170 -812 END
START 4656 6528 15388 14785 3074 -635 END
START 4660 6484 15820 14811 2944 -458 END
START 4676 6452 15856 14829 2839 -319 END
START 4584 6620 16172 14756 2720 -161 END
START 4436 6676 16456 14759 2602 -39 END
START 4384 6804 16904 14744 2477 58 END
START 4412 6932 16984 14757 2344 179 END
START 4440 7060 17404 14752 2289 318 END
START 4748 7276 17752 14803 2224 458 END
START 4892 7480 17996 14743 2219 616 END
START 4952 7476 18236 14712 2209 811 END
START 5244 7572 18440 14595 2241 1011 END
START 5464 7728 18872 14458 2305 1225 END
START 5572 7820 19476 14249 2340 1442 END
START 5568 7956 19512 13992 2363 1715 END
START 5700 8112 19992 13742 2453 1980 END
START 5936 8144 20344 13412 2471 2293 END
START 6044 8188 20608 13077 2574 2634 END
START 6100 8424 20728 12827 2624 3020 END
START 6272 8272 20764 12493 2763 3432 END
START 6380 8364 20888 12020 2936 3892 END
START 6360 8356 21032 11936 3120 4353 END
START 6384 8464 21244 11935 3290 4795 END
START 6428 8480 21468 11435 3464 5300 END
START 6456 8344 21520 11260 3632 5803 END
START 6188 8276 21984 10994 3741 6299 END
START 6116 8140 22044 10736 3773 6854 END
START 5924 7924 22308 10586 3771 7365 END
START 5696 7612 22520 10452 3775 7905 END
START 5568 7364 22776 10371 3736 8426 END
START 5196 7340 23004 10331 3678 8914 END
START 4900 7008 23188 10304 3615 9364 END
START 4576 6996 23432 10267 3468 9758 END
START 4152 6908 23556 10209 3262 10023 END
START 3632 6880 23880 10036 3060 10267 END
START 3188 6920 23936 9856 2895 10620 END
START 2980 6752 24332 9700 2624 10928 END
START 2692 6664 24604 9595 2384 11241 END
START 2516 6536 24772 9586 2121 11467 END
START 2260 6300 24788 9563 1940 11595 END
START 2168 6056 25004 9465 1737 11657 END
START 1972 5872 25328 9353 1548 11734 END
START 1644 5924 25268 9183 1441 11794 END
START 1572 5948 25456 8835 1310 11788 END
START 1460 6148 25676 8482 1266 11774 END
START 1320 6076 25416 7995 1315 11788 END
START 1276 6004 25520 7456 1429 11809 END
START 1112 5988 25420 6974 1656 11790 END
START 852 6052 25300 6458 1919 11821 END
START 828 6008 24956 5919 2292 11950 END
START 576 6168 24892 5418 2643 11962 END
START 412 6092 25116 4843 3047 11959 END
START 292 5856 25128 4305 3417 12025 END
START 112 5776 25184 3735 3776 12063 END
START -16 5580 25200 3115 4102 12008 END
START -268 5440 24956 2558 4472 12072 END
START -520 5496 24872 1970 4762 12154 END
START -924 5504 24632 1413 5103 12205 END
START -1072 5432 24572 850 5439 12293 END
START -1288 5380 24116 324 5806 12330 END
START -1680 5292 24188 -131 6155 12277 END
START -1744 5084 24056 -530 6620 12704 END
START -2204 4956 24112 -940 7080 12798 END
START -2544 4536 24404 -1345 7432 12931 END
START -2996 4392 24860 -1782 7759 12824 END
START -3616 4316 25144 -2240 7871 12961 END
START -4296 4124 25576 -2650 7901 13206 END
START -5224 4016 25720 -3024 7751 13318 END
START -6076 3856 25904 -3372 7537 13374 END
START -6824 3708 25848 -3705 7180 13287 END
START -7500 3320 25964 -3984 6769 13282 END
START -7892 3220 25984 -4353 6395 13131 END
START -8264 3024 26116 -4683 5845 12781 END
START -8524 2916 25724 -5012 5420 12670 END
START -8700 2700 25688 -5327 4885 12617 END
START -8860 2852 25448 -5615 4410 12259 END
START -9132 2876 25184 -5951 3946 12179 END
START -9176 2664 24704 -6235 3486 11924 END
START -9364 2416 24304 -6583 3182 11731 END
START -9496 2372 23920 -6878 2886 11511 END
START -9756 2200 23468 -7190 2662 11256 END
START -10140 2020 23068 -7477 2390 11031 END
START -10548 1936 22948 -7748 2116 10783 END
START -10764 1844 22504 -8008 1821 10514 END
START -11076 1968 22112 -8256 1506 10271 END
START -11256 1832 21744 -8404 1190 9981 END
START -11584 1724 21356 -8546 881 9775 END
START -11936 1744 21060 -8706 580 9481 END
START -12152 1744 20568 -8819 246 9283 END
START -12060 1736 20392 -8894 -43 9072 END
START -12328 1736 19856 -9007 -364 8853 END
START -12444 1820 19628 -9086 -660 8601 END
START -12432 1792 19212 -9193 -952 8351 END
START -12408 1764 18816 -9302 -1249 8130 END
START -12208 1660 18332 -9461 -1509 7855 END
START -12044 1632 17592 -9568 -1623 7603 END
START -11804 1644 16980 -9678 -1786 7305 END
START -11708 1764 16260 -9736 -1814 7095 END
START -11560 1688 15712 -9799 -1719 6838 END
START -11348 1872 15168 -9765 -1659 6613 END
START -11152 1900 14720 -9623 -1655 6373 END
START -11056 1804 14344 -9472 -1607 6193 END
START -10960 1732 14004 -9221 -1575 6010 END
START -10748 1796 13764 -8874 -1516 5882 END
START -10656 1948 13776 -8422 -1612 5784 END
START -10796 2084 13488 -8004 -1739 5635 END
START -10660 2248 13340 -7498 -1946 5572 END
START -10400 2304 13152 -6934 -2198 5482 END
START -10512 2656 12784 -6354 -2453 5366 END
START -10524 2836 12724 -5738 -2825 5342 END
START -10540 2864 12620 -5134 -3238 5262 END
START -10532 2916 12420 -4535 -3755 5273 END