START -2792 -1764 18644 -1413 1298 -448 END
START -1904 -2480 17584 -1672 1290 -375 END
START -1172 -2024 15916 -1595 2072 -380 END
START -872 -1832 15168 -1605 2444 -461 END
START -1272 -1984 15232 -1617 2567 -513 END
START -1412 -2232 15324 -1660 2623 -568 END
START -1292 -2204 15420 -1715 2689 -562 END
START -1248 -2380 15440 -1784 2805 -566 END
START -1124 -2392 15516 -1956 2931 -632 END
START -1384 -2356 15428 -2139 2986 -661 END
START -1460 -2308 15640 -2267 2951 -751 END
START -1600 -2448 15672 -2383 2908 -797 END
START -1824 -2488 15752 -2416 2859 -840 END
START -1932 -2628 15824 -2318 2749 -862 END
START -1928 -2800 15704 -2180 2629 -894 END
START -1948 -2876 15844 -2016 2433 -912 END
START -2080 -2964 15884 -1831 2249 -956 END
START -2020 -3080 15932 -1666 1958 -994 END
START -2108 -3076 15908 -1437 1758 -1060 END
START -2096 -3048 15732 -1267 1509 -1093 END
START -2080 -3084 15600 -1083 1227 -1101 END
START -1968 -2904 15636 -885 1032 -1098 END
START -1952 -2692 15508 -800 868 -1085 END
START -1808 -2644 15624 -670 700 -1035 END
START -1808 -2548 15564 -590 633 -1039 END
START -1516 -2416 15512 -479 522 -972 END
START -1220 -2408 15748 -424 454 -979 END
START -1204 -2372 15676 -329 412 -899 END
START -1088 -2348 15720 -290 354 -827 END
START -960 -2228 15788 -295 394 -728 END
START -916 -2032 15756 -328 425 -593 END
START -812 -2020 16064 -343 358 -437 END
START -812 -1928 15808 -395 372 -307 END
START -860 -1928 15920 -414 314 -149 END
START -916 -1840 15924 -490 297 0 END
START -892 -2020 15828 -488 179 134 END
START -852 -1944 15796 -474 251 242 END
START -884 -2080 15896 -466 279 368 END
START -800 -2120 15832 -443 362 414 END
START -812 -2056 15828 -472 412 517 END
START -704 -2040 15904 -503 508 602 END
START -864 -2064 15932 -597 572 650 END
START -732 -2188 15984 -697 634 697 END
START -804 -2120 16124 -864 649 759 END
START -1052 -2128 16196 -1012 662 808 END
START -1168 -2164 16196 -1124 618 906 END
START -1160 -2180 16036 -1182 602 994 END
START -1396 -2240 16008 -1201 497 1003 END
START -1424 -2396 15848 -1182 478 986 END
START -1516 -2632 15620 -1115 478 980 END
START -1556 -2672 15316 -1058 549 902 END
START -1624 -2824 15156 -939 598 804 END
START -1712 -2956 15088 -822 664 724 END
START -1788 -3004 15264 -691 696 626 END
START -1760 -3048 15340 -594 691 487 END
START -1948 -3104 15544 -436 658 361 END
START -2100 -3136 15604 -374 612 216 END
START -2036 -3168 15676 -327 517 92 END
START -2128 -3152 15788 -310 401 23 END
START -2016 -3028 16044 -314 323 -123 END
START -1968 -3104 16004 -309 223 -170 END
START -1936 -2996 16232 -345 113 -246 END
START -1892 -2916 16332 -396 25 -238 END
START -1744 -2932 16476 -480 -96 -236 END
START -1688 -2700 16400 -545 -199 -200 END
START -1572 -2656 16296 -645 -254 -121 END
START -1512 -2784 16152 -713 -288 -41 END
START -1312 -2700 15916 -751 -229 -7 END
START -1344 -2832 15840 -801 -253 55 END
START -1416 -2664 15752 -755 -225 92 END
START -1608 -2792 15768 -731 -189 108 END
START -1596 -2800 15644 -645 -177 157 END
START -1676 -2808 15612 -596 -178 210 END
START -1640 -2860 15588 -483 -162 246 END
START -1812 -2868 15464 -403 -164 294 END
START -1664 -2732 15560 -322 -178 368 END
START -1696 -2928 15840 -254 -188 405 END
START -1608 -2864 15784 -179 -205 468 END
START -1872 -2836 15752 -152 -238 490 END
START -1892 -2960 15828 -118 -321 472 END
START -2052 -2992 15848 -78 -347 476 END
START -1996 -3056 15944 -41 -442 452 END
START -1932 -3156 16168 -4 -548 404 END
START -2068 -3224 16124 12 -631 337 END
START -1908 -3152 16032 27 -700 309 END
START -1788 -3008 15980 49 -728 248 END
START -1760 -2940 15896 52 -667 230 END
START -1696 -2932 15932 19 -640 195 END
START -1728 -2836 15880 -77 -580 178 END
START -1668 -2992 16000 -113 -600 119 END
START -1568 -2836 16072 -182 -586 117 END
START -1540 -2720 16088 -256 -524 48 END
START -1408 -2696 15724 -306 -488 35 END
START -1388 -2724 15856 -352 -408 -44 END
START -1356 -2692 15716 -423 -337 -58 END
START -1492 -2792 15460 -460 -235 -127 END
START -1436 -2704 15492 -510 -198 -170 END
START -1464 -2732 15348 -509 -119 -191 END
START -1348 -2808 15280 -480 -52 -219 END
START -1440 -2704 15284 -468 -2 -249 END
START -1540 -2656 15384 -432 52 -262 END
START -1408 -2736 15260 -416 111 -279 END
START -1348 -2712 15208 -428 155 -295 END
START -1376 -2760 15460 -407 190 -244 END
START -1304 -2668 15312 -400 203 -267 END
START -1336 -2684 15360 -411 221 -244 END
START -1268 -2620 15324 -467 177 -217 END
START -1292 -2684 15436 -498 180 -228 END
START -1280 -2572 15364 -518 135 -223 END
START -1268 -2728 15300 -515 129 -218 END
START -1540 -2548 15256 -542 111 -203 END
START -1408 -2552 15264 -503 47 -184 END
START -1372 -2520 15220 -528 33 -223 END
START -1484 -2468 14944 -508 27 -188 END
START -1360 -2372 14952 -529 -19 -192 END
START -1452 -2420 14960 -530 -57 -179 END
START -1384 -2324 14876 -536 -68 -132 END
START -1304 -2292 14680 -574 -68 -109 END
START -1300 -2292 14700 -585 -79 -74 END
START -1296 -2272 14492 -586 -53 -37 END
START -1340 -2372 14416 -603 -86 -59 END
START -1272 -2264 14408 -568 -65 -65 END
START -1320 -2236 14540 -553 -121 -4 END
START -1252 -2336 14088 -538 -182 -15 END
START -1284 -2260 14088 -522 -195 11 END
START -1220 -2364 14052 -438 -234 12 END
START -1116 -2232 13972 -396 -207 16 END
START -1116 -2260 13824 -337 -234 -7 END
START -1180 -2144 13900 -284 -243 24 END
START -1212 -2096 13752 -232 -303 3 END
START -1204 -2196 13540 -190 -308 36 END
START -1116 -2216 13260 -182 -248 40 END
START -1032 -2108 13196 -126 -241 37 END
START -1052 -2124 13176 -39 -201 30 END
START -1084 -2196 13048 -11 -132 -2 END
START -1220 -2260 12812 97 -60 -25 END
START -1168 -2324 12828 147 -16 -28 END
START -1136 -2120 12864 200 -37 -71 END
START -1220 -2140 12804 274 -7 -114 END
START -1320 -2076 12716 302 -81 -150 END
START -1168 -2144 12916 302 -111 -194 END
START -1228 -2128 12608 373 -113 -233 END
START -1128 -1996 12536 387 -101 -260 END
START -1148 -1896 12288 392 -47 -298 END
START -1032 -1772 12020 415 -9 -364 END
START -1008 -1636 11812 399 153 -395 END
START -992 -1548 11756 380 202 -457 END
START -840 -1376 11504 394 297 -553 END
START -868 -1436 11460 436 356 -606 END
START -804 -1196 11284 449 468 -679 END
START -672 -1080 11020 550 503 -735 END
START -496 -992 10876 627 567 -763 END
START -240 -816 10812 715 642 -853 END
START -200 -632 10584 811 723 -851 END
START 128 -492 10528 890 781 -870 END
START 340 -276 10260 991 820 -860 END
START 428 -172 10292 1057 852 -852 END
START 564 -60 9996 1170 942 -831 END
START 744 208 9828 1280 1003 -780 END
START 636 388 9812 1424 1019 -726 END
START 740 608 9760 1589 1043 -623 END
START 664 724 9572 1766 1002 -514 END
START 672 836 9704 2031 950 -367 END
START 624 996 9692 2322 912 -128 END
START 604 1088 9756 2615 797 70 END
START 596 1232 9820 2907 672 305 END
START 528 1356 9884 3229 529 579 END
START 468 1224 9844 3487 337 825 END
START 384 1332 9972 3767 79 1068 END
START 440 1380 9976 3952 -130 1400 END
START 468 1436 10012 4172 -364 1647 END
START 476 1432 9936 4354 -611 1908 END
START 404 1612 9460 4507 -716 2151 END
START 320 1680 9520 4633 -912 2444 END
START 308 1528 9388 4768 -1033 2676 END
START 96 1480 9112 4881 -1160 2914 END
START -108 1484 9016 4957 -1263 3098 END
START -408 1216 8632 5044 -1368 3208 END
START -436 1112 8300 5139 -1403 3227 END
START -620 876 8000 5255 -1393 3199 END
START -820 724 7604 5340 -1369 3123 END
START -860 708 7348 5513 -1319 2942 END
START -996 512 7068 5690 -1257 2838 END
START -960 456 6696 5871 -1171 2647 END
START -1060 380 6528 6100 -1129 2413 END
START -1148 236 6380 6319 -1071 2191 END
START -1048 184 6316 6591 -1004 1890 END
START -888 120 6128 6817 -948 1559 END
START -956 192 6008 7014 -877 1268 END
START -772 228 5880 7207 -836 1004 END
START -492 456 5988 7400 -730 738 END
START -224 556 5876 7543 -646 587 END
START 112 816 5812 7672 -491 432 END
START 492 948 5908 7822 -367 361 END
START 972 1148 5836 7947 -231 312 END
START 1404 1604 5740 8044 43 326 END
START 1648 1712 5656 8188 217 381 END
START 1976 1984 5720 8293 477 473 END
START 2224 2136 5700 8437 710 587 END
START 2240 2376 6044 8534 870 774 END
START 2352 2644 6148 8671 1012 982 END
START 2540 2776 6280 8748 1112 1232 END
START 2592 2732 6220 8901 1160 1529 END
START 2612 2864 6176 9047 1206 1843 END
START 2632 2972 6028 9247 1240 2154 END
START 2812 2920 5908 9440 1351 2440 END
START 2756 2996 5708 9741 1471 2708 END
START 2636 3072 5528 9999 1586 2955 END
START 2692 3208 5604 10362 1751 3255 END
START 2592 3256 5352 10766 1964 3541 END
START 2436 3376 5540 11168 2074 3851 END
START 2328 3340 5792 11726 2182 4047 END
START 2104 3196 6228 12055 2274 4259 END
START 1860 3220 6384 12378 2234 4435 END
START 1616 3408 6908 13108 2207 4614 END
START 1396 3648 7500 13634 2121 4734 END
START 1124 3932 8120 14152 2039 4900 END
START 872 3904 8708 14629 1901 5083 END
START 784 4128 9156 15084 1849 5210 END
START 536 4232 9820 15439 1713 5370 END
START 544 4452 10276 15822 1660 5460 END
START 392 4652 10764 16092 1646 5611 END
START 320 4876 11376 16271 1589 5727 END
START 136 5144 12044 16378 1695 5854 END
START -40 5288 12748 16428 1825 5949 END
START -324 5432 13220 16396 1950 6050 END
START -308 5328 13860 16341 2144 6154 END
START -524 5440 14064 16196 2308 6269 END
START -756 5408 14884 16066 2508 6331 END
START -1040 5152 15664 15851 2656 6361 END
START -1292 5120 16360 15625 2815 6379 END
START -1532 4980 17052 15411 2886 6353 END
START -1728 4684 17756 15144 2933 6293 END
START -1992 4372 18240 14887 2950 6233 END
START -2076 4232 18940 14610 2972 6151 END
START -2412 3860 19540 14308 2981 6037 END
START -2528 3512 19996 14037 3050 5900 END
START -2652 3236 20352 13747 3143 5704 END
START -2824 3044 20740 13437 3363 5491 END
START -3148 2812 21176 13184 3613 5244 END
START -3456 2700 21880 12948 3944 4945 END
START -4000 2780 22704 12650 4281 4655 END
START -4356 2696 23752 12488 4608 4419 END
START -4868 2740 24744 11919 4797 4153 END
START -5364 2752 25948 11848 4941 3907 END
START -5584 2712 26740 11272 4993 3687 END
START -6028 2864 28024 10831 4926 3478 END
START -6320 3044 28912 10356 4755 3341 END
START -6580 3172 29868 9904 4556 3228 END
START -6748 3284 30408 9563 4326 3156 END
START -6720 3548 30780 9130 4156 3112 END
START -7060 3400 31432 8855 4106 3181 END
START -6404 4020 31988 8431 3828 3159 END
START -7236 3364 32767 8064 3816 3128 END
START -7296 2964 32767 8087 3408 3528 END
START -7352 3432 32767 8030 2907 3749 END
START -7520 3404 32767 7734 2303 3810 END
START -7248 2928 32767 7328 1691 3827 END
START -7208 2424 32767 6892 1097 3917 END
START -7224 2264 32767 6543 468 4061 END
START -7216 2044 32767 6313 -177 4166 END
START -6920 1904 32767 6049 -795 4230 END
START -7068 1976 32767 5657 -1474 4292 END
START -7208 1960 32767 5243 -2037 4375 END
START -7344 1660 32767 4766 -2633 4455 END
START -7444 1368 32648 4329 -3060 4473 END
START -7588 1084 31760 3912 -3462 4401 END
START -7908 800 30968 3543 -3756 4257 END
START -7964 584 30180 3169 -3917 4089 END
START -7916 332 29628 2820 -4013 3830 END
START -7972 224 28844 2418 -3971 3490 END
START -7988 72 28048 2018 -3869 3125 END
START -8012 140 27356 1641 -3696 2771 END
START -8036 64 26944 1228 -3504 2384 END
START -7836 100 26260 817 -3325 2007 END
START -7920 20 25832 418 -3022 1624 END
START -7872 56 25572 31 -2792 1254 END
START -7672 276 24916 -389 -2522 846 END
START -7492 376 24456 -875 -2282 486 END
START -7444 300 23876 -1279 -1931 113 END
START -7320 428 23264 -1717 -1655 -218 END
START -7112 588 22428 -2119 -1294 -523 END
START -7100 760 22200 -2470 -940 -795 END
START -6988 864 21440 -2803 -552 -1028 END
START -6936 988 21212 -3078 -164 -1256 END
START -6772 1092 20612 -3347 110 -1438 END
START -6764 1108 20204 -3549 348 -1631 END
START -6792 1340 19788 -3722 551 -1826 END
START -6864 1496 19548 -3827 621 -1942 END
START -6860 1728 19192 -3893 630 -2097 END
START -6876 1748 19212 -3857 606 -2164 END
START -6912 2116 18912 -3734 388 -2201 END
START -6700 2360 18464 -3643 188 -2233 END
START -6940 2456 18556 -3458 -137 -2157 END
START -6740 2844 18044 -3194 -485 -2018 END
START -6740 3120 17680 -3025 -838 -1893 END
START -6592 3296 17308 -2880 -1250 -1770 END
START -6628 3320 16820 -2663 -1552 -1584 END
START -6624 3544 16636 -2403 -1882 -1415 END
START -6692 3692 15932 -2155 -2193 -1219 END
START -6804 3672 15604 -1839 -2382 -1111 END
START -6704 3664 15156 -1625 -2538 -1020 END
START -6820 3552 14604 -1383 -2598 -977 END
START -6936 3644 14352 -1224 -2633 -990 END
START -7092 3588 14324 -1098 -2538 -1052 END
START -7232 3720 13848 -1039 -2459 -1124 END
START -7276 3668 13976 -981 -2389 -1221 END
START -7616 3632 13896 -973 -2281 -1356 END
START -7700 3516 13776 -1013 -2113 -1532 END
START -7832 3500 13760 -1017 -2019 -1759 END
START -7956 3512 13604 -1059 -1857 -1984 END
START -8244 3392 13528 -1023 -1731 -2262 END
START -8072 3468 13396 -1034 -1528 -2524 END
START -8096 3492 13140 -1025 -1307 -2764 END
START -8120 3748 13108 -1061 -1069 -2979 END
START -7996 3700 13128 -1093 -804 -3197 END
START -8068 3816 13016 -1159 -539 -3356 END
START -8012 3740 13060 -1226 -265 -3531 END
START -8088 3800 13208 -1312 -6 -3679 END
START -8208 3712 13228 -1371 200 -3830 END
START -8204 3660 13584 -1438 331 -3940 END
START -8320 3728 13668 -1480 379 -4041 END
START -8480 3560 13672 -1519 485 -4147 END
START -8628 3588 13768 -1580 530 -4221 END
START -8716 3544 13820 -1577 576 -4317 END
START -8800 3420 13756 -1545 555 -4368 END
START -8872 3324 13724 -1551 570 -4450 END
START -9008 3208 13936 -1488 588 -4523 END
START -9268 3120 13992 -1387 522 -4598 END
START -9444 3144 13940 -1384 395 -4686 END
START -9556 3048 13992 -1332 234 -4749 END
START -9680 3096 13888 -1265 122 -4878 END
START -9780 2928 13696 -1173 45 -4936 END
START -9672 2624 13748 -1075 -31 -5106 END
START -9880 2724 13704 -988 -110 -5244 END
START -9908 2640 13832 -929 -136 -5353 END
START -10052 2528 13656 -855 -169 -5510 END
START -10000 2320 13412 -796 -158 -5745 END
START -10048 2100 13224 -753 -72 -5971 END
START -10132 2060 13128 -699 20 -6246 END
START -10204 1900 13084 -619 129 -6558 END
START -10152 1832 12964 -581 160 -6879 END
START -10164 1704 12948 -512 326 -7191 END
START -9984 1556 12956 -437 517 -7516 END
START -9816 1488 12700 -386 674 -7819 END
START -9732 1384 12836 -329 884 -8113 END
START -9692 1372 12956 -313 966 -8438 END
START -9484 1120 13120 -237 1049 -8728 END
START -9428 1136 13260 -172 1064 -9044 END
START -9268 988 13320 -112 1081 -9389 END
START -9072 884 13180 -56 1097 -9652 END
START -8756 808 13356 57 1082 -9988 END
START -8644 760 13288 148 1069 -10286 END
START -8312 784 13300 247 1045 -10565 END
START -8072 620 13492 309 1082 -10863 END
START -7988 588 13564 399 1022 -11108 END
START -7604 740 13524 506 996 -11342 END
START -7504 640 13604 602 945 -11609 END
START -7228 696 13816 736 872 -11881 END
START -7136 580 13896 885 781 -12273 END
START -6896 588 14132 1076 661 -12614 END
START -6684 768 14236 1260 537 -12962 END
START -6492 1040 14524 1433 347 -13346 END
START -6128 1288 14676 1582 165 -13673 END
START -5904 1652 14660 1748 18 -13981 END
START -5508 2056 14992 1924 -185 -14243 END
START -5044 2504 15120 2064 -362 -14512 END
START -4404 2972 15348 2234 -560 -14752 END
START -3960 3232 15668 2429 -730 -14949 END
START -3364 3688 15892 2586 -947 -15084 END
START -2760 4252 16072 2739 -1255 -15159 END
START -2040 4672 16296 2862 -1520 -15153 END
START -1428 5244 16596 2977 -1801 -15141 END
START -564 5728 16636 3065 -1987 -15028 END
START -12 6304 16832 3100 -2203 -14894 END
START 828 6704 16640 3161 -2246 -14587 END
START 1852 6816 17000 3083 -2347 -14313 END
START 2472 6920 17164 2989 -2437 -14054 END
START 3104 7132 17316 2801 -2514 -13758 END
START 3852 7460 17308 2581 -2546 -13483 END
START 4500 7440 17524 2374 -2616 -13200 END
START 5008 7596 17376 2192 -2650 -12921 END
START 5400 7696 17380 2033 -2658 -12702 END
START 5892 7660 17384 1898 -2695 -12423 END
START 6400 7864 17212 1787 -2710 -12201 END
START 6912 7724 16972 1701 -2662 -11931 END
START 7388 7828 16812 1642 -2642 -11641 END
START 7788 7912 16764 1638 -2564 -11366 END
START 8212 8160 16456 1636 -2452 -11087 END
START 8720 8296 16336 1656 -2357 -10752 END
START 8944 8428 16336 1643 -2235 -10457 END
START 9256 8512 16244 1637 -2121 -10081 END
START 9572 8552 16368 1613 -2027 -9682 END
START 9828 8636 16596 1575 -1892 -9295 END
START 9976 8644 16676 1498 -1820 -8818 END
START 10076 8660 16700 1366 -1798 -8363 END
START 10188 8672 16788 1218 -1705 -7885 END
START 10248 8568 16672 1062 -1632 -7396 END
START 10272 8352 16688 884 -1551 -6964 END
START 10044 8260 16720 734 -1504 -6497 END
START 9716 8116 16544 596 -1432 -6122 END
START 9424 7896 16536 408 -1439 -5708 END
START 9320 7608 16644 232 -1458 -5375 END
START 9008 7288 16408 77 -1472 -5108 END
START 8768 7044 16072 -68 -1507 -4851 END
START 8300 6696 16100 -169 -1573 -4639 END
START 8132 6556 16084 -252 -1636 -4414 END
START 7864 6440 15936 -368 -1717 -4213 END
START 7628 6240 15584 -460 -1756 -4015 END
START 7508 6100 15324 -495 -1840 -3846 END
START 7304 6008 15236 -598 -1909 -3661 END
START 7336 5884 15080 -657 -1924 -3452 END
START 7192 5824 14764 -648 -1953 -3219 END
START 6960 5716 14792 -629 -2018 -2968 END
START 6652 5752 14596 -644 -2041 -2760 END
START 6408 5484 14544 -583 -2054 -2485 END
START 6292 5436 14396 -512 -2090 -2261 END
START 6100 5208 14204 -450 -2125 -1985 END
START 5888 5104 14216 -366 -2135 -1772 END
START 5600 5044 14032 -311 -2180 -1505 END
START 5288 5028 13864 -245 -2203 -1300 END
START 5172 4936 13980 -171 -2135 -1063 END
START 5048 4764 13792 -97 -2074 -851 END
START 4812 4672 13940 -23 -1986 -616 END
START 4708 4492 13848 48 -1896 -448 END
START 4504 4492 13896 54 -1836 -250 END
START 4332 4440 14032 32 -1756 -9 END
START 4052 4376 14116 -9 -1687 136 END
START 3952 4304 14164 -26 -1568 310 END
START 3652 4176 14272 -46 -1577 530 END
START 3548 4160 14124 -86 -1522 721 END
START 3264 4076 14280 -136 -1433 920 END
START 3220 4064 14264 -134 -1370 1093 END
START 2900 3976 14220 -112 -1352 1285 END
START 2552 3804 14288 -102 -1308 1467 END
START 2376 3768 14324 -69 -1308 1626 END
START 2200 3624 14308 -22 -1258 1754 END
START 1856 3644 14332 3 -1185 1870 END
START 1512 3504 14096 62 -1144 1979 END
START 1372 3564 14316 91 -1131 2102 END
START 1144 3312 14276 197 -1095 2187 END
START 948 3332 14324 211 -1011 2277 END
START 592 3220 14624 306 -994 2341 END
START 440 3008 14512 347 -971 2411 END
START 320 2896 14668 405 -908 2420 END
START 28 2876 14784 435 -917 2403 END
START -232 2676 15000 470 -913 2330 END
START -408 2420 15108 460 -953 2280 END
START -640 2424 15296 453 -994 2154 END
START -620 2352 15380 486 -1024 2061 END
START -644 2260 15412 444 -1041 1924 END
START -676 2240 15432 467 -1050 1781 END
START -716 2356 15636 476 -1033 1668 END
START -664 2456 15572 452 -1044 1576 END
START -700 2432 15840 462 -994 1490 END
START -352 2360 16040 489 -1000 1384 END
START -408 2292 16040 535 -982 1256 END
START -408 2368 16380 560 -944 1171 END
START -152 2492 16496 577 -968 1119 END
START 124 2432 16832 565 -1045 1027 END
START 28 2516 17128 558 -1097 1049 END
START 192 2588 17324 537 -1166 1019 END
START 400 2496 17492 504 -1251 973 END
START 664 2464 17772 493 -1316 969 END
START 880 2580 17880 418 -1343 955 END
START 1232 2708 18164 396 -1379 975 END
START 1340 2716 18316 350 -1403 997 END
START 1648 2792 18372 286 -1420 1073 END
START 1664 2912 18620 195 -1388 1170 END
START 1952 2884 18640 117 -1387 1265 END
START 2088 2932 18748 42 -1311 1395 END
START 2380 2888 18964 -3 -1270 1510 END
START 2568 2988 19028 -31 -1181 1600 END
START 2704 3000 19084 -44 -1095 1729 END
START 2768 3016 19380 -76 -1060 1777 END
START 2992 3036 19752 -110 -1027 1932 END
START 3052 3188 20024 -196 -1019 2040 END
START 3300 3284 20428 -309 -1045 2191 END
START 3372 3236 20748 -417 -1123 2316 END
START 3636 3172 20880 -575 -1185 2495 END
START 3744 3264 21172 -713 -1256 2652 END
START 3924 3352 21492 -832 -1323 2807 END
START 4104 3296 21636 -983 -1422 2949 END
START 4232 3500 21772 -1157 -1470 3106 END
START 4256 3612 21984 -1273 -1567 3238 END
START 4436 3700 21932 -1442 -1573 3379 END
START 4504 3824 22092 -1606 -1613 3523 END
START 4492 3848 22264 -1751 -1614 3689 END
START 4644 4020 22348 -1916 -1605 3826 END
START 4556 4072 22500 -2106 -1636 3979 END
START 4608 4192 22852 -2296 -1662 4119 END
START 4600 4228 22912 -2525 -1704 4233 END
START 4664 4232 23164 -2709 -1761 4345 END
START 4652 4432 23196 -2943 -1836 4424 END
START 4584 4548 23260 -3205 -1927 4556 END
START 4828 4756 23272 -3452 -1979 4679 END
START 4804 4756 23256 -3701 -2028 4828 END
START 4888 4844 23108 -3902 -2114 4932 END
START 4880 4944 23056 -4091 -2168 5089 END
START 4872 5100 22840 -4297 -2205 5205 END
START 4940 5188 22764 -4473 -2208 5416 END
START 5092 5208 22696 -4671 -2252 5557 END
START 5164 5452 22608 -4896 -2306 5714 END
START 5104 5388 22440 -5118 -2313 5905 END
START 5076 5472 22276 -5359 -2375 6101 END
START 5132 5604 22120 -5603 -2367 6306 END
START 5192 5648 21800 -5817 -2386 6517 END
START 5040 5704 21648 -6043 -2359 6728 END
START 5216 5764 21312 -6246 -2324 7016 END
START 5176 5720 21020 -6460 -2291 7235 END
START 4992 5828 20888 -6698 -2205 7467 END
START 5096 5700 20672 -6920 -2211 7701 END
START 4948 5736 20572 -7083 -2162 7897 END
START 4668 5940 20244 -7321 -2144 8138 END
START 4640 5780 20004 -7477 -2130 8362 END
START 4480 5892 19672 -7639 -2044 8606 END
START 4468 5860 19216 -7796 -2018 8901 END
START 4352 5852 19056 -7932 -1961 9097 END
START 4136 5792 18496 -8018 -1843 9389 END
START 3884 5708 18072 -8138 -1757 9611 END
START 3704 5644 17796 -8259 -1700 9853 END
START 3520 5672 17524 -8307 -1661 10081 END
START 3276 5564 17292 -8431 -1543 10309 END
START 3084 5576 16828 -8475 -1447 10558 END
START 2940 5440 16372 -8564 -1377 10779 END
START 2600 5312 16016 -8604 -1319 10983 END
START 2576 5204 15712 -8637 -1250 11224 END
START 2192 5052 15180 -8614 -1159 11436 END
START 1852 4808 14936 -8581 -1161 11589 END
START 1468 4672 14496 -8481 -1067 11797 END
START 1156 4560 14208 -8378 -1025 11940 END
START 804 4532 13848 -8258 -964 12119 END
START 440 4312 13612 -8136 -944 12234 END
START 180 4192 13320 -8007 -838 12375 END
START -76 3996 13032 -7876 -728 12348 END
START -448 4020 12832 -7822 -615 12259 END
START -704 3892 12840 -7712 -481 12600 END
START -900 3908 12672 -7657 -406 12318 END
START -1324 3692 12660 -7619 -207 12657 END
START -1688 3672 12524 -7553 -149 12308 END
START -2160 3592 12680 -7517 -80 12572 END
START -2588 3464 12560 -7436 -3 12180 END
START -2884 3448 12536 -7377 77 12094 END
START -3204 3276 12584 -7333 135 12027 END
START -3540 3240 12536 -7259 212 11863 END
START -3664 3204 12436 -7230 334 11715 END
START -3900 3252 12360 -7147 449 11565 END
START -4128 3168 12408 -7121 606 11432 END
START -4384 3164 12508 -7138 673 11338 END
START -4524 3192 12632 -7161 796 11239 END
START -4752 3016 12556 -7182 837 11184 END
START -4836 3096 12464 -7211 936 11121 END
START -5156 2972 12320 -7211 1088 10985 END
START -5264 2892 12304 -7217 1213 10892 END
START -5588 2876 12120 -7197 1383 10805 END
START -5912 2816 12132 -7177 1501 10725 END
START -6184 2796 12176 -7157 1663 10632 END
START -6580 2448 12068 -7141 1824 10580 END
START -6752 2304 12080 -7093 1977 10462 END
START -7152 2136 12308 -7056 1991 10371 END
START -7416 1776 12208 -6982 2043 10223 END
START -7824 1424 12304 -6909 1997 10036 END
START -8116 1244 12468 -6799 1942 9871 END
START -8344 992 12364 -6675 1882 9656 END
START -8656 940 12300 -6580 1843 9471 END
START -8900 768 12356 -6461 1749 9305 END
START -9032 800 12220 -6352 1640 9080 END
START -9180 680 12276 -6221 1572 8899 END
START -9472 532 12304 -6136 1470 8690 END
START -9636 300 12076 -5967 1365 8516 END
START -9872 252 12160 -5854 1285 8292 END
START -10100 188 12056 -5685 1103 8120 END
START -10304 132 12000 -5509 1017 7942 END
START -10448 84 11900 -5321 894 7721 END
START -10744 -96 11732 -5163 810 7481 END
START -10932 -380 11808 -4960 740 7255 END
START -10960 -536 11740 -4780 718 6973 END
START -11188 -576 11676 -4560 673 6643 END
START -11320 -712 11708 -4408 645 6266 END
START -11484 -792 11908 -4264 633 5939 END
START -11612 -808 11756 -4151 595 5577 END
START -11572 -908 11668 -4091 627 5218 END
START -11552 -880 11668 -4034 675 4889 END
START -11644 -792 11652 -3981 738 4574 END
START -11520 -756 11516 -3979 883 4286 END
START -11692 -820 11528 -3999 1043 3977 END
START -11520 -932 11408 -3981 1186 3634 END
START -11804 -880 11564 -3964 1358 3306 END
START -11792 -1040 11472 -3945 1440 2991 END
START -11896 -1056 11488 -3885 1453 2648 END
START -11984 -1056 11504 -3839 1527 2342 END
START -11976 -1028 11408 -3774 1489 2048 END
START -12028 -1068 11316 -3622 1441 1725 END
START -11992 -1056 11232 -3472 1428 1493 END
START -11928 -1028 11256 -3274 1386 1206 END
START -11892 -1044 11056 -3089 1400 931 END
START -11884 -1004 11220 -2904 1395 720 END
START -11772 -1128 11164 -2738 1381 428 END
START -12008 -1032 11208 -2573 1367 199 END
START -11952 -1100 11200 -2420 1345 -6 END
START -11880 -1192 10996 -2272 1318 -236 END
START -11932 -1172 11084 -2097 1312 -473 END
START -11940 -1196 11108 -1919 1303 -731 END
START -12100 -1284 11348 -1694 1285 -996 END
START -12036 -1244 11188 -1531 1264 -1276 END
START -12076 -1316 11152 -1293 1215 -1555 END
START -11924 -1344 11244 -1107 1158 -1834 END
START -12104 -1392 11368 -883 1119 -2173 END
START -11960 -1332 11512 -672 1085 -2411 END
START -11944 -1216 11680 -511 1031 -2715 END
START -11840 -1236 11680 -391 958 -2992 END
START -11696 -1124 11756 -245 920 -3245 END
START -11608 -1172 11848 -149 860 -3495 END
START -11540 -1056 11924 -52 856 -3729 END
START -11408 -1004 11892 78 867 -3977 END
START -11284 -968 11872 168 847 -4171 END
START -11172 -860 11800 270 895 -4391 END
START -11132 -960 11792 401 957 -4632 END
START -10928 -964 11596 532 1043 -4862 END
START -11096 -920 11636 659 1165 -5126 END
START -11008 -928 11764 763 1258 -5379 END
START -10932 -868 11872 870 1392 -5629 END
START -10756 -872 11952 968 1474 -5879 END
START -10756 -952 11944 1024 1589 -6143 END
START -10616 -872 12076 1065 1742 -6379 END
START -10492 -768 12120 1069 1851 -6680 END
START -10376 -956 12324 1086 2017 -6923 END
START -10404 -936 12384 1083 2128 -7234 END
START -10232 -1176 12496 1145 2248 -7524 END
START -10092 -1104 12644 1119 2356 -7848 END
START -9916 -1176 12712 1168 2435 -8151 END
START -9844 -1308 12572 1138 2530 -8494 END
START -9496 -1312 12632 1182 2632 -8799 END
START -9376 -1252 12856 1167 2722 -9120 END
START -9228 -1360 12772 1209 2821 -9441 END
START -8884 -1360 12664 1225 2911 -9743 END
START -8788 -1232 12860 1280 3011 -10025 END
START -8604 -1304 12832 1364 3049 -10323 END
START -8316 -1360 12940 1483 3075 -10501 END
START -7964 -1224 13020 1653 3090 -10718 END
START -7992 -1284 13188 1808 2980 -10900 END
START -7692 -1180 13540 1976 2860 -11018 END
START -7420 -972 13680 2172 2636 -11134 END
START -7260 -880 13916 2383 2392 -11208 END
START -6976 -812 13916 2569 2130 -11239 END
START -6656 -768 14148 2789 1785 -11261 END
START -6516 -1028 14352 3024 1439 -11296 END
START -6340 -808 14380 3248 1052 -11291 END
START -6024 -680 14444 3525 672 -11304 END
START -5896 -580 14672 3799 315 -11271 END
START -5440 -504 14636 4053 19 -11251 END
START -5352 -392 14848 4316 -234 -11201 END
START -5104 -432 14888 4540 -578 -11219 END
START -4864 -376 14852 4769 -829 -11190 END
START -4648 -120 14944 4973 -1079 -11191 END
START -4320 -372 15148 5131 -1371 -11152 END
START -3936 -448 15264 5277 -1587 -11231 END
START -3660 -308 15196 5413 -1763 -11353 END
START -3292 -352 15328 5537 -1838 -11556 END
START -2856 -288 15448 5633 -1852 -11754 END
START -2316 -160 15260 5711 -1725 -11999 END
START -1948 8 15664 5701 -1605 -12282 END
START -1076 -76 15620 5646 -1350 -12624 END
START -1508 720 15684 5465 -1107 -12898 END
START -692 736 16052 5290 -812 -13083 END
START -144 916 16096 5041 -521 -13316 END
START 224 1132 16116 4773 -173 -13599 END
START 708 1428 16420 4490 236 -13858 END
START 1216 1784 16536 4153 604 -14008 END
START 1776 2212 16972 3839 986 -14138 END
START 2072 2604 17188 3485 1243 -14208 END
START 2588 2836 17364 3115 1519 -14210 END
START 2900 3208 17620 2782 1689 -14149 END
START 3332 3360 17688 2495 1809 -13983 END
START 3616 3620 17576 2225 1936 -13790 END
START 3880 3636 17724 2014 2072 -13591 END
START 4304 3888 17516 1852 2085 -13359 END
START 4468 3824 17784 1703 2156 -13137 END
START 4792 3856 17736 1664 2085 -12861 END
START 5136 3944 17856 1588 2019 -12609 END
START 5248 3828 18008 1562 1818 -12276 END
START 5608 3964 18040 1543 1554 -11955 END
START 5880 4028 18092 1574 1265 -11558 END
START 6256 4008 17980 1672 918 -11148 END
START 6680 3940 18000 1695 634 -10752 END
START 6984 3964 17776 1832 370 -10298 END
START 7396 3904 17680 1897 64 -9861 END
START 7656 3776 17672 1929 -172 -9439 END
START 7908 3864 17556 2008 -443 -8983 END
START 8144 3860 17152 2055 -643 -8538 END
START 8484 3784 17268 2115 -768 -8121 END
START 8616 3560 17168 2114 -810 -7725 END
START 8756 3524 16888 2124 -926 -7327 END
START 8768 3524 17064 2156 -956 -6958 END
START 8756 3428 17144 2100 -1123 -6590 END
START 8744 3272 17212 2124 -1247 -6248 END
START 8808 3068 17292 2139 -1409 -5856 END
START 9016 3128 17244 2136 -1538 -5528 END
START 9036 2952 17100 2146 -1620 -5198 END
START 9100 2896 17028 2136 -1667 -4874 END
START 9084 2984 17064 2113 -1618 -4578 END
START 9180 2844 16860 2048 -1533 -4315 END
START 9040 2784 16776 1986 -1387 -4040 END
START 9140 2804 16804 1903 -1176 -3790 END
START 9052 2504 16928 1778 -984 -3594 END
START 9000 2324 17108 1626 -797 -3396 END
START 9076 2336 17304 1481 -671 -3238 END
START 8848 2348 17500 1291 -555 -3135 END
START 8664 2140 17560 1087 -430 -2993 END
START 8536 2184 17804 906 -383 -2918 END
START 8500 2092 18112 734 -347 -2803 END
START 8388 2272 18012 594 -352 -2737 END
START 8388 2272 18224 452 -317 -2607 END
START 8272 2120 18192 356 -338 -2535 END
START 8332 2196 18228 251 -319 -2456 END
START 8300 2320 18332 151 -353 -2374 END
START 8380 2428 18444 56 -338 -2258 END
START 8364 2696 18460 -24 -385 -2101 END
START 8580 2640 18668 -103 -410 -1959 END
START 8472 2776 18800 -143 -427 -1721 END
START 8648 2840 19052 -218 -523 -1497 END
START 8756 2944 19096 -270 -667 -1251 END
START 8756 2972 19216 -354 -775 -947 END
START 8760 3040 19300 -480 -913 -698 END
START 8848 3052 19484 -566 -1056 -427 END
START 9000 3124 19552 -667 -1157 -98 END
START 8968 3112 19372 -784 -1331 146 END
START 8824 3100 19376 -855 -1449 434 END
START 9036 3276 19316 -965 -1598 766 END
START 9176 3444 19236 -1014 -1706 1076 END
START 9384 3348 19060 -1098 -1702 1410 END
START 9424 3404 18876 -1142 -1663 1742 END
START 9416 3336 19040 -1249 -1658 2083 END
START 9508 3324 19060 -1378 -1679 2405 END
START 9532 3248 18800 -1495 -1646 2754 END
START 9568 3084 18684 -1609 -1566 2990 END
START 9540 2864 18628 -1703 -1514 3298 END
START 9452 2724 18628 -1731 -1457 3543 END
START 9520 2632 18656 -1811 -1423 3747 END
START 9324 2636 18860 -1867 -1416 4024 END
START 9436 2612 18680 -1925 -1426 4275 END
START 9440 2392 18856 -1939 -1404 4481 END
START 9436 2328 18724 -2019 -1407 4732 END
START 9336 2344 18888 -2118 -1368 4961 END
START 9368 2268 18876 -2234 -1350 5192 END
START 9284 2344 18816 -2317 -1324 5450 END
START 9228 2404 18820 -2451 -1291 5648 END
START 9244 2336 18740 -2503 -1296 5934 END
START 9040 2380 18840 -2616 -1246 6189 END
START 9004 2336 18948 -2699 -1237 6441 END
START 8876 2428 18840 -2752 -1238 6726 END
START 8736 2348 18976 -2830 -1257 6984 END
START 8532 2252 18980 -2842 -1266 7178 END
START 8248 2200 18944 -2909 -1296 7456 END
START 8136 2104 18916 -2968 -1371 7651 END
START 8020 2020 19220 -2990 -1411 7838 END
START 7844 1912 19068 -3050 -1442 8091 END
START 7720 1964 19148 -3083 -1516 8247 END
START 7488 1964 19236 -3143 -1600 8494 END
START 7356 2012 19292 -3237 -1633 8648 END
START 7196 1988 19364 -3287 -1731 8847 END
START 7052 2152 19440 -3385 -1803 9085 END
START 7028 2148 19536 -3461 -1834 9276 END
START 6852 2316 19276 -3552 -1841 9528 END
START 6788 2260 19416 -3599 -1880 9781 END
START 6572 2348 19184 -3703 -1929 10043 END
START 6416 2484 19288 -3756 -1955 10327 END
START 6096 2588 19032 -3845 -1959 10667 END
START 5816 2632 19060 -3951 -1859 10964 END
START 5540 2672 18820 -4024 -1927 11305 END
START 5124 2824 18852 -4219 -1875 11628 END
START 4804 2640 18768 -4309 -1830 11956 END
START 4404 2480 18672 -4424 -1866 12188 END
START 3948 2292 18616 -4481 -1861 12562 END
START 3408 2076 18772 -4486 -1944 12464 END
START 2956 1984 18672 -4481 -2013 12807 END
START 2436 2012 18332 -4480 -2130 12805 END
START 1924 1780 18508 -4438 -2232 12802 END
START 1444 1692 18256 -4494 -2317 12907 END
START 932 1556 17948 -4536 -2397 13214 END
START 540 1444 17812 -4575 -2430 13165 END
START 172 1368 17724 -4613 -2450 12945 END
START -196 1168 17628 -4647 -2396 13241 END
START -660 1072 17492 -4700 -2374 13026 END
START -952 972 17488 -4801 -2300 12972 END
START -1332 1116 17336 -4914 -2203 12773 END
START -1644 1044 16984 -5046 -2090 12734 END
START -2060 916 16860 -5219 -2001 12640 END
START -2412 880 16736 -5360 -1841 12693 END
START -2832 640 16584 -5484 -1691 12678 END
START -3104 512 16300 -5620 -1557 12640 END
START -3456 376 16100 -5716 -1442 12282 END
START -3832 268 15784 -5763 -1304 12314 END
START -4276 216 15656 -5796 -1260 12004 END
START -4616 128 15532 -5814 -1269 11887 END
START -5160 168 15412 -5780 -1259 11677 END
START -5336 120 15224 -5742 -1247 11542 END
START -5672 12 14956 -5689 -1305 11378 END
START -5856 140 14740 -5630 -1263 11218 END
START -6016 12 14520 -5521 -1265 11070 END
START -6168 84 14384 -5500 -1219 10881 END
START -6288 68 14132 -5457 -1127 10739 END
START -6508 36 14120 -5387 -1090 10596 END
START -6784 84 14020 -5408 -996 10470 END
START -6888 268 13956 -5364 -976 10348 END
START -7136 380 13764 -5329 -919 10270 END
START -7424 364 13860 -5262 -908 10184 END
START -7592 312 13728 -5178 -863 10096 END
START -7764 320 13788 -5116 -855 9996 END
START -7940 292 13676 -5047 -801 9868 END
START -7956 280 13684 -4957 -807 9753 END
START -8212 132 13724 -4904 -849 9641 END
START -8352 172 13684 -4841 -942 9515 END
START -8416 196 13636 -4769 -970 9393 END
START -8472 76 13572 -4662 -1012 9306 END
START -8544 -56 13552 -4607 -1060 9200 END
START -8620 -80 13440 -4455 -1075 9060 END
START -8668 -132 13292 -4381 -1097 8914 END
START -8712 -116 13200 -4311 -1113 8718 END
START -8676 -176 13064 -4200 -1033 8553 END
START -8772 -248 12876 -4125 -1017 8398 END
START -8860 -284 12588 -4096 -856 8239 END
START -8880 -288 12572 -4026 -739 8056 END
START -9004 -380 12480 -3997 -553 7922 END
START -9064 -492 12468 -3990 -369 7722 END
START -9200 -500 12500 -3932 -204 7555 END
START -9336 -600 12568 -3918 -42 7388 END
START -9488 -620 12612 -3898 99 7175 END
START -9764 -780 12404 -3846 186 6983 END
START -9872 -952 12492 -3821 322 6825 END
START -9904 -1004 12308 -3775 445 6618 END
START -9932 -1280 12316 -3708 604 6387 END
START -10124 -1348 12268 -3692 721 6187 END
START -10216 -1320 12212 -3650 897 5963 END
START -10412 -1408 12144 -3584 1008 5823 END
START -10528 -1564 12112 -3563 1121 5619 END
START -10696 -1752 11992 -3500 1218 5404 END
START -10980 -1820 12072 -3412 1317 5150 END
START -11264 -1956 12024 -3332 1351 4894 END
START -11416 -2008 12048 -3224 1413 4681 END
START -11556 -2008 12064 -3153 1433 4438 END
START -11624 -2120 12016 -3050 1458 4230 END
START -11808 -2276 12044 -2984 1461 3948 END
START -11864 -2428 11984 -2854 1530 3674 END
START -11928 -2436 11836 -2766 1588 3378 END
START -11972 -2372 11704 -2698 1643 3100 END
START -12040 -2420 11840 -2595 1692 2874 END
START -12200 -2492 11996 -2474 1691 2622 END
START -12280 -2408 11876 -2339 1679 2434 END
START -12288 -2472 11940 -2174 1597 2166 END
START -12376 -2688 12168 -2005 1516 1924 END
START -12588 -2668 11972 -1764 1485 1639 END
START -12688 -2744 12144 -1562 1346 1362 END
START -12668 -2728 12156 -1397 1274 1055 END
START -12828 -2696 12240 -1180 1104 763 END
START -12680 -2956 12292 -1033 916 442 END
START -12732 -2916 12460 -798 742 137 END
START -12616 -2892 12568 -599 533 -165 END
START -12676 -2780 12580 -438 327 -384 END
START -12532 -2680 12560 -319 154 -624 END
START -12236 -2576 12372 -231 74 -812 END
START -11932 -2824 12312 -135 66 -1059 END
START -11948 -2944 12156 -39 96 -1329 END
START -11748 -3044 12144 77 157 -1654 END
START -11912 -3032 12052 161 218 -1961 END
START -11852 -2984 12016 210 240 -2265 END
START -11796 -2976 12236 248 302 -2611 END
START -11752 -3040 12140 306 312 -2935 END
START -11700 -3164 12096 347 272 -3285 END
START -11660 -3276 12180 415 245 -3658 END
START -11576 -3344 12212 506 221 -3998 END
START -11392 -3304 11980 655 143 -4385 END
START -11184 -3184 11816 766 128 -4734 END
START -11008 -3268 11660 899 121 -5114 END
START -10620 -3256 11412 1070 154 -5470 END
START -10304 -3284 11388 1247 140 -5795 END
START -10116 -3228 11512 1444 191 -6141 END
START -10004 -3284 11524 1633 141 -6459 END
START -9868 -3184 11400 1804 90 -6722 END
START -9772 -3192 11560 2038 45 -7032 END
START -9400 -3012 11680 2192 -46 -7295 END
START -9204 -3008 11648 2386 -96 -7576 END
START -8880 -3044 11568 2563 -58 -7830 END
START -8548 -2876 11452 2760 -17 -8094 END
START -8240 -2864 11372 2945 175 -8339 END
START -7896 -2664 11428 3112 361 -8579 END
START -7852 -2632 11528 3253 501 -8794 END
START -7656 -2536 11712 3381 705 -9004 END
START -7504 -2316 11860 3480 882 -9206 END
START -7264 -2232 12336 3570 1017 -9388 END
START -7188 -2232 12476 3720 1103 -9527 END
START -7080 -2208 12764 3865 1094 -9683 END
START -6988 -2060 13028 3973 1059 -9824 END
START -6880 -2112 13356 4035 1026 -9945 END
START -6668 -2024 13452 4145 1033 -10105 END
START -6368 -1996 13524 4212 1075 -10207 END
START -6168 -1860 13712 4250 1100 -10355 END
START -6164 -1820 13856 4287 1229 -10490 END
START -6040 -1680 14100 4314 1236 -10615 END
START -5856 -1668 14204 4290 1383 -10740 END
START -5636 -1744 14464 4273 1484 -10895 END
START -5468 -1676 14632 4172 1630 -11044 END
START -5220 -1656 14880 4100 1862 -11221 END
START -5032 -1704 14720 3931 2095 -11427 END
START -4824 -1696 15136 3719 2337 -11679 END
START -4636 -1752 15284 3514 2556 -11885 END
START -4312 -1616 15560 3258 2886 -12150 END
START -4064 -1600 15584 3041 3116 -12354 END
START -3624 -1468 15764 2765 3473 -12613 END
START -3444 -1284 15824 2500 3829 -12849 END
START -3008 -1012 16092 2168 4167 -12999 END
START -2796 -880 16164 1833 4487 -13171 END
START -2504 -828 16260 1499 4753 -13263 END
START -2112 -780 16196 1186 4983 -13344 END
START -1996 -740 16464 932 5088 -13380 END
START -1656 -600 16480 744 5113 -13419 END
START -1552 -652 16508 630 5026 -13439 END
START -1312 -516 16392 642 4867 -13453 END
START -988 -368 16256 720 4628 -13441 END
START -700 -240 16336 859 4351 -13388 END
START -404 4 16100 1083 4058 -13315 END
START -60 56 16072 1290 3802 -13210 END
START 456 396 15860 1470 3554 -13028 END
START 960 508 15768 1662 3347 -12860 END
START 1312 816 15604 1790 3196 -12679 END
START 1708 868 15692 1930 3101 -12471 END
START 2352 884 15684 2028 3039 -12254 END
START 2772 956 15724 2048 2969 -12094 END
START 3180 1148 15812 2029 2961 -11904 END
START 3584 1092 16008 1959 2949 -11710 END
START 4044 1324 15944 1905 2991 -11533 END
START 4480 1428 15908 1798 3066 -11337 END
START 4744 1608 15884 1710 3179 -11148 END
START 5160 1644 15860 1563 3322 -10902 END
START 5600 1820 15736 1435 3469 -10706 END
START 5992 1892 15736 1360 3655 -10513 END
START 6564 1812 15724 1256 3888 -10332 END
START 7212 1916 15784 1134 4115 -10183 END
START 7476 1828 15836 1018 4353 -10051 END
START 7552 2516 15980 873 4611 -9834 END
START 7880 2980 16132 622 4744 -9542 END
START 7988 3244 16568 470 4802 -9174 END
START 8224 3156 16572 306 4827 -8821 END
START 8216 3288 17000 270 4751 -8417 END
START 8196 3244 17084 256 4671 -8116 END
START 8244 3296 17256 252 4396 -7764 END
START 8208 3400 17380 323 4146 -7441 END
START 8064 3748 17272 414 3889 -7133 END
START 8368 3360 17456 477 3658 -6761 END
START 8452 3440 17684 551 3226 -6360 END
START 8224 3556 17736 605 2900 -5897 END
START 8224 3660 18192 682 2366 -5441 END
START 8296 3520 18088 653 1980 -4964 END
START 8204 3424 18208 609 1484 -4583 END
START 8036 3404 18320 553 1073 -4188 END
START 8196 3144 18088 462 650 -3850 END
START 8064 2928 18108 355 330 -3509 END
START 8196 2796 17844 204 95 -3257 END
START 7972 2728 17784 96 -98 -2969 END
START 7944 2668 17500 -81 -248 -2707 END