START -3844 2180 20420 -1057 3398 1920 END
START -10316 2296 28924 -1437 1052 2023 END
START -6048 1044 16644 -1086 2539 2167 END
START -4408 1452 16056 -1035 2652 2246 END
START -2352 1508 13736 -783 2673 2392 END
START -3200 1376 15060 -595 2851 2457 END
START -4900 1200 16288 -412 3293 2478 END
START -5060 1076 16152 -201 3390 2460 END
START -4564 948 15028 1 3394 2436 END
START -4756 840 14752 197 3454 2382 END
START -5552 584 15032 360 3464 2349 END
START -5392 392 14688 537 3270 2265 END
START -6036 332 14780 753 3300 2162 END
START -6572 104 14976 944 3396 1962 END
START -6836 -132 14644 1160 3482 1761 END
START -6780 -464 14336 1386 3549 1465 END
START -7256 -772 14384 1612 3721 1159 END
START -7572 -920 14280 1841 3767 774 END
START -8044 -1304 14504 2001 3829 358 END
START -7984 -1448 14284 2178 3897 -56 END
START -8440 -1712 14080 2394 3949 -588 END
START -8540 -1820 14132 2627 4064 -1117 END
START -8700 -1936 14028 2846 4173 -1681 END
START -8864 -2032 13812 3084 4346 -2309 END
START -9044 -2144 13820 3315 4462 -2949 END
START -9160 -2172 13848 3624 4617 -3571 END
START -9188 -2256 13760 3903 4765 -4219 END
START -9268 -2368 13808 4202 4936 -4903 END
START -9196 -2304 13752 4546 5129 -5549 END
START -9484 -2248 13668 4911 5381 -6208 END
START -9632 -2136 13960 5309 5605 -6922 END
START -9728 -2188 14108 5718 5823 -7629 END
START -9944 -2216 14376 6190 5958 -8363 END
START -10084 -2312 14772 6614 6031 -9048 END
START -10352 -2248 15020 7132 6066 -9833 END
START -10272 -2324 15240 7582 6037 -10605 END
START -10436 -2132 15628 8076 6063 -11410 END
START -10508 -1980 16128 8502 6055 -12219 END
START -10624 -1784 16520 8879 6067 -12971 END
START -10620 -1784 16852 9233 6001 -13730 END
START -10572 -1536 17436 9464 5967 -14461 END
START -10424 -1436 17840 9663 5961 -15272 END
START -10300 -1296 18476 9761 5857 -15958 END
START -10240 -1116 19008 9773 5878 -16706 END
START -10064 -1056 19684 9719 5776 -17420 END
START -9876 -696 20224 9613 5661 -18143 END
START -9876 -616 21028 9459 5524 -18798 END
START -9716 -316 21704 9184 5309 -19449 END
START -9420 -40 22068 8844 5156 -20104 END
START -9056 348 22984 8420 4937 -20685 END
START -8644 600 23392 7965 4799 -21257 END
START -8184 944 23780 7429 4651 -21774 END
START -7540 1364 24232 6775 4630 -22215 END
START -6888 1732 24552 6146 4702 -22552 END
START -6308 2208 24760 5384 4860 -22853 END
START -5860 2616 25336 4551 5112 -23090 END
START -5168 3252 25704 3692 5450 -23243 END
START -4684 3856 25876 2761 5797 -23347 END
START -4320 4168 26264 1786 6224 -23357 END
START -3764 4796 26532 717 6680 -23303 END
START -3216 5220 26932 -376 7104 -23190 END
START -2724 5664 27468 -1518 7560 -23007 END
START -2492 5976 27852 -2681 7890 -22803 END
START -2428 6376 28380 -3834 8162 -22537 END
START -2156 6532 28848 -4946 8317 -22269 END
START -2076 6652 29104 -6031 8360 -21992 END
START -1892 6528 29364 -7049 8269 -21736 END
START -1788 6408 29556 -7977 8129 -21512 END
START -1720 6312 29812 -8808 7955 -21307 END
START -1508 6216 30020 -9538 7674 -21139 END
START -1516 6132 30292 -10219 7371 -21059 END
START -1532 6076 30572 -10835 6842 -20947 END
START -1492 5900 30700 -11435 6276 -20859 END
START -1372 5680 30916 -11969 5569 -20751 END
START -1444 5660 30836 -12510 4816 -20591 END
START -1412 5932 30812 -13015 4028 -20440 END
START -1184 6220 30608 -13548 3169 -20331 END
START -904 6420 30432 -14040 2331 -20201 END
START -648 6504 30388 -14554 1537 -20008 END
START -324 6636 29944 -15043 727 -19756 END
START -148 6648 29592 -15626 -16 -19472 END
START 56 6668 29056 -16189 -705 -19162 END
START 436 6880 28852 -16778 -1337 -18744 END
START 676 6952 28228 -17374 -1864 -18354 END
START 924 7160 27744 -18021 -2316 -17915 END
START 1088 7180 27128 -18603 -2712 -17441 END
START 1336 7052 26456 -19293 -3035 -16960 END
START 1536 6808 25844 -19907 -3319 -16477 END
START 1612 6736 25132 -20550 -3495 -15970 END
START 1860 6668 24508 -21107 -3609 -15511 END
START 1860 6452 23704 -21648 -3707 -15041 END
START 2076 6004 22820 -22125 -3768 -14529 END
START 2104 5896 22072 -22517 -3777 -14110 END
START 2092 5648 21744 -22911 -3697 -13659 END
START 2004 5504 20964 -23203 -3665 -13322 END
START 1912 5236 20612 -23445 -3657 -12933 END
START 1872 5180 20016 -23665 -3621 -12566 END
START 1836 4948 19476 -23794 -3633 -12235 END
START 1696 4804 18996 -23935 -3721 -11886 END
START 1752 4692 18304 -24065 -3717 -11575 END
START 1824 4464 17896 -24172 -3700 -11316 END
START 1708 4252 17448 -24258 -3721 -11017 END
START 1784 4012 17024 -24303 -3696 -10773 END
START 1760 3996 16608 -24364 -3664 -10528 END
START 1748 3900 16008 -24319 -3660 -10234 END
START 1676 3780 15684 -24244 -3607 -9923 END
START 1856 3868 15116 -24148 -3578 -9537 END
START 1852 4036 14880 -24154 -3639 -9128 END
START 2168 4080 14332 -24121 -3601 -8767 END
START 2460 4076 13876 -24137 -3482 -8376 END
START 2576 3852 13708 -23999 -3251 -7960 END
START 2416 3832 13316 -23913 -3115 -7484 END
START 2416 3744 12868 -23782 -2925 -6982 END
START 2592 3588 12380 -23698 -2810 -6457 END
START 2528 3508 11996 -23605 -2671 -5891 END
START 2576 3556 11656 -23578 -2512 -5359 END
START 2588 3548 11548 -23411 -2234 -4891 END
START 2652 3352 11316 -23150 -1915 -4438 END
START 2624 3156 11012 -22860 -1669 -3934 END
START 2548 2940 10744 -22629 -1525 -3415 END
START 2472 2776 10436 -22350 -1432 -2939 END
START 2380 2536 10368 -22092 -1331 -2422 END
START 2420 2420 10012 -21828 -1305 -1922 END
START 2372 2312 9812 -21553 -1214 -1450 END
START 2420 2216 9508 -21314 -1161 -961 END
START 2352 2152 9372 -21053 -1073 -545 END
START 2296 1992 9064 -20793 -1077 -123 END
START 2056 1880 8864 -20496 -1016 270 END
START 2012 1620 8764 -20200 -1077 599 END
START 1956 1516 8696 -19880 -1145 936 END
START 1896 1468 8596 -19632 -1267 1261 END
START 1780 1320 8360 -19319 -1421 1597 END
START 1680 1316 8136 -19047 -1563 1913 END
START 1612 1372 7944 -18749 -1825 2223 END
START 1524 1376 7904 -18514 -2030 2540 END
START 1352 1272 7500 -18210 -2261 2823 END
START 1292 1180 7408 -17922 -2430 3184 END
START 1180 1152 7184 -17674 -2601 3561 END
START 1216 1124 6872 -17407 -2747 3926 END
START 1056 1164 6584 -17134 -2937 4322 END
START 976 1244 6156 -16922 -3117 4720 END
START 912 1232 6080 -16683 -3284 5175 END
START 1024 1240 5868 -16465 -3387 5582 END
START 972 1152 5584 -16247 -3441 6032 END
START 952 1100 5388 -15981 -3532 6546 END
START 904 1196 4848 -15768 -3526 7040 END
START 800 1196 4732 -15570 -3587 7553 END
START 800 1104 4556 -15339 -3618 8075 END
START 620 1248 4188 -15168 -3691 8607 END
START 588 1204 3880 -14964 -3686 9172 END
START 528 1408 3608 -14833 -3879 9732 END
START 468 1376 3552 -14678 -3894 10321 END
START 352 1512 3196 -14483 -3949 10882 END
START 292 1500 3084 -14330 -4006 11455 END
START 252 1588 2944 -14129 -4071 11998 END
START 144 1640 2940 -13868 -4121 12794 END
START -4 1756 2940 -13672 -4222 13221 END
START -212 1636 2740 -13424 -4385 13958 END
START -508 1724 2836 -13219 -4603 14534 END
START -848 1844 2676 -13054 -4964 15212 END
START -1064 1876 2700 -12798 -5186 15842 END
START -940 1780 2632 -12310 -5158 16441 END
START -1072 1620 2528 -11809 -5329 17023 END
START -1348 1404 2464 -11193 -5429 17580 END
START -1860 1220 2400 -10579 -5643 18222 END
START -2184 1112 2584 -9906 -5863 18793 END
START -2280 1108 2312 -9227 -6200 19358 END
START -2424 956 2196 -8551 -6521 19895 END
START -2464 792 2172 -7864 -6762 20403 END
START -2604 636 1856 -7143 -7018 20933 END
START -2696 712 1756 -6498 -7165 21367 END
START -2724 564 1608 -5837 -7271 21857 END
START -2876 516 1360 -5178 -7279 22269 END
START -2928 624 1220 -4623 -7266 22639 END
START -3148 568 940 -4019 -7261 23047 END
START -3244 684 732 -3505 -7247 23445 END
START -3376 780 560 -2982 -7126 23843 END
START -3472 724 340 -2440 -7006 24258 END
START -3412 776 32 -1900 -6814 24711 END
START -3420 1000 -352 -1339 -6538 25140 END
START -3316 1100 -740 -752 -6146 25620 END
START -3204 1048 -1072 -181 -5668 26000 END
START -3400 1208 -1304 468 -5132 26338 END
START -3836 1428 -1516 1151 -4690 26802 END
START -4120 1548 -1548 1931 -4221 27265 END
START -4464 1628 -1608 2814 -3848 27698 END
START -4544 1560 -1620 3686 -3494 28128 END
START -4796 1580 -1612 4690 -3148 28518 END
START -5000 1448 -1516 5782 -2759 28887 END
START -5412 1308 -1216 6882 -2443 29167 END
START -5856 1264 -928 8100 -2187 29391 END
START -6316 1072 -540 9305 -2004 29518 END
START -6748 944 124 10493 -1931 29691 END
START -7100 732 312 11917 -1830 29788 END
START -7368 288 948 12926 -1821 29776 END
START -7676 -76 1552 14193 -1796 29712 END
START -7808 -380 1364 15253 -1781 29611 END
START -8288 -748 2196 16352 -1759 29450 END
START -8596 -1100 2500 17407 -1803 29223 END
START -9060 -1484 3008 18309 -1814 28912 END
START -9308 -1712 3376 19204 -1856 28560 END
START -9744 -1884 4060 20003 -1984 28112 END
START -9768 -2076 4332 20693 -2146 27653 END
START -10036 -2296 4644 21307 -2315 27145 END
START -10288 -2184 5064 21852 -2377 26592 END
START -10512 -2304 5288 22302 -2543 26014 END
START -10788 -2348 5812 22739 -2641 25399 END
START -11084 -2408 5928 23132 -2767 24771 END
START -11352 -2588 6532 23473 -2946 24161 END
START -11712 -2724 6932 23850 -3067 23501 END
START -12140 -2864 7256 24212 -3225 22861 END
START -12772 -3104 7816 24606 -3479 22162 END
START -13144 -3324 8136 25049 -3796 21387 END
START -13356 -3840 8564 25503 -4128 20616 END
START -13548 -4296 8764 25969 -4468 19751 END
START -13584 -4660 9052 26479 -4620 18790 END
START -13692 -5072 9324 26996 -4785 17777 END
START -14072 -5348 9336 27519 -4846 16615 END
START -14224 -5608 9556 27946 -4849 15454 END
START -14640 -5740 9856 28323 -4858 14225 END
START -14968 -6056 10292 28660 -4824 13087 END
START -15064 -6280 10164 28982 -4731 11641 END
START -15360 -6532 10396 29260 -4605 10240 END
START -15468 -6748 10800 29401 -4414 8903 END
START -15412 -7148 11088 29528 -4183 7462 END
START -15280 -7236 11056 29567 -3903 5947 END
START -15164 -7304 11232 29503 -3516 4443 END
START -14912 -7508 11604 29431 -3098 2944 END
START -14868 -7740 11744 29288 -2557 1392 END
START -14656 -7884 11964 29114 -2025 -92 END
START -14380 -7668 12320 28895 -1436 -1586 END
START -14372 -7296 12632 28696 -832 -3056 END
START -14188 -6952 13132 28413 -315 -4534 END
START -14204 -6276 13384 28120 143 -5932 END
START -13860 -5792 13864 27879 591 -7285 END
START -13656 -5424 14360 27634 963 -8565 END
START -13492 -4784 14748 27386 1306 -9769 END
START -13248 -4164 15328 27262 1681 -10872 END
START -13128 -3540 15728 27089 2052 -11934 END
START -12764 -3088 16052 26985 2382 -12859 END
START -12624 -2492 17080 26882 2706 -13698 END
START -12456 -2144 17548 26794 3029 -14424 END
START -12008 -1760 17868 26648 3328 -15048 END
START -11672 -1248 18252 26509 3623 -15656 END
START -11520 -724 18972 26300 3982 -16161 END
START -11288 -312 19896 26169 4296 -16633 END
START -11036 56 20200 25963 4500 -17054 END
START -10576 504 20928 25702 4564 -17450 END
START -10512 1172 21540 25454 4686 -17819 END
START -10196 1520 22528 25174 4673 -18109 END
START -9972 2224 23132 24841 4575 -18354 END
START -9752 2640 24064 24513 4456 -18536 END
START -9580 2876 24924 24151 4162 -18637 END
START -9360 3312 26008 23735 3837 -18716 END
START -9320 3660 26920 23294 3339 -18720 END
START -8980 4228 27708 22835 2754 -18683 END
START -8772 4716 28576 22333 2072 -18620 END
START -8352 5300 29288 21764 1352 -18505 END
START -7744 5632 29980 21091 619 -18297 END
START -7268 5896 30624 20396 -59 -18028 END
START -6872 6188 31464 19542 -741 -17707 END
START -6420 6388 32116 18674 -1387 -17252 END
START -5972 6664 32684 17687 -2124 -16697 END
START -5712 6836 32767 16641 -2868 -16097 END
START -5352 6992 32767 15561 -3555 -15471 END
START -4980 7060 32767 14412 -4282 -14843 END
START -4468 7092 32767 13213 -4881 -14211 END
START -4016 7144 32767 12024 -5493 -13536 END
START -3528 6944 32767 10738 -6009 -12909 END
START -3176 6832 32767 9556 -6435 -12215 END
START -2752 6612 32767 8389 -6792 -11604 END
START -2492 6488 32767 7249 -7072 -10959 END
START -2320 6460 32767 6189 -7372 -10362 END
START -2160 6564 32660 5037 -7768 -9792 END
START -2200 6624 32568 4057 -8157 -9284 END
START -2212 6532 32168 2944 -8626 -8783 END
START -1944 6484 31704 1864 -9105 -8284 END
START -1880 6316 31276 786 -9604 -7861 END
START -1856 6184 30672 -205 -10021 -7445 END
START -1712 6028 29980 -1255 -10485 -7010 END
START -1668 5852 29568 -2211 -10886 -6641 END
START -1740 5652 28740 -3104 -11291 -6235 END
START -1644 5508 27912 -3950 -11705 -5841 END
START -1528 5288 27228 -4700 -12001 -5476 END
START -1580 5044 26296 -5394 -12306 -5165 END
START -1556 4772 25748 -6004 -12556 -4836 END
START -1700 4724 24912 -6478 -12768 -4544 END
START -1568 4532 24228 -6907 -12854 -4235 END
START -1720 4492 23392 -7294 -13066 -3959 END
START -1692 4256 22912 -7582 -13131 -3685 END
START -1712 4156 21912 -7832 -13196 -3453 END
START -1764 4068 21160 -8069 -13217 -3200 END
START -1756 4052 20320 -8260 -13211 -2958 END
START -1912 3952 19780 -8473 -13170 -2725 END
START -1924 3864 19132 -8649 -13116 -2499 END
START -2008 3884 18616 -8795 -13059 -2262 END
START -1988 3688 18124 -8944 -13002 -2092 END