START 2492 2568 15828 321 3509 905 END
START 2664 2636 16112 246 3303 1101 END
START 2824 2596 16276 186 3121 1255 END
START 2888 2504 16788 145 2889 1459 END
START 2816 2312 17032 90 2553 1624 END
START 2904 2520 17592 68 2217 1763 END
START 2924 2564 17740 51 1834 1988 END
START 2840 2608 17756 10 1367 2139 END
START 2752 2800 18092 5 936 2365 END
START 2744 2824 18344 4 454 2565 END
START 2804 2780 18220 30 -68 2770 END
START 2964 2884 18196 86 -460 2981 END
START 3048 2696 18080 122 -781 3187 END
START 3168 2432 18244 174 -1072 3368 END
START 3292 2440 18176 198 -1251 3545 END
START 3472 2392 18260 172 -1312 3740 END
START 3708 2368 18180 117 -1293 3894 END
START 3940 2396 18152 -4 -1210 4083 END
START 4096 2548 17816 -201 -964 4212 END
START 4296 2620 17812 -392 -661 4387 END
START 4532 2728 17772 -669 -255 4540 END
START 4680 2800 17752 -981 270 4730 END
START 4744 2856 18100 -1342 751 4907 END
START 4800 2948 17940 -1756 1238 5080 END
START 4792 2792 18020 -2152 1699 5302 END
START 4716 2904 18188 -2536 2149 5522 END
START 4648 2984 18360 -2899 2602 5722 END
START 4596 2784 18752 -3230 2937 5955 END
START 4188 2840 18980 -3513 3225 6185 END
START 4204 2780 19148 -3777 3362 6453 END
START 3908 2908 19808 -4005 3452 6807 END
START 3656 2812 20128 -4245 3337 7160 END
START 3296 2604 20592 -4460 3060 7489 END
START 2988 2536 20812 -4673 2664 7864 END
START 2712 2300 20984 -4887 2200 8179 END
START 2360 1996 20996 -5063 1722 8489 END
START 2188 1668 21124 -5182 1183 8750 END
START 1844 1448 21020 -5302 731 8954 END
START 1536 1176 20664 -5374 297 9136 END
START 1248 856 20336 -5466 -48 9261 END
START 992 716 19880 -5551 -349 9403 END
START 776 524 19640 -5601 -607 9505 END
START 540 468 19244 -5656 -834 9546 END
START 188 340 19112 -5668 -1090 9575 END
START -132 304 18832 -5665 -1395 9538 END
START -444 148 18496 -5639 -1674 9539 END
START -540 272 18064 -5566 -1895 9494 END
START -684 196 17668 -5519 -2082 9471 END
START -896 120 17332 -5418 -2173 9391 END
START -1056 -84 17060 -5286 -2166 9389 END
START -1320 -120 16632 -5136 -2088 9362 END
START -1576 -416 16372 -5022 -1881 9333 END
START -1784 -592 16252 -4861 -1616 9261 END
START -2124 -776 15884 -4792 -1340 9152 END
START -2656 -932 15904 -4701 -1064 9028 END
START -2932 -1216 16028 -4662 -883 8803 END
START -3228 -1280 16104 -4601 -755 8565 END
START -3492 -1668 16080 -4590 -689 8277 END
START -3676 -2036 15988 -4508 -647 8024 END
START -3908 -2088 15972 -4422 -642 7711 END
START -4036 -2412 15896 -4324 -633 7382 END
START -4076 -2448 15876 -4207 -663 7084 END
START -4216 -2548 15724 -4083 -708 6760 END
START -4364 -2456 15712 -3916 -815 6468 END
START -4312 -2352 15520 -3786 -971 6188 END
START -4392 -2280 15516 -3627 -1176 5935 END
START -4460 -2252 15352 -3467 -1366 5705 END
START -4456 -1816 15236 -3346 -1567 5540 END
START -4408 -1752 15124 -3202 -1779 5439 END
START -4412 -1508 14816 -3063 -1911 5358 END
START -4300 -1400 14580 -2931 -2009 5308 END
START -4192 -1172 14308 -2784 -2015 5313 END
START -4236 -1028 14080 -2662 -2020 5331 END
START -4304 -1156 13936 -2602 -2013 5395 END
START -4400 -976 13744 -2515 -1981 5403 END
START -4472 -600 13476 -2529 -1991 5443 END
START -4544 -524 13360 -2514 -1938 5488 END
START -4680 -548 13232 -2544 -1962 5528 END
START -4796 -624 13144 -2574 -1947 5557 END
START -4744 -640 13076 -2599 -1949 5560 END
START -4880 -844 12768 -2599 -1878 5578 END
START -4944 -856 12700 -2581 -1830 5580 END
START -4976 -948 12648 -2566 -1854 5568 END
START -5132 -912 12536 -2461 -1815 5533 END
START -5240 -1064 12392 -2394 -1818 5487 END
START -5364 -1152 12296 -2342 -1887 5444 END
START -5472 -1144 12356 -2245 -1935 5389 END
START -5588 -1216 12048 -2175 -1998 5306 END
START -5608 -1292 12144 -2074 -2103 5195 END
START -5748 -1468 12036 -2030 -2154 5089 END
START -5712 -1544 11688 -1949 -2158 4951 END
START -5704 -1572 11492 -1843 -2166 4796 END
START -5720 -1616 11212 -1761 -2072 4616 END
START -5760 -1492 10972 -1617 -1953 4457 END
START -5648 -1448 10688 -1523 -1800 4298 END
START -5668 -1236 10448 -1392 -1559 4108 END
START -5620 -1268 10296 -1245 -1331 3958 END
START -5576 -1180 10220 -1159 -1054 3801 END
START -5536 -1144 10000 -1036 -835 3647 END
START -5480 -1152 10064 -935 -514 3508 END
START -5300 -1048 9872 -822 -288 3339 END
START -5372 -1064 9956 -696 -32 3223 END
START -5460 -1004 9880 -524 147 3088 END
START -5296 -908 9900 -388 331 2939 END
START -5288 -820 9908 -240 477 2860 END
START -4920 -672 9740 -115 662 2779 END
START -5044 -648 9800 6 880 2692 END
START -4844 -544 9696 74 1086 2627 END
START -4796 -392 9768 166 1267 2573 END
START -4728 -144 9876 271 1481 2544 END
START -4576 8 9836 327 1658 2529 END
START -4624 132 9972 404 1752 2531 END
START -4636 144 10048 459 1898 2576 END
START -4496 184 10104 452 2057 2619 END
START -4456 232 9992 474 2194 2646 END
START -4372 568 10060 475 2362 2680 END
START -4324 580 10136 455 2551 2709 END
START -4280 676 10124 412 2705 2736 END
START -4300 688 10360 355 2842 2764 END
START -4256 884 10444 326 2991 2793 END
START -4340 980 10764 315 3020 2766 END
START -4488 980 10816 298 2994 2820 END
START -4532 1028 11076 316 2845 2826 END
START -4676 1012 11100 382 2649 2843 END
START -4704 1124 11300 449 2467 2851 END
START -4648 1108 11356 580 2284 2837 END
START -4612 1228 11388 683 2058 2803 END
START -4696 1276 11512 810 1834 2737 END
START -4772 1260 11700 952 1531 2667 END
START -4688 1356 11800 1065 1206 2590 END
START -4804 1412 11744 1164 820 2495 END
START -4780 1312 11664 1251 448 2425 END
START -4632 1148 11724 1368 114 2312 END
START -4440 1060 11392 1482 -176 2232 END
START -4256 1084 11192 1586 -423 2129 END
START -4124 960 11068 1700 -606 2090 END
START -3884 988 10512 1842 -663 2033 END
START -3776 1096 10156 1923 -641 1993 END
START -3536 1180 9856 2023 -522 1962 END
START -3460 1264 9560 2111 -415 1973 END
START -3236 1368 9432 2214 -144 1961 END
START -3196 1364 9356 2291 146 1979 END
START -3184 1448 9360 2355 400 1979 END
START -3068 1452 9364 2376 717 1978 END
START -3164 1564 9344 2424 966 1939 END
START -3176 1560 9652 2444 1156 1948 END
START -3208 1564 9908 2542 1243 1915 END
START -3404 1564 10304 2690 1247 1868 END
START -3396 1616 10348 2825 1223 1840 END
START -3396 1552 10780 3006 1098 1774 END
START -3388 1720 11148 3215 923 1731 END
START -3332 1840 11416 3366 672 1655 END
START -3288 1960 11432 3508 456 1652 END
START -3228 2188 11584 3651 209 1637 END
START -3168 2512 12036 3751 -76 1678 END
START -3072 2664 12376 3811 -453 1699 END
START -3196 2704 12652 3838 -891 1726 END
START -3036 2800 12884 3904 -1407 1789 END
START -2836 2848 12892 3942 -1936 1836 END
START -2608 2676 12828 4008 -2381 1900 END
START -2424 2600 12468 4073 -2721 1947 END
START -2292 2708 12428 4127 -3004 2018 END
START -2092 2588 12032 4196 -3188 2067 END
START -2068 2648 11704 4227 -3294 2120 END
START -1768 2648 11508 4225 -3306 2163 END
START -1640 2612 11240 4196 -3308 2195 END
START -1628 2504 10884 4152 -3264 2235 END
START -1544 2400 10552 4094 -3106 2255 END
START -1336 2328 10340 4072 -2981 2278 END
START -1264 2232 9876 4100 -2718 2240 END
START -1184 1976 9596 4154 -2430 2254 END
START -908 1872 9228 4254 -2015 2225 END
START -784 1864 8960 4360 -1545 2251 END
START -736 1896 8844 4503 -988 2303 END
START -744 1960 8796 4631 -412 2403 END
START -812 1936 8796 4744 110 2500 END
START -1100 1988 8888 4872 651 2596 END
START -1348 1988 9100 5012 1088 2716 END
START -1552 2112 9448 5154 1425 2779 END
START -1792 2044 9752 5258 1701 2819 END
START -2192 1968 10140 5412 1917 2895 END
START -2288 1740 10512 5558 2094 2871 END
START -2560 1580 11072 5756 2137 2923 END
START -2864 1464 11548 5907 2151 2886 END
START -3152 1468 12240 6103 2010 2863 END
START -3348 1392 12408 6227 1755 2823 END
START -3668 1384 12988 6412 1431 2745 END
START -3792 1272 13516 6526 1027 2635 END
START -4216 1316 14008 6689 472 2517 END
START -4216 1284 14296 6807 -91 2361 END
START -4364 1360 14860 6975 -796 2178 END
START -4536 1220 15044 7112 -1561 1999 END
START -4484 1328 15240 7292 -2279 1804 END
START -4220 1340 15028 7463 -2928 1680 END
START -3864 1380 14800 7640 -3459 1528 END
START -3360 1400 14448 7770 -3790 1467 END
START -2932 1324 14232 7861 -3943 1389 END
START -2532 1532 14016 7857 -3904 1337 END
START -2480 1732 13952 7847 -3810 1295 END
START -2384 1800 13744 7721 -3720 1258 END
START -2276 1948 13752 7632 -3609 1222 END
START -1836 1808 13880 7529 -3417 1241 END
START -1612 1564 13672 7403 -3166 1205 END
START -1400 1372 13668 7266 -2827 1210 END
START -1172 1364 13416 7163 -2445 1206 END
START -760 1104 13232 7068 -1941 1191 END
START -624 1136 13084 7011 -1358 1194 END
START -456 1128 13180 6960 -724 1181 END
START -500 1316 13296 6949 -123 1166 END
START -636 1388 13384 6940 481 1176 END
START -752 1552 13680 6972 1010 1240 END
START -896 1624 14080 7018 1517 1270 END
START -1092 1812 14156 7092 1968 1283 END
START -1148 1972 14616 7156 2450 1327 END
START -1112 2104 14728 7300 3002 1430 END
START -1324 2316 15340 7335 3509 1536 END
START -1476 2568 15880 7390 4006 1635 END
START -1712 2744 16516 7383 4375 1710 END
START -2168 2804 17492 7374 4598 1801 END
START -2596 2828 18612 7348 4597 1835 END
START -2928 2804 19652 7264 4420 1873 END
START -3268 2652 20512 7194 4137 1873 END
START -3416 2508 21352 7101 3648 1820 END
START -3556 2496 21872 6990 3081 1790 END
START -3632 2460 22140 6876 2432 1750 END
START -3768 2500 22652 6763 1667 1754 END
START -3848 2488 22792 6622 902 1748 END
START -3776 2472 22896 6503 99 1754 END
START -3744 2280 22744 6367 -757 1746 END
START -3648 1972 22704 6243 -1480 1717 END
START -3320 1852 22216 6127 -2101 1644 END
START -3120 1664 21748 6005 -2694 1544 END
START -2980 1588 21072 5922 -3141 1483 END
START -2640 1496 20356 5842 -3445 1405 END
START -2256 1424 19488 5753 -3622 1325 END
START -1724 1352 18812 5676 -3530 1235 END
START -1492 1532 17992 5604 -3293 1153 END
START -1224 1572 17412 5496 -2929 1055 END
START -1020 1828 17044 5453 -2440 998 END
START -1020 1900 16800 5427 -1834 933 END
START -892 1912 16236 5416 -1242 926 END
START -764 2116 16180 5450 -539 943 END
START -816 2120 16296 5519 139 987 END
START -904 2116 16676 5606 710 998 END
START -1220 2288 17060 5771 1256 1043 END
START -1380 2440 17612 5814 1725 1087 END
START -1560 2456 18048 5854 2028 1134 END
START -1764 2504 18648 5793 2279 1152 END
START -2012 2584 19384 5710 2405 1224 END
START -2280 2636 19920 5640 2421 1219 END
START -2632 2748 20836 5557 2230 1268 END
START -3032 2912 21556 5475 1888 1282 END
START -3376 2920 21900 5394 1483 1349 END
START -3472 2984 22272 5301 934 1420 END
START -3592 2928 22588 5197 391 1473 END
START -3712 3000 22564 5124 -148 1517 END
START -3984 3036 22544 4989 -702 1559 END
START -4056 2912 22344 4890 -1184 1542 END
START -4192 2960 22132 4774 -1593 1552 END
START -4172 2932 21904 4639 -1916 1568 END
START -4416 2964 21384 4479 -2078 1566 END
START -4476 2988 21180 4370 -2222 1582 END
START -4656 2852 20920 4220 -2264 1591 END
START -4792 2748 20716 4075 -2253 1567 END
START -4888 2600 20208 3919 -2196 1519 END
START -5160 2356 20160 3790 -2122 1432 END
START -5348 2020 19952 3641 -1991 1297 END
START -5480 1884 19808 3564 -1894 1060 END
START -5664 1672 19624 3463 -1724 849 END
START -5848 1596 19336 3446 -1643 637 END
START -5992 1596 19360 3465 -1513 460 END
START -6260 1640 19508 3526 -1479 250 END
START -6460 1904 19168 3589 -1474 91 END
START -6396 1936 19328 3601 -1451 -53 END
START -6716 1968 19088 3487 -1447 -254 END
START -6676 1924 18984 3350 -1462 -434 END
START -6872 2068 19104 3194 -1424 -650 END
START -7048 2120 18976 2983 -1459 -844 END
START -7148 2092 18792 2787 -1410 -1056 END
START -7260 2164 18680 2635 -1367 -1277 END
START -7492 2256 18556 2523 -1344 -1443 END
START -7832 2304 18376 2431 -1305 -1663 END
START -7956 2248 18264 2361 -1301 -1831 END
START -8040 2220 17980 2303 -1284 -2050 END
START -8192 2040 17764 2257 -1324 -2282 END
START -8344 1992 17592 2214 -1332 -2521 END
START -8544 1984 17296 2187 -1348 -2746 END
START -8676 1912 17212 2152 -1370 -2983 END
START -8744 2076 16912 2124 -1403 -3236 END
START -8824 2112 16804 2151 -1456 -3481 END
START -8920 2224 16912 2191 -1543 -3727 END
START -9052 2272 16540 2220 -1651 -3978 END
START -8868 2264 16316 2237 -1724 -4151 END
START -8836 2460 16124 2282 -1729 -4357 END
START -8752 2404 15692 2239 -1689 -4504 END
START -8660 2384 15612 2234 -1609 -4676 END
START -8616 2432 15544 2196 -1553 -4802 END
START -8768 2388 15652 2121 -1507 -4983 END
START -8836 2408 15628 2082 -1509 -5148 END
START -8852 2400 15684 2035 -1490 -5364 END
START -8696 2392 15732 1977 -1518 -5540 END
START -8760 2412 15632 1935 -1468 -5730 END
START -8652 2460 15752 1869 -1479 -5921 END
START -8712 2576 15852 1818 -1534 -6084 END
START -8588 2668 15744 1726 -1541 -6259 END
START -8484 2780 15544 1601 -1516 -6445 END
START -8396 2956 15580 1505 -1421 -6619 END
START -8384 3064 15336 1325 -1278 -6787 END
START -8368 3164 15444 1203 -1164 -6995 END
START -8348 3136 15384 1019 -1113 -7195 END
START -8424 3224 15276 924 -1079 -7452 END
START -8280 3116 15340 832 -1028 -7736 END
START -8180 3144 15220 786 -914 -7990 END
START -8064 3076 15152 807 -879 -8286 END
START -8064 3032 15228 784 -912 -8584 END
START -7980 2952 15304 836 -1030 -8831 END
START -7916 3080 15348 878 -1283 -9124 END
START -7820 3172 15196 945 -1562 -9398 END
START -7552 3252 14980 1044 -1908 -9605 END
START -7260 3300 14536 1271 -2241 -9836 END
START -6948 3380 14076 1579 -2512 -10009 END
START -6584 3252 13736 2040 -2759 -10223 END
START -6076 3200 13572 2542 -2879 -10373 END
START -5700 3140 13188 3112 -2892 -10564 END
START -5184 3232 13124 3660 -2831 -10697 END
START -4700 3408 13120 4104 -2730 -10859 END
START -4376 3536 13088 4480 -2549 -10960 END
START -4012 3756 13080 4707 -2299 -11078 END
START -3540 4028 13372 4761 -1969 -11177 END
START -3152 4188 13360 4752 -1611 -11240 END
START -2924 4424 13576 4636 -1234 -11254 END
START -2864 4860 14036 4466 -808 -11282 END
START -2564 5060 14200 4311 -466 -11256 END
START -2428 5464 14148 4131 -60 -11226 END
START -2256 5440 14356 4003 330 -11174 END
START -2144 5536 14732 3871 743 -11042 END
START -2088 5724 15196 3783 1041 -10902 END
START -2044 5784 15728 3673 1260 -10806 END
START -2084 5852 16252 3584 1320 -10654 END
START -2216 6052 16812 3544 1186 -10567 END
START -2388 6120 17472 3474 741 -10474 END
START -2328 6012 18096 3438 138 -10420 END
START -2164 5984 18700 3479 -533 -10391 END
START -2020 5980 18984 3586 -1264 -10357 END
START -2132 6028 19544 3712 -2052 -10334 END
START -2024 6172 19864 3852 -2925 -10325 END
START -1656 6328 19740 3934 -3729 -10274 END
START -1252 6524 19576 3996 -4444 -10198 END
START -744 6524 19196 4000 -4973 -10121 END
START -344 6660 18676 3937 -5333 -10057 END
START 76 6664 18436 3830 -5520 -10019 END
START 356 6764 18068 3648 -5550 -9980 END
START 764 6952 17816 3440 -5499 -9894 END
START 940 6952 17788 3217 -5374 -9804 END
START 1244 7092 17516 2953 -5222 -9709 END
START 1688 7096 17348 2711 -4996 -9568 END
START 2160 7112 17376 2414 -4727 -9454 END
START 2396 7012 17336 2136 -4405 -9337 END
START 2740 6848 17164 1847 -4081 -9271 END
START 3064 6932 17160 1546 -3754 -9164 END
START 3224 6940 17024 1292 -3459 -9058 END
START 3296 7036 16768 1068 -3158 -8932 END
START 3488 7268 16700 806 -2858 -8727 END
START 3616 7380 16488 596 -2606 -8540 END
START 3808 7276 16320 427 -2326 -8335 END
START 3868 7308 15796 323 -2115 -8112 END
START 4192 7220 15584 264 -1799 -7892 END
START 4272 7164 15456 265 -1512 -7631 END
START 4544 7140 15252 306 -1212 -7435 END
START 4664 7092 14952 371 -872 -7179 END
START 4720 7276 14820 422 -545 -6962 END
START 4764 7352 14808 478 -244 -6714 END
START 4724 7392 14840 464 30 -6441 END
START 4756 7400 15084 480 189 -6175 END
START 4560 7360 15024 471 315 -5882 END
START 4652 7360 15044 471 444 -5659 END
START 4728 7280 14984 481 461 -5387 END
START 4712 7164 15076 471 536 -5123 END
START 4708 7128 15024 468 575 -4893 END
START 4648 7036 15148 443 621 -4649 END
START 4620 6844 15136 413 563 -4436 END
START 4576 6904 14916 408 578 -4216 END
START 4540 6824 14848 389 487 -4042 END
START 4516 6996 14912 342 427 -3884 END
START 4552 6892 14784 334 422 -3737 END
START 4516 6832 14828 299 338 -3587 END
START 4600 6884 14428 293 309 -3435 END
START 4728 6840 14484 271 324 -3273 END
START 4804 6884 13916 285 418 -3139 END
START 4852 6796 13676 285 556 -2999 END
START 4944 6828 13436 291 711 -2857 END
START 5168 6836 13308 318 917 -2721 END
START 5176 6860 13076 330 1178 -2571 END
START 5080 6856 12928 359 1484 -2339 END
START 5236 7040 12864 344 1837 -2092 END
START 5116 6968 12680 319 2214 -1855 END
START 5040 7068 12540 299 2627 -1568 END
START 4900 7048 12928 213 2964 -1265 END
START 4728 6908 12984 53 3308 -992 END
START 4524 6808 13212 -141 3621 -686 END
START 4480 6784 13492 -364 3840 -381 END
START 4120 6628 13296 -604 4001 -82 END
START 3788 6632 13452 -843 4059 194 END
START 3584 6668 13156 -1064 4120 452 END
START 3432 6552 13212 -1201 4073 737 END
START 3184 6304 13268 -1296 3968 927 END
START 2744 6200 13108 -1276 3811 1117 END
START 2536 6184 12984 -1167 3515 1306 END
START 2328 6284 12844 -944 3143 1505 END
START 2264 6188 12672 -682 2845 1694 END
START 2172 6144 12196 -311 2556 1887 END
START 2140 6032 11996 130 2350 2058 END
START 2308 5664 11868 564 2254 2259 END
START 2040 5556 11740 987 2218 2419 END
START 1968 5512 11812 1345 2254 2544 END
START 1792 5412 11864 1654 2237 2650 END
START 1624 5332 12108 1860 2260 2707 END
START 1372 5368 12484 2036 2306 2792 END
START 1324 5444 12924 2150 2320 2811 END
START 1256 5300 13108 2163 2330 2884 END
START 1172 5468 13360 2164 2305 2909 END
START 1180 5748 13332 2150 2317 2988 END
START 1056 5736 13780 2145 2394 3043 END
START 1032 5652 14232 2104 2482 3089 END
START 984 5692 14384 2042 2565 3169 END
START 860 5648 14732 1953 2629 3186 END
START 856 5820 14864 1808 2647 3213 END
START 912 5988 15416 1604 2740 3243 END
START 996 6132 15428 1332 2813 3275 END
START 956 6300 15632 1017 2874 3296 END
START 1016 6284 15996 688 2890 3319 END
START 948 6404 16164 367 2825 3334 END
START 1052 6460 16388 24 2801 3369 END
START 1284 6508 16432 -265 2790 3381 END
START 1528 6536 16308 -512 2808 3423 END
START 1748 6480 16444 -728 2854 3475 END
START 1756 6568 16308 -908 2856 3507 END
START 1900 6788 16360 -1042 2837 3549 END
START 2112 7140 16196 -1111 2889 3667 END
START 2288 7264 16136 -1154 2898 3815 END
START 2664 7520 15984 -1193 2983 3984 END
START 3012 7804 15928 -1190 3102 4223 END
START 3052 7932 16200 -1242 3228 4466 END
START 3220 8076 16232 -1274 3243 4768 END
START 3268 8312 16496 -1354 3275 5113 END
START 3140 8468 16776 -1415 3232 5442 END
START 3104 8324 17044 -1504 3124 5815 END
START 2940 8460 17152 -1526 2982 6144 END
START 2704 8364 17512 -1551 2759 6543 END
START 2620 8336 17896 -1557 2509 6926 END
START 2452 8280 18076 -1573 2319 7311 END
START 2156 8284 18276 -1621 1997 7704 END
START 1940 8088 18220 -1754 1732 8085 END
START 1664 7904 18400 -1890 1371 8409 END
START 1476 7848 18388 -2097 954 8694 END
START 1200 7868 18004 -2267 666 8980 END
START 1136 7940 18068 -2377 375 9219 END
START 900 7544 17916 -2501 128 9447 END
START 712 7212 17768 -2562 -101 9633 END
START 664 7048 17340 -2614 -280 9791 END
START 388 7020 17232 -2665 -403 9958 END
START 352 6756 16876 -2725 -497 10097 END
START 304 6660 16664 -2834 -466 10196 END
START 128 6552 16476 -2890 -397 10282 END
START -44 6412 15844 -3025 -265 10337 END
START -220 6284 15576 -3130 -91 10421 END
START -348 6080 15504 -3309 131 10382 END
START -552 5812 15264 -3437 414 10348 END
START -656 5584 15012 -3661 722 10266 END
START -664 5572 14920 -3816 1074 10188 END
START -860 5492 14476 -4006 1495 10051 END
START -916 5392 14472 -4177 1925 9969 END
START -988 5420 14484 -4327 2346 9861 END
START -1236 5440 14264 -4454 2758 9763 END
START -1496 5660 14348 -4566 3131 9762 END
START -1740 5632 14832 -4619 3426 9730 END
START -2100 5656 15032 -4654 3617 9766 END
START -2480 5640 15188 -4649 3724 9816 END
START -2812 5608 15656 -4624 3749 9869 END
START -3208 5424 15772 -4586 3732 9940 END
START -3564 5280 16300 -4538 3616 9984 END
START -3772 5164 16244 -4501 3497 10007 END
START -4024 4876 16596 -4471 3259 10002 END
START -4384 4708 16752 -4491 2998 9952 END
START -4576 4572 16792 -4489 2694 9891 END
START -4752 4392 16928 -4501 2398 9745 END
START -5048 4296 16820 -4494 2051 9652 END
START -5312 4120 16960 -4511 1741 9537 END
START -5404 4032 16820 -4483 1517 9415 END
START -5600 3944 16568 -4437 1255 9290 END
START -5748 3816 16720 -4412 1054 9197 END
START -5932 3804 16444 -4392 916 9082 END
START -5992 3688 16424 -4372 850 8963 END
START -6172 3580 16432 -4359 815 8777 END
START -6340 3444 16204 -4384 787 8650 END
START -6484 3288 16360 -4428 814 8475 END
START -6692 3140 16248 -4445 742 8239 END
START -6712 2956 16216 -4474 791 8000 END
START -6956 2820 16248 -4513 827 7750 END
START -7032 2744 16192 -4548 860 7509 END
START -7100 2696 16288 -4559 879 7242 END
START -7252 2668 16208 -4600 836 6945 END
START -7432 2516 16528 -4617 781 6673 END
START -7512 2368 16536 -4631 710 6378 END
START -7548 2380 16264 -4637 672 6081 END
START -7516 2344 16336 -4631 646 5814 END
START -7540 2356 16448 -4607 612 5558 END
START -7528 2212 16252 -4572 529 5336 END
START -7468 2192 16048 -4548 489 5087 END
START -7412 2252 16112 -4485 485 4882 END
START -7380 2108 15884 -4455 450 4700 END
START -7512 2084 15968 -4426 445 4513 END
START -7400 1956 16040 -4392 386 4258 END
START -7368 1968 15764 -4387 411 4071 END
START -7284 1932 15744 -4356 379 3819 END
START -7032 1948 15908 -4376 348 3582 END
START -6988 2036 15920 -4355 315 3334 END
START -6908 2168 15900 -4375 282 3117 END
START -6744 2184 15792 -4426 256 2943 END
START -6520 2248 15876 -4454 292 2805 END
START -6332 2344 15956 -4471 251 2657 END
START -6188 2436 15880 -4520 236 2533 END
START -6088 2480 15948 -4546 200 2411 END
START -5928 2420 15816 -4538 139 2313 END
START -5816 2468 15808 -4528 77 2206 END
START -5756 2420 15720 -4448 -10 2094 END
START -5548 2532 15968 -4398 -84 2002 END
START -5548 2664 16024 -4260 -150 1926 END
START -5284 2728 15828 -4169 -248 1897 END
START -5224 2732 15764 -4014 -333 1833 END
START -5044 2708 15788 -3939 -403 1843 END
START -4736 2648 15636 -3845 -395 1836 END
START -4476 2648 15464 -3811 -374 1838 END
START -4292 2588 15364 -3824 -240 1837 END
START -4220 2556 15292 -3867 -196 1836 END
START -4104 2408 15112 -3883 -33 1806 END
START -4044 2412 15152 -3939 156 1784 END
START -4080 2380 14904 -3962 358 1750 END
START -4120 2324 14808 -4024 566 1703 END
START -3940 2096 14784 -4051 753 1615 END
START -3932 2024 14872 -4056 979 1514 END
START -3920 1920 14804 -4044 1146 1399 END
START -3916 1864 14752 -3987 1280 1237 END
START -3768 1852 14928 -3905 1467 1085 END
START -3688 2004 14884 -3808 1629 930 END
START -3688 2136 15032 -3689 1786 815 END
START -3656 2276 15332 -3558 1888 723 END
START -3600 2488 15340 -3446 2016 625 END
START -3436 2448 15812 -3376 2080 567 END
START -3628 2680 15892 -3325 2144 511 END
START -3440 2684 15968 -3323 2204 490 END
START -3360 2836 16196 -3363 2301 412 END
START -3364 2664 16368 -3368 2366 382 END
START -3536 2844 16724 -3431 2465 350 END
START -3708 2928 17008 -3490 2365 266 END
START -3808 2860 17640 -3552 2179 195 END
START -4072 2924 17748 -3637 1929 101 END
START -4096 2904 17824 -3703 1545 2 END
START -4020 2780 17992 -3809 1235 -78 END
START -3888 2520 18084 -3883 847 -216 END
START -3792 2392 17880 -3941 459 -387 END
START -3704 2304 17704 -3968 102 -583 END
START -3676 2540 17480 -3945 -217 -765 END
START -3588 2456 17388 -3941 -454 -897 END
START -3436 2696 16992 -3894 -718 -1046 END
START -3272 2836 16728 -3892 -888 -1118 END
START -3136 3052 16304 -3901 -1006 -1169 END
START -2920 3272 15916 -3931 -1041 -1198 END
START -2800 3532 15724 -3938 -1034 -1232 END
START -2544 3468 15392 -3957 -966 -1258 END
START -2248 3672 15012 -4012 -844 -1273 END
START -2028 3532 14804 -4033 -653 -1266 END
START -1844 3620 14728 -4047 -454 -1285 END
START -1836 3704 14860 -4027 -248 -1270 END
START -1764 3968 14800 -4009 -140 -1246 END
START -1712 4176 14800 -3935 -62 -1146 END
START -1524 4316 14964 -3894 -7 -1045 END
START -1648 4364 14932 -3846 12 -939 END
START -1520 4408 14928 -3793 -24 -798 END
START -1592 4492 15104 -3731 -64 -625 END
START -1624 4664 15052 -3709 -167 -459 END
START -1596 4724 15200 -3679 -279 -321 END
START -1528 4672 15136 -3667 -384 -116 END
START -1344 4648 14936 -3660 -426 73 END
START -1264 4616 14756 -3682 -447 261 END
START -1116 4572 14652 -3705 -346 425 END
START -1072 4580 14384 -3785 -201 629 END
START -1112 4576 14304 -3912 -95 796 END
START -1152 4684 14236 -4097 103 973 END
START -1396 4740 14072 -4231 245 1129 END
START -1480 4728 14032 -4435 324 1277 END
START -1540 4668 13808 -4574 397 1466 END
START -1832 4680 13816 -4663 428 1646 END
START -1904 4500 13596 -4691 482 1833 END
START -2232 4484 13632 -4647 543 1994 END
START -2564 4324 13300 -4589 536 2159 END
START -2972 4180 13372 -4518 503 2281 END
START -3352 3964 13300 -4378 457 2334 END
START -3628 3764 13088 -4311 378 2388 END
START -4060 3668 13152 -4203 314 2415 END
START -4504 3460 12924 -4100 211 2377 END
START -4836 3332 12792 -4053 88 2344 END
START -5220 3300 12864 -3943 28 2267 END
START -5588 3244 12644 -3871 -43 2224 END
START -5856 3220 12688 -3771 -77 2104 END
START -6188 3156 12700 -3719 -116 1988 END
START -6608 3048 12544 -3659 -163 1848 END
START -6924 2908 12316 -3615 -225 1735 END
START -7208 2852 12348 -3540 -279 1569 END
START -7676 2612 12116 -3516 -320 1372 END
START -7868 2332 12012 -3412 -348 1145 END
START -8096 2168 11848 -3313 -390 958 END
START -8440 2076 11728 -3196 -388 726 END
START -8696 1968 11648 -3026 -407 491 END
START -8856 1956 11544 -2874 -408 261 END
START -9200 1740 11512 -2686 -376 26 END
START -9420 1464 11564 -2555 -420 -223 END
START -9696 1532 11776 -2437 -412 -457 END
START -9908 1528 11816 -2298 -466 -677 END
START -10060 1584 11984 -2254 -476 -925 END
START -10432 1664 11992 -2143 -566 -1124 END
START -10568 1564 12248 -2092 -656 -1310 END
START -10876 1424 12348 -2031 -774 -1457 END
START -11116 1396 12444 -1978 -965 -1583 END
START -11468 1328 12524 -1913 -1116 -1699 END
START -11688 1268 12664 -1840 -1367 -1807 END
START -11936 1076 12712 -1780 -1633 -2000 END
START -12188 920 12724 -1718 -1930 -2152 END
START -12468 596 12916 -1634 -2293 -2360 END
START -12704 412 12852 -1564 -2734 -2601 END
START -12976 284 12812 -1470 -3143 -2855 END
START -13060 184 12720 -1356 -3613 -3125 END
START -13200 -24 12468 -1195 -4113 -3386 END
START -13260 -132 12468 -999 -4536 -3680 END
START -13304 -388 12232 -738 -4936 -4031 END
START -13504 -608 12216 -427 -5400 -4421 END
START -13544 -860 11844 -109 -5838 -4864 END
START -13640 -1112 11500 237 -6239 -5332 END
START -13368 -1376 11136 637 -6523 -5871 END
START -12964 -1492 10736 1026 -6718 -6469 END
START -12516 -1672 10436 1445 -6715 -7106 END
START -12020 -1608 10064 1776 -6652 -7745 END
START -11512 -1568 9976 2033 -6464 -8406 END
START -10956 -1316 9764 2258 -6300 -9063 END
START -10284 -952 9780 2353 -6027 -9592 END
START -9556 -412 9464 2445 -5663 -10101 END
START -8780 60 9552 2477 -5202 -10521 END
START -8056 592 9616 2478 -4731 -10860 END
START -7272 984 9880 2442 -4214 -11146 END
START -6668 1396 10200 2368 -3801 -11332 END
START -6056 1736 10540 2294 -3430 -11433 END
START -5492 2140 10880 2219 -3118 -11485 END
START -4872 2316 11152 2148 -2891 -11449 END
START -4212 2332 11544 2153 -2687 -11408 END
START -3792 2524 11924 2154 -2631 -11351 END
START -3464 2584 12440 2236 -2708 -11284 END
START -3116 2852 12712 2362 -2808 -11150 END
START -2712 2940 13108 2561 -3060 -11015 END
START -2360 3140 13372 2760 -3376 -10849 END
START -2132 3276 13740 2973 -3757 -10647 END
START -1564 3496 13892 3195 -4092 -10433 END
START -1088 3632 13992 3374 -4387 -10231 END
START -728 3764 13904 3527 -4634 -10001 END
START -100 3940 13352 3655 -4682 -9803 END
START 416 3900 13232 3693 -4524 -9679 END
START 1048 3912 13088 3728 -4267 -9539 END
START 1376 4100 12968 3688 -3851 -9374 END
START 1556 4288 12936 3596 -3336 -9235 END
START 1880 4388 12988 3512 -2736 -9095 END
START 2188 4624 12940 3344 -2093 -8958 END
START 2460 4820 13028 3145 -1378 -8875 END
START 2616 4672 13216 2968 -678 -8826 END
START 2744 4624 13212 2817 -42 -8778 END
START 2816 4612 13608 2680 614 -8796 END
START 2920 4672 13832 2592 1154 -8805 END
START 3020 4560 14048 2564 1684 -8825 END
START 3072 4680 14664 2592 2086 -8842 END
START 3140 4708 15300 2632 2331 -8853 END
START 3168 4760 15940 2726 2517 -8812 END
START 3212 4840 16572 2780 2581 -8799 END
START 3228 4904 17056 2811 2570 -8725 END
START 3384 5024 17480 2797 2405 -8643 END
START 3484 5236 17728 2684 2176 -8583 END
START 3732 5316 18112 2590 1898 -8501 END
START 3988 5392 18460 2421 1606 -8387 END
START 4236 5452 18524 2254 1298 -8254 END
START 4492 5548 18656 2076 1055 -8068 END
START 4724 5708 18576 1847 723 -7841 END
START 5216 5716 18396 1612 496 -7591 END
START 5604 5768 18328 1398 348 -7317 END
START 5892 5872 18104 1123 316 -7021 END
START 6272 6104 17840 833 259 -6722 END
START 6592 6212 17804 553 269 -6387 END
START 6688 6324 17500 259 285 -6014 END
START 7020 6632 17360 -33 351 -5594 END
START 7236 6640 17124 -303 407 -5167 END
START 7272 6608 17096 -541 457 -4717 END
START 7224 6648 17112 -726 545 -4235 END
START 7348 6588 17140 -866 465 -3793 END
START 7276 6488 17148 -1025 513 -3295 END
START 7180 6312 17132 -1111 522 -2834 END
START 7216 6300 17072 -1279 592 -2418 END
START 6988 6044 17152 -1425 527 -2004 END
START 6500 5804 16932 -1557 459 -1592 END
START 6200 5608 17076 -1635 371 -1121 END
START 5816 5464 17072 -1698 256 -758 END
START 5524 5276 16828 -1705 160 -327 END
START 5060 5160 16844 -1696 -4 70 END
START 4632 5024 16704 -1669 -148 431 END
START 4272 4872 16548 -1592 -346 781 END
START 3720 4536 16360 -1553 -509 1044 END
START 3328 4256 16260 -1481 -638 1279 END
START 2964 3868 15932 -1428 -776 1438 END
START 2552 3464 15604 -1383 -850 1545 END
START 2280 3208 15436 -1361 -974 1619 END
START 1860 2772 15336 -1316 -1136 1632 END
START 1676 2396 14904 -1267 -1252 1571 END