START -2496 -1736 11612 -2287 1184 -1100 END
START 2060 -576 1784 -2027 802 -1556 END
START -1800 -1284 8524 -1373 1234 -1799 END
START -3036 -1000 10036 -863 1836 -2180 END
START -3512 -740 10928 -396 2229 -2589 END
START -4052 -440 11940 16 2447 -3009 END
START -4212 -104 12312 263 2521 -3388 END
START -3916 16 12604 413 2674 -3671 END
START -3436 -96 12896 485 2795 -3818 END
START -2888 336 13300 466 2908 -3889 END
START -2444 1380 13436 366 3090 -3848 END
START -1972 2456 13864 224 3342 -3688 END
START -1740 2944 14256 -43 3416 -3399 END
START -1480 2860 14944 -448 3427 -2847 END
START -1204 2468 15052 -842 3378 -2181 END
START -860 2148 15300 -1270 3315 -1476 END
START -748 1640 15352 -1643 3185 -728 END
START -928 1140 15408 -1890 2989 -60 END
START -1160 456 15120 -1984 2836 457 END
START -1496 -332 15276 -1981 2625 815 END
START -1836 -868 15104 -1733 2298 1045 END
START -2296 -1784 14968 -1350 1968 1173 END
START -2372 -2492 14512 -890 1660 1149 END
START -2576 -2964 14316 -366 1556 1031 END
START -2916 -3048 13748 106 1411 866 END
START -3020 -3224 13624 563 1370 644 END
START -3016 -3256 13692 989 1353 384 END
START -3060 -3108 13708 1344 1340 101 END
START -3124 -3160 13988 1594 1341 -143 END
START -3296 -3108 14296 1786 1262 -390 END
START -3364 -3376 14564 1943 1249 -626 END
START -3356 -3416 14772 2078 1191 -892 END
START -3288 -3144 15144 2166 1166 -1176 END
START -3404 -2956 15432 2190 1045 -1485 END
START -3256 -3172 15800 2148 983 -1787 END
START -3168 -2524 16168 2102 910 -2007 END
START -2940 -2044 16556 2044 822 -2183 END
START -2816 -1664 16784 1813 795 -2311 END
START -2672 -1292 17060 1481 683 -2350 END
START -2532 -1112 17068 1155 558 -2336 END
START -2340 -672 17096 778 474 -2265 END
START -2076 -332 17040 363 461 -2164 END
START -1752 -44 16664 -40 536 -2047 END
START -1564 76 16556 -403 664 -1876 END
START -1624 204 16896 -715 688 -1762 END
START -1716 268 16440 -952 802 -1611 END
START -1604 208 16028 -1175 968 -1479 END
START -1668 84 15852 -1405 1125 -1330 END
START -1812 -52 15932 -1536 1201 -1194 END
START -2052 -112 15800 -1644 1196 -1037 END
START -2108 -668 15292 -1693 1218 -899 END
START -2272 -908 15640 -1682 1130 -769 END
START -2764 -272 15988 -1576 847 -664 END
START -2848 324 15708 -1425 606 -537 END
START -2572 -292 15416 -1390 416 -293 END
START -2264 -812 15692 -1391 285 5 END
START -2072 -776 15892 -1436 138 282 END
START -2112 -300 15772 -1510 -160 519 END
START -2244 -396 15668 -1637 -355 742 END
START -2408 -656 15532 -1724 -604 963 END
START -2312 -1212 15344 -1705 -781 1126 END
START -2512 -1648 15144 -1616 -882 1273 END
START -2668 -1728 14932 -1463 -972 1314 END
START -2852 -1832 14776 -1259 -1015 1295 END
START -3108 -2192 14504 -1082 -1089 1243 END
START -3136 -2452 14668 -945 -1147 1109 END
START -3008 -2952 14328 -767 -1151 967 END
START -2924 -3084 13964 -604 -1014 792 END
START -2888 -3300 13740 -417 -752 568 END
START -2892 -3396 13736 -194 -454 289 END
START -3092 -3180 13896 -72 -214 12 END
START -3324 -2992 14076 -13 -52 -224 END
START -3500 -2848 14436 42 43 -442 END
START -3656 -2720 14564 73 81 -629 END
START -3652 -2796 14680 94 102 -771 END
START -3732 -2828 14924 165 112 -902 END
START -3580 -2544 14960 200 64 -1081 END
START -3360 -2152 15052 207 43 -1204 END
START -3348 -2020 15064 187 62 -1326 END
START -3224 -1916 14972 197 84 -1402 END
START -2908 -1700 14972 90 89 -1419 END
START -2892 -1500 15064 -10 126 -1391 END
START -2644 -1284 15036 -139 173 -1355 END
START -2396 -1072 14752 -284 272 -1267 END
START -2276 -952 14784 -427 308 -1157 END
START -2276 -724 14532 -631 409 -973 END
START -2176 -624 14600 -775 441 -811 END
START -2208 -476 14476 -926 474 -633 END
START -2184 -340 14388 -1023 449 -485 END
START -2096 -376 14356 -1086 422 -278 END
START -2000 -696 14360 -1154 347 -124 END
START -2024 -652 14196 -1180 304 143 END
START -1968 -812 14008 -1185 232 299 END
START -2120 -680 13552 -1231 158 506 END
START -2104 -760 13284 -1197 155 580 END
START -2012 -696 13132 -1208 155 741 END
START -2224 -528 12992 -1146 120 860 END
START -2472 -648 12880 -1062 100 949 END
START -2596 -920 12808 -948 34 1030 END
START -2808 -1160 12748 -809 -9 1066 END
START -3016 -1372 12752 -671 -145 1062 END
START -3216 -1404 12792 -453 -244 966 END
START -3472 -1412 12624 -332 -328 817 END
START -3588 -1336 12496 -153 -508 722 END
START -3488 -1284 12424 -90 -698 601 END
START -3412 -1252 12528 -44 -843 493 END
START -3340 -1256 12420 24 -921 428 END
START -3092 -1148 12216 93 -944 329 END
START -2804 -1272 11972 151 -929 268 END
START -2464 -1548 11516 235 -831 165 END
START -2268 -1556 11336 349 -638 48 END
START -2068 -1600 11012 430 -342 -73 END
START -2160 -1344 10944 559 -115 -243 END
START -2060 -1268 10844 634 136 -376 END
START -2128 -1016 10884 748 337 -493 END
START -2196 -824 10636 816 545 -652 END
START -2088 -644 10364 951 698 -746 END
START -1936 -616 10420 1031 866 -838 END
START -1788 -412 10280 1135 1105 -945 END
START -1592 -216 10404 1250 1319 -1038 END
START -1356 -116 10248 1297 1456 -1033 END
START -1132 176 10320 1301 1654 -1004 END
START -912 376 10392 1317 1766 -953 END
START -928 640 10384 1243 1858 -869 END
START -984 908 10164 1224 1907 -818 END
START -880 1028 10224 1179 1949 -725 END
START -712 1000 10108 1216 1847 -655 END
START -728 984 10072 1244 1766 -546 END
START -740 1036 9488 1330 1668 -420 END
START -632 1136 9180 1442 1585 -305 END
START -484 1376 8864 1552 1526 -151 END
START -628 1648 8372 1746 1537 0 END
START -464 1924 8068 1950 1524 218 END
START -472 2032 7612 2203 1539 415 END
START -532 2188 7540 2474 1588 628 END
START -584 2292 7284 2729 1606 866 END
START -612 2232 7060 2997 1614 1130 END
START -840 2160 7192 3278 1600 1342 END
START -1012 2072 7156 3542 1545 1552 END
START -1172 2036 7196 3810 1443 1704 END
START -1192 1956 7352 4061 1265 1845 END
START -1372 1996 7348 4315 1023 1953 END
START -1604 1928 7416 4544 817 2032 END
START -1648 2096 7216 4764 575 2110 END
START -1700 2172 6996 4945 332 2153 END
START -1728 2332 6900 5152 183 2231 END
START -1800 2248 6700 5338 38 2232 END
START -1780 2228 6404 5535 -66 2286 END
START -1768 1880 6160 5824 -145 2239 END
START -1548 1568 5892 6141 -133 2197 END
START -1356 1520 5684 6474 3 2091 END
START -1328 1836 5772 6805 47 1985 END
START -1208 1884 5732 7054 175 1923 END
START -1380 2224 5660 7283 198 1831 END
START -1208 2308 5540 7482 296 1806 END
START -992 2172 5588 7663 399 1782 END
START -792 2212 5280 7872 518 1735 END
START -688 2192 5480 8064 713 1633 END
START -536 2132 5544 8309 889 1536 END
START -272 2368 5396 8573 1131 1397 END
START -216 2588 5580 8783 1296 1319 END
START -108 2832 5704 8961 1552 1241 END
START 112 2944 5804 9159 1715 1255 END
START 168 3072 5732 9329 1903 1322 END
START 436 3124 5832 9539 2122 1424 END
START 364 3232 5884 9742 2357 1535 END
START 332 3540 6108 9995 2494 1658 END
START 276 3688 6344 10238 2678 1827 END
START 112 3732 6600 10498 2751 1966 END
START 48 3988 6928 10805 2782 2157 END
START -236 4292 7180 11043 2764 2429 END
START -304 4348 7504 11319 2664 2800 END
START -612 4340 8000 11613 2570 3193 END
START -1028 4328 8292 11794 2417 3559 END
START -1380 4248 8532 12203 2204 3873 END
START -1748 4196 8876 12187 2005 4177 END
START -2168 4008 8952 12646 1770 4369 END
START -2420 3884 9236 12937 1591 4614 END
START -2676 3732 9620 13300 1309 4730 END
START -2928 3780 9800 13635 1098 4864 END
START -3236 3632 10280 13984 879 4921 END
START -3388 3728 10668 14265 630 4926 END
START -3480 3660 10908 14526 460 4952 END
START -3448 3684 11324 14685 239 4902 END
START -3316 3616 11624 14815 140 4806 END
START -3112 3660 11792 14906 100 4707 END
START -3136 3708 12156 14959 164 4546 END
START -2988 3636 12560 15009 257 4390 END
START -2844 3664 12984 15081 413 4211 END
START -2832 3660 13452 15092 650 3991 END
START -2784 3848 14056 15042 834 3759 END
START -2884 3976 14440 14975 1055 3535 END
START -2872 4220 15076 14846 1293 3284 END
START -3056 4428 15888 14715 1510 3080 END
START -3124 4708 16524 14563 1715 2858 END
START -3332 4956 17324 14349 1896 2655 END
START -3480 5308 17836 14100 2090 2458 END
START -3664 5560 18464 13823 2283 2270 END
START -3860 6000 19028 13519 2486 2146 END
START -4312 6480 19728 13189 2649 2036 END
START -4520 6636 20432 12849 2852 1923 END
START -4632 6900 21040 12445 3031 1839 END
START -4816 6920 21588 11879 3215 1756 END
START -4964 6920 22088 11879 3351 1660 END
START -4976 6908 22508 11315 3550 1586 END
START -4932 6972 23020 10954 3834 1503 END
START -4748 6928 23364 10543 4008 1436 END
START -4728 6868 23660 10118 4270 1446 END
START -4704 6912 23824 9740 4425 1497 END
START -4684 6840 24280 9389 4549 1624 END
START -4620 6656 24652 9105 4507 1820 END
START -4704 6572 25088 8911 4421 2045 END
START -4720 6212 25496 8770 4145 2303 END
START -4928 6032 25564 8726 3791 2593 END
START -4796 5348 25796 8737 3372 2930 END
START -4884 4800 25652 8855 2929 3311 END
START -4992 4348 25552 9059 2475 3609 END
START -5152 3884 25568 9346 2085 3975 END
START -5368 3384 25500 9621 1587 4212 END
START -5532 3176 25432 9832 1196 4368 END
START -5856 2920 25408 9955 965 4528 END
START -6200 2672 25644 10056 710 4748 END
START -6836 2480 26016 10209 444 4935 END
START -7352 2240 26432 10372 146 5069 END
START -7788 1848 26508 10463 -139 4983 END
START -8276 1532 26592 10413 -372 4825 END
START -8612 1400 26904 10258 -493 4586 END
START -8816 1276 27108 10064 -602 4345 END
START -9144 1464 27428 9825 -717 4151 END
START -9352 1348 27784 9506 -773 4011 END
START -9572 1280 28180 9259 -818 3858 END
START -9620 1308 28528 8948 -920 3701 END
START -9612 1348 28700 8578 -947 3486 END
START -9744 1304 29148 8085 -1008 3330 END
START -9908 1176 29448 7603 -1022 3118 END
START -9952 1192 29448 7067 -1054 2933 END
START -9988 1176 29532 6515 -1040 2687 END
START -10080 960 29508 5975 -1021 2431 END
START -10012 796 29664 5431 -912 2029 END
START -10104 680 29392 4940 -811 1695 END
START -9836 624 29072 4434 -674 1310 END
START -9844 660 29216 3968 -385 1007 END
START -9456 608 29056 3485 -180 647 END
START -9376 684 28900 3012 120 358 END
START -9336 900 29120 2552 280 44 END
START -9424 1012 29184 2124 407 -178 END
START -9216 1212 29260 1787 472 -418 END
START -9472 1112 29476 1576 333 -553 END
START -9280 1332 29560 1346 182 -692 END
START -8936 1636 29208 991 46 -848 END
START -8780 1636 29368 592 -102 -1045 END
START -8404 1628 29404 265 -256 -1102 END
START -8160 2120 29380 -72 -411 -1100 END
START -7960 2308 29236 -439 -511 -1080 END
START -7776 2512 29080 -843 -636 -1055 END
START -7472 2572 29004 -1322 -693 -962 END
START -7108 2576 28736 -1775 -734 -853 END
START -7180 2632 28376 -2257 -760 -804 END
START -6976 2368 27972 -2638 -716 -727 END
START -6872 2400 28012 -3002 -675 -678 END
START -6992 2356 27868 -3332 -670 -671 END
START -6992 2204 27684 -3615 -689 -705 END
START -6856 2172 27456 -3965 -705 -779 END
START -6992 2240 27292 -4252 -724 -823 END
START -6728 2112 26960 -4566 -729 -871 END
START -6452 2056 26484 -4905 -663 -911 END
START -6524 2160 26232 -5160 -617 -991 END
START -6336 2072 25992 -5427 -536 -1044 END
START -6308 2076 25672 -5659 -459 -1105 END
START -6168 2088 25488 -5865 -364 -1180 END
START -6192 1988 25344 -6061 -303 -1250 END
START -6180 1944 25108 -6273 -239 -1354 END
START -6152 1920 25136 -6490 -230 -1445 END
START -5980 1832 25096 -6681 -267 -1573 END
START -5964 1824 24912 -6862 -217 -1691 END
START -5788 1988 24656 -7065 -190 -1793 END
START -5616 2004 24520 -7243 -152 -1897 END
START -5584 2136 24456 -7414 -98 -1970 END
START -5380 2164 24360 -7607 -64 -2020 END
START -5308 2064 24080 -7846 -4 -2069 END
START -5244 2212 24100 -7999 -10 -2126 END
START -5252 2296 23880 -8195 33 -2171 END
START -5232 2312 23768 -8314 52 -2211 END
START -5140 2412 23472 -8476 76 -2280 END
START -5176 2372 23480 -8598 109 -2331 END
START -5168 2396 23264 -8694 95 -2396 END
START -5212 2556 23040 -8811 107 -2458 END
START -5216 2596 22996 -8915 13 -2541 END
START -5212 2592 23056 -9016 13 -2597 END
START -5076 2732 23124 -9121 -56 -2681 END
START -5028 2940 22800 -9215 -66 -2774 END
START -4948 3032 22912 -9413 -160 -2827 END
START -4792 3128 22704 -9588 -146 -2835 END
START -4480 3216 22488 -9801 -115 -2874 END
START -4132 3316 22172 -10047 -6 -2900 END
START -3928 3408 22068 -10303 128 -2916 END
START -3860 3624 21748 -10584 326 -2892 END
START -3680 3660 21632 -10839 480 -2840 END
START -3700 3772 21400 -11111 662 -2818 END
START -3668 3704 21304 -11372 779 -2760 END
START -3720 3676 21236 -11591 896 -2716 END
START -3728 3704 21012 -11783 989 -2698 END
START -3880 3536 20736 -12005 991 -2665 END
START -3864 3428 20624 -12137 954 -2688 END
START -3784 3412 20440 -12226 922 -2647 END
START -3680 3424 20160 -12245 833 -2632 END
START -3660 3372 19904 -12295 759 -2644 END
START -3620 3420 19616 -12370 682 -2625 END
START -3616 3480 19344 -12317 585 -2582 END
START -3596 3492 18892 -12410 547 -2591 END
START -3772 3424 18536 -12339 525 -2527 END
START -3836 3280 18232 -12296 519 -2559 END
START -4000 3184 17836 -12234 489 -2603 END
START -3900 2824 17620 -12109 483 -2658 END
START -3908 2992 17580 -12007 483 -2710 END
START -4164 3168 17436 -11874 416 -2817 END
START -4312 3364 17576 -11818 270 -2951 END
START -4392 3144 17576 -11795 63 -3058 END
START -4560 3200 17396 -11799 -129 -3163 END
START -4556 3228 17328 -11769 -368 -3276 END
START -4328 3168 17132 -11789 -588 -3404 END
START -4312 3152 17028 -11789 -820 -3537 END
START -4268 3300 16724 -11764 -987 -3645 END
START -4200 3604 16240 -11779 -1132 -3739 END
START -4112 3704 15836 -11780 -1251 -3791 END
START -4020 3672 15396 -11740 -1324 -3933 END
START -3928 3720 14960 -11748 -1242 -4024 END
START -3724 3728 14560 -11717 -1152 -4177 END
START -3568 3756 14364 -11719 -1011 -4290 END
START -3460 3888 13932 -11664 -875 -4411 END
START -3496 4084 13824 -11658 -791 -4502 END
START -3416 4376 13416 -11624 -707 -4575 END
START -3292 4496 13324 -11644 -705 -4558 END
START -3120 4512 13216 -11618 -719 -4519 END
START -2912 4492 12972 -11596 -770 -4486 END
START -2504 4176 12568 -11530 -858 -4396 END
START -2260 3996 12204 -11465 -920 -4276 END
START -2144 4020 11700 -11332 -885 -4176 END
START -1756 4092 11360 -11204 -888 -4019 END
START -1820 4012 11088 -10966 -866 -3894 END
START -1772 4004 10784 -10774 -914 -3682 END
START -1580 3912 10580 -10523 -942 -3479 END
START -1556 3796 10360 -10254 -1047 -3275 END
START -1380 3700 10080 -10051 -1106 -3024 END
START -1260 3620 9564 -9805 -1201 -2840 END
START -1136 3420 9256 -9552 -1257 -2661 END
START -1004 3252 8804 -9283 -1216 -2475 END
START -1052 3216 8484 -8998 -1166 -2293 END
START -1084 3024 8276 -8685 -1100 -2143 END
START -1248 2928 8212 -8404 -1158 -2025 END
START -1252 2756 8012 -8097 -1137 -1937 END
START -1360 2612 7888 -7805 -1204 -1887 END
START -1436 2480 7756 -7532 -1286 -1836 END
START -1452 2484 7828 -7239 -1357 -1782 END
START -1452 2300 7644 -7015 -1430 -1697 END
START -1340 2272 7632 -6762 -1569 -1615 END
START -1640 2080 7596 -6532 -1712 -1556 END
START -1492 1880 7352 -6299 -1837 -1511 END
START -1420 1912 7216 -6007 -1845 -1527 END
START -1372 1836 7024 -5812 -1842 -1528 END
START -1360 1628 6948 -5574 -1830 -1546 END
START -1488 1524 7020 -5429 -1877 -1572 END
START -1632 1276 6920 -5242 -1843 -1534 END
START -1704 1436 6792 -5088 -1908 -1602 END
START -1724 1436 6684 -4949 -1849 -1667 END
START -1808 1480 6496 -4737 -1773 -1716 END
START -1772 1460 6440 -4593 -1639 -1776 END
START -1796 1600 6336 -4426 -1509 -1811 END
START -1716 1624 6596 -4265 -1293 -1808 END
START -1640 1848 6500 -4214 -1074 -1815 END
START -1588 2088 6572 -4122 -843 -1814 END
START -1348 2264 6664 -4168 -521 -1798 END
START -1312 2520 6752 -4173 -212 -1712 END
START -1440 2504 6828 -4194 149 -1607 END
START -1252 2464 7084 -4245 492 -1471 END
START -1352 2596 7160 -4309 772 -1328 END
START -1616 2512 7276 -4331 1087 -1187 END
START -1728 2528 7356 -4355 1247 -1114 END
START -1880 2344 7696 -4308 1392 -992 END
START -2040 2404 7796 -4224 1452 -901 END
START -2156 2396 7900 -4106 1435 -816 END
START -2320 2556 8048 -3899 1348 -687 END
START -2576 2496 8308 -3688 1228 -554 END
START -2684 2428 8492 -3398 1042 -437 END
START -2788 2348 8716 -3126 838 -285 END
START -2872 2116 8672 -2853 553 -208 END
START -2984 2176 8748 -2536 333 -124 END
START -3084 1960 8988 -2253 68 -46 END
START -3200 1832 9128 -1941 -141 -8 END
START -3088 1660 9208 -1633 -341 2 END
START -3052 1512 9280 -1320 -444 8 END
START -2972 1584 9628 -1055 -585 0 END
START -3032 1668 9580 -815 -643 3 END
START -2948 1712 9828 -707 -742 32 END
START -2924 1836 9980 -610 -855 76 END
START -2944 1884 10088 -542 -918 173 END
START -2796 1772 10204 -541 -1003 265 END
START -2820 1576 10484 -500 -1052 348 END
START -2848 1436 10504 -461 -1020 417 END
START -2632 1268 10524 -424 -981 469 END
START -2600 1104 10408 -442 -924 467 END
START -2480 852 10536 -493 -790 495 END
START -2608 668 10668 -570 -681 487 END
START -2624 640 10784 -681 -543 470 END
START -2524 456 10660 -791 -409 423 END
START -2552 312 10664 -860 -274 394 END
START -2528 116 10612 -938 -101 345 END
START -2484 -124 10708 -1001 161 255 END
START -2480 -156 10740 -1049 366 200 END
START -2584 -316 10864 -1101 567 105 END
START -2792 -368 10908 -1160 664 -14 END
START -2924 -548 11188 -1220 770 -80 END
START -2996 -624 11304 -1199 743 -165 END
START -3140 -628 11240 -1203 743 -249 END
START -3136 -812 11328 -1124 644 -279 END
START -3032 -752 11284 -1019 630 -264 END
START -3044 -848 11224 -916 553 -242 END
START -2912 -984 11428 -759 504 -194 END
START -2964 -932 11404 -557 442 -136 END
START -2988 -1064 11360 -415 302 -48 END
START -2948 -1120 11348 -277 186 61 END
START -3016 -1156 11488 -111 47 144 END
START -3188 -1080 11396 69 -107 187 END
START -3292 -1372 11416 293 -160 289 END
START -3352 -1468 11376 522 -275 278 END
START -3528 -1540 11504 719 -343 328 END
START -3704 -1756 11752 878 -362 283 END
START -3896 -1676 11924 1007 -474 237 END
START -4016 -1700 12132 1152 -573 202 END
START -4148 -1748 12208 1234 -661 110 END
START -4248 -1740 12284 1342 -776 52 END
START -4216 -1664 11976 1469 -810 17 END
START -4156 -1656 11988 1597 -795 -35 END
START -4120 -1732 12176 1749 -760 -117 END
START -4196 -1640 12136 1873 -656 -159 END
START -4288 -1496 12376 2007 -588 -190 END
START -4196 -1300 12424 2036 -477 -195 END
START -4068 -1308 12772 2081 -416 -195 END
START -4164 -1392 12868 2116 -307 -159 END
START -4188 -1364 13004 2077 -139 -139 END
START -4264 -1348 13268 2034 -21 -86 END
START -4392 -1352 13428 2000 141 -30 END
START -4596 -1360 13348 1949 275 32 END
START -4864 -1400 13472 1907 410 50 END
START -5248 -1544 13672 1868 525 140 END
START -5668 -1616 13748 1890 538 139 END
START -6132 -1744 14072 1871 558 140 END
START -6408 -1916 14140 1895 546 153 END
START -6848 -2196 14200 1919 537 79 END
START -7076 -2256 14300 1942 534 44 END
START -7336 -2308 14340 1972 556 -16 END
START -7640 -2324 14340 1973 557 -109 END
START -7920 -2372 14348 1952 609 -177 END
START -8232 -2456 14676 1946 742 -216 END
START -8524 -2460 14604 1894 731 -303 END
START -8892 -2668 14740 1867 838 -371 END
START -9136 -2620 14800 1845 830 -519 END
START -9448 -2756 14908 1832 870 -616 END
START -10048 -2876 14900 1847 835 -788 END
START -10412 -2884 15044 1904 771 -974 END
START -10832 -3128 14912 1959 706 -1207 END
START -11180 -3372 15192 2003 605 -1484 END
START -11624 -3540 15136 2076 487 -1793 END
START -11740 -3604 15136 2134 410 -2177 END
START -11812 -3720 15116 2165 349 -2571 END
START -11732 -3792 15240 2151 371 -2972 END
START -11608 -3800 14916 2095 379 -3375 END
START -11636 -3628 14820 2001 545 -3822 END
START -11420 -3472 15072 1911 673 -4175 END
START -11352 -3588 15036 1771 851 -4566 END
START -11124 -3312 15208 1637 1032 -4906 END
START -11036 -3248 15168 1537 1203 -5233 END
START -10948 -3252 15212 1356 1394 -5549 END
START -10828 -3128 15036 1191 1494 -5841 END
START -10584 -2984 15056 1027 1633 -6142 END
START -10376 -2972 14776 868 1790 -6394 END
START -10144 -2824 14732 750 2004 -6702 END
START -10032 -2632 14452 620 2158 -6947 END
START -9676 -2544 14132 519 2489 -7152 END
START -9392 -2324 13944 419 2803 -7341 END
START -9416 -2304 13444 321 3259 -7521 END
START -9232 -2308 13376 175 3715 -7687 END
START -9192 -2336 13248 38 4220 -7872 END
START -9100 -2452 13224 -93 4741 -8085 END
START -9224 -2664 13212 -271 5260 -8326 END
START -9264 -2736 13436 -452 5664 -8596 END
START -9548 -2944 13420 -620 6057 -8893 END
START -9480 -2836 13768 -806 6295 -9160 END
START -9444 -2916 13704 -902 6419 -9422 END
START -9380 -2916 13548 -975 6556 -9623 END
START -9148 -2940 13380 -956 6645 -9856 END
START -8940 -2968 13276 -887 6733 -10033 END
START -8740 -2912 13004 -777 6741 -10154 END
START -8624 -2688 12924 -551 6722 -10252 END
START -8600 -2700 12796 -326 6641 -10320 END
START -8400 -2756 12736 -29 6465 -10375 END
START -8252 -2780 12580 310 6238 -10410 END
START -7844 -2808 12612 727 5999 -10444 END
START -7640 -2796 12520 1138 5760 -10471 END
START -7336 -2860 12540 1625 5429 -10492 END
START -7044 -2688 12640 2126 5118 -10529 END
START -6800 -2552 12988 2573 4668 -10467 END
START -6388 -2168 12848 3046 4297 -10330 END
START -6112 -2072 12900 3454 3907 -10143 END
START -5632 -1868 13048 3853 3584 -9955 END
START -5288 -1744 13012 4214 3316 -9685 END
START -4872 -1616 12964 4507 3157 -9470 END
START -4636 -1504 12900 4743 3083 -9283 END
START -4364 -1404 12952 4966 3092 -9118 END
START -4244 -1348 13076 5130 3076 -9018 END
START -4084 -1540 13520 5293 3062 -8917 END
START -3912 -1584 13896 5394 3036 -8780 END
START -3876 -1404 14100 5514 2983 -8726 END
START -3660 -1344 14372 5581 2884 -8661 END
START -3328 -1292 14404 5632 2807 -8616 END
START -3020 -1216 14668 5597 2795 -8554 END
START -2776 -1168 14648 5593 2856 -8538 END
START -2444 -892 14880 5490 3017 -8476 END
START -2028 -864 14872 5432 3163 -8502 END
START -1904 -708 14872 5305 3311 -8473 END
START -1680 -576 15408 5196 3503 -8435 END
START -1496 -396 15432 5084 3637 -8413 END
START -1244 -204 15952 4893 3755 -8319 END
START -1156 52 16284 4783 3817 -8256 END
START -944 220 16492 4616 3804 -8165 END
START -940 556 16680 4491 3761 -8019 END
START -668 644 16732 4299 3647 -7903 END
START -720 776 16924 4205 3529 -7750 END
START -576 932 16980 4062 3368 -7566 END
START -644 1072 17112 4017 3190 -7396 END
START -560 1184 17312 4006 2922 -7225 END
START -532 1188 17176 4060 2656 -7018 END
START -416 1368 17268 4094 2355 -6832 END
START -516 1532 17300 4187 2099 -6610 END
START -544 1608 17196 4274 1868 -6449 END
START -508 1708 17288 4318 1653 -6246 END
START -444 1660 17468 4402 1450 -6116 END
START -380 1688 17548 4452 1238 -6002 END
START -332 1632 17544 4429 1056 -5901 END
START -192 1724 17752 4385 893 -5791 END
START -76 1648 17880 4313 740 -5689 END
START 164 1688 18088 4220 594 -5558 END
START 332 1704 18076 4098 488 -5420 END
START 392 1688 17972 3966 424 -5289 END
START 428 1816 18000 3802 322 -5126 END
START 768 1804 17832 3734 307 -4983 END
START 940 1756 17796 3568 239 -4840 END
START 1104 1540 17612 3468 256 -4706 END
START 1204 1436 17464 3344 220 -4580 END
START 1372 1428 17348 3240 241 -4461 END
START 1456 1432 17252 3158 244 -4369 END
START 1528 1340 17216 3080 280 -4277 END
START 1712 1384 17080 3008 339 -4182 END
START 1856 1336 17100 2944 395 -4083 END
START 1948 1356 17304 2823 406 -4001 END
START 1956 1540 17464 2718 380 -3897 END
START 2108 1580 17312 2584 244 -3794 END
START 2032 1464 17316 2505 141 -3662 END
START 2424 1552 17236 2393 32 -3548 END
START 2404 1624 16876 2356 -46 -3429 END
START 2448 1736 16628 2311 -68 -3323 END
START 2364 1820 16576 2344 -107 -3179 END
START 2216 1840 16464 2350 -208 -2991 END
START 2176 1864 16244 2399 -329 -2877 END
START 2084 1832 16400 2423 -447 -2745 END
START 2024 1892 16212 2479 -577 -2665 END
START 2052 1988 16184 2503 -681 -2602 END
START 1976 2028 16344 2597 -863 -2521 END
START 2084 2088 16324 2626 -1022 -2453 END
START 2188 2140 16284 2634 -1144 -2345 END
START 2468 2312 16096 2648 -1327 -2188 END
START 2624 2400 16272 2603 -1383 -2031 END
START 2868 2352 16204 2574 -1523 -1822 END
START 2920 2328 16156 2479 -1632 -1618 END
START 3080 2440 16252 2383 -1766 -1381 END
START 3252 2548 16356 2342 -1873 -1134 END
START 3536 2732 16240 2277 -2034 -842 END
START 3648 2780 16148 2206 -2185 -577 END
START 3764 2980 16064 2133 -2324 -228 END
START 4028 3124 16076 2032 -2468 72 END
START 3880 3156 15764 1983 -2554 433 END
START 4028 3208 15388 1916 -2652 734 END
START 4352 3224 15352 1879 -2704 1052 END
START 4288 3164 14868 1947 -2696 1345 END
START 4288 3272 14760 1918 -2635 1640 END
START 4208 3328 14576 1988 -2547 1870 END
START 4264 3316 14636 1987 -2473 2094 END
START 4184 3348 14476 1964 -2434 2377 END
START 4164 3468 14580 1940 -2392 2558 END
START 4120 3468 14460 1906 -2289 2771 END
START 4128 3560 14352 1842 -2227 2995 END
START 4116 3616 14384 1805 -2113 3218 END
START 4016 3736 14396 1753 -1996 3365 END
START 4012 3880 14416 1685 -1839 3554 END
START 3888 3916 14300 1588 -1721 3740 END
START 3820 3940 14332 1470 -1553 3859 END
START 3644 4088 14340 1370 -1458 4010 END
START 3520 4080 14236 1228 -1285 4182 END
START 3220 4108 14212 1098 -1140 4288 END
START 2900 3980 14224 959 -973 4360 END
START 2848 3796 14332 840 -908 4400 END
START 2800 3724 14436 774 -793 4423 END
START 2768 3800 14344 690 -727 4404 END
START 2696 3928 14408 591 -672 4446 END
START 2820 4072 14328 542 -585 4464 END
START 2960 4252 14448 450 -545 4566 END
START 2904 4456 14496 337 -486 4675 END
START 3024 4644 14668 154 -502 4831 END
START 2940 4640 14644 39 -498 5008 END
START 3004 4676 14520 -74 -520 5130 END
START 3024 4620 14528 -111 -497 5279 END
START 3104 4652 14584 -199 -520 5374 END
START 3160 4736 14672 -206 -590 5539 END
START 3084 4800 14596 -200 -686 5723 END
START 3112 5036 14572 -246 -814 5963 END
START 3236 5280 14364 -218 -998 6234 END
START 3216 5184 14296 -215 -1116 6559 END
START 3392 5476 14212 -195 -1227 6928 END
START 3456 5480 14028 -184 -1316 7320 END
START 3500 5452 13868 -117 -1382 7739 END
START 3656 5540 13620 -64 -1450 8214 END
START 3492 5492 13504 -11 -1407 8625 END
START 3368 5396 13292 64 -1403 9102 END
START 3292 5160 13148 130 -1388 9494 END
START 3252 5072 13128 235 -1342 9897 END
START 3004 4888 13108 312 -1320 10241 END
START 2688 4616 13200 322 -1308 10577 END
START 2428 4624 13200 405 -1311 10878 END
START 2116 4572 13208 423 -1300 11156 END
START 1900 4292 12864 437 -1225 11373 END
START 1612 4100 12624 472 -1066 11556 END
START 1384 3884 12524 520 -841 11695 END
START 1012 3668 12268 586 -585 11766 END
START 552 3572 12300 625 -300 11803 END
START 328 3468 12360 683 -76 11830 END
START -240 3324 12600 739 56 11779 END
START -724 3244 12812 743 167 11693 END
START -1188 2984 12852 796 203 11591 END
START -1688 2872 13056 820 211 11457 END
START -1936 2824 13112 807 217 11359 END
START -2108 2696 13180 869 234 11234 END
START -2100 2768 13320 880 357 11121 END
START -2172 2752 13352 859 492 11052 END
START -2252 2976 13632 788 686 11002 END
START -2440 2964 13828 629 815 10950 END
START -2372 3076 13932 442 976 11025 END
START -2416 3240 14268 171 1104 11055 END
START -2372 3116 14512 -127 1221 11127 END
START -2480 3196 14496 -422 1342 11193 END
START -2400 3044 14552 -703 1493 11272 END
START -2332 2968 14520 -1018 1653 11320 END
START -2440 2908 14332 -1257 1889 11346 END
START -2408 3016 14060 -1529 2210 11366 END
START -2392 2984 13620 -1747 2608 11356 END
START -2416 2912 13516 -1965 3026 11427 END
START -2444 2784 13444 -2128 3481 11507 END
START -2896 2668 13464 -2297 3896 11614 END
START -3400 2672 13596 -2429 4202 11775 END
START -4112 2552 13664 -2518 4465 11936 END
START -4864 2216 14152 -2561 4623 12188 END
START -5740 1976 14084 -2529 4631 12420 END
START -6884 1748 14212 -2378 4528 12347 END
START -7820 1328 14288 -2147 4364 12810 END
START -8956 880 14416 -1829 4169 12813 END
START -9996 368 14804 -1446 3776 12795 END
START -10984 -304 15080 -987 3319 12749 END
START -12136 -836 15392 -459 2789 12733 END
START -12864 -1268 15728 4 2117 12686 END
START -13676 -1716 15940 460 1530 12654 END
START -14180 -1956 16216 956 886 12397 END
START -14540 -2192 16324 1388 319 12051 END
START -15000 -2232 16416 1808 -229 11729 END
START -15388 -2568 16484 2203 -645 11462 END
START -15660 -2652 16748 2512 -962 11194 END
START -16004 -2612 16752 2765 -1231 10951 END
START -16332 -2780 17184 2983 -1390 10646 END
START -16568 -2952 17304 3099 -1471 10325 END
START -17016 -3060 17816 3171 -1556 10043 END
START -17404 -3216 18152 3170 -1594 9709 END
START -17780 -3308 18684 3095 -1695 9415 END
START -18168 -3392 19080 2960 -1803 9032 END
START -18648 -3616 19340 2764 -1894 8661 END
START -18940 -3720 19640 2515 -2010 8222 END
START -19188 -3928 19880 2254 -2074 7762 END
START -19304 -3968 19968 1949 -2095 7299 END
START -19504 -4052 19964 1590 -2014 6760 END
START -19624 -4136 19984 1198 -1966 6220 END
START -19888 -4212 19884 788 -1875 5659 END
START -19904 -4428 20016 376 -1793 5059 END
START -19972 -4628 19884 -64 -1668 4367 END
START -20080 -4672 19784 -440 -1563 3682 END
START -20156 -4544 19608 -805 -1368 2939 END
START -20176 -4432 19312 -1145 -1286 2223 END
START -20180 -4408 19268 -1487 -1120 1473 END
START -20008 -4216 19052 -1819 -1018 767 END
START -19752 -4044 18708 -2138 -922 47 END
START -19392 -3832 18500 -2437 -787 -616 END
START -19064 -3692 18140 -2664 -650 -1260 END
START -18584 -3476 17944 -2896 -489 -1892 END
START -18204 -3260 17584 -3121 -341 -2439 END
START -17896 -2980 17296 -3286 -279 -2966 END
START -17472 -2784 16960 -3388 -116 -3436 END
START -17036 -2484 16708 -3485 -42 -3807 END
START -16848 -2300 16520 -3513 -75 -4173 END
START -16516 -1972 16412 -3461 -120 -4447 END
START -16208 -1704 16024 -3316 -244 -4666 END
START -15824 -1472 15856 -3206 -366 -4883 END
START -15404 -1376 15564 -2940 -524 -4988 END
START -15084 -1100 14872 -2635 -706 -5119 END
START -14808 -992 14640 -2311 -869 -5211 END
START -14556 -840 14360 -1929 -1091 -5280 END
START -14296 -708 14100 -1566 -1254 -5370 END
START -14096 -604 13828 -1141 -1472 -5454 END
START -13844 -512 13596 -816 -1669 -5470 END
START -13528 -424 13296 -428 -1848 -5550 END
START -13208 -256 13032 -88 -2037 -5648 END
START -12852 -132 12732 231 -2105 -5705 END
START -12672 -72 12632 539 -2195 -5784 END
START -12292 120 12440 846 -2245 -5849 END
START -12148 96 12132 1071 -2186 -5936 END
START -11952 144 12336 1281 -2223 -6030 END
START -11788 236 12340 1435 -2179 -6173 END
START -11652 308 12196 1567 -2125 -6317 END
START -11464 548 12088 1658 -2100 -6456 END
START -11024 676 11888 1698 -2040 -6604 END
START -10644 756 11884 1712 -1916 -6778 END
START -10376 868 11576 1708 -1746 -6922 END
START -10012 860 11316 1693 -1516 -7036 END
START -10012 936 11072 1674 -1246 -7141 END
START -9840 868 10796 1657 -1010 -7275 END
START -9732 764 10876 1685 -737 -7474 END
START -9684 516 10812 1725 -514 -7692 END
START -9612 492 10768 1819 -339 -7913 END
START -9512 456 10652 1909 -160 -8163 END
START -9324 608 10748 2030 -78 -8389 END
START -9168 664 10792 2118 2 -8533 END
START -8836 772 10548 2189 45 -8705 END
START -8592 636 10504 2295 240 -8835 END
START -8340 556 10392 2417 320 -8990 END
START -8196 504 10320 2575 556 -9100 END
START -8024 528 10248 2699 749 -9208 END
START -7944 596 10452 2830 907 -9283 END
START -7956 600 10412 2924 998 -9371 END
START -7988 488 10488 3065 1105 -9431 END
START -7960 376 10768 3159 1151 -9485 END
START -8012 416 10884 3322 1150 -9554 END
START -8100 428 11044 3484 1132 -9604 END
START -8184 388 11332 3622 1090 -9661 END
START -8212 368 11352 3792 997 -9706 END
START -8224 328 11396 3898 925 -9727 END
START -8316 336 11468 4100 806 -9750 END
START -8264 388 11624 4214 719 -9813 END
START -8064 296 11680 4386 662 -9823 END
START -8128 300 11988 4516 605 -9864 END
START -8092 308 12084 4594 562 -9916 END
START -8020 360 12464 4666 421 -9992 END
START -8000 384 12616 4627 333 -10048 END
START -7900 356 12948 4625 199 -10139 END
START -7744 400 13084 4554 180 -10179 END
START -7724 356 12976 4557 171 -10307 END
START -7360 264 13136 4530 122 -10466 END
START -7184 220 13020 4522 215 -10618 END
START -6804 212 13072 4487 315 -10828 END
START -6508 360 13188 4472 454 -10966 END
START -6296 468 13468 4408 556 -11137 END
START -5988 648 13500 4319 658 -11250 END
START -5620 864 13624 4256 768 -11352 END
START -5320 1076 13936 4174 818 -11420 END
START -4832 1212 13976 4131 898 -11491 END
START -4504 1552 13904 4083 1046 -11516 END
START -4120 1716 13916 4041 1130 -11561 END
START -3688 1916 13984 4005 1315 -11560 END
START -3552 2100 14012 4008 1418 -11532 END
START -3256 2364 14008 4081 1548 -11546 END
START -2936 2672 14284 4113 1654 -11549 END
START -2492 3008 14548 4220 1655 -11493 END
START -2200 3180 14800 4289 1661 -11474 END
START -1836 3532 14964 4387 1638 -11421 END
START -1348 3856 15176 4462 1635 -11298 END
START -1048 4216 15464 4559 1589 -11185 END
START -744 4576 15672 4626 1598 -11031 END
START -612 4860 15952 4649 1566 -10890 END
START -248 4992 16352 4648 1465 -10716 END
START -20 5232 16676 4666 1301 -10562 END
START 212 5252 17140 4647 1125 -10431 END
START 376 5376 17300 4610 939 -10298 END
START 620 5548 17656 4608 665 -10131 END
START 800 5684 17892 4610 318 -9959 END
START 848 5736 17960 4571 22 -9821 END
START 1172 5852 17964 4565 -323 -9726 END
START 1432 5980 18204 4593 -632 -9640 END
START 1684 6168 18268 4634 -890 -9584 END
START 2032 6332 18552 4658 -1132 -9517 END
START 2476 6524 18692 4698 -1402 -9491 END
START 2932 6964 18876 4744 -1626 -9429 END
START 3632 7276 19068 4711 -1803 -9387 END
START 4168 7680 19280 4664 -1929 -9322 END
START 4572 7900 19408 4544 -2037 -9232 END
START 5180 8268 19648 4353 -2103 -9088 END
START 5908 8848 20008 4095 -2200 -8852 END
START 6564 9224 20132 3756 -2206 -8595 END
START 7064 9636 20396 3346 -2211 -8275 END
START 7880 10020 20164 2897 -2071 -7945 END
START 8556 10248 20004 2417 -1907 -7506 END
START 9152 10484 19936 1981 -1646 -7119 END
START 9636 10676 19484 1532 -1305 -6621 END
START 10148 10844 19316 1135 -1038 -6098 END
START 10488 10924 19260 732 -705 -5518 END
START 10756 10988 18852 389 -454 -4923 END
START 11028 11204 18532 19 -98 -4224 END
START 11144 11144 18168 -245 176 -3597 END
START 11128 10848 17876 -516 521 -2792 END
START 10940 10552 17700 -653 716 -2100 END
START 10804 10364 17612 -741 937 -1407 END
START 10492 9968 17420 -802 1079 -759 END
START 10420 9496 17244 -779 1179 -129 END
START 9944 9296 17204 -735 1302 429 END
START 9760 9128 17312 -729 1324 985 END
START 9260 8852 17284 -686 1305 1534 END
START 8976 8592 17244 -661 1265 2113 END
START 8740 8440 17228 -684 1210 2625 END
START 8464 8092 17120 -685 1163 3144 END
START 8152 7868 17184 -748 1111 3656 END
START 7804 7420 17216 -793 1127 4110 END
START 7524 6944 17056 -857 1125 4518 END
START 7212 6716 17056 -958 1216 4894 END
START 6700 6284 16896 -1065 1262 5222 END
START 6436 6040 16816 -1178 1261 5551 END
START 5804 5832 16984 -1287 1277 5834 END
START 5316 5416 16812 -1393 1261 6111 END
START 4868 5164 16824 -1457 1231 6372 END
START 4588 5024 16484 -1528 1175 6590 END
START 4092 4780 16384 -1579 1148 6790 END
START 3864 4496 16272 -1567 1144 6936 END
START 3548 4320 16220 -1565 1138 7062 END
START 3184 4292 15964 -1584 1148 7232 END
START 3048 4144 15836 -1561 1186 7344 END
START 2712 4156 15972 -1640 1185 7491 END
START 2476 4128 15840 -1696 1241 7626 END
START 2272 4012 15852 -1770 1307 7744 END
START 2140 3992 15936 -1875 1341 7863 END
START 2056 3924 15668 -2014 1436 7988 END
START 1760 3816 15752 -2153 1528 8092 END
START 1608 3816 15524 -2310 1664 8148 END
START 1436 3780 15516 -2460 1758 8282 END
START 1080 3924 15480 -2554 1852 8332 END
START 800 3760 15516 -2643 1877 8470 END
START 500 3740 15460 -2722 1881 8537 END
START 172 3588 15612 -2750 1820 8616 END
START 44 3568 15588 -2831 1663 8590 END
START -40 3740 15644 -2839 1521 8662 END
START -104 3708 15696 -2852 1269 8728 END
START -292 3784 15516 -2816 1080 8852 END
START -180 3916 15316 -2731 785 9015 END
START -364 3852 15016 -2630 650 9170 END
START -368 3892 14964 -2525 434 9350 END
START -448 4116 14688 -2398 285 9531 END
START -580 4052 14544 -2265 172 9703 END
START -676 4024 14408 -2205 35 9856 END
START -580 3992 14428 -2088 -127 10026 END
START -636 4044 14272 -1999 -209 10170 END
START -884 3984 14312 -1921 -360 10362 END
START -952 4012 14256 -1842 -469 10550 END
START -940 3872 14240 -1761 -639 10703 END
START -1160 3816 14124 -1684 -754 10787 END
START -1332 3512 14028 -1573 -806 10900 END
START -1448 3460 13880 -1531 -910 10918 END
START -1488 3472 13672 -1503 -952 10950 END
START -1508 3380 13504 -1486 -915 10959 END
START -1504 3392 13532 -1506 -843 10991 END
START -1360 3396 13300 -1521 -747 10967 END
START -1164 3400 13168 -1650 -583 10978 END
START -996 3500 13068 -1735 -391 10978 END
START -900 3512 12840 -1876 -181 10982 END
START -800 3556 12520 -2006 141 10988 END
START -668 3740 12304 -2149 491 11004 END
START -836 3820 12236 -2264 884 11081 END
START -752 3852 12112 -2403 1236 11117 END
START -844 3784 12172 -2502 1574 11216 END
START -1020 3816 12172 -2606 1790 11332 END
START -1232 3924 12376 -2713 1976 11376 END
START -1260 4020 12236 -2763 2038 11509 END
START -1128 3912 12400 -2795 2068 11668 END
START -1252 4016 12344 -2784 2055 11830 END
START -1388 4120 12200 -2685 2085 12145 END
START -1332 4136 11936 -2566 2070 12438 END
START -1684 4100 11948 -2420 2076 12839 END
START -1968 4000 11848 -2230 2039 12958 END
START -2344 3960 11760 -2054 1974 13325 END
START -2500 3632 11736 -1864 1947 13573 END
START -3004 3440 11832 -1700 1901 13756 END
START -3436 3160 11724 -1493 1888 13950 END
START -3776 3148 11872 -1360 1870 14043 END
START -4316 2868 12064 -1213 1888 14196 END
START -4796 2768 12080 -1059 1847 14288 END
START -5124 2680 12376 -977 1760 14363 END
START -5616 2536 12348 -879 1732 14416 END
START -6144 2284 12408 -801 1646 14419 END
START -6488 2072 12508 -680 1589 14355 END
START -6900 1952 12564 -572 1506 14313 END
START -7176 1864 12816 -454 1319 14197 END
START -7400 1872 12900 -370 1180 14101 END
START -7676 1720 12816 -220 1055 13983 END
START -7836 1716 12832 -126 867 13864 END
START -7984 1472 12752 -20 836 13740 END
START -8076 1416 12712 69 868 13634 END
START -8340 1320 12700 146 845 13417 END
START -8472 1336 12704 227 982 13247 END
START -8740 1308 12772 284 1115 12834 END
START -8980 1256 12888 313 1280 12944 END
START -9068 1264 13092 314 1476 12679 END
START -9172 1200 13308 236 1629 12306 END
START -9324 1236 13532 137 1892 12133 END
START -9452 1392 13704 39 2143 11866 END
START -9684 1348 13956 -183 2388 11703 END
START -9776 1336 14268 -407 2660 11493 END
START -10272 1280 14324 -639 2935 11348 END
START -10660 1172 14516 -890 3166 11173 END
START -11180 1032 14816 -1139 3359 10968 END
START -11676 920 14996 -1307 3508 10761 END
START -12296 884 15120 -1493 3635 10535 END
START -12716 736 15220 -1676 3708 10295 END
START -13236 600 15716 -1872 3787 10051 END
START -13720 524 15828 -2036 3756 9791 END
START -14072 424 16120 -2192 3716 9538 END
START -14640 332 16288 -2412 3628 9234 END
START -14936 88 16424 -2584 3485 8930 END
START -15240 0 16472 -2757 3292 8600 END
START -15504 -136 16420 -2867 3074 8253 END
START -15872 -256 16380 -2957 2863 7886 END
START -16100 -320 16192 -2930 2633 7531 END
START -16252 -372 16124 -2877 2442 7170 END
START -16404 -524 15940 -2763 2191 6837 END
START -16576 -532 15888 -2655 1984 6468 END
START -16672 -640 15812 -2493 1790 6158 END
START -16568 -784 15532 -2332 1554 5842 END
START -16680 -640 15960 -2167 1246 5589 END
START -17080 -784 16508 -1814 995 5352 END
START -17052 -584 15996 -1437 466 5201 END
START -16740 -520 15624 -1281 165 4919 END
START -16880 -664 15620 -1216 -148 4671 END
START -16836 -832 15852 -1169 -448 4425 END
START -16764 -880 15612 -1007 -742 4257 END
START -16664 -744 15432 -844 -896 4065 END
START -16692 -844 15284 -698 -977 3807 END
START -16704 -972 15284 -525 -1032 3522 END
START -16840 -1108 14916 -451 -1142 3246 END
START -17000 -1164 14808 -396 -1180 2871 END
START -16944 -1152 14712 -346 -1186 2463 END
START -17104 -1364 14664 -310 -1133 2008 END
START -17188 -1304 14588 -247 -1099 1552 END
START -17136 -1352 14352 -200 -1102 1100 END
START -17172 -1304 14416 -144 -996 570 END
START -16904 -1228 14256 -163 -932 23 END
START -16844 -1184 14168 -230 -820 -478 END
START -16628 -1036 14008 -317 -677 -980 END
START -16456 -948 14028 -425 -568 -1450 END
START -16212 -684 13792 -498 -359 -1852 END
START -16068 -632 13884 -602 -252 -2265 END
START -15940 -588 13988 -692 -221 -2627 END
START -15668 -540 13792 -773 -165 -2945 END
START -15500 -420 13716 -781 -71 -3251 END
START -15336 -504 13620 -778 -119 -3578 END
START -15148 -296 13300 -753 -57 -3897 END
START -15128 -268 13056 -740 -143 -4192 END
START -14952 -92 12916 -694 -143 -4493 END
START -14832 -92 12484 -567 -253 -4779 END
START -14748 -156 12332 -402 -303 -5029 END
START -14688 -88 12048 -202 -313 -5292 END
START -14464 148 11728 45 -328 -5530 END
START -14316 96 11580 292 -393 -5781 END
START -14356 124 11260 549 -410 -6020 END
START -14168 28 10812 814 -450 -6257 END
START -13944 44 10960 1110 -468 -6507 END
START -13784 116 10732 1402 -466 -6763 END
START -13440 300 10408 1732 -512 -6979 END
START -13324 416 10508 2034 -498 -7193 END
START -12980 580 10336 2336 -521 -7368 END
START -12700 832 10464 2589 -532 -7533 END
START -12564 804 10320 2879 -599 -7622 END
START -12372 888 10552 3152 -641 -7729 END
START -12128 852 10652 3437 -693 -7856 END
START -11904 960 10660 3673 -785 -7941 END
START -11752 992 10788 3908 -906 -8101 END
START -11672 936 10820 4168 -1010 -8223 END
START -11620 980 10696 4400 -1087 -8368 END
START -11372 1056 10812 4646 -1278 -8503 END
START -11408 1148 10964 4896 -1390 -8675 END
START -11292 1200 10824 5164 -1568 -8868 END
START -11176 1228 10552 5374 -1616 -9061 END
START -10900 1236 10404 5609 -1597 -9320 END
START -10760 1296 10292 5800 -1516 -9605 END
START -10344 1224 10080 5966 -1265 -9920 END
START -9884 1076 9632 6081 -864 -10226 END
START -9472 1608 9444 6223 -285 -10542 END
START -9304 1940 9380 6287 327 -10905 END
START -9220 2224 9404 6266 925 -11199 END
START -8968 2256 9576 6250 1548 -11525 END
START -8756 2520 9772 6220 2132 -11858 END
START -8384 2616 10284 6173 2614 -12110 END
START -8140 2616 10684 6132 3036 -12343 END
START -7984 2772 10808 6099 3389 -12543 END
START -7732 2868 11048 6129 3721 -12752 END
START -7220 3064 11228 6074 4092 -12967 END
START -6928 3104 11496 6100 4450 -13250 END
START -6728 3444 11920 6073 4812 -13481 END
START -6368 3728 12224 5978 5093 -13596 END
START -6128 3936 12740 5871 5344 -13711 END
START -5780 4152 13232 5734 5494 -13772 END
START -5380 4244 13588 5561 5600 -13842 END
START -5008 4340 14048 5374 5652 -13897 END
START -4844 4332 14132 5191 5619 -13907 END
START -4464 4420 14380 5017 5542 -13895 END
START -4348 4744 14756 4945 5286 -13802 END
START -4332 4852 14756 4921 5045 -13663 END
START -4208 5236 14656 4954 4611 -13527 END
START -4148 5596 14692 5039 4182 -13371 END
START -3776 5456 14708 5192 3768 -13196 END
START -3528 5576 14612 5400 3321 -13000 END
START -3176 5788 14860 5580 2832 -12801 END
START -2972 5988 14892 5822 2315 -12595 END
START -2732 6036 15136 6056 1798 -12271 END
START -2592 6104 15320 6284 1140 -11984 END
START -2208 6140 15576 6562 554 -11704 END
START -1876 6144 15528 6831 -30 -11453 END
START -1380 6328 15540 7082 -536 -11184 END
START -1032 6296 15456 7286 -957 -10957 END
START -600 6360 15444 7417 -1277 -10737 END
START -140 6332 15340 7525 -1526 -10486 END
START 160 6360 15508 7531 -1701 -10240 END
START 508 6424 15636 7498 -1922 -10013 END
START 688 6284 16016 7456 -1970 -9812 END
START 1056 6236 15948 7424 -2122 -9638 END
START 1248 6132 15976 7368 -2124 -9506 END
START 1392 6096 16092 7321 -2125 -9374 END
START 1208 6160 16296 7242 -2179 -9289 END
START 1452 6236 16136 7099 -2142 -9187 END
START 1516 6340 16088 7000 -2057 -9099 END
START 1444 6368 16308 6889 -2006 -8998 END
START 1316 6404 16372 6790 -1899 -8877 END
START 1368 6536 16632 6664 -1824 -8792 END
START 1304 6656 16876 6532 -1813 -8686 END
START 1144 6808 17052 6363 -1837 -8588 END
START 1116 6768 17520 6150 -1909 -8474 END
START 968 6804 17744 5974 -2052 -8355 END
START 1032 6796 17884 5741 -2204 -8268 END
START 912 6804 17996 5533 -2378 -8087 END
START 844 6912 18036 5297 -2561 -8006 END
START 840 6828 18212 5122 -2724 -7875 END
START 924 6780 18228 4917 -2896 -7740 END
START 960 6688 18096 4726 -3035 -7651 END
START 816 6676 18004 4539 -3132 -7546 END
START 940 6704 17768 4344 -3206 -7438 END
START 1048 6672 17780 4190 -3290 -7370 END
START 1096 6664 17836 3993 -3339 -7225 END
START 1296 6592 17616 3873 -3366 -7173 END
START 1252 6612 17564 3695 -3364 -7042 END
START 1328 6920 17528 3515 -3352 -6910 END
START 1604 7664 17412 3363 -3286 -6770 END
START 1792 8192 17456 3082 -3180 -6518 END
START 2252 8568 17292 2793 -3021 -6163 END
START 2588 8720 17384 2450 -2850 -5715 END
START 2880 8676 17496 2140 -2584 -5271 END
START 3116 8644 17500 1752 -2312 -4755 END
START 3112 8808 17664 1406 -2051 -4296 END
START 3096 8884 17792 1001 -1822 -3868 END
START 2712 8872 17856 647 -1657 -3463 END
START 2496 8804 17876 284 -1588 -2976 END
START 2308 8560 17996 -5 -1579 -2553 END
START 2116 8572 17992 -180 -1603 -2122 END
START 1784 8308 18068 -311 -1682 -1644 END
START 1600 8244 18180 -389 -1789 -1262 END
START 1264 7996 18336 -446 -1891 -880 END
START 1036 7800 18380 -493 -2016 -531 END
START 1032 7752 18340 -555 -2137 -214 END
START 932 7480 18392 -659 -2238 97 END
START 888 7300 18428 -781 -2317 367 END
START 900 7128 18748 -869 -2336 566 END
START 872 6972 18692 -977 -2329 802 END
START 848 6812 18832 -1104 -2303 996 END
START 904 6544 18804 -1207 -2203 1148 END
START 964 6372 18668 -1364 -2051 1302 END
START 888 5640 18532 -1439 -1835 1446 END
START 520 6148 18616 -1579 -1656 1539 END
START 288 5892 18832 -1694 -1507 1515 END
START 252 5336 18680 -1805 -1348 1431 END
START 400 4812 18360 -1871 -1140 1236 END
START 444 4364 18096 -1819 -852 1025 END
START 524 4100 17512 -1724 -466 751 END
START 320 3972 17548 -1558 0 466 END
START 176 3592 17404 -1357 352 144 END
START -160 3432 17284 -1156 727 -228 END
START -464 3556 17416 -984 1084 -555 END
START -876 3592 17628 -748 1325 -916 END
START -1060 3788 17472 -590 1576 -1231 END
START -1224 3800 17564 -406 1828 -1488 END