START -11352 1988 19844 13055 -1267 4100 END
START -15384 1600 27036 12552 -2953 3725 END
START -10748 1276 18952 13076 -1593 3210 END
START -12740 24 20604 13033 -1288 2530 END
START -13700 -584 20832 13104 -1057 1823 END
START -12556 -1276 19980 13150 -596 916 END
START -11492 -1784 19172 13085 -25 -80 END
START -12400 -2160 20320 12943 370 -1167 END
START -13548 -2408 21760 12728 332 -2363 END
START -13864 -2644 22352 12460 204 -3633 END
START -13248 -2772 22492 11952 58 -4894 END
START -13688 -2632 22996 11640 -107 -6155 END
START -13200 -2636 22864 10998 -381 -7469 END
START -12812 -2516 23084 10503 -574 -8731 END
START -12928 -2228 23736 9901 -776 -10045 END
START -12464 -1976 23720 9375 -1009 -11275 END
START -12164 -1484 23912 8848 -1200 -12402 END
START -11848 -1108 23944 8344 -1366 -13580 END
START -11316 -756 24204 7799 -1464 -14521 END
START -10720 -448 24200 7266 -1498 -15441 END
START -9836 60 24072 6719 -1418 -16185 END
START -8844 476 23824 6158 -1104 -16833 END
START -8020 984 23824 5614 -732 -17358 END
START -7384 1280 23808 5026 -158 -17753 END
START -6468 1864 23812 4397 623 -18099 END
START -5864 2436 23804 3735 1507 -18313 END
START -5204 3056 24000 3059 2360 -18483 END
START -4512 3428 24336 2316 3322 -18586 END
START -4080 3748 24716 1565 4200 -18692 END
START -3536 3924 25032 800 5064 -18726 END
START -3012 4296 25232 102 5911 -18781 END
START -2624 4464 25628 -662 6749 -18740 END
START -2232 4652 25988 -1387 7588 -18755 END
START -1996 4784 26252 -2050 8339 -18732 END
START -1824 4828 27052 -2717 8990 -18721 END
START -1800 4864 27540 -3279 9575 -18727 END
START -1840 4952 28016 -3804 10051 -18722 END
START -1636 5116 28436 -4325 10364 -18655 END
START -1464 5024 29116 -4787 10658 -18612 END
START -1416 5068 29484 -5305 10862 -18557 END
START -1324 5040 29696 -5759 10969 -18475 END
START -1144 5092 30200 -6292 10970 -18396 END
START -1148 4976 30476 -6791 10942 -18320 END
START -1112 4880 30940 -7322 10805 -18282 END
START -988 4960 31272 -7875 10535 -18247 END
START -908 4916 31244 -8451 10242 -18243 END
START -824 4760 31428 -9020 9884 -18226 END
START -776 4800 31572 -9590 9470 -18235 END
START -668 4768 31608 -10142 8988 -18190 END
START -684 4792 31716 -10740 8445 -18180 END
START -644 4656 31484 -11310 7810 -18147 END
START -636 4752 31452 -11881 7096 -18083 END
START -524 4692 31220 -12432 6370 -18029 END
START -532 4880 31188 -12905 5553 -17961 END
START -544 5012 30716 -13406 4736 -17895 END
START -356 5072 30460 -13871 3971 -17752 END
START -140 5236 29852 -14313 3203 -17671 END
START -84 5328 29496 -14730 2487 -17502 END
START 144 5368 29036 -15138 1829 -17344 END
START 244 5436 28476 -15535 1156 -17164 END
START 296 5460 28044 -15933 528 -16963 END
START 320 5280 27316 -16318 3 -16770 END
START 400 5280 26824 -16678 -599 -16603 END
START 608 5296 26200 -17067 -1045 -16417 END
START 948 5188 25544 -17395 -1464 -16240 END
START 1324 5040 24884 -17749 -1736 -16091 END
START 1504 4760 24124 -18081 -1947 -15966 END
START 1916 4792 23544 -18394 -1994 -15850 END
START 2212 4740 22972 -18681 -2007 -15721 END
START 2488 4796 22072 -19008 -1910 -15610 END
START 2672 4936 21740 -19285 -1774 -15456 END
START 2728 5008 21156 -19638 -1599 -15297 END
START 2968 5064 20672 -19962 -1439 -15143 END
START 3076 5048 20064 -20336 -1251 -14994 END
START 3144 4880 19560 -20603 -1092 -14821 END
START 3208 4796 19156 -20903 -932 -14660 END
START 3276 4816 18824 -21122 -772 -14508 END
START 3312 4728 18344 -21293 -658 -14352 END
START 3456 4584 17920 -21432 -571 -14211 END
START 3560 4612 17520 -21508 -494 -14108 END
START 3656 4532 17140 -21552 -418 -13908 END
START 3772 4432 16796 -21533 -364 -13746 END
START 3616 4548 16424 -21502 -353 -13613 END
START 3592 4388 16476 -21449 -389 -13504 END
START 3388 4340 16544 -21318 -512 -13433 END
START 3156 4148 16452 -21175 -695 -13360 END
START 2904 4032 16356 -21019 -1019 -13254 END
START 2720 4080 16296 -20860 -1443 -13132 END
START 2484 4052 16080 -20755 -2034 -12967 END
START 2412 4024 15888 -20714 -2644 -12747 END
START 2684 4188 15372 -20623 -3198 -12509 END
START 2936 4324 15080 -20530 -3677 -12342 END
START 3228 4584 14592 -20370 -4137 -12195 END
START 3388 4872 14312 -20254 -4579 -12024 END
START 3468 5236 13976 -20142 -5025 -11764 END
START 3828 5524 13776 -20061 -5465 -11424 END
START 4264 5592 13292 -19933 -5861 -10983 END
START 5280 5828 12652 -19887 -6201 -10366 END
START 5336 5580 12880 -19745 -6369 -9903 END
START 5728 5852 11852 -19612 -6361 -9323 END
START 6116 5848 11584 -19471 -6328 -8721 END
START 6444 6040 11124 -19387 -6205 -8032 END
START 6672 6172 10860 -19291 -6095 -7359 END
START 6912 6312 10560 -19231 -5891 -6590 END
START 7096 6368 10264 -19244 -5725 -5779 END
START 7220 6444 9924 -19259 -5510 -4908 END
START 7304 6364 9760 -19346 -5369 -4027 END
START 7376 6300 9384 -19435 -5161 -3194 END
START 7584 6260 9172 -19537 -4929 -2331 END
START 7532 6212 8860 -19636 -4668 -1476 END
START 7636 6116 8656 -19671 -4386 -674 END
START 7484 5860 8564 -19743 -4136 138 END
START 7212 5684 8368 -19775 -3943 970 END
START 7156 5380 7980 -19793 -3775 1724 END
START 7088 5228 7852 -19738 -3646 2460 END
START 6760 4864 7664 -19655 -3506 3262 END
START 6632 4724 7536 -19467 -3331 4052 END
START 6368 4588 7204 -19263 -3204 4781 END
START 6156 4512 7140 -18983 -3092 5556 END
START 5892 4416 6900 -18692 -3012 6288 END
START 5508 4256 6744 -18376 -2977 7054 END
START 5444 4188 6700 -18066 -2980 7777 END
START 5168 4188 6472 -17731 -3030 8486 END
START 4920 4064 6256 -17421 -3142 9190 END
START 4696 3976 6008 -17074 -3295 9884 END
START 4444 3848 5980 -16725 -3430 10619 END
START 4416 3772 5744 -16376 -3482 11301 END
START 4008 3592 5448 -15944 -3565 12031 END
START 3804 3604 5548 -15528 -3672 12909 END
START 3620 3580 5180 -15083 -3768 13402 END
START 3488 3484 4860 -14618 -3894 14266 END
START 3252 3436 4892 -14136 -4005 14999 END
START 2884 3432 4836 -13660 -4135 15769 END
START 2512 3380 4976 -13119 -4304 16613 END
START 2140 3404 4716 -12626 -4411 17401 END
START 1924 3412 4464 -12088 -4558 18279 END
START 1712 3464 4092 -11545 -4667 19118 END
START 1208 3248 4176 -11076 -4816 19902 END
START 960 3096 3896 -10558 -4923 20699 END
START 680 3064 3708 -10056 -5039 21483 END
START 328 2920 3376 -9549 -5134 22237 END
START 140 2820 3276 -9080 -5155 22952 END
START -352 2716 3028 -8558 -5206 23612 END
START -676 2552 2840 -8060 -5194 24280 END
START -956 2588 2556 -7548 -5048 24918 END
START -1284 2624 2400 -7060 -5031 25523 END
START -1756 2684 2204 -6554 -4864 26121 END
START -2308 2744 1920 -6070 -4742 26717 END
START -2744 2716 1476 -5538 -4565 27296 END
START -3140 2548 1292 -5032 -4359 27816 END
START -3744 2364 1080 -4484 -4123 28329 END
START -4180 2148 768 -3925 -3865 28681 END
START -4648 1776 664 -3340 -3598 29027 END
START -5084 1396 504 -2708 -3284 29271 END
START -5584 768 504 -2054 -2938 29464 END
START -6004 256 368 -1350 -2591 29629 END
START -6364 -116 396 -667 -2239 29638 END
START -6832 -416 224 -12 -2024 29654 END
START -7228 -712 -56 640 -1708 29589 END
START -7444 -836 -224 1311 -1377 29470 END
START -7680 -956 -476 1957 -1057 29297 END
START -7948 -1068 -712 2695 -585 29029 END
START -8104 -1088 -888 3358 -130 28811 END
START -8304 -1320 -1168 4023 388 28479 END
START -8496 -1568 -1368 4677 942 28211 END
START -8636 -1856 -1568 5322 1484 27907 END
START -8724 -2104 -1596 5981 2133 27492 END
START -9212 -2380 -1592 6647 2735 27013 END
START -9480 -2532 -1644 7349 3369 26546 END
START -9560 -2660 -1528 8005 3843 26038 END
START -9640 -2808 -1556 8696 4386 25474 END
START -9724 -2968 -1552 9369 4902 24940 END
START -9744 -3024 -1396 10088 5453 24311 END
START -9916 -3048 -1240 10814 6005 23667 END
START -9948 -2976 -892 11554 6509 22995 END
START -10196 -2816 -608 12253 6951 22355 END
START -10408 -2732 -64 12910 7303 21613 END
START -10692 -2672 440 13652 7464 20914 END
START -10904 -2552 844 14393 7593 20213 END
START -11112 -2636 1340 15092 7573 19472 END
START -11308 -2776 1900 15840 7524 18807 END
START -11476 -2820 2076 16558 7341 18074 END
START -11696 -2960 2740 17279 7137 17348 END
START -11880 -2884 2944 18055 6875 16592 END
START -11988 -2912 3176 18813 6635 15798 END
START -12228 -2940 3716 19577 6243 15040 END
START -12300 -2820 4144 20343 5803 14206 END
START -12444 -2836 4492 21119 5332 13379 END
START -12456 -2840 4808 21832 4824 12422 END
START -12440 -2792 5216 22549 4222 11868 END
START -12508 -2836 5516 23207 3709 11104 END
START -12376 -2856 5944 23808 3141 10366 END
START -12296 -2816 6300 24378 2551 9698 END
START -12024 -2672 6532 24897 2081 9005 END
START -11804 -2536 6808 25363 1549 8344 END
START -11560 -2256 7120 25815 1074 7732 END
START -11512 -2072 7348 26223 678 7099 END
START -11188 -1856 7516 26560 267 6561 END
START -11224 -1604 7740 26925 -14 6040 END
START -10988 -1248 7756 27236 -218 5574 END
START -10672 -1028 7928 27509 -339 5133 END
START -10452 -896 8328 27790 -377 4783 END
START -10504 -880 8520 28036 -314 4394 END
START -10492 -636 8876 28290 -131 4047 END
START -10648 -536 9356 28526 12 3705 END
START -10908 -404 9676 28720 234 3358 END
START -11264 -336 10120 28937 436 2980 END
START -11428 -464 10788 29148 737 2523 END
START -11716 -776 11128 29354 1046 2034 END
START -12112 -1036 11876 29550 1309 1422 END
START -12436 -1488 12640 29725 1565 708 END
START -12968 -2132 13292 29896 1723 -163 END
START -13400 -2356 13936 30077 1864 -1182 END
START -13636 -2756 14424 30243 1973 -2346 END
START -13840 -2960 15124 30385 2052 -3576 END
START -14148 -3220 15816 30473 2072 -4980 END
START -14272 -3168 16464 30558 2107 -6367 END
START -14448 -3440 16920 30574 2109 -7813 END
START -14500 -3480 17656 30586 2160 -9243 END
START -14832 -3436 18212 30570 2120 -10857 END
START -15044 -3344 18896 30507 2039 -12362 END
START -15108 -3052 19560 30438 1921 -13914 END
START -15196 -2648 20268 30356 1683 -15486 END
START -14828 -2384 20808 30284 1468 -17047 END
START -14596 -1940 21288 30182 1336 -18553 END
START -14044 -1612 21628 30070 1253 -19944 END
START -13732 -1084 22320 29945 1179 -21337 END
START -13404 -384 22828 29794 1002 -22657 END
START -13168 508 23448 29645 793 -23785 END
START -12724 1480 23996 29427 418 -24881 END
START -12204 2348 24480 29286 43 -25838 END
START -11648 3148 25088 29110 -343 -26636 END
START -10892 4064 25432 28971 -669 -27305 END
START -10124 4868 25708 28767 -1006 -27828 END
START -9388 5468 26148 28570 -1130 -28202 END
START -8548 6188 26440 28339 -1232 -28438 END
START -7872 6816 27044 28028 -1245 -28595 END
START -7320 7588 27472 27720 -1335 -28687 END
START -6684 8516 28232 27278 -1494 -28655 END
START -5984 9200 29068 26697 -1674 -28562 END
START -5248 10024 29628 25923 -1904 -28332 END
START -4276 10580 30332 25052 -2054 -27957 END
START -3484 11008 30860 24032 -2184 -27439 END
START -2528 11692 31612 22807 -2195 -26820 END
START -1564 11964 32212 21441 -2245 -26038 END
START -872 12216 32767 20044 -2103 -25208 END
START -148 12252 32767 18568 -1949 -24259 END
START 340 12384 32767 16853 -1860 -23187 END
START 780 12284 32767 15149 -1867 -22127 END
START 1260 12304 32767 13392 -2004 -20985 END
START 1468 12440 32767 11456 -2350 -19851 END
START 2024 12340 32767 9772 -2800 -18737 END
START 2380 12420 32767 7997 -3294 -17641 END
START 2732 12320 32767 6267 -3870 -16532 END
START 3244 12048 32767 4575 -4469 -15406 END
START 3608 12112 32767 2900 -5161 -14214 END
START 3748 11856 32767 1397 -5870 -13101 END
START 4040 11796 32767 20 -6608 -11901 END
START 4324 11796 32767 -1141 -7356 -10781 END
START 4660 11628 32316 -2320 -7994 -9530 END
START 4856 11532 31296 -3232 -8542 -8396 END
START 5064 11292 30060 -4101 -8950 -7187 END
START 5228 11096 29052 -4840 -9267 -5954 END
START 5100 10784 28036 -5507 -9543 -4775 END
START 4884 10540 27104 -6003 -9766 -3595 END
START 4784 10296 26068 -6443 -9934 -2473 END
START 4560 9904 25140 -6804 -10067 -1419 END
START 4360 9472 24028 -7091 -9999 -364 END
START 4072 8992 23152 -7297 -9920 560 END
START 3792 8552 22316 -7456 -9720 1471 END
START 3400 8084 21424 -7579 -9481 2283 END
START 3084 7748 20744 -7686 -9252 3030 END
START 2680 7372 20212 -7784 -9035 3676 END
START 2328 7080 19588 -7865 -8778 4295 END
START 1964 6672 19040 -7906 -8445 4811 END
START 1656 6224 18300 -7939 -8123 5325 END
START 1400 5752 17576 -7936 -7744 5720 END
START 860 5272 17020 -7910 -7332 6069 END
START 460 4880 16636 -7860 -6908 6402 END
START -20 4544 16360 -7818 -6523 6652 END
START -396 4048 16012 -7768 -6208 6849 END
START -872 3744 15668 -7680 -5908 6940 END
START -1292 3268 15332 -7645 -5612 7024 END
START -1612 3048 15216 -7596 -5315 7047 END
START -1764 2884 14764 -7545 -5103 7027 END
START -2116 2664 14740 -7493 -4837 6976 END
START -2404 2568 14500 -7418 -4637 6914 END
START -2676 2328 14444 -7327 -4443 6847 END
START -2888 2372 14316 -7224 -4302 6762 END
START -3040 2116 14252 -7118 -4173 6669 END
START -3272 2156 14428 -7006 -4069 6593 END
START -3432 2096 14240 -6855 -3986 6514 END
START -3740 2076 14408 -6727 -3976 6467 END
START -3872 2168 14468 -6527 -3973 6411 END
START -4132 2092 14312 -6361 -3984 6347 END
START -4180 2128 14584 -6178 -4032 6288 END
START -4256 2168 14672 -6002 -4098 6294 END
START -4532 2120 14888 -5783 -4223 6212 END
START -4628 2268 14968 -5587 -4335 6206 END
START -4804 2364 15096 -5390 -4501 6146 END
START -5000 2336 15260 -5208 -4694 6105 END
START -5120 2308 15328 -5048 -4930 6056 END
START -5272 2300 15580 -4879 -5212 5965 END
START -5316 2176 15840 -4744 -5505 5926 END
START -5152 2180 15956 -4609 -5774 5846 END
START -5248 2116 16136 -4473 -6029 5719 END
START -5376 1968 16200 -4318 -6317 5603 END
START -5268 1868 16544 -4185 -6546 5415 END
START -5304 1804 16708 -4077 -6813 5228 END
START -5372 1576 16824 -3977 -7056 5048 END
START -5380 1552 16892 -3876 -7341 4841 END
START -5324 1404 16984 -3818 -7619 4585 END
START -5252 1312 17176 -3815 -7921 4275 END
START -5084 1164 17136 -3792 -8214 3958 END
START -4948 1020 17192 -3772 -8486 3624 END