START -4688 2652 14576 -59 3100 666 END
START -3496 1264 13280 15 4081 553 END
START -4820 876 13872 233 4707 358 END
START -5604 644 14428 551 4592 98 END
START -5956 204 14900 963 4399 -355 END
START -6196 -224 14928 1320 4115 -841 END
START -6456 -144 14348 1664 3813 -1392 END
START -6612 -88 13836 1926 3695 -1976 END
START -6476 44 13852 2119 3678 -2552 END
START -6384 76 14152 2250 3786 -3088 END
START -6520 196 14432 2421 3758 -3520 END
START -6428 352 14668 2482 3563 -3844 END
START -6104 704 15124 2623 3428 -4173 END
START -5716 1296 15184 2642 3132 -4426 END
START -5404 1932 14988 2674 2992 -4637 END
START -4800 2348 15108 2595 2971 -4694 END
START -4416 2732 15380 2541 3043 -4612 END
START -4108 3000 15680 2414 3064 -4399 END
START -3892 3408 16212 2257 3082 -4130 END
START -3816 3644 16256 2031 3033 -3830 END
START -3704 3984 16708 1762 2791 -3511 END
START -3648 4096 17012 1493 2483 -3106 END
START -3664 4012 17068 1209 2184 -2739 END
START -3588 3820 17324 981 1821 -2330 END
START -3576 3676 17680 850 1295 -1854 END
START -3824 3056 17860 712 700 -1470 END
START -4004 2776 17932 590 36 -1088 END
START -4220 2452 18072 551 -659 -857 END
START -4068 2280 18028 564 -1388 -650 END
START -3864 2184 17812 581 -2060 -458 END
START -3760 2324 17532 585 -2558 -288 END
START -3804 2528 17396 587 -3011 -35 END
START -3696 2708 16852 550 -3362 203 END
START -3684 2972 16336 534 -3604 453 END
START -3552 3132 16100 415 -3808 695 END
START -3228 3032 15184 288 -4100 891 END
START -2712 2844 14368 145 -4029 981 END
START -2612 2636 13964 -7 -3786 1043 END
START -2536 2420 13756 -106 -3451 1072 END
START -2560 2336 13264 -167 -2749 1078 END
START -3008 2392 13420 -164 -2059 1038 END
START -3788 2168 13668 -128 -1776 991 END
START -4072 1884 13736 -15 -1529 904 END
START -4376 1544 13436 53 -1184 759 END
START -4520 1288 13896 156 -892 459 END
START -4480 1172 13948 217 -650 124 END
START -4664 1048 14248 271 -460 -211 END
START -4660 1168 14444 239 -254 -517 END
START -4620 1500 14608 153 -18 -778 END
START -4500 1720 14772 -3 141 -991 END
START -4336 1796 14476 -228 368 -1176 END
START -3872 1964 14416 -463 790 -1331 END
START -3712 2196 14540 -763 1150 -1470 END
START -3648 2368 14752 -996 1486 -1525 END
START -3600 2620 14788 -1187 1785 -1531 END
START -3468 2664 15152 -1266 2000 -1403 END
START -3456 2920 15428 -1320 2188 -1250 END
START -3432 3012 15488 -1309 2276 -1062 END
START -3388 3080 15936 -1325 2290 -813 END
START -3592 3280 16028 -1330 2181 -577 END
START -3596 3360 16544 -1350 1940 -232 END
START -3868 3364 17000 -1412 1550 155 END
START -3824 3480 17108 -1452 1079 547 END
START -3936 3444 17060 -1482 572 973 END
START -4024 3080 17068 -1449 -2 1378 END
START -4188 2744 16896 -1368 -526 1734 END
START -4276 2372 16464 -1213 -1046 1975 END
START -4336 2072 15948 -1091 -1516 2180 END
START -4332 1876 15484 -865 -1838 2289 END
START -4212 1920 14836 -638 -1884 2317 END
START -3984 1852 14396 -509 -1767 2324 END
START -4052 1744 13904 -388 -1562 2306 END
START -4012 1452 14056 -386 -1403 2230 END
START -3796 1464 13824 -405 -1011 2178 END
START -3912 1396 14068 -452 -778 2091 END
START -4148 1188 14180 -517 -580 1976 END
START -4292 1108 14060 -567 -394 1863 END
START -4388 936 14292 -628 -272 1694 END
START -4672 876 14384 -671 -207 1556 END
START -4652 760 14380 -663 -132 1363 END
START -4740 680 14252 -627 -108 1130 END
START -4640 776 14080 -578 -101 912 END
START -4584 840 13860 -518 10 706 END
START -4544 944 13680 -528 101 520 END
START -4480 960 13776 -487 209 385 END
START -4312 1064 13524 -435 312 277 END
START -4368 1156 13788 -413 498 217 END
START -4312 1248 13988 -380 573 164 END
START -4464 1336 13864 -333 628 138 END
START -4396 1308 14172 -311 631 182 END
START -4608 1304 14312 -282 614 184 END
START -4636 1412 14264 -183 576 169 END
START -5024 1512 14416 -224 462 166 END
START -5336 1656 14532 -164 230 114 END
START -5404 1892 14536 -167 76 159 END
START -5340 1980 14296 -182 -44 181 END
START -5168 2244 14076 -199 -131 245 END
START -5092 2368 13788 -278 -153 295 END
START -4856 2372 13636 -297 -69 373 END
START -4568 2496 13528 -384 199 475 END
START -4460 2512 13328 -462 423 561 END
START -4744 2480 13408 -549 458 662 END
START -4808 2356 13440 -628 482 755 END
START -4928 2092 13444 -668 533 828 END
START -5032 1940 13416 -701 529 876 END
START -5172 1768 13432 -691 517 852 END
START -5420 1712 13660 -696 495 852 END
START -5568 1468 13556 -689 398 832 END
START -5776 1384 13264 -692 334 781 END
START -5804 1264 13344 -631 330 727 END
START -5912 1220 12956 -610 293 659 END
START -6108 1268 12920 -542 224 568 END
START -6184 1120 12888 -485 235 466 END
START -6292 1132 12800 -377 224 390 END
START -6424 1068 12504 -299 256 315 END
START -6536 940 12628 -176 263 228 END
START -6768 992 12608 -1 220 169 END
START -6832 836 12600 110 194 86 END
START -7040 820 12452 225 223 6 END
START -7048 912 12416 316 198 -87 END
START -7360 860 12524 391 125 -176 END
START -7624 488 12388 473 102 -264 END
START -7936 324 12360 606 44 -381 END
START -8284 172 12456 734 -9 -526 END
START -8472 152 12344 897 -77 -638 END
START -8820 292 12192 1078 -3 -784 END
START -9144 36 12028 1238 22 -938 END
START -9668 12 12164 1453 81 -1056 END
START -10008 28 12096 1645 101 -1094 END
START -10604 -220 12360 1780 51 -1168 END
START -11256 -236 12552 1942 -54 -1231 END
START -11840 -552 12604 2085 -61 -1380 END
START -12404 -860 12788 2241 -190 -1581 END
START -13088 -1168 13032 2321 -408 -1821 END
START -13872 -1624 13172 2478 -689 -2103 END
START -14440 -1904 13460 2648 -979 -2439 END
START -15008 -2232 13616 2865 -1342 -2785 END
START -15580 -2368 13544 3095 -1734 -3198 END
START -15872 -2544 13620 3312 -2230 -3689 END
START -16128 -2724 13292 3518 -2561 -4184 END
START -16276 -2760 13224 3725 -2895 -4723 END
START -16376 -2644 12984 3911 -3200 -5286 END
START -16472 -2572 13008 4121 -3417 -5846 END
START -16448 -2408 12972 4281 -3639 -6337 END
START -16076 -2220 12816 4401 -3706 -6870 END
START -16016 -2020 12620 4492 -3762 -7431 END
START -15772 -1868 12608 4536 -3822 -7930 END
START -15416 -1716 12580 4475 -3819 -8448 END
START -15224 -1444 12500 4461 -3849 -8930 END
START -14776 -1332 12480 4427 -3864 -9417 END
START -14348 -1056 12140 4408 -3803 -9909 END
START -13808 -572 11936 4363 -3613 -10394 END
START -13292 -180 11776 4304 -3396 -10917 END
START -12876 128 11464 4220 -3115 -11333 END
START -12388 528 11660 4120 -2808 -11675 END
START -12216 756 11824 4076 -2639 -11977 END
START -11684 880 11716 4068 -2589 -12204 END
START -11212 1000 11696 4094 -2462 -12453 END
START -10688 1024 11840 4218 -2441 -12711 END
START -10244 1216 11980 4352 -2449 -12982 END
START -9644 1364 11944 4548 -2410 -13179 END
START -8996 1608 11920 4753 -2387 -13386 END
START -8356 2004 11944 5076 -2385 -13521 END
START -7868 2364 12256 5381 -2415 -13625 END
START -7416 2764 12576 5749 -2566 -13716 END
START -6604 3044 12764 6073 -2668 -13709 END
START -6028 3332 12996 6378 -2827 -13674 END
START -5240 3704 13380 6673 -3002 -13642 END
START -4388 4160 13572 6896 -3221 -13523 END
START -3592 4544 13788 7097 -3349 -13378 END
START -2776 5124 14112 7220 -3455 -13193 END
START -1776 5572 14336 7272 -3549 -12944 END
START -1084 5980 14696 7316 -3613 -12648 END
START -108 6460 14896 7336 -3627 -12257 END
START 680 7152 15260 7226 -3590 -11856 END
START 1180 7284 15412 7081 -3643 -11415 END
START 1908 7708 15668 6877 -3659 -10885 END
START 2828 7968 15620 6668 -3629 -10350 END
START 3480 8212 15700 6413 -3380 -9833 END
START 4256 8376 15420 6181 -3062 -9314 END
START 4816 8480 15428 5887 -2721 -8889 END
START 5308 8620 15348 5559 -2222 -8461 END
START 5644 8708 15172 5274 -1727 -8103 END
START 5988 8736 15188 4962 -1062 -7751 END
START 6056 8608 15248 4651 -334 -7444 END
START 6024 8536 15428 4386 311 -7211 END
START 5864 8288 15388 4055 991 -7003 END
START 5616 8076 15712 3793 1620 -6892 END
START 5220 7840 16240 3521 2222 -6860 END
START 4816 7536 16864 3261 2654 -6866 END
START 4532 7604 17136 3089 2998 -6948 END
START 4296 7352 17668 2875 3220 -7049 END
START 4096 7388 18072 2677 3359 -7162 END
START 4028 7264 18364 2457 3520 -7252 END
START 3996 7448 18720 2200 3562 -7301 END
START 4192 7636 18996 1971 3557 -7281 END
START 4256 7824 19348 1731 3517 -7206 END
START 4212 8104 19676 1507 3419 -7044 END
START 4228 8528 19852 1377 3263 -6759 END
START 4388 8612 20020 1230 3087 -6405 END
START 4336 8756 20344 1155 2896 -5980 END
START 4348 8836 20608 1097 2633 -5526 END
START 4468 8940 20736 1027 2357 -5036 END
START 4300 8756 20752 928 2026 -4528 END
START 4272 8696 20816 848 1748 -4034 END
START 4184 8580 20660 753 1503 -3522 END
START 3860 8484 20744 635 1218 -2992 END
START 3328 8284 20692 510 893 -2456 END
START 3068 7884 20476 433 662 -1908 END
START 2548 7308 20552 364 503 -1422 END
START 2008 6760 20628 303 260 -966 END
START 1712 6312 20724 275 36 -655 END
START 1192 5636 20608 215 -209 -377 END
START 360 5288 20920 154 -490 -184 END
START -116 4824 20760 63 -803 -39 END
START -508 4392 20832 0 -1156 73 END
START -1004 3888 20800 -92 -1468 61 END
START -1172 3312 20544 -192 -1745 98 END
START -1224 2984 20204 -290 -1964 74 END
START -1176 2648 19884 -426 -1998 -98 END
START -1180 2408 19652 -540 -1901 -196 END
START -1360 2180 19504 -694 -1788 -408 END
START -1420 2056 19368 -900 -1676 -549 END
START -1748 1908 19568 -1106 -1553 -685 END
START -1852 1572 19460 -1305 -1448 -806 END
START -2048 1408 19556 -1511 -1394 -961 END
START -2552 1368 19920 -1671 -1296 -1101 END
START -2776 1300 19836 -1823 -1341 -1232 END
START -3096 1288 20024 -1949 -1418 -1310 END
START -3588 1348 20280 -2031 -1549 -1383 END
START -3784 1364 20336 -2118 -1702 -1436 END
START -3968 1292 20504 -2125 -1930 -1438 END
START -4312 1440 20544 -2196 -2187 -1471 END
START -4424 1464 20684 -2234 -2508 -1486 END
START -4460 1660 20908 -2320 -2817 -1468 END
START -4400 1748 20980 -2363 -3006 -1448 END
START -4624 1820 21068 -2470 -3145 -1376 END
START -4640 1856 21220 -2510 -3345 -1301 END
START -4660 1920 21336 -2576 -3442 -1256 END
START -4560 1764 21380 -2699 -3458 -1257 END
START -4692 1676 21728 -2793 -3598 -1275 END
START -4716 1732 21868 -2923 -3713 -1326 END
START -4864 1592 22188 -3063 -3857 -1424 END
START -4812 1532 22388 -3139 -4011 -1492 END
START -4880 1588 22404 -3308 -4188 -1597 END
START -4820 1816 22568 -3383 -4340 -1680 END
START -4700 2016 22600 -3534 -4463 -1733 END
START -4500 2104 22584 -3606 -4541 -1777 END
START -4460 2296 22692 -3686 -4575 -1824 END
START -4180 2608 22732 -3791 -4567 -1872 END
START -3884 2880 22968 -3948 -4534 -1863 END
START -3684 3196 22816 -4158 -4435 -1824 END
START -3272 3368 22880 -4394 -4302 -1737 END
START -3224 3604 22868 -4682 -4245 -1687 END
START -3172 3708 23164 -4993 -4201 -1590 END
START -2936 3716 23108 -5323 -4094 -1513 END
START -2828 3604 23416 -5682 -3947 -1436 END
START -2768 3676 23652 -5965 -3980 -1341 END
START -2600 3524 23664 -6319 -3985 -1264 END
START -2616 3496 23764 -6647 -4080 -1205 END
START -2404 3268 23572 -6946 -4098 -1149 END
START -2148 3112 23392 -7305 -4170 -1155 END
START -2088 3080 23116 -7564 -4144 -1164 END
START -1876 3024 22752 -7860 -4205 -1209 END
START -1800 2956 22632 -8138 -4142 -1227 END
START -1468 3024 22268 -8385 -4062 -1275 END
START -1352 2968 22164 -8618 -3968 -1266 END
START -1144 2896 22004 -8833 -3905 -1302 END
START -1128 2980 22064 -9029 -3857 -1342 END
START -1152 3160 21832 -9225 -3890 -1329 END
START -896 3248 21564 -9473 -3818 -1297 END
START -564 3032 21668 -9708 -3819 -1275 END
START -432 3092 21556 -9958 -3892 -1253 END
START -196 3360 21140 -10174 -3910 -1240 END
START 116 3628 20632 -10439 -3926 -1261 END
START 776 4036 19876 -10703 -3797 -1203 END
START 1264 4288 19420 -11003 -3572 -1079 END
START 1552 4416 19084 -11287 -3298 -817 END
START 2048 4416 18896 -11558 -3059 -546 END
START 2260 4244 18620 -11762 -2823 -313 END
START 2676 4164 18356 -11973 -2582 -65 END
START 2844 4256 18200 -12113 -2344 153 END
START 3088 4140 18148 -12284 -2079 320 END
START 3104 4060 18040 -12373 -1948 573 END
START 3060 3988 17868 -12516 -1917 804 END
START 3004 3840 17700 -12571 -1913 1059 END
START 3104 3736 17512 -12723 -1891 1285 END
START 3340 3796 17200 -12812 -1929 1497 END
START 3380 3636 16832 -12892 -1872 1745 END
START 3520 3760 16488 -12994 -1897 1967 END
START 3616 3688 16064 -13089 -1914 2223 END
START 3636 3824 15696 -13136 -1880 2524 END
START 3692 3912 15228 -13138 -1930 2832 END
START 3964 3860 14892 -13134 -1809 3189 END
START 4116 3856 14324 -13139 -1691 3503 END
START 4136 3924 13896 -13132 -1455 3861 END
START 4220 3852 13620 -13146 -1251 4242 END
START 4236 3780 13412 -13175 -1032 4607 END
START 4044 3732 13220 -13204 -879 4951 END
START 4004 3504 12916 -13246 -735 5290 END
START 3736 3372 12652 -13259 -546 5609 END
START 3372 3060 12392 -13233 -418 5936 END
START 3088 2880 12136 -13182 -318 6193 END
START 2708 2516 11740 -13122 -259 6499 END
START 2492 2220 11584 -13003 -207 6719 END
START 2304 2112 11312 -12918 -136 6900 END
START 2060 1832 10952 -12793 -76 7079 END
START 1916 1452 10688 -12668 -55 7213 END
START 1776 1184 10368 -12580 -5 7332 END
START 1524 872 9888 -12421 59 7426 END
START 1440 760 9772 -12321 115 7491 END
START 1300 612 9316 -12172 207 7577 END
START 1336 376 8880 -12035 425 7644 END
START 1152 380 8940 -11928 637 7693 END
START 860 256 8760 -11800 819 7769 END
START 848 320 8596 -11676 926 7850 END
START 548 64 8432 -11561 1079 7918 END
START 300 -88 8440 -11444 1168 7967 END
START 264 -188 8352 -11362 1288 7970 END
START 180 -244 8192 -11261 1413 7991 END
START 96 -464 7896 -11152 1423 7993 END
START 0 -608 7500 -11017 1575 7996 END
START -120 -628 7368 -10909 1709 8026 END
START -152 -688 7180 -10735 1845 8049 END
START -224 -836 6864 -10572 2023 8031 END
START -212 -876 6608 -10422 2189 8042 END
START -188 -972 6648 -10265 2446 8045 END
START -336 -944 6736 -10152 2621 8049 END
START -584 -956 6512 -9976 2704 8092 END
START -672 -872 6532 -9855 2879 8167 END
START -836 -844 6444 -9731 2964 8285 END
START -1020 -960 6440 -9571 3103 8392 END
START -1180 -1032 6280 -9450 3236 8539 END
START -1240 -1084 6312 -9328 3360 8618 END
START -1260 -1276 6092 -9198 3524 8677 END
START -1384 -1164 6032 -9049 3740 8747 END
START -1428 -1212 5868 -8963 3922 8822 END
START -1636 -1128 5904 -8829 4079 8954 END
START -1784 -1148 6068 -8742 4128 9109 END
START -1984 -988 5956 -8621 4108 9306 END
START -2028 -1012 6048 -8457 4091 9543 END
START -2156 -864 6024 -8253 4026 9819 END
START -2348 -912 5976 -8052 3901 10067 END
START -2524 -924 5956 -7776 3721 10320 END
START -2736 -832 5896 -7461 3450 10579 END
START -2868 -1016 5612 -7139 3232 10825 END
START -3252 -1348 5516 -6801 3007 11037 END
START -3688 -1868 5212 -6370 2646 11173 END
START -4404 -2360 5096 -5884 2302 11216 END
START -4816 -2948 4976 -5287 1924 11189 END
START -5052 -3496 4944 -4659 1576 11023 END
START -5228 -3772 4436 -3908 1394 10741 END
START -5288 -3848 4180 -3190 1311 10375 END
START -5216 -3984 4036 -2491 1372 10015 END
START -5136 -3976 4152 -1855 1447 9563 END
START -5228 -3912 4256 -1351 1609 9181 END
START -4980 -3700 4448 -1001 1736 8773 END
START -4976 -3648 4484 -705 1844 8363 END
START -4640 -3524 4560 -514 2114 7962 END
START -4608 -3276 4904 -385 2365 7578 END
START -4464 -3072 4972 -361 2536 7207 END
START -4068 -2828 5116 -286 2798 6916 END
START -4064 -2672 5304 -245 3019 6594 END
START -3744 -2348 5560 -142 3237 6329 END
START -3588 -2160 5460 -10 3410 6096 END
START -3364 -1792 5700 133 3644 5882 END
START -3088 -1372 5824 319 3856 5770 END
START -2732 -800 6008 513 3948 5746 END
START -2644 -268 6404 690 4017 5739 END
START -2516 268 6572 908 4056 5908 END
START -2312 812 7072 1169 3952 6134 END
START -2144 1048 7200 1399 3802 6465 END
START -1976 1360 7572 1662 3602 6816 END
START -1760 1696 7812 1891 3400 7195 END
START -1764 1980 8036 2132 3080 7588 END
START -1476 2108 8292 2379 2813 8030 END
START -1400 2240 8428 2611 2494 8435 END
START -1260 2556 8460 2840 2246 8930 END
START -1288 2560 8544 3101 1982 9395 END
START -1340 2668 8448 3344 1685 9849 END
START -1400 2692 8596 3660 1372 10391 END
START -1464 2656 8628 3967 1135 10845 END
START -1628 2556 8452 4314 912 11247 END
START -1920 2392 8464 4672 813 11672 END
START -2308 2092 8460 5018 792 11922 END
START -2760 1792 8820 5290 607 12156 END
START -3332 1292 8928 5644 468 12291 END
START -3644 932 9060 5870 279 12226 END
START -3860 684 9112 6111 143 12090 END
START -4136 464 9200 6288 26 11794 END
START -4260 496 9024 6481 -27 11544 END
START -4312 400 9164 6604 -19 11279 END
START -4280 328 8940 6660 117 10942 END
START -4172 440 8920 6705 269 10634 END
START -3992 304 8812 6671 481 10289 END
START -4104 468 8744 6636 773 9932 END
START -4140 436 8528 6543 980 9600 END
START -4216 488 8572 6476 1181 9304 END
START -4340 684 8524 6440 1398 9033 END
START -4492 816 8564 6513 1639 8795 END
START -4548 920 8404 6609 1828 8576 END
START -4700 1012 8360 6771 2044 8418 END
START -4868 1108 8228 6968 2320 8266 END
START -5204 1032 8236 7251 2440 8141 END
START -5376 968 8136 7563 2631 8037 END
START -5348 1020 8304 7855 2788 7892 END
START -5576 968 8564 8128 2921 7797 END
START -5784 1092 8808 8410 2942 7725 END
START -6056 1232 8868 8682 2837 7673 END
START -6072 1444 9344 8951 2744 7700 END
START -6276 1564 9376 9216 2578 7788 END
START -6296 1380 9608 9441 2424 7820 END
START -6440 1404 9888 9695 2235 7883 END
START -6468 1480 10188 9926 2056 7891 END
START -6688 1628 10260 10201 1890 7961 END
START -6932 1704 10592 10471 1685 7999 END
START -7160 1896 10872 10716 1468 8074 END
START -7624 2020 10952 10927 1285 8166 END
START -7844 2256 11192 11107 1067 8239 END
START -7956 2344 11208 11315 873 8337 END
START -8280 2284 11292 11374 670 8411 END
START -8312 2296 11408 11482 537 8427 END
START -8496 2320 11412 11590 381 8420 END
START -8748 2264 11392 11592 370 8366 END
START -9096 2140 11280 11590 352 8212 END
START -9420 2128 11564 11947 296 8045 END
START -9712 1892 11880 11749 173 7819 END
START -9912 1880 11908 12147 32 7521 END
START -10068 1828 12028 12140 -105 7194 END
START -10344 1772 11960 12122 -252 6838 END
START -10352 1840 11660 12449 -263 6410 END
START -10348 2008 11756 12568 -282 5996 END
START -10496 1980 11648 12882 -196 5609 END
START -10496 2084 11756 12951 -163 5230 END
START -10472 2036 11780 13110 -77 4909 END
START -10572 2176 11912 13221 -47 4540 END
START -10560 2472 12012 13312 -55 4151 END
START -10664 2592 12144 13361 -30 3797 END
START -10728 2972 12468 13447 -59 3481 END
START -10924 3136 12816 13545 -185 3258 END
START -11184 3360 13236 13682 -243 3081 END
START -11344 3472 13556 13785 -447 2946 END
START -11536 3616 13936 13959 -621 2752 END
START -11412 3680 14272 14123 -784 2596 END
START -11548 3856 14580 14214 -947 2405 END
START -11548 3816 14692 14299 -1122 2240 END
START -11748 3904 14904 14341 -1317 2005 END
START -11592 3980 15132 14360 -1486 1777 END
START -11668 4136 15144 14368 -1697 1537 END
START -11720 4372 15520 14363 -1963 1281 END
START -11664 4600 15724 14396 -2176 1053 END
START -11532 4832 15828 14382 -2377 840 END
START -11600 5320 16004 14397 -2607 686 END
START -11572 5664 16028 14408 -2854 574 END
START -11324 5884 15996 14339 -2917 526 END
START -11236 6092 16120 14312 -3117 462 END
START -11280 6140 16268 14182 -3199 421 END
START -11188 6160 16384 14069 -3354 353 END
START -11224 6116 16452 13951 -3443 261 END
START -11420 5976 16396 13792 -3578 111 END
START -11144 5708 16388 13663 -3628 -45 END
START -11300 5444 16472 13533 -3701 -276 END
START -11316 5320 16436 13511 -3783 -499 END
START -11512 5144 16352 13438 -3859 -763 END
START -11776 5092 16500 13415 -3854 -1096 END
START -11852 4972 16304 13487 -3850 -1384 END
START -12040 5080 16352 13488 -3802 -1740 END
START -12204 4972 16372 13418 -3785 -2152 END
START -12200 4864 16484 13351 -3635 -2680 END
START -12356 4532 16468 13251 -3540 -3207 END
START -12520 4380 16588 13184 -3407 -3832 END
START -12584 4296 16700 13070 -3274 -4394 END
START -12584 4292 17072 12998 -3161 -5035 END
START -12568 4316 17056 12724 -3044 -5705 END
START -12464 4472 17408 12585 -3039 -6309 END
START -12476 4600 17720 12284 -3154 -6849 END
START -12412 4944 17840 12363 -3333 -7279 END
START -12176 5244 17912 11993 -3589 -7625 END
START -12088 5580 18136 12022 -3881 -7889 END
START -12072 5824 18256 12040 -4226 -8079 END
START -11988 5932 18236 11986 -4645 -8211 END
START -11808 5916 17968 11961 -4960 -8321 END
START -11656 5928 17856 11929 -5284 -8349 END
START -11420 5960 17780 12143 -5695 -8403 END
START -11208 5928 17500 12135 -5959 -8422 END
START -10952 5948 17456 12429 -6113 -8471 END
START -10748 6112 17156 12448 -6344 -8486 END
START -10556 6220 17156 12642 -6537 -8507 END
START -10424 6200 17104 12779 -6768 -8495 END
START -10064 6104 16800 12718 -6886 -8550 END
START -9560 6008 16756 12592 -6880 -8607 END
START -9124 6264 16552 12536 -6733 -8743 END
START -8792 6460 16640 12357 -6462 -8870 END
START -8732 6504 16552 12449 -6178 -8983 END
START -8512 6516 16588 11983 -5970 -9124 END
START -8508 6392 16888 11988 -5705 -9254 END
START -8440 6228 16908 11811 -5546 -9451 END
START -8248 6308 17160 11458 -5311 -9670 END
START -8204 6364 17068 11192 -5058 -9939 END
START -8004 6260 17064 10944 -4790 -10186 END
START -8008 6144 17096 10746 -4612 -10481 END
START -7912 6068 17180 10585 -4489 -10705 END
START -7788 5796 17060 10415 -4352 -11057 END
START -7552 5632 16992 10346 -4163 -11335 END
START -7332 5404 16848 10286 -3868 -11752 END
START -7208 5240 16804 10208 -3634 -12154 END
START -7048 5244 16820 10110 -3395 -12597 END
START -7092 5220 16712 9979 -3120 -13087 END
START -7132 5284 17048 9851 -2871 -13545 END
START -7044 5348 17060 9727 -2595 -14012 END
START -6956 5380 17144 9556 -2345 -14416 END
START -6740 5460 17196 9352 -2103 -14833 END
START -6520 5780 17296 9149 -1845 -15256 END
START -6300 6396 17400 8893 -1610 -15635 END
START -5868 6988 17280 8583 -1329 -15993 END
START -5240 7476 17336 8189 -830 -16216 END
START -4968 7848 17544 7758 -252 -16395 END
START -4612 8208 17620 7256 308 -16428 END
START -4540 8492 18220 6728 988 -16413 END
START -4424 8816 18684 6215 1611 -16454 END
START -4436 9012 19444 5729 2146 -16492 END
START -4536 9224 20472 5200 2578 -16538 END
START -4504 9508 21184 4625 2825 -16564 END
START -4524 9880 22236 4052 2994 -16505 END
START -4504 10348 22980 3419 2938 -16381 END
START -4480 10836 23728 2821 2811 -16170 END
START -4456 11432 24464 2186 2547 -15830 END
START -4352 12036 24896 1583 2173 -15382 END
START -4092 12480 25512 969 1728 -14812 END
START -3492 12940 25720 424 1362 -14119 END
START -3128 13068 26020 -117 988 -13345 END
START -2844 13152 26104 -583 552 -12596 END
START -2284 13160 26224 -1049 122 -11751 END
START -1876 13420 26192 -1455 -410 -10893 END
START -1584 13336 25780 -1866 -966 -10081 END
START -1180 12992 25400 -2262 -1376 -9218 END
START -832 12636 24824 -2617 -1753 -8373 END
START -692 12160 24184 -2943 -1983 -7598 END
START -616 11568 23556 -3181 -2288 -6879 END
START -656 10932 22688 -3358 -2494 -6238 END
START -620 10132 21616 -3509 -2500 -5751 END
START -708 9656 21052 -3522 -2353 -5424 END
START -628 9120 20488 -3549 -2108 -5243 END
START -740 9072 19916 -3533 -1795 -5156 END
START -924 9036 19344 -3530 -1429 -4970 END
START -812 7996 18400 -3680 -818 -4825 END
START -688 7744 18140 -3991 -247 -4759 END
START -404 7436 17844 -4394 178 -4779 END
START -284 7028 17628 -4857 518 -4927 END
START 52 6700 17132 -5310 839 -5170 END