START -6512 1300 18632 9205 -3820 103 END
START -9908 1500 24272 9082 -5046 -327 END
START -7796 32 13080 9530 -3644 -705 END
START -4904 696 11832 9754 -3415 -1157 END
START -5168 660 12704 10175 -2358 -1703 END
START -7440 668 15200 10437 -928 -2256 END
START -8492 368 15936 10795 297 -2880 END
START -8228 208 15352 11076 1247 -3457 END
START -8044 -60 15048 11280 2355 -4055 END
START -8760 -172 15544 11538 3650 -4783 END
START -9580 -224 16848 11693 4765 -5463 END
START -9896 -268 17256 11738 5958 -6225 END
START -9872 -196 17336 11605 7269 -7023 END
START -9940 -12 17864 11500 8612 -7847 END
START -10492 44 18912 11387 9800 -8737 END
START -11028 144 20044 11113 10826 -9583 END
START -11344 276 20944 10741 11777 -10440 END
START -11556 556 21816 10214 12587 -11322 END
START -11752 748 22852 9644 13219 -12170 END
START -12136 908 24084 9020 13452 -12944 END
START -12588 1264 25312 8299 13795 -13666 END
START -12752 1352 26256 7544 13786 -14377 END
START -12776 1484 27020 6743 13490 -15020 END
START -12844 1692 27848 5891 12947 -15600 END
START -12928 1708 28828 5088 12805 -16181 END
START -12880 1880 29432 4283 12056 -16731 END
START -12832 2008 30160 3443 11302 -17235 END
START -12592 2096 30788 2705 10432 -17742 END
START -12452 2192 31160 1996 9460 -18185 END
START -12220 2464 31712 1329 8422 -18595 END
START -12012 2716 31892 709 7326 -18987 END
START -11732 2872 32368 156 6164 -19291 END
START -11276 3028 32484 -367 5040 -19562 END
START -10716 3196 32468 -861 3998 -19771 END
START -10144 3484 32388 -1333 2990 -19927 END
START -9604 3692 32260 -1850 1975 -20046 END
START -8908 4020 32088 -2302 1163 -20096 END
START -8144 4364 31704 -2845 490 -20084 END
START -7312 4736 31208 -3402 -35 -20011 END
START -6596 5120 30864 -3970 -306 -19926 END
START -5776 5416 30464 -4570 -372 -19775 END
START -5160 5744 30360 -5312 -270 -19580 END
START -4452 6044 29768 -6036 -12 -19390 END
START -3896 6244 29600 -6827 320 -19161 END
START -3408 6448 29184 -7657 748 -18949 END
START -2688 6640 29288 -8570 1257 -18724 END
START -2096 6704 29108 -9474 1852 -18508 END
START -1852 6716 28872 -10457 2445 -18334 END
START -1352 6736 28696 -11392 3055 -18165 END
START -868 6916 28772 -12368 3611 -18068 END
START -680 7012 28744 -13289 4148 -17962 END
START -308 6968 28652 -14185 4635 -17814 END
START -284 6868 28740 -15073 5030 -17700 END
START 84 6776 28616 -15910 5358 -17556 END
START 212 6720 28360 -16698 5592 -17409 END
START 336 6760 28520 -17383 5684 -17240 END
START 524 6644 28160 -18016 5773 -17079 END
START 644 6500 27880 -18598 5795 -16862 END
START 968 6416 27756 -19041 5700 -16637 END
START 1164 6204 27456 -19441 5601 -16405 END
START 1356 6188 27276 -19754 5409 -16168 END
START 1416 6156 26904 -20075 5200 -15877 END
START 1628 6036 26676 -20329 4969 -15611 END
START 1780 6024 26544 -20534 4618 -15281 END
START 1904 5988 25968 -20822 4291 -14949 END
START 2328 5876 25568 -21084 3954 -14565 END
START 2516 5840 25092 -21366 3651 -14186 END
START 2612 5732 24472 -21592 3329 -13786 END
START 2736 5660 24316 -21880 3005 -13409 END
START 2828 5712 23644 -22142 2664 -13001 END
START 3016 5732 23348 -22392 2296 -12607 END
START 3012 5844 22988 -22644 1881 -12207 END
START 3144 5708 22596 -22797 1415 -11763 END
START 2900 5524 22024 -22971 922 -11366 END
START 3016 5408 21668 -23024 415 -10919 END
START 3116 5280 21436 -23070 -59 -10543 END
START 3172 5264 20788 -23032 -586 -10069 END
START 3200 5224 20548 -22933 -1133 -9651 END
START 3116 5180 20096 -22826 -1679 -9146 END
START 2984 5168 19764 -22657 -2213 -8704 END
START 3096 5088 19564 -22474 -2861 -8222 END
START 2952 5000 19072 -22273 -3469 -7719 END
START 2868 4944 18548 -22048 -4041 -7245 END
START 2892 4824 18024 -21830 -4558 -6753 END
START 2808 4796 17492 -21610 -5009 -6319 END
START 2772 4652 17052 -21435 -5460 -5872 END
START 2792 4512 16712 -21215 -5944 -5417 END
START 2848 4424 16244 -21072 -6322 -4995 END
START 2732 4380 15932 -20911 -6663 -4586 END
START 2940 4236 15484 -20803 -6955 -4177 END
START 3084 4128 15032 -20717 -7175 -3777 END
START 3260 3988 14472 -20662 -7282 -3407 END
START 3404 3884 14148 -20642 -7314 -2990 END
START 3528 3748 13664 -20678 -7280 -2626 END
START 3564 3800 13396 -20737 -7246 -2302 END
START 3640 3708 12968 -20819 -7137 -1897 END
START 3488 3764 12800 -20912 -7094 -1521 END
START 3708 3708 12424 -20985 -7006 -1168 END
START 3652 3800 12300 -21109 -6961 -801 END
START 3684 3764 11688 -21185 -6865 -385 END
START 3676 3724 11516 -21301 -6796 -23 END
START 3724 3696 11028 -21302 -6761 353 END
START 3772 3624 10684 -21404 -6661 785 END
START 3736 3632 10532 -21426 -6564 1178 END
START 3800 3588 10052 -21455 -6451 1630 END
START 3892 3496 9728 -21497 -6290 2021 END
START 3856 3364 9372 -21489 -6112 2476 END
START 3872 3452 8840 -21471 -5926 2897 END
START 3832 3404 8352 -21445 -5750 3334 END
START 3832 3412 8296 -21410 -5588 3777 END
START 3700 3276 7920 -21377 -5418 4184 END
START 3692 3324 7556 -21318 -5281 4635 END
START 3764 3256 7080 -21224 -5131 5072 END
START 3780 3224 6700 -21069 -4993 5486 END
START 3708 3144 6388 -20844 -4823 5999 END
START 3620 3252 5976 -20616 -4698 6474 END
START 3536 3192 5332 -20312 -4576 6987 END
START 3512 3036 5056 -19987 -4436 7544 END
START 3400 2860 4668 -19629 -4324 8079 END
START 3312 2832 4368 -19210 -4258 8692 END
START 3192 2796 3888 -18740 -4095 9240 END
START 3116 2816 3768 -18300 -3980 9810 END
START 3224 2956 3512 -17781 -3843 10415 END
START 3152 2932 3116 -17284 -3730 11044 END
START 2920 2940 2788 -16725 -3569 11697 END
START 2928 3124 2404 -16199 -3478 12439 END
START 2640 3292 2200 -15653 -3369 13130 END
START 2468 3356 1956 -15069 -3315 13626 END
START 2328 3364 1656 -14511 -3262 14354 END
START 2152 3392 1596 -13871 -3327 15083 END
START 2008 3452 1660 -13220 -3348 15788 END
START 1936 3352 1440 -12595 -3355 16513 END
START 1744 3332 1396 -11903 -3382 17196 END
START 1620 3356 1260 -11177 -3406 17978 END
START 1332 3404 1188 -10487 -3504 18716 END
START 1132 3396 952 -9732 -3677 19397 END
START 916 3520 900 -9038 -3814 20085 END
START 792 3424 772 -8315 -3931 20790 END
START 700 3448 580 -7563 -4098 21499 END
START 576 3496 368 -6791 -4186 22198 END
START 420 3548 532 -6020 -4300 22836 END
START 348 3652 16 -5253 -4312 23526 END
START -64 3584 84 -4485 -4342 24150 END
START -432 3692 -8 -3711 -4349 24844 END
START -844 3980 12 -2953 -4314 25442 END
START -1128 3952 -112 -2170 -4389 26082 END
START -1408 3936 -272 -1397 -4385 26714 END
START -1616 3808 -380 -642 -4350 27320 END
START -1924 3664 -408 145 -4315 27883 END
START -2164 3456 -464 884 -4194 28399 END
START -2448 3484 -564 1606 -4017 28856 END
START -2948 3192 -768 2357 -3831 29279 END
START -3076 3004 -1032 3061 -3574 29660 END
START -3516 2864 -1000 3782 -3256 29990 END
START -3748 2596 -1132 4469 -2814 30270 END
START -4236 2504 -1328 5185 -2353 30447 END
START -4916 2368 -1396 5854 -1805 30547 END
START -5320 2228 -1288 6497 -1299 30618 END
START -5852 1944 -1200 7186 -824 30562 END
START -6408 1652 -1352 7808 -394 30466 END
START -6644 1468 -1316 8451 51 30285 END
START -7080 1184 -1192 9185 537 30025 END
START -7696 732 -968 9882 1047 29639 END
START -8236 304 -804 10595 1523 29158 END
START -8800 -228 -428 11242 1882 28635 END
START -9268 -688 -140 12102 2201 27902 END
START -9820 -1168 232 12496 2496 27114 END
START -10152 -1728 156 13203 2737 26290 END
START -10452 -2204 488 13686 2972 25339 END
START -10628 -2548 516 14275 3203 24329 END
START -10588 -2676 612 14724 3419 23223 END
START -10748 -2808 536 15152 3653 22201 END
START -10648 -2804 552 15558 3910 21016 END
START -10712 -2824 464 15916 4251 19872 END
START -10560 -2740 536 16251 4657 18691 END
START -10452 -2536 160 16569 5093 17559 END
START -10232 -2172 164 16881 5592 16445 END
START -10100 -1732 -20 17201 6166 15497 END
START -9868 -1332 -164 17486 6792 14515 END
START -9920 -1004 -332 17796 7563 13640 END
START -9896 -520 -556 18173 8389 12877 END
START -9944 -256 -472 18545 9216 12409 END
START -10088 232 -492 18962 9995 11768 END
START -10164 440 -216 19412 10845 11267 END
START -10280 660 -68 19923 11580 10807 END
START -10628 888 196 20404 12171 10382 END
START -10752 1096 636 20914 12572 9939 END
START -10960 1212 984 21520 13193 9467 END
START -11252 1352 1416 22115 13120 9025 END
START -11688 1396 2072 22776 13167 8555 END
START -11796 1304 2636 23528 13664 8048 END
START -12116 1112 3212 24307 13661 7559 END
START -12452 824 3960 25138 13365 7021 END
START -12980 444 4732 25949 13139 6447 END
START -13388 264 5460 26722 12935 5818 END
START -13888 -204 6116 27415 12630 5196 END
START -14256 -648 6940 28136 11753 4446 END
START -14672 -1008 7872 28823 10906 3622 END
START -14900 -1404 8596 29447 10007 2681 END
START -15076 -1660 9112 29992 9050 1702 END
START -15244 -1980 9920 30502 8081 679 END
START -15724 -2472 10840 30969 7075 -393 END
START -15940 -2700 11740 31356 5924 -1519 END
START -16140 -3144 12488 31736 4655 -2692 END
START -16336 -3568 13332 32076 3246 -3945 END
START -16560 -3632 13960 32374 1788 -5286 END
START -16728 -3740 14752 32605 331 -6653 END
START -16972 -3820 15320 32767 -1224 -8158 END
START -16876 -3772 15848 32767 -2741 -9685 END
START -16852 -3424 16224 32767 -4300 -11244 END
START -16932 -3232 16760 32767 -5789 -12785 END
START -16832 -2984 17172 32767 -7235 -14338 END
START -16452 -2552 17808 32767 -8546 -15833 END
START -16108 -2252 18084 32767 -9707 -17259 END
START -15500 -1720 18544 32767 -10715 -18653 END
START -15168 -944 18796 32767 -11489 -19951 END
START -14692 -144 18912 32767 -12029 -21231 END
START -14232 676 19120 32767 -12290 -22287 END
START -13468 1600 19040 32767 -12328 -23339 END
START -12608 2308 19228 32767 -12024 -24274 END
START -11936 3060 19424 32531 -11424 -25120 END
START -11192 3856 19164 32026 -10555 -25890 END
START -10428 4844 19596 31472 -9438 -26604 END
START -9692 5768 20220 30967 -8155 -27252 END
START -8972 6576 20664 30410 -6760 -27816 END
START -8476 7308 21496 29909 -5311 -28303 END
START -7712 8220 22716 29456 -3822 -28738 END
START -7240 8780 23612 29091 -2373 -29078 END
START -6744 9396 25032 28782 -898 -29355 END
START -6100 10240 25972 28488 516 -29450 END
START -5784 11284 27292 28150 1825 -29447 END
START -5164 12512 28656 27655 3095 -29318 END
START -4620 13708 30196 27037 4214 -29043 END
START -4040 14884 31904 26232 5135 -28558 END
START -3652 15312 32767 25231 5903 -27824 END
START -3220 15784 32767 24032 6458 -26898 END
START -2900 16036 32767 22660 6842 -25717 END
START -2616 16152 32767 20968 7041 -24347 END
START -2408 16076 32767 19247 6970 -22861 END
START -2188 15732 32767 17234 6552 -21259 END
START -2088 15388 32767 15245 5826 -19774 END
START -1968 14864 32767 13046 4872 -18223 END
START -1824 14396 32767 11141 3697 -16876 END
START -1708 13844 32767 8912 2336 -15530 END
START -1528 13232 32767 6999 813 -14360 END
START -1600 12552 32767 5137 -872 -13229 END
START -1796 12048 32767 3387 -2697 -12121 END
START -1844 11596 32767 1838 -4575 -11127 END
START -1968 11296 32767 411 -6596 -10142 END
START -1844 10988 32767 -921 -8609 -9160 END
START -1756 10696 32767 -2106 -10516 -8186 END
START -1612 10380 32767 -3168 -12301 -7237 END
START -1364 10128 32767 -4076 -13966 -6253 END
START -952 9820 32767 -4973 -15452 -5271 END
START -616 9500 32767 -5709 -16738 -4327 END
START -400 9100 32767 -6356 -17707 -3461 END
START -364 8816 31504 -6991 -18609 -2522 END
START -176 8576 29848 -7531 -19338 -1634 END
START -340 8384 28340 -8095 -19897 -781 END
START -96 7968 26764 -8585 -20275 38 END
START 20 7652 25340 -9012 -20478 722 END
START 192 7200 23812 -9418 -20517 1376 END
START 392 6752 22236 -9844 -20284 1973 END
START 396 6280 21092 -10204 -19980 2496 END
START 384 5936 20060 -10509 -19575 2938 END
START 200 5540 18816 -10812 -19072 3340 END
START 124 5192 18084 -11066 -18574 3664 END
START -60 4900 17260 -11302 -17994 4004 END
START -112 4588 16516 -11432 -17416 4225 END
START -420 4364 15716 -11555 -16734 4459 END
START -600 4144 15252 -11633 -16065 4599 END
START -952 3856 14640 -11621 -15408 4751 END
START -1112 3720 14352 -11600 -14777 4881 END
START -1500 3604 13936 -11526 -14206 4991 END
START -1580 3432 13596 -11402 -13671 5052 END
START -1824 3204 13528 -11227 -13124 5149 END
START -2080 3016 13176 -11025 -12563 5202 END
START -2272 2932 13024 -10814 -12169 5313 END
START -2496 2648 12864 -10573 -11626 5360 END
START -2580 2480 12644 -10276 -11124 5448 END
START -2812 2380 12596 -10058 -10666 5470 END
START -2992 2172 12500 -9800 -10282 5480 END
START -3192 2008 12548 -9547 -9909 5510 END
START -3412 1968 12520 -9327 -9649 5445 END
START -3564 1832 12396 -9079 -9372 5475 END
START -3780 1756 12588 -8856 -9238 5434 END
START -3880 1596 12504 -8631 -9067 5402 END
START -3952 1488 12612 -8394 -8944 5379 END
START -3976 1420 12672 -8145 -8860 5320 END
START -4084 1240 12644 -7947 -8713 5270 END
START -4192 1224 12756 -7699 -8618 5230 END
START -4360 1216 12916 -7524 -8488 5148 END
START -4484 1224 13156 -7284 -8422 5061 END
START -4592 1160 13304 -7140 -8370 5005 END
START -4636 1076 13304 -6967 -8413 4895 END
START -4840 1012 13272 -6830 -8506 4849 END
START -4836 896 13596 -6696 -8589 4710 END
START -4948 760 13652 -6567 -8656 4562 END
START -5104 708 13888 -6444 -8745 4406 END
START -5160 636 14036 -6307 -8853 4250 END
START -5308 592 14124 -6175 -9019 4038 END