START -1744 -288 12500 -1565 2524 -1401 END
START 4888 -164 2720 -1513 1673 -1515 END
START 1464 -820 5936 -1249 2600 -1510 END
START -704 -1120 10112 -1198 3468 -1623 END
START -1628 -1160 11120 -930 4129 -1729 END
START -2056 -1144 12060 -671 4472 -1873 END
START -2084 -1088 11848 -286 4845 -1961 END
START -1888 -1016 11828 90 5203 -2066 END
START -1948 -668 11936 347 5676 -2143 END
START -2188 -320 12284 500 6098 -2260 END
START -2500 28 13032 422 6286 -2374 END
START -2736 324 13548 334 6461 -2431 END
START -2848 432 14124 148 6485 -2442 END
START -2764 404 14272 -65 6556 -2456 END
START -3184 292 14876 -350 6532 -2424 END
START -3324 248 15284 -668 6394 -2352 END
START -3516 464 15672 -1021 6202 -2293 END
START -3640 556 16000 -1352 6076 -2289 END
START -3452 780 16364 -1766 5928 -2239 END
START -3320 780 16636 -2189 5763 -2138 END
START -3272 904 16736 -2613 5545 -2028 END
START -3024 940 16768 -3010 5368 -1837 END
START -2736 1048 16464 -3422 5315 -1645 END
START -2264 1272 16088 -3767 5427 -1452 END
START -2188 1552 15816 -4077 5540 -1260 END
START -2016 1556 15608 -4318 5681 -1042 END
START -1752 1308 15376 -4547 5726 -776 END
START -2168 1068 15768 -4695 5688 -506 END
START -2312 760 15464 -4760 5502 -245 END
START -2448 452 15296 -4713 5304 -16 END
START -2540 304 15168 -4588 5069 158 END
START -2668 220 14768 -4350 4810 376 END
START -2816 44 14772 -4092 4463 562 END
START -2880 -84 14556 -3729 4156 719 END
START -2868 -364 14496 -3364 3781 886 END
START -3032 -484 14408 -3030 3386 1024 END
START -3204 -340 14252 -2672 3054 1137 END
START -3092 -352 14268 -2370 2709 1231 END
START -3088 -428 14136 -2042 2473 1358 END
START -3172 -700 14404 -1789 2167 1463 END
START -3348 -832 14496 -1617 1916 1544 END
START -3468 -920 14780 -1433 1651 1573 END
START -3656 -1084 14960 -1334 1393 1585 END
START -3672 -1384 15200 -1280 1169 1495 END
START -3812 -1576 14932 -1282 1016 1363 END
START -3988 -1844 15080 -1357 894 1159 END
START -4120 -1924 15016 -1400 822 941 END
START -4096 -2072 14816 -1495 814 696 END
START -4004 -2240 14712 -1562 872 464 END
START -3972 -2272 14628 -1560 1017 222 END
START -3844 -2392 14724 -1631 1093 -11 END
START -3796 -2372 14708 -1653 1233 -237 END
START -3784 -2356 14508 -1631 1436 -440 END
START -3712 -2364 14516 -1630 1547 -643 END
START -3508 -2320 14584 -1611 1651 -748 END
START -3612 -2356 14608 -1617 1748 -882 END
START -3520 -2244 14788 -1576 1777 -949 END
START -3456 -2160 14588 -1533 1759 -1020 END
START -3316 -2004 14660 -1471 1797 -1023 END
START -3232 -2096 14716 -1416 1769 -1035 END
START -3236 -1964 14840 -1333 1730 -1013 END
START -3196 -1612 14640 -1235 1623 -921 END
START -3172 -1464 14592 -1174 1519 -834 END
START -3004 -1308 14716 -1097 1438 -663 END
START -3100 -1232 14712 -984 1302 -484 END
START -2916 -1288 14780 -919 1170 -299 END
START -3080 -1296 14944 -816 954 -75 END
START -3032 -1400 14988 -697 705 96 END
START -3128 -1472 15244 -618 423 262 END
START -3208 -1588 15164 -514 161 392 END
START -3392 -1536 15188 -376 -210 499 END
START -3544 -1472 15188 -253 -452 612 END
START -3604 -1552 15004 -142 -701 712 END
START -3588 -1612 14624 6 -885 727 END
START -3636 -1568 14576 82 -955 781 END
START -3624 -1580 14372 204 -1021 764 END
START -3580 -1592 14444 251 -1035 753 END
START -3608 -1656 14416 237 -1055 713 END
START -3556 -1640 14356 208 -1061 729 END
START -3608 -1656 14316 127 -1061 659 END
START -3676 -1592 14472 82 -1036 629 END
START -3660 -1548 14448 2 -1061 598 END
START -3656 -1632 14320 -11 -1089 554 END
START -3552 -1620 14428 -74 -1145 498 END
START -3760 -1528 14160 -54 -1149 399 END
START -3536 -1456 13932 -110 -1188 351 END
START -3560 -1424 13752 -96 -1191 267 END
START -3508 -1376 13760 -155 -1221 217 END
START -3448 -1320 13528 -142 -1191 178 END
START -3360 -1256 13352 -127 -1140 151 END
START -3332 -1280 13024 -123 -1095 63 END
START -3240 -1304 12892 -79 -1084 29 END
START -3256 -1192 12844 -7 -1053 -31 END
START -3276 -1116 12592 87 -1056 -92 END
START -3260 -1072 12636 170 -1051 -144 END
START -3200 -888 12480 244 -1105 -191 END
START -3156 -712 12332 316 -1142 -182 END
START -3132 -580 12044 415 -1126 -209 END
START -3088 -408 11780 492 -1154 -216 END
START -3028 -168 11688 548 -1146 -247 END
START -2924 -20 11420 616 -1150 -245 END
START -2816 20 11460 656 -1166 -271 END
START -2704 144 11040 687 -1115 -258 END
START -2532 112 11088 752 -1083 -249 END
START -2532 460 11072 782 -1031 -235 END
START -2492 600 10832 835 -1087 -216 END
START -2436 784 10552 901 -1040 -213 END
START -2452 832 10388 959 -1133 -171 END
START -2468 1036 10288 1003 -1139 -155 END
START -2220 1216 10216 1079 -1181 -112 END
START -2112 1544 9732 1162 -1202 -63 END
START -1992 1568 9408 1245 -1206 11 END
START -2000 1728 9180 1307 -1213 42 END
START -1728 1980 8904 1385 -1143 115 END
START -1796 2188 8700 1438 -1164 218 END
START -1760 2424 8260 1511 -1157 314 END
START -1632 2632 8136 1565 -1177 478 END
START -1528 2652 7984 1674 -1183 581 END
START -1480 2684 7692 1813 -1213 704 END
START -1608 2780 7408 1999 -1289 833 END
START -1332 2680 7012 2160 -1302 901 END
START -1248 2788 6464 2366 -1298 958 END
START -1152 3008 6100 2620 -1180 993 END
START -1108 3180 5676 2910 -1069 1073 END
START -972 3352 5348 3137 -875 1117 END
START -816 3408 5216 3426 -747 1200 END
START -652 3432 5088 3625 -621 1233 END
START -540 3264 4984 3899 -469 1287 END
START -376 3036 5108 4085 -385 1259 END
START -140 2864 4960 4313 -331 1261 END
START 20 2788 4900 4487 -264 1224 END
START 96 2772 4856 4705 -181 1220 END
START 48 2988 4736 4927 -131 1240 END
START 252 3128 4544 5142 2 1278 END
START 184 3276 4284 5393 179 1324 END
START 272 3440 4292 5608 439 1429 END
START 392 3420 4232 5828 631 1507 END
START 200 3552 4208 6041 824 1621 END
START 100 3700 4076 6195 1052 1773 END
START -52 3772 4184 6389 1150 1868 END
START -164 3720 4320 6609 1210 1979 END
START -256 3652 4484 6873 1186 2072 END
START -324 3672 4780 7116 1138 2214 END
START -384 3664 4744 7371 1025 2330 END
START -408 3692 4700 7771 857 2514 END
START -484 3840 4856 8143 770 2673 END
START -532 3932 4560 8498 638 2876 END
START -564 4036 4504 8868 505 3064 END
START -692 4080 4212 9205 448 3300 END
START -576 4120 4300 9577 410 3501 END
START -800 4220 4364 9912 408 3697 END
START -892 4092 4300 10336 381 3902 END
START -864 3928 4544 10705 424 4090 END
START -960 3924 4660 11157 411 4289 END
START -1112 3892 5008 11528 436 4452 END
START -1364 3900 5320 12038 400 4651 END
START -1340 3836 5540 12231 372 4776 END
START -1420 3684 5824 12276 325 4876 END
START -1304 3632 5860 12728 295 4935 END
START -1428 3592 6108 12952 451 4986 END
START -1364 3584 6172 13131 592 4965 END
START -1264 3492 6464 13338 787 4969 END
START -1320 3652 6584 13519 1042 4965 END
START -1560 3592 7028 13734 1284 4962 END
START -1736 3760 7772 13900 1457 4904 END
START -2068 3840 8120 14136 1479 4861 END
START -2380 3932 8848 14309 1455 4837 END
START -2784 4012 9380 14485 1427 4760 END
START -3152 4060 10068 14618 1340 4696 END
START -3488 4196 10536 14755 1180 4632 END
START -3748 4272 10844 14876 1074 4479 END
START -3824 4328 11496 14958 976 4373 END
START -3972 4516 12104 15035 900 4236 END
START -4100 4620 12464 15044 836 4156 END
START -4016 4768 12916 15043 833 4038 END
START -4036 4880 13452 15024 780 3965 END
START -3904 5064 14100 14905 671 3914 END
START -3836 5208 14520 14786 610 3887 END
START -3752 5164 14848 14692 512 3914 END
START -3556 5408 15364 14535 394 3909 END
START -3640 5532 15928 14420 238 3944 END
START -3776 5700 16496 14283 -18 3979 END
START -4008 5764 16956 14195 -355 3930 END
START -4228 5796 17324 14118 -759 3883 END
START -4252 5856 17600 14071 -1185 3792 END
START -4156 5744 17840 14079 -1557 3648 END
START -4064 5708 17644 14135 -1764 3521 END
START -4108 5652 17968 14235 -2059 3346 END
START -4064 5596 18176 14365 -2201 3183 END
START -4100 5700 18624 14624 -2362 3044 END
START -4272 5660 19080 14801 -2494 2898 END
START -4180 5636 19896 15044 -2711 2803 END
START -4468 5456 20568 15287 -2872 2699 END
START -4612 5272 21236 15442 -3084 2606 END
START -4500 5120 21960 15474 -3326 2493 END
START -4280 4628 22456 15518 -3494 2343 END
START -3988 4464 23088 15463 -3520 2160 END
START -3544 4088 23504 15417 -3459 1986 END
START -3256 4104 23716 15209 -3137 1672 END
START -3200 4248 23812 14859 -2697 1423 END
START -3228 4608 24352 14403 -2150 1285 END
START -3460 4892 25212 13944 -1586 1338 END
START -3584 4976 26096 13595 -1166 1536 END
START -3564 5012 26632 13257 -753 1712 END
START -3532 4960 27024 12838 -407 1783 END
START -3780 4680 27612 12302 -24 1764 END
START -3748 4352 28260 12028 298 1779 END
START -3844 3924 28752 11441 485 1766 END
START -3844 3660 29380 10887 630 1806 END
START -4144 3472 30032 10399 681 1962 END
START -4176 3344 30584 10005 691 2155 END
START -4536 2920 30928 9656 664 2369 END
START -4732 2728 31224 9332 595 2619 END
START -4860 2456 31520 9046 544 2778 END
START -5132 2200 31616 8716 516 2914 END
START -5260 1856 31888 8406 529 2982 END
START -5428 1556 32220 8056 611 2970 END
START -5464 1232 32292 7739 718 2944 END
START -5572 1176 32767 7380 901 2867 END
START -6028 1112 32767 7001 1021 2790 END
START -6128 1328 32767 6593 1076 2727 END
START -6372 1476 32767 6115 1093 2687 END
START -6576 1684 32767 5587 1069 2557 END
START -6768 1824 32767 5084 1003 2515 END
START -6896 1852 32767 4536 929 2460 END
START -7012 1852 32767 4059 822 2452 END
START -7084 1924 32767 3612 672 2399 END
START -7512 1924 32767 3168 551 2298 END
START -7864 1964 32767 2739 439 2215 END
START -8020 1760 32767 2277 309 2047 END
START -8212 1564 32767 1881 182 1852 END
START -8428 1488 32767 1427 42 1595 END
START -8396 1456 32767 981 -53 1332 END
START -8452 1336 32767 570 -122 1043 END
START -8552 1396 32767 171 -183 742 END
START -8368 1304 32767 -271 -227 483 END
START -8380 1292 32767 -675 -271 215 END
START -8300 1316 32767 -1140 -202 -30 END
START -8276 1552 32767 -1549 -168 -316 END
START -8292 1468 32767 -2042 -106 -583 END
START -8156 1636 32540 -2475 -11 -814 END
START -7948 1656 32344 -2931 96 -1054 END
START -7800 1584 32084 -3354 172 -1282 END
START -7588 1772 31888 -3799 289 -1443 END
START -7424 1816 31892 -4271 346 -1624 END
START -7288 1800 31632 -4753 372 -1783 END
START -7136 2128 31380 -5155 379 -1916 END
START -6936 2096 30932 -5550 404 -2033 END
START -6740 2064 30568 -5917 403 -2160 END
START -6568 2288 30492 -6327 403 -2259 END
START -6412 2456 29952 -6621 367 -2331 END
START -6284 2656 29668 -7022 333 -2383 END
START -6036 2944 29312 -7314 238 -2454 END
START -5732 3184 28912 -7675 163 -2454 END
START -5520 3276 28588 -7981 74 -2456 END
START -5136 3440 27964 -8275 15 -2424 END
START -4760 3484 27540 -8624 69 -2318 END
START -4328 3688 26980 -8934 140 -2202 END
START -3988 3920 26664 -9229 342 -2088 END
START -3764 4128 26352 -9567 414 -1899 END
START -3712 4244 25800 -9930 544 -1729 END
START -3448 4252 25512 -10232 620 -1544 END
START -3204 4284 25144 -10570 783 -1351 END
START -3200 4240 24848 -10826 789 -1198 END
START -3056 4152 24256 -11105 835 -1006 END
START -2956 4124 24144 -11284 927 -849 END
START -3028 4048 23684 -11402 891 -715 END
START -2908 4072 23620 -11514 810 -564 END
START -3164 3848 23128 -11546 693 -429 END
START -3292 3880 22908 -11553 592 -317 END
START -3528 3940 22416 -11523 499 -248 END
START -3688 3716 22068 -11554 345 -199 END
START -3920 3652 21692 -11507 236 -212 END
START -4116 3416 21412 -11490 165 -281 END
START -4232 3260 21108 -11498 125 -405 END
START -4432 3116 20844 -11467 105 -560 END
START -4412 3032 20508 -11497 155 -802 END
START -4432 2820 20260 -11527 210 -1029 END
START -4432 2776 20152 -11608 346 -1307 END
START -4432 2824 19976 -11656 434 -1538 END
START -4456 2820 19500 -11792 598 -1772 END
START -4400 3024 19556 -11926 703 -2018 END
START -4296 2984 19352 -12022 775 -2231 END
START -4364 3168 19080 -12100 816 -2410 END
START -4108 3140 19116 -12182 835 -2594 END
START -3860 3128 18768 -12285 853 -2727 END
START -3764 3128 18576 -12328 925 -2846 END
START -3588 3136 18420 -12402 974 -2940 END
START -3564 2948 18124 -12401 1047 -3020 END
START -3464 3260 17900 -12401 1068 -3082 END
START -3432 3232 17764 -12383 1082 -3157 END
START -3424 3448 17520 -12381 1113 -3223 END
START -3380 3540 17220 -12374 1126 -3253 END
START -3244 3680 17208 -12402 1067 -3244 END
START -3148 3744 17016 -12401 1008 -3254 END
START -3148 3808 16820 -12454 975 -3233 END
START -3116 3700 16732 -12483 832 -3206 END
START -3008 3740 16472 -12481 731 -3163 END
START -2728 3700 16196 -12457 601 -3156 END
START -2848 3744 15804 -12380 459 -3116 END
START -2792 3740 15764 -12342 298 -3094 END
START -2656 3688 15512 -12161 164 -3065 END
START -2608 3724 15168 -12081 3 -3010 END
START -2520 3880 14944 -11958 -151 -2988 END
START -2324 3940 14424 -11810 -312 -2902 END
START -2356 4004 14032 -11674 -397 -2866 END
START -2104 4076 13880 -11494 -487 -2785 END
START -1952 4048 13492 -11401 -547 -2713 END
START -1664 4068 13288 -11268 -571 -2656 END
START -1556 4048 12996 -11163 -622 -2580 END
START -1396 4036 12896 -11012 -648 -2527 END
START -1144 4092 12620 -10877 -692 -2449 END
START -1140 4204 12204 -10730 -689 -2334 END
START -1184 4212 12324 -10582 -762 -2251 END
START -1256 4292 12124 -10457 -828 -2124 END
START -1252 4244 11936 -10358 -928 -2026 END
START -1356 4176 11788 -10244 -1049 -1954 END
START -1340 4212 11636 -10097 -1187 -1913 END
START -1360 4156 11396 -9973 -1285 -1878 END
START -1444 4004 11252 -9819 -1402 -1869 END
START -1432 3824 11220 -9623 -1518 -1885 END
START -1436 3644 11080 -9477 -1604 -1921 END
START -1480 3672 11048 -9337 -1678 -1974 END
START -1392 3756 10772 -9211 -1793 -2009 END
START -1544 3824 10628 -9102 -1846 -2085 END
START -1356 3780 10492 -9008 -1892 -2117 END
START -1328 3648 10256 -8883 -1859 -2094 END
START -1164 3744 9988 -8771 -1857 -2097 END
START -1152 3780 10028 -8715 -1775 -2036 END
START -1160 3744 9684 -8624 -1678 -2001 END
START -1188 3856 9396 -8495 -1605 -1939 END
START -1196 3872 9348 -8360 -1567 -1879 END
START -1328 3608 9260 -8265 -1500 -1799 END
START -1420 3592 9156 -8110 -1417 -1752 END
START -1452 3368 9068 -7937 -1401 -1687 END
START -1376 3340 8756 -7757 -1385 -1639 END
START -1424 3224 8668 -7567 -1301 -1616 END
START -1472 3048 8584 -7408 -1217 -1605 END
START -1448 2784 8472 -7256 -1243 -1557 END
START -1328 2724 8572 -7090 -1246 -1542 END
START -1024 2572 8540 -6927 -1235 -1475 END
START -924 2312 8392 -6799 -1246 -1418 END
START -948 2368 8332 -6673 -1212 -1353 END
START -908 2220 8220 -6511 -1223 -1279 END
START -796 2128 8304 -6376 -1236 -1172 END
START -788 2024 8160 -6203 -1271 -1080 END
START -876 2000 8084 -6028 -1320 -973 END
START -704 1924 7776 -5845 -1354 -833 END
START -852 1920 7564 -5678 -1422 -736 END
START -804 1768 7504 -5442 -1436 -615 END
START -788 1724 7372 -5264 -1433 -528 END
START -872 1536 7456 -5032 -1470 -434 END
START -964 1532 7288 -4770 -1459 -326 END
START -1180 1396 7308 -4508 -1506 -314 END
START -1248 1236 7124 -4221 -1546 -261 END
START -1556 1020 7364 -3921 -1589 -295 END
START -1948 1084 7212 -3621 -1625 -304 END
START -1916 1080 7104 -3331 -1717 -351 END
START -2004 1028 7104 -3045 -1694 -380 END
START -2144 1068 6960 -2770 -1650 -431 END
START -2232 1112 7040 -2503 -1560 -466 END
START -2328 1080 7000 -2260 -1437 -505 END
START -2352 1040 7280 -2017 -1334 -549 END
START -2392 904 7540 -1766 -1229 -604 END
START -2412 900 7840 -1582 -1181 -642 END
START -2568 956 8168 -1396 -1173 -701 END
START -2600 1092 8568 -1237 -1153 -708 END
START -2784 1120 9016 -1095 -1245 -756 END
START -2712 1376 9228 -1014 -1417 -709 END
START -2820 1516 9528 -940 -1659 -666 END
START -2752 1616 10132 -868 -1988 -539 END
START -2760 1556 10328 -792 -2409 -403 END
START -2664 1476 10576 -693 -2892 -171 END
START -2592 1556 10748 -582 -3319 63 END
START -2516 1368 10844 -419 -3749 332 END
START -2448 1636 10976 -284 -4258 610 END
START -2392 1400 10960 -102 -4632 884 END
START -2364 1180 10868 107 -4979 1171 END
START -2356 1000 10908 319 -5271 1396 END
START -2348 812 10920 537 -5543 1608 END
START -2392 636 10764 726 -5717 1772 END
START -2492 528 10724 922 -5843 1848 END
START -2420 448 10644 1051 -5825 1982 END
START -2340 492 10748 1150 -5696 1937 END
START -2300 460 10740 1207 -5462 1915 END
START -2296 340 10672 1157 -5125 1840 END
START -2376 224 10692 1079 -4751 1758 END
START -2376 324 10972 924 -4271 1623 END
START -2588 336 11264 734 -3807 1428 END
START -2608 356 11400 529 -3342 1253 END
START -2780 304 11748 301 -2919 1012 END
START -2836 280 11984 133 -2564 797 END
START -3080 316 12328 -66 -2252 578 END
START -3056 324 12680 -242 -2026 335 END
START -3000 224 12740 -439 -1804 90 END
START -3144 248 12608 -567 -1608 -113 END
START -3316 408 12900 -706 -1397 -327 END
START -3216 200 12648 -817 -1133 -506 END
START -3212 144 12796 -896 -951 -683 END
START -3276 16 12752 -968 -723 -844 END
START -3348 -28 12816 -980 -539 -1017 END
START -3120 -208 12712 -991 -375 -1174 END
START -3056 -324 12676 -995 -235 -1323 END
START -2888 -324 12936 -957 -147 -1450 END
START -2880 -260 13080 -935 -100 -1517 END
START -2708 -360 13108 -868 -94 -1555 END
START -2552 -288 13272 -779 -93 -1560 END
START -2352 -300 13064 -733 -175 -1545 END
START -2240 -272 13320 -668 -191 -1482 END
START -2044 -324 13340 -598 -308 -1401 END
START -1940 -220 13144 -548 -387 -1311 END
START -1852 -208 13216 -485 -441 -1130 END
START -1688 -212 13072 -376 -532 -954 END
START -1620 -288 12876 -263 -514 -711 END
START -1624 -296 12760 -125 -506 -575 END
START -1968 -464 12880 30 -458 -375 END
START -1908 -576 12908 182 -419 -231 END
START -2036 -496 12816 318 -362 -106 END
START -2208 -604 13136 411 -279 -35 END
START -2336 -520 13112 488 -270 91 END
START -2524 -524 13356 548 -231 167 END
START -2588 -468 13520 554 -210 270 END
START -2800 -568 13504 576 -177 310 END
START -2864 -632 13704 579 -192 437 END
START -3084 -760 13864 580 -212 484 END
START -3304 -904 13728 577 -203 523 END
START -3340 -964 13752 640 -178 565 END
START -3456 -1068 13868 690 -107 520 END
START -3592 -1204 13684 762 -35 503 END
START -3612 -1296 13800 825 107 475 END
START -3836 -1420 13940 862 208 454 END
START -4072 -1400 14080 919 299 392 END
START -4164 -1392 14140 960 427 283 END
START -4404 -1524 14224 952 484 159 END
START -4560 -1716 14384 985 556 5 END
START -4836 -1900 14532 988 625 -145 END
START -4940 -2108 14880 1024 672 -374 END
START -5092 -2120 14976 1035 663 -633 END
START -5252 -2188 15176 1038 683 -820 END
START -5288 -2196 15180 1075 720 -1102 END
START -5348 -2068 15032 1078 752 -1265 END
START -5456 -2008 15276 1103 793 -1467 END
START -5356 -1896 15336 1098 857 -1636 END
START -5540 -1836 15552 1145 905 -1754 END
START -5744 -1812 16028 1220 905 -1832 END
START -5988 -1692 16040 1279 891 -1910 END
START -6064 -1748 16188 1362 847 -1951 END
START -6140 -1652 16404 1409 857 -1996 END
START -6560 -1632 16676 1452 773 -1991 END
START -6884 -1500 16940 1541 730 -1937 END
START -7060 -1448 17264 1543 612 -1910 END
START -7492 -1516 17480 1607 503 -1823 END
START -7724 -1556 17848 1573 390 -1771 END
START -8048 -1576 17920 1614 235 -1677 END
START -8384 -1636 18188 1539 95 -1651 END
START -8552 -1600 18328 1465 2 -1641 END
START -8952 -1656 18384 1364 -90 -1628 END
START -9232 -1564 18172 1199 -111 -1628 END
START -9484 -1488 18044 1038 -101 -1591 END
START -9688 -1536 17896 886 26 -1621 END
START -10004 -1624 17940 730 177 -1701 END
START -10228 -1764 17796 605 352 -1801 END
START -10548 -2052 17908 427 514 -1959 END
START -10972 -2124 17868 212 656 -2174 END
START -11136 -2044 17932 15 786 -2425 END
START -11232 -2064 17752 -228 903 -2758 END
START -11676 -1984 17364 -460 1092 -3059 END
START -11824 -2096 17284 -697 1266 -3396 END
START -11976 -2088 16956 -926 1554 -3763 END
START -12040 -2300 16716 -1119 1822 -4154 END
START -12248 -2420 16548 -1309 2116 -4561 END
START -12320 -2504 16432 -1500 2396 -5008 END
START -12188 -2828 16420 -1662 2586 -5519 END
START -12172 -2712 16240 -1842 2736 -5969 END
START -11984 -2724 16044 -1961 2887 -6426 END
START -11728 -2760 15924 -2045 3034 -6854 END
START -11480 -2716 15700 -2098 3141 -7227 END
START -11240 -2540 15392 -2127 3271 -7535 END
START -11016 -2456 14868 -2124 3278 -7790 END
START -10648 -2436 14912 -2119 3408 -8027 END
START -10252 -2324 14416 -2074 3517 -8190 END
START -9860 -2164 13992 -1983 3635 -8360 END
START -9560 -2124 13620 -1924 3782 -8479 END
START -9376 -2072 13372 -1846 3941 -8578 END
START -9088 -2156 13200 -1754 4118 -8637 END
START -8848 -2128 12888 -1634 4253 -8753 END
START -8564 -2380 12800 -1493 4400 -8773 END
START -8504 -2432 12480 -1318 4489 -8816 END
START -8288 -2504 12472 -1136 4496 -8899 END
START -8252 -2608 12324 -914 4538 -8948 END
START -8104 -2632 12236 -687 4497 -9041 END
START -7740 -2696 11972 -417 4443 -9183 END
START -7612 -2732 11932 -144 4441 -9354 END
START -7364 -2704 11752 92 4409 -9470 END
START -7080 -2620 11588 326 4434 -9617 END
START -6644 -2368 11412 562 4473 -9731 END
START -6476 -2244 11376 773 4485 -9868 END
START -6096 -2180 11340 992 4506 -9957 END
START -5848 -2100 11264 1202 4500 -10032 END
START -5540 -1868 11232 1444 4513 -10098 END
START -5128 -1816 11436 1644 4496 -10187 END
START -4768 -1612 11432 1922 4487 -10196 END
START -4356 -1408 11464 2156 4552 -10234 END
START -3996 -1176 11452 2334 4588 -10241 END
START -3752 -808 11720 2475 4619 -10263 END
START -3516 -640 11876 2580 4641 -10219 END
START -3224 -436 11812 2671 4700 -10168 END
START -2936 -264 11928 2751 4753 -10095 END
START -2800 -160 11992 2826 4893 -10042 END
START -2672 -76 12132 2933 4939 -10007 END
START -2544 -88 12248 3009 5048 -9976 END
START -2400 -80 12596 3024 5154 -9996 END
START -2348 -16 12664 3094 5163 -9992 END
START -2260 -52 12692 3136 5213 -10038 END
START -2084 -44 12836 3155 5218 -10148 END
START -1916 -112 12892 3211 5232 -10200 END
START -1856 4 13272 3253 5222 -10292 END
START -1636 32 13272 3344 5181 -10368 END
START -1516 36 13320 3405 5158 -10438 END
START -1196 156 13540 3570 5129 -10540 END
START -1172 256 13684 3700 5023 -10641 END
START -864 336 13956 3811 4952 -10679 END
START -556 652 14172 3909 4849 -10745 END
START -388 836 14584 4046 4658 -10784 END
START -132 1148 15152 4115 4537 -10770 END
START -4 1552 15360 4208 4293 -10756 END
START 348 1852 15876 4258 3982 -10647 END
START 564 2208 16168 4301 3705 -10518 END
START 772 2308 16272 4286 3391 -10322 END
START 1272 2352 16524 4315 3102 -10151 END
START 1620 2424 16620 4336 2832 -9929 END
START 2072 2488 16692 4305 2618 -9753 END
START 2524 2480 16792 4319 2446 -9574 END
START 2784 2644 17000 4312 2226 -9374 END
START 3068 2616 16808 4306 2065 -9152 END
START 3432 2756 17056 4265 1904 -8896 END
START 3664 2852 17432 4239 1685 -8696 END
START 3832 2912 17440 4228 1504 -8451 END
START 4112 2876 17376 4147 1308 -8194 END
START 4484 2856 17708 4124 1092 -7953 END
START 4548 2852 17576 4071 928 -7666 END
START 4848 2872 17720 4007 815 -7406 END
START 4932 2836 17812 3941 703 -7108 END
START 5088 2780 17756 3850 617 -6859 END
START 5132 2628 17920 3757 491 -6622 END
START 5204 2624 17976 3611 407 -6408 END
START 5276 2792 17892 3493 316 -6205 END
START 5072 2656 17856 3373 260 -6030 END
START 5020 2612 18004 3278 133 -5855 END
START 5100 2572 17948 3169 54 -5665 END
START 5136 2416 17620 3037 54 -5519 END
START 5124 2248 17500 2920 84 -5376 END
START 5200 2140 17520 2758 200 -5294 END
START 5148 2176 17524 2648 247 -5208 END
START 5104 2076 17776 2547 324 -5148 END
START 5176 2172 17636 2401 326 -5047 END
START 5156 1976 17820 2312 294 -4961 END
START 5168 1908 18136 2199 242 -4819 END
START 5164 1856 18172 2085 56 -4702 END
START 5148 1844 18256 1991 -99 -4619 END
START 5344 1816 18380 1914 -349 -4487 END
START 5584 1740 18256 1824 -561 -4397 END
START 5592 1872 18128 1788 -796 -4260 END
START 5788 1956 17980 1753 -980 -4050 END
START 6056 1940 17804 1731 -1151 -3849 END
START 6292 1924 17504 1714 -1214 -3647 END
START 6572 1872 17464 1710 -1267 -3402 END
START 6724 2060 17168 1669 -1293 -3125 END
START 6956 2092 17184 1558 -1284 -2858 END
START 7152 2340 17008 1464 -1240 -2519 END
START 7236 2460 17064 1326 -1259 -2250 END
START 7320 2604 17128 1133 -1242 -1900 END
START 7516 2644 16796 1002 -1260 -1527 END
START 7616 2692 16752 860 -1245 -1213 END
START 7624 2808 16500 713 -1223 -831 END
START 7560 2768 16256 617 -1182 -516 END
START 7624 2820 16116 521 -1090 -140 END
START 7596 2764 15724 496 -967 195 END
START 7420 2824 15680 457 -923 545 END
START 7364 2624 15580 479 -814 845 END
START 7132 2520 15600 481 -804 1118 END
START 7104 2500 15568 490 -742 1364 END
START 6868 2484 15404 467 -753 1573 END
START 6804 2412 15352 419 -670 1756 END
START 6568 2580 15224 408 -719 1965 END
START 6376 2616 15188 445 -724 2075 END
START 6148 2632 15164 462 -762 2205 END
START 6120 2632 15048 490 -749 2342 END
START 5876 2588 15100 552 -778 2409 END
START 5884 2548 15084 647 -797 2481 END
START 5764 2612 14932 648 -815 2559 END
START 5728 2724 14884 690 -826 2611 END
START 5664 2688 15104 686 -762 2672 END
START 5736 2808 14984 673 -746 2790 END
START 5868 3008 15020 620 -721 2856 END
START 5836 3144 14912 590 -630 2981 END
START 6120 3232 15016 540 -594 3134 END
START 6236 3436 15168 455 -481 3328 END
START 6192 3564 15024 376 -364 3589 END
START 6348 3592 15044 265 -295 3847 END
START 6332 3676 15212 162 -175 4133 END
START 6292 3812 15112 46 -155 4424 END
START 6192 3900 15148 -63 -107 4711 END
START 6052 4132 15068 -130 -41 5048 END
START 6100 4164 14844 -230 -33 5340 END
START 6132 4168 14708 -323 62 5685 END
START 5872 4284 14540 -390 145 5952 END
START 5772 4272 14456 -466 219 6265 END
START 5624 4332 14436 -517 355 6524 END
START 5480 4408 14140 -565 373 6764 END
START 5260 4528 13952 -592 514 6966 END
START 5120 4540 14180 -640 546 7201 END
START 4840 4584 14208 -684 617 7391 END
START 4628 4672 13992 -712 635 7596 END
START 4536 4768 13912 -747 730 7705 END
START 4456 4820 13816 -797 765 7897 END
START 4508 4924 13704 -881 851 8024 END
START 4384 4988 13688 -970 1014 8183 END
START 4524 5136 13616 -1035 1131 8342 END
START 4460 5064 13504 -1123 1323 8501 END
START 4156 5128 13464 -1199 1485 8635 END
START 4148 5056 13400 -1319 1596 8803 END
START 4008 5192 13488 -1376 1693 8971 END
START 3916 5160 13452 -1450 1828 9166 END
START 3724 5044 13328 -1532 1979 9313 END
START 3696 5048 13480 -1581 2018 9466 END
START 3448 4892 13324 -1627 2131 9629 END
START 3492 4864 13376 -1707 2193 9808 END
START 3336 4848 13264 -1805 2253 9978 END
START 3220 4848 13284 -1856 2320 10181 END
START 3080 4820 13328 -1968 2400 10401 END
START 2928 4816 13104 -2018 2510 10626 END
START 2784 4796 13056 -2056 2589 10864 END
START 2492 4636 13240 -2101 2694 11121 END
START 2252 4636 13348 -2089 2716 11306 END
START 1792 4704 13300 -2071 2717 11590 END
START 1456 4564 13464 -2050 2636 11821 END
START 1016 4668 13708 -2003 2456 12160 END
START 576 4668 13744 -1930 2220 12473 END
START 204 4832 13724 -1828 1897 12835 END
START -212 4744 13932 -1741 1587 12973 END
START -652 4712 13928 -1602 1228 13169 END
START -1140 4744 13916 -1479 855 13590 END
START -1404 4676 13952 -1333 400 13854 END
START -1792 4592 14004 -1112 -34 14176 END
START -2308 4592 13704 -913 -406 14475 END
START -2728 4460 13496 -663 -758 14792 END
START -3180 4320 13296 -397 -1067 15081 END
START -3688 4124 13068 -101 -1380 15350 END
START -4092 3912 13104 226 -1563 15600 END
START -4524 3500 13100 618 -1787 15742 END
START -5076 2920 13288 956 -1981 15822 END
START -5636 2452 13488 1325 -2122 15792 END
START -5988 1828 13660 1629 -2265 15683 END
START -6556 1436 13684 1878 -2428 15445 END
START -6776 1160 13756 2050 -2442 15199 END
START -6952 980 13856 2200 -2392 14847 END
START -7356 872 14312 2344 -2330 14550 END
START -7676 888 14304 2431 -2249 14271 END
START -7784 944 14640 2509 -2107 14080 END
START -8132 836 15172 2545 -1950 13907 END
START -8344 996 15376 2540 -1792 13794 END
START -8704 928 15724 2464 -1649 13726 END
START -9052 824 16236 2350 -1545 13582 END
START -9564 704 16656 2132 -1484 13615 END
START -9864 488 16856 1952 -1447 13492 END
START -10260 372 17032 1736 -1391 13544 END
START -10696 136 17056 1546 -1337 13453 END
START -11168 -56 17196 1377 -1224 13375 END
START -11496 -320 17116 1226 -1065 13352 END
START -12120 -812 17092 1155 -858 13232 END
START -12496 -1040 16964 1029 -653 13015 END
START -12940 -1476 16948 918 -457 13118 END
START -13348 -1864 16924 738 -235 12632 END
START -13752 -2360 16828 572 9 12600 END
START -13952 -2516 16852 363 203 12116 END
START -14336 -2968 16852 172 441 11791 END
START -14720 -3212 16824 -58 668 11340 END
START -15236 -3504 16608 -210 837 10862 END
START -15656 -3856 16808 -382 984 10360 END
START -16144 -4344 16780 -505 1069 9799 END
START -16520 -4512 16860 -560 1048 9170 END
START -16900 -4908 16660 -560 998 8533 END
START -17140 -4992 16760 -515 920 7811 END
START -17140 -5232 16684 -455 849 7145 END
START -17156 -5308 16632 -350 765 6505 END
START -17060 -5096 16840 -198 597 5914 END
START -17028 -4908 16896 -20 419 5390 END
START -16924 -4708 17152 138 236 4979 END
START -16676 -4400 17156 292 22 4620 END
START -16736 -4204 17532 422 -200 4339 END
START -16628 -3920 17744 558 -493 4146 END
START -16632 -3756 17980 647 -796 3966 END
START -16576 -3684 18168 767 -1189 3835 END
START -16608 -3464 18364 855 -1640 3684 END
START -16560 -3500 18264 937 -2084 3592 END
START -16632 -3456 18180 998 -2527 3488 END
START -16468 -3276 17952 1101 -2922 3317 END
START -16400 -3352 17812 1206 -3243 3153 END
START -16236 -3332 17528 1323 -3487 2981 END
START -16224 -3328 17168 1436 -3583 2774 END
START -16068 -3276 16992 1577 -3620 2546 END
START -16056 -3180 16928 1592 -3589 2256 END
START -16008 -3256 16876 1662 -3480 1932 END
START -15904 -3156 16756 1577 -3420 1579 END
START -15724 -3124 16796 1504 -3249 1180 END
START -15424 -3172 16788 1361 -3154 726 END
START -15348 -3044 16880 1231 -2983 305 END
START -15216 -2960 16668 1060 -2809 -138 END
START -14976 -2744 16344 916 -2594 -556 END
START -14772 -2576 16112 762 -2332 -981 END
START -14748 -2276 15936 640 -2092 -1386 END
START -14524 -2192 15580 582 -1798 -1796 END
START -14528 -2164 15232 485 -1456 -2228 END
START -14348 -2044 15288 434 -1156 -2675 END
START -14304 -1972 15156 439 -919 -3111 END
START -14176 -1776 15248 479 -684 -3546 END
START -14044 -1552 15208 527 -509 -3943 END
START -13956 -1384 15288 594 -369 -4343 END
START -13688 -1136 15216 645 -258 -4661 END
START -13632 -1144 15284 664 -127 -5019 END
START -13468 -920 15368 688 -96 -5337 END
START -13440 -816 15464 685 -49 -5620 END
START -13084 -616 15428 688 -75 -5893 END
START -12976 -340 15404 713 -58 -6142 END
START -12580 -252 15344 780 -124 -6302 END
START -12424 20 15380 829 -172 -6469 END
START -12244 152 15404 911 -216 -6552 END
START -11908 456 15208 1014 -318 -6674 END
START -11800 556 15004 1123 -386 -6772 END
START -11528 660 15128 1246 -411 -6837 END
START -11304 708 14964 1331 -486 -6919 END
START -11076 736 15000 1447 -528 -6983 END
START -10948 732 14932 1494 -538 -7090 END
START -10644 772 14836 1581 -529 -7170 END
START -10460 956 14740 1646 -511 -7239 END
START -10320 996 14640 1638 -489 -7297 END
START -10284 1160 14800 1610 -402 -7368 END
START -10120 1072 14568 1581 -325 -7419 END
START -9920 1160 14416 1538 -204 -7537 END
START -9824 1084 14248 1464 -9 -7639 END
START -9668 1024 14176 1363 217 -7735 END
START -9572 1124 13992 1225 492 -7875 END
START -9404 972 13680 1135 837 -8001 END
START -9220 1000 13736 1035 1093 -8114 END
START -9176 916 13648 916 1382 -8219 END
START -9136 904 13764 850 1652 -8356 END
START -9016 836 13504 742 1873 -8492 END
START -8820 744 13568 691 2066 -8575 END
START -8760 712 13592 689 2218 -8718 END
START -8744 648 13636 659 2328 -8811 END
START -8536 588 13512 624 2372 -8949 END
START -8484 424 13236 659 2476 -9115 END
START -8396 404 13452 702 2496 -9257 END
START -8144 352 13344 756 2545 -9413 END
START -7932 440 13120 809 2606 -9509 END
START -7836 324 13036 936 2681 -9653 END
START -7568 328 13084 1046 2675 -9747 END
START -7512 532 12996 1231 2711 -9865 END
START -7408 684 13000 1351 2681 -9982 END
START -7308 496 13064 1549 2716 -10102 END
START -7172 604 13256 1652 2674 -10147 END
START -6936 752 13484 1804 2553 -10253 END
START -6844 848 13484 1943 2361 -10327 END
START -6704 936 13592 2080 2271 -10395 END
START -6604 1116 13584 2198 2083 -10408 END
START -6360 1168 13756 2288 1961 -10445 END
START -6108 1276 13736 2363 1805 -10455 END
START -5916 1356 13684 2455 1729 -10443 END
START -5708 1496 13672 2531 1685 -10479 END
START -5380 1496 13592 2584 1733 -10471 END
START -5212 1756 13860 2643 1814 -10485 END
START -4940 1832 13896 2642 1892 -10498 END
START -4932 1916 14072 2627 1982 -10519 END
START -4752 2004 14064 2591 2037 -10529 END
START -4580 2032 14172 2502 2126 -10541 END
START -4400 2072 14292 2439 2188 -10568 END
START -4260 2032 14328 2322 2244 -10602 END
START -3972 2104 14180 2295 2296 -10651 END
START -3756 2116 14228 2259 2335 -10731 END
START -3420 2116 14020 2237 2442 -10794 END
START -3060 2056 14200 2210 2528 -10833 END
START -2888 2336 13964 2254 2631 -10914 END
START -2752 2384 14344 2285 2648 -10922 END
START -2404 2392 14496 2385 2684 -10933 END
START -2000 2408 14648 2413 2618 -10941 END
START -1948 2632 14816 2534 2518 -10948 END
START -1584 2736 15008 2603 2375 -10897 END
START -1508 2864 15052 2750 2187 -10934 END
START -1312 2968 15048 2889 2055 -10921 END
START -1000 3028 15240 3077 1927 -10893 END
START -796 3224 15444 3230 1682 -10835 END
START -656 3388 15856 3383 1488 -10817 END
START -468 3624 16164 3510 1161 -10762 END
START -152 3836 16372 3632 849 -10650 END
START 120 4108 16576 3706 493 -10545 END
START 404 4284 16788 3804 161 -10436 END
START 788 4496 17012 3816 -187 -10297 END
START 1100 4608 17004 3876 -514 -10131 END
START 1472 4736 16992 3894 -800 -9920 END
START 1820 4888 17128 3891 -1010 -9707 END
START 2328 5048 17120 3834 -1196 -9495 END
START 2544 5196 17256 3774 -1363 -9266 END
START 3072 5124 17196 3663 -1474 -9020 END
START 3404 5140 16992 3555 -1546 -8783 END
START 3824 5248 17232 3398 -1527 -8566 END
START 4040 5292 16952 3228 -1588 -8349 END
START 4320 5472 16932 3083 -1490 -8100 END
START 4568 5548 16852 2930 -1457 -7859 END
START 4784 5696 16648 2805 -1336 -7597 END
START 5040 5612 16500 2607 -1163 -7335 END
START 5276 5528 16488 2406 -1037 -7125 END
START 5448 5584 16404 2280 -823 -6903 END
START 5584 5644 16232 2051 -659 -6686 END
START 5912 5796 16216 1869 -481 -6458 END
START 5988 5824 16092 1719 -302 -6231 END
START 6220 5932 16036 1547 -196 -6036 END
START 6316 5912 16004 1465 -62 -5770 END
START 6480 5964 15940 1383 42 -5467 END
START 6572 5968 15832 1325 109 -5263 END
START 6700 6076 15828 1354 147 -5002 END
START 6716 5936 15828 1261 175 -4707 END
START 6972 6040 15868 1212 227 -4465 END
START 7012 6044 15880 1208 217 -4209 END
START 7144 6008 15792 1162 228 -3944 END
START 7292 6068 15840 1127 207 -3649 END
START 7236 6268 16100 1160 181 -3371 END
START 7124 6176 15928 1140 11 -3104 END
START 7136 6228 16128 1129 -106 -2860 END
START 7240 6104 16172 1099 -322 -2631 END
START 7216 5992 16252 1086 -489 -2391 END
START 7536 6020 16180 1045 -701 -2178 END
START 7568 6040 16020 1046 -796 -1900 END
START 7808 6196 15908 1015 -908 -1582 END
START 8036 6320 15640 1006 -961 -1279 END
START 8036 6288 15540 939 -998 -930 END
START 8156 6368 15348 912 -933 -591 END
START 8264 6508 15404 806 -919 -194 END
START 8176 6524 15348 692 -841 186 END
START 8380 6456 15052 597 -760 540 END
START 8316 6572 14944 483 -619 938 END
START 8224 6464 14756 414 -524 1311 END
START 8144 6376 14780 267 -340 1722 END
START 8084 6336 14620 197 -174 2064 END
START 7988 6268 14636 72 81 2445 END
START 7852 6144 14676 -106 280 2766 END
START 7680 6060 14480 -271 505 3072 END
START 7472 6048 14692 -489 697 3376 END
START 7284 6008 14512 -713 893 3606 END
START 7092 5976 14456 -927 1056 3875 END
START 6976 5812 14224 -1074 1296 4140 END
START 6788 5876 14096 -1254 1452 4348 END
START 6620 5660 14020 -1414 1686 4586 END
START 6476 5660 13888 -1532 1839 4767 END
START 6348 5336 13876 -1638 1966 4956 END
START 6124 5344 13972 -1728 2062 5148 END
START 6072 5272 14060 -1794 2123 5294 END
START 5908 5384 14188 -1817 2019 5467 END
START 5748 5272 14316 -1856 1910 5634 END
START 5612 5376 14520 -1863 1686 5803 END
START 5404 5372 14636 -1923 1482 5972 END
START 5504 5336 14724 -1990 1213 6202 END
START 5440 5360 14800 -2077 908 6404 END
START 5544 5484 14572 -2173 620 6621 END
START 5668 5584 14540 -2268 432 6825 END
START 5516 5756 14252 -2355 234 7070 END
START 5432 5776 14048 -2374 102 7328 END
START 5300 5764 13748 -2426 -5 7612 END
START 5080 5716 13708 -2475 -74 7846 END
START 4980 5536 13568 -2508 -105 8122 END
START 4672 5504 13372 -2501 -113 8325 END
START 4512 5404 13108 -2476 -93 8516 END
START 4360 5332 13088 -2481 -63 8749 END
START 4092 5408 13056 -2411 -66 8938 END
START 4044 5256 12956 -2348 -17 9139 END
START 3892 5156 13044 -2276 -29 9404 END
START 3808 5004 12904 -2143 -55 9619 END
START 3692 4840 12904 -2062 -67 9831 END
START 3736 4760 13068 -1910 -111 10053 END
START 3532 4736 13168 -1784 -202 10286 END
START 3416 4796 13312 -1662 -253 10531 END
START 3348 4944 13284 -1561 -337 10736 END
START 3324 4836 13328 -1541 -429 10982 END
START 3296 4940 13372 -1492 -498 11226 END
START 3344 5064 13432 -1479 -466 11517 END
START 3356 5100 13192 -1445 -450 11842 END
START 3464 5308 13180 -1475 -348 12099 END
START 3380 5240 13300 -1528 -211 12507 END
START 3424 5360 13156 -1568 -54 12634 END
START 3316 5400 13304 -1654 98 12888 END
START 3196 5408 13256 -1777 288 13371 END
START 2760 5424 13356 -1866 535 13656 END
START 2376 5372 13356 -1990 724 13981 END
START 1928 5224 13452 -2168 909 14288 END
START 1480 5028 13580 -2196 1078 14564 END
START 804 5044 13556 -2345 1146 14735 END
START 308 4628 13644 -2408 1319 14922 END
START -192 4372 13576 -2477 1417 14989 END
START -756 4080 13348 -2497 1473 15066 END
START -1224 3872 13448 -2526 1553 15067 END
START -1572 3524 13168 -2494 1630 15064 END
START -2048 3440 13280 -2471 1651 15029 END
START -2480 3216 13088 -2415 1744 14979 END
START -2724 3096 12792 -2361 1793 14899 END
START -3068 3088 12988 -2231 1811 14795 END
START -3348 3048 13080 -2117 1828 14703 END
START -3700 2984 13068 -1953 1793 14583 END
START -3892 2936 12984 -1776 1678 14480 END
START -4136 3060 13208 -1592 1548 14420 END
START -4264 3224 13008 -1363 1434 14380 END
START -4216 3324 13176 -1106 1277 14440 END
START -4344 3504 13172 -847 1107 14536 END
START -4424 3552 13480 -571 950 14740 END
START -4704 3564 13736 -359 781 14921 END
START -4744 3684 13780 -123 560 15158 END
START -5064 3660 14144 100 381 15379 END
START -5444 3564 14184 295 184 15639 END
START -5852 3636 14364 467 -20 15893 END
START -6124 3608 14620 686 -160 16088 END
START -6508 3368 14676 777 -299 16347 END
START -6852 3220 14672 872 -326 16514 END
START -7724 3020 14772 939 -359 16689 END
START -8164 2876 14856 981 -369 16713 END
START -8784 2500 14672 972 -332 16698 END
START -9372 2212 14784 973 -268 16543 END
START -9868 1936 14732 998 -204 16289 END
START -10600 1624 14544 999 -55 15974 END
START -11144 1508 14528 1006 48 15515 END
START -11564 1132 14828 1075 139 15098 END
START -11788 908 15004 1231 193 14609 END
START -12236 872 15040 1387 150 14140 END
START -12476 772 15020 1587 148 13539 END
START -12668 672 15092 1785 -2 12841 END
START -12880 624 15412 1898 -55 12405 END
START -13112 616 15352 2021 -183 11917 END
START -13224 472 15544 2099 -366 11400 END
START -13336 404 15572 2194 -477 10924 END
START -13548 480 15536 2290 -599 10494 END
START -13596 432 15436 2413 -664 10108 END
START -13680 316 15228 2576 -641 9730 END
START -13800 204 15252 2721 -561 9361 END
START -14160 124 15356 2959 -493 8989 END
START -14512 136 15308 3174 -386 8619 END
START -14812 188 15580 3402 -307 8261 END
START -15112 -64 15620 3579 -205 7909 END
START -15488 -180 15868 3773 -140 7533 END
START -15748 -336 16200 3924 -147 7230 END
START -16048 -460 16484 4046 -53 6858 END
START -16388 -588 16856 4152 -91 6512 END
START -16532 -452 17256 4172 -161 6145 END
START -16904 -332 17428 4165 -237 5804 END
START -17012 -384 17636 4101 -340 5457 END
START -17200 -404 17764 3972 -416 5139 END
START -17408 -372 17836 3879 -554 4836 END
START -17724 -400 17900 3720 -679 4487 END
START -17992 -752 18020 3661 -826 4113 END
START -18156 -764 17948 3617 -977 3712 END
START -18368 -968 18040 3628 -1168 3224 END
START -18360 -972 17964 3692 -1342 2772 END
START -18384 -948 18108 3781 -1487 2259 END
START -18456 -788 17928 3856 -1657 1811 END
START -18484 -580 17860 3899 -1760 1407 END
START -18592 -548 17796 3879 -1860 1001 END
START -18544 -452 17948 3844 -1981 503 END
START -18676 -520 17928 3775 -2009 63 END
START -18496 -532 17916 3653 -2048 -426 END
START -18400 -444 17924 3584 -2059 -909 END
START -18472 -552 17984 3484 -2064 -1466 END
START -18424 -404 17808 3375 -2031 -1965 END
START -18288 -284 17720 3265 -2008 -2526 END
START -18100 -76 17556 3102 -1897 -3028 END
START -17920 68 17352 2983 -1792 -3515 END
START -17760 80 17424 2878 -1718 -3965 END
START -17716 196 17124 2827 -1610 -4439 END
START -17600 384 17220 2783 -1497 -4879 END
START -17448 544 17044 2751 -1432 -5339 END
START -17364 692 17156 2706 -1361 -5800 END
START -17100 816 16928 2686 -1289 -6179 END
START -16884 996 16932 2612 -1215 -6588 END
START -16784 1108 16808 2576 -1122 -6917 END
START -16524 1128 16696 2548 -1065 -7307 END
START -16244 1312 16760 2489 -959 -7638 END
START -16092 1332 16732 2463 -864 -7982 END
START -15772 1616 16744 2444 -826 -8249 END
START -15500 1924 16944 2446 -863 -8516 END
START -15340 2032 17020 2409 -920 -8761 END
START -15036 1892 17312 2407 -1066 -9074 END
START -15148 2580 16788 2338 -1114 -9236 END
START -14908 2700 16872 2278 -1309 -9377 END
START -14540 2868 17004 2189 -1480 -9512 END
START -14496 3024 16920 2087 -1624 -9618 END
START -14368 2996 16668 2001 -1810 -9820 END
START -14144 2852 16672 1929 -1918 -10058 END
START -13940 2788 16636 1866 -2046 -10315 END
START -13780 2604 16140 1864 -2192 -10669 END
START -13492 2828 15812 1895 -2237 -10977 END
START -13232 2888 15812 1874 -2299 -11315 END
START -12864 2948 15484 1896 -2332 -11621 END
START -12640 2960 15196 1910 -2299 -11985 END
START -12184 3044 14784 1904 -2243 -12279 END
START -11920 3244 14548 1949 -2177 -12603 END
START -11520 3128 14384 2084 -2017 -12944 END
START -11116 3336 14244 2170 -1917 -13204 END
START -10860 3332 14152 2335 -1790 -13521 END
START -10536 3388 14120 2527 -1663 -13798 END
START -10060 3432 13992 2656 -1556 -14039 END
START -9684 3612 14108 2778 -1437 -14313 END
START -9304 3676 14328 2821 -1393 -14539 END
START -8728 3752 14320 2822 -1368 -14729 END
START -8220 3936 14372 2790 -1258 -14900 END
START -7792 4064 14220 2713 -1174 -15015 END
START -7244 4072 14108 2645 -1075 -15116 END
START -6692 4472 14052 2535 -917 -15194 END
START -6252 4692 13704 2486 -658 -15258 END
START -5728 4936 13804 2414 -384 -15235 END
START -5232 5048 13668 2283 -52 -15187 END
START -4732 5228 13560 2191 276 -15155 END
START -4436 5308 13476 2027 631 -14994 END
START -4028 5348 13620 1854 1022 -14911 END
START -3568 5376 13520 1690 1396 -14762 END
START -3236 5528 13676 1479 1729 -14620 END
START -2788 5472 13752 1342 2019 -14471 END
START -2612 5532 13704 1131 2207 -14228 END
START -2484 5520 13704 1021 2391 -14058 END
START -1984 5640 13796 879 2453 -13828 END
START -1960 5524 13988 836 2479 -13603 END
START -1680 5504 13684 846 2399 -13362 END
START -1436 5508 13796 917 2282 -13116 END
START -1044 5392 13736 1071 2137 -12827 END
START -884 5348 13632 1260 1949 -12561 END
START -616 5264 13648 1463 1677 -12308 END
START -396 5060 13632 1711 1402 -11992 END
START -136 5044 13684 1967 1048 -11731 END
START 296 4768 13776 2213 673 -11470 END
START 616 4592 13568 2526 318 -11200 END
START 1032 4572 13548 2885 19 -11006 END
START 1508 4588 13220 3236 -195 -10766 END
START 1756 4644 13276 3578 -310 -10585 END
START 1912 4912 13148 3870 -412 -10348 END
START 2316 5268 13152 4134 -412 -10165 END
START 2532 5368 13376 4304 -344 -9945 END
START 2684 5316 13476 4421 -271 -9767 END
START 2844 5248 13616 4539 -227 -9591 END
START 3104 5308 14280 4613 -242 -9458 END
START 3296 5236 14680 4732 -250 -9315 END
START 3416 5504 15048 4753 -286 -9186 END
START 3592 5604 15376 4777 -338 -9047 END
START 3748 5856 15692 4741 -387 -8918 END
START 3764 6060 15728 4673 -479 -8791 END
START 4104 6040 15892 4584 -486 -8638 END
START 4248 6248 16104 4442 -514 -8481 END
START 4324 6332 16152 4318 -439 -8350 END
START 4508 6420 16360 4111 -382 -8191 END
START 4676 6504 16248 3954 -239 -8019 END
START 4620 6564 16424 3726 -170 -7900 END
START 4704 6640 16648 3508 -28 -7767 END
START 4852 6700 16744 3312 105 -7624 END
START 4824 6672 16948 3089 179 -7492 END
START 4872 6748 17036 2820 284 -7352 END
START 5016 6864 17404 2615 345 -7239 END
START 4936 7212 17448 2320 434 -7095 END
START 4976 7192 17824 2064 420 -6864 END
START 4828 7272 17816 1741 196 -6659 END
START 4904 7308 18036 1481 117 -6514 END
START 4848 7356 18100 1208 48 -6364 END
START 4876 7520 18076 899 -159 -6180 END
START 4792 7680 18056 626 -251 -6003 END
START 4728 8176 18096 374 -377 -5858 END
START 4724 7424 17932 133 -539 -5689 END
START 4684 7496 18056 -73 -621 -5554 END
START 4652 7520 17772 -295 -770 -5424 END
START 4852 7464 18000 -446 -904 -5319 END
START 4704 7592 18220 -669 -1089 -5192 END
START 4616 7824 17884 -864 -1383 -5046 END
START 4920 7844 18116 -1030 -1715 -4897 END
START 4920 7776 17988 -1186 -1987 -4683 END
START 5172 7584 17976 -1280 -2225 -4441 END
START 5156 7540 17904 -1387 -2526 -4122 END
START 5128 7528 17868 -1487 -2862 -3798 END
START 5048 7724 17752 -1488 -3147 -3467 END
START 5036 7924 17484 -1486 -3420 -3078 END
START 5100 8100 17308 -1521 -3675 -2699 END
START 5040 7984 17396 -1503 -3898 -2263 END
START 4976 7848 17420 -1476 -4127 -1805 END
START 4980 7548 17276 -1460 -4287 -1330 END
START 5036 7340 17160 -1462 -4522 -878 END
START 4948 6876 17128 -1505 -4694 -431 END