START 1624 1328 15704 613 -2866 1586 END
START 1920 1368 15088 562 -3212 1643 END
START 2236 1456 14740 567 -3393 1734 END
START 2396 1624 14312 668 -3487 1851 END
START 2668 1540 14136 736 -3430 1927 END
START 2956 1516 13696 914 -3398 2029 END
START 3252 1488 13640 1088 -3166 2077 END
START 3688 1236 13424 1254 -2871 2080 END
START 4076 1320 13128 1397 -2436 2057 END
START 4268 1296 12912 1500 -1974 1993 END
START 4620 1484 12828 1514 -1406 1934 END
START 5000 1664 13032 1536 -842 1854 END
START 5168 1896 13084 1526 -299 1818 END
START 5460 2216 13428 1550 307 1819 END
START 5620 2516 13908 1516 933 1860 END
START 5760 2740 14200 1487 1542 1936 END
START 5848 2904 14704 1414 2021 2060 END
START 5716 3180 15256 1315 2450 2245 END
START 6012 3484 15780 1231 2836 2405 END
START 5944 3748 16364 1049 3088 2629 END
START 6108 3772 17256 868 3198 2875 END
START 6060 4044 18100 707 3122 3147 END
START 5964 4252 18776 539 2851 3492 END
START 5888 4364 19280 364 2454 3873 END
START 5940 4512 19812 262 1909 4298 END
START 5832 4700 19936 189 1329 4757 END
START 5880 4680 20328 137 654 5207 END
START 5924 4624 20352 159 -4 5700 END
START 6080 4328 20460 224 -581 6090 END
START 6144 4224 20304 326 -1148 6535 END
START 6428 4080 20132 399 -1571 6990 END
START 6428 3968 19944 500 -1949 7447 END
START 6468 3928 19884 540 -2150 7867 END
START 6468 4064 19516 484 -2315 8263 END
START 6424 4124 19280 395 -2332 8780 END
START 6472 4180 18952 167 -2237 9150 END
START 6344 4232 18692 -104 -2095 9595 END
START 6188 4048 18220 -385 -1858 9970 END
START 5956 3952 18296 -777 -1655 10322 END
START 5716 3844 17976 -1128 -1328 10652 END
START 5484 3548 17624 -1458 -998 10956 END
START 5100 3236 17324 -1751 -564 11224 END
START 4816 2804 17260 -2019 -95 11484 END
START 4356 2504 17008 -2246 379 11692 END
START 4028 2368 16972 -2430 764 11868 END
START 3576 1936 16716 -2597 1128 11994 END
START 2936 1604 16972 -2719 1426 12059 END
START 2388 1092 16704 -2825 1617 12018 END
START 1792 700 16656 -2887 1764 11920 END
START 1184 264 16668 -2906 1800 11776 END
START 736 -152 16568 -2909 1830 11548 END
START 204 -564 16532 -2823 1794 11325 END
START -112 -908 16332 -2703 1720 11051 END
START -568 -1088 16184 -2536 1673 10720 END
START -900 -1424 16184 -2324 1610 10448 END
START -1032 -1516 16180 -2099 1535 10141 END
START -1376 -1676 15992 -1903 1478 9833 END
START -1724 -1896 16220 -1700 1383 9438 END
START -1968 -1872 16240 -1540 1275 9130 END
START -2144 -1896 16272 -1383 1078 8742 END
START -2392 -1916 16128 -1303 865 8434 END
START -2480 -1888 16292 -1167 615 8060 END
START -2724 -1644 16316 -1108 354 7731 END
START -2600 -1548 16248 -1048 113 7434 END
START -2552 -1640 16232 -1017 -46 7142 END
START -2472 -1432 15948 -985 -128 6922 END
START -2296 -1388 15736 -985 -113 6785 END
START -2308 -1244 15704 -1004 -64 6652 END
START -2252 -1012 15500 -1034 56 6591 END
START -2388 -812 15660 -1109 157 6605 END
START -2368 -540 15704 -1202 259 6607 END
START -2420 -520 15684 -1346 342 6678 END
START -2428 -564 15696 -1514 367 6726 END
START -2452 -592 15788 -1684 433 6808 END
START -2488 -616 15816 -1879 456 6849 END
START -2712 -776 15748 -2017 446 6871 END
START -2940 -864 16004 -2170 414 6869 END
START -2984 -1000 15916 -2274 367 6873 END
START -3188 -1000 15656 -2309 267 6805 END
START -3320 -1240 15448 -2360 276 6753 END
START -3472 -1400 15192 -2372 263 6654 END
START -3572 -1236 15072 -2382 312 6574 END
START -3756 -1304 14968 -2356 407 6490 END
START -3912 -1152 14836 -2345 437 6342 END
START -4240 -1376 14784 -2378 531 6213 END
START -4472 -1256 14720 -2372 513 6029 END
START -4592 -1492 14840 -2396 472 5860 END
START -4692 -1652 14580 -2411 406 5633 END
START -4892 -1724 14724 -2374 285 5417 END
START -4804 -1908 14332 -2359 174 5172 END
START -4808 -1992 14336 -2322 60 4948 END
START -4872 -1980 14176 -2223 -62 4743 END
START -5020 -1892 14048 -2163 -140 4515 END
START -5008 -1896 13816 -2067 -211 4311 END
START -5068 -1932 13736 -1953 -311 4115 END
START -5004 -1792 13400 -1852 -357 3892 END
START -5032 -1724 13292 -1698 -434 3681 END
START -4936 -1628 12996 -1612 -438 3516 END
START -4860 -1460 12612 -1518 -439 3333 END
START -4640 -1400 12660 -1383 -364 3227 END
START -4748 -1200 12380 -1296 -277 3073 END
START -4760 -1036 12292 -1224 -146 2985 END
START -4716 -916 12068 -1179 -50 2892 END
START -4584 -932 11780 -1146 103 2772 END
START -4520 -900 11728 -1072 222 2668 END
START -4588 -952 11548 -1056 352 2552 END
START -4492 -984 11456 -983 497 2398 END
START -4360 -1020 11440 -930 625 2262 END
START -4324 -1028 11396 -893 726 2084 END
START -4260 -976 11212 -787 819 1941 END
START -4096 -756 11248 -692 942 1832 END
START -3900 -696 11204 -606 1070 1723 END
START -3800 -548 10928 -513 1202 1686 END
START -3804 -440 11052 -441 1380 1597 END
START -3572 -176 11000 -376 1549 1533 END
START -3540 -40 10800 -305 1705 1503 END
START -3524 216 10980 -273 1798 1453 END
START -3484 300 11124 -207 1879 1422 END
START -3528 384 11076 -144 1940 1378 END
START -3460 460 11188 -27 1927 1303 END
START -3572 524 11232 54 1885 1224 END
START -3576 676 11276 185 1780 1153 END
START -3472 744 11384 286 1635 1084 END
START -3456 768 11372 405 1459 993 END
START -3388 980 11444 471 1227 948 END
START -2892 1096 11492 519 1001 899 END
START -3092 1212 11424 553 745 883 END
START -2688 1300 11372 587 427 883 END
START -2684 1412 11256 625 149 898 END
START -2384 1464 10728 650 -147 944 END
START -2160 1368 10520 715 -375 967 END
START -2028 1400 10036 802 -485 1006 END
START -1904 1540 9832 907 -585 1046 END
START -1588 1552 9268 1055 -585 1094 END
START -1284 1636 8732 1158 -431 1175 END
START -1080 1636 8240 1237 -201 1266 END
START -832 1756 7864 1289 137 1360 END
START -612 1952 7404 1334 470 1414 END
START -656 1980 7224 1351 877 1534 END
START -528 2020 7192 1412 1263 1642 END
START -540 2088 6812 1434 1724 1772 END
START -584 2084 6776 1517 2159 1906 END
START -760 2148 6664 1593 2594 2002 END
START -740 2084 6692 1689 2954 2100 END
START -932 2172 6528 1847 3288 2158 END
START -1104 2004 6696 1999 3572 2245 END
START -1296 1988 6644 2129 3824 2246 END
START -1496 1840 6984 2311 4009 2272 END
START -1672 1716 7032 2500 4090 2217 END
START -2036 1664 7476 2684 4030 2152 END
START -2192 1652 7788 2887 3901 2018 END
START -2264 1796 7884 3076 3627 1859 END
START -2368 1800 8104 3257 3309 1728 END
START -2344 1936 7928 3464 2875 1537 END
START -2288 2044 8000 3705 2481 1401 END
START -2216 2084 7928 3971 2059 1287 END
START -2052 2032 7888 4251 1694 1136 END
START -1860 2260 7720 4534 1331 1039 END
START -1696 2300 7488 4858 1076 956 END
START -1484 2304 7296 5203 931 963 END
START -1288 2248 7444 5615 846 941 END
START -1268 2208 7348 5985 825 1000 END
START -960 2284 7400 6398 931 1090 END
START -704 2216 7560 6684 1142 1161 END
START -612 2368 7620 6894 1364 1229 END
START -488 2572 8036 6967 1652 1288 END
START -552 2712 8372 7002 1812 1314 END
START -660 3100 8632 6982 1956 1325 END
START -608 3176 8928 6913 2152 1391 END
START -680 3296 9220 6860 2297 1464 END
START -484 3356 9456 6823 2529 1547 END
START -432 3452 9628 6747 2671 1661 END
START -488 3440 9852 6685 2900 1823 END
START -496 3560 10308 6604 3015 1905 END
START -428 3656 10232 6521 3130 2050 END
START -460 3816 10508 6434 3167 2183 END
START -344 3828 10628 6333 3209 2276 END
START -536 3816 10448 6244 3149 2348 END
START -524 3896 10296 6196 3160 2426 END
START -472 3772 10392 6143 3144 2535 END
START -544 3788 10324 6183 3180 2645 END
START -608 3748 10440 6259 3251 2793 END
START -888 3704 10408 6402 3287 2957 END
START -1088 3708 10564 6536 3249 3118 END
START -1216 3692 10736 6687 3189 3269 END
START -1416 3612 10904 6836 3085 3375 END
START -1684 3460 11088 6935 2894 3435 END
START -1788 3260 11152 7030 2689 3413 END
START -1932 3032 11096 7079 2534 3342 END
START -2068 2920 11152 7195 2341 3228 END
START -2136 2824 11048 7293 2149 3065 END
START -2256 2708 11220 7414 1927 2871 END
START -2308 2732 11472 7590 1768 2651 END
START -2272 2576 11284 7807 1618 2415 END
START -2216 2600 11444 8013 1475 2194 END
START -2224 2624 11464 8221 1350 1939 END
START -1928 2820 11612 8444 1283 1724 END
START -1768 3052 11608 8647 1295 1519 END
START -1484 3156 11728 8855 1376 1381 END
START -1184 3412 11540 9025 1612 1310 END
START -864 3644 11664 9124 1905 1276 END
START -664 3640 11912 9253 2308 1342 END
START -468 3928 12264 9280 2725 1381 END
START -512 4200 12628 9314 3122 1444 END
START -408 4600 13240 9272 3529 1507 END
START -504 4640 13592 9200 3848 1592 END
START -492 4840 14096 9050 4206 1688 END
START -472 4948 14640 8881 4475 1808 END
START -508 5016 14952 8690 4651 1924 END
START -648 5092 15432 8449 4777 2101 END
START -776 5052 15916 8240 4812 2221 END
START -984 5168 16244 8088 4787 2371 END
START -1184 5020 16880 7958 4648 2504 END
START -1468 5040 17244 7897 4426 2641 END
START -1764 5068 17812 7873 4033 2747 END
START -2072 4876 18268 7882 3461 2841 END
START -2200 4648 18756 7944 2853 2941 END
START -2288 4328 19052 8109 2138 3045 END
START -2360 4132 19292 8325 1392 3111 END
START -2484 4120 19368 8563 621 3170 END
START -2624 4096 19696 8837 -207 3210 END
START -2892 4064 19844 9084 -1136 3293 END
START -2900 3952 19840 9353 -2008 3346 END
START -2764 4008 19512 9554 -2843 3357 END
START -2508 3912 19076 9710 -3425 3376 END
START -2200 3708 18532 9828 -3753 3379 END
START -1668 3420 17832 9891 -3814 3319 END
START -1404 3336 17188 9893 -3599 3291 END
START -1168 3368 16884 9761 -3192 3204 END
START -1060 3616 16788 9585 -2666 3141 END
START -1000 3900 16572 9325 -1922 3118 END
START -1072 4300 16372 9056 -1138 3089 END
START -1200 4492 16732 8694 -250 3045 END
START -1436 4720 16964 8333 570 3015 END
START -1652 4676 17156 8027 1386 3009 END
START -1772 4588 17684 7737 2068 2959 END
START -2184 4624 18360 7493 2658 2903 END
START -2544 4560 19132 7343 3088 2884 END
START -2812 4680 19688 7234 3273 2837 END
START -3144 4604 20328 7136 3383 2768 END
START -3340 4548 21032 7058 3417 2694 END
START -3552 4712 21260 6981 3298 2631 END
START -3536 4620 21844 6804 3102 2520 END
START -3660 4532 22328 6653 2791 2400 END
START -3732 4324 22660 6406 2358 2281 END
START -3784 4120 22912 6215 1743 2146 END
START -3716 3924 22800 5996 1047 1997 END
START -3484 3692 22876 5865 362 1838 END
START -3124 3532 22540 5766 -277 1706 END
START -2812 3392 22168 5745 -807 1555 END
START -2448 3272 21712 5785 -1271 1397 END
START -2024 3372 21160 5777 -1605 1295 END
START -1720 3504 20380 5795 -1803 1225 END
START -1424 3840 19748 5825 -1848 1173 END
START -1216 4024 19312 5854 -1729 1217 END
START -1052 4312 18832 5889 -1557 1248 END
START -880 4516 18580 5920 -1221 1308 END
START -972 4468 18260 5937 -822 1378 END
START -704 4568 18120 5985 -349 1450 END
START -780 4572 18156 6007 161 1533 END
START -844 4708 18264 6041 725 1601 END
START -988 4896 18308 6046 1286 1674 END
START -1148 5072 18828 6013 1847 1748 END
START -1480 5212 19108 5926 2309 1772 END
START -1596 5420 19616 5769 2718 1857 END
START -1860 5540 20216 5591 2970 1893 END
START -2172 5596 20444 5324 3104 1923 END
START -2236 5632 21116 5016 3129 1964 END
START -2496 5784 21152 4721 3055 1949 END
START -2540 5796 21648 4384 2835 1928 END
START -2636 5848 21708 4090 2608 1936 END
START -2692 5936 21936 3832 2265 1930 END
START -2856 5812 21852 3594 1853 1994 END
START -2812 5748 21932 3413 1386 2123 END
START -2908 5620 21852 3276 902 2253 END
START -2920 5456 21604 3214 376 2383 END
START -2944 5300 21232 3179 -121 2521 END
START -3092 5224 20860 3218 -556 2662 END
START -3184 4920 20388 3324 -903 2733 END
START -3392 5000 20128 3437 -1185 2819 END
START -3680 4696 19704 3586 -1374 2936 END
START -3832 4500 19404 3728 -1435 3019 END
START -4088 4308 18952 3848 -1418 3028 END
START -4376 4024 18768 3962 -1315 3015 END
START -4628 3884 18536 4012 -1099 2900 END
START -4888 3780 18296 3998 -789 2736 END
START -5116 3680 18156 3936 -448 2508 END
START -5236 3628 18240 3834 -58 2289 END
START -5596 3652 18292 3658 318 2078 END
START -5940 3528 18484 3465 635 1830 END
START -6288 3652 18836 3287 885 1602 END
START -6672 3880 18828 3089 1207 1377 END
START -6960 4036 19284 2902 1348 1129 END
START -7504 3964 19476 2774 1422 917 END
START -7876 3924 19740 2626 1415 701 END
START -8132 3952 19688 2495 1362 393 END
START -8188 3932 19728 2389 1344 166 END
START -8372 4020 19488 2275 1328 -112 END
START -8472 4020 19436 2148 1363 -379 END
START -8596 4140 19204 2003 1414 -601 END
START -8564 4412 19096 1780 1560 -821 END
START -8716 4356 18868 1527 1643 -1003 END
START -8808 4472 18720 1235 1757 -1205 END
START -8836 4620 18620 942 1818 -1358 END
START -8992 4452 18676 645 1791 -1570 END
START -9040 4432 18636 410 1631 -1729 END
START -9020 4352 18492 151 1406 -1904 END
START -9144 4196 18652 -9 1103 -2049 END
START -8988 4056 18476 -110 765 -2155 END
START -8972 3992 18112 -154 402 -2241 END
START -8996 3764 17724 -179 27 -2317 END
START -8972 3664 17500 -166 -306 -2387 END
START -9008 3716 17020 -78 -633 -2459 END
START -8972 3828 16716 -28 -909 -2505 END
START -9324 3800 16272 61 -1105 -2551 END
START -9456 3828 15900 129 -1233 -2627 END
START -9648 3668 15288 201 -1261 -2682 END
START -9764 3660 14956 287 -1239 -2791 END
START -9896 3448 14628 359 -1156 -2912 END
START -10060 3396 14192 404 -941 -3135 END
START -10288 3168 13876 484 -644 -3374 END
START -10600 2892 13400 541 -313 -3703 END
START -10748 2824 13220 603 74 -4059 END
START -11144 2764 13048 672 419 -4502 END
START -11192 2804 12828 748 819 -4970 END
START -11144 2744 12892 838 1190 -5482 END
START -11104 2780 12880 924 1584 -6023 END
START -11324 2888 13296 1053 1902 -6566 END
START -11108 2992 13392 1103 2105 -7178 END
START -10988 3212 13708 1203 2286 -7708 END
START -10636 3452 14072 1293 2364 -8302 END
START -10304 3696 14328 1302 2426 -8841 END
START -9852 3996 14484 1311 2428 -9361 END
START -9288 4352 14540 1325 2437 -9828 END
START -8888 4716 14572 1281 2412 -10251 END
START -8264 5288 14728 1262 2371 -10604 END
START -7712 5888 14552 1207 2373 -10881 END
START -7004 6356 14652 1184 2320 -11095 END
START -6404 6764 14608 1147 2341 -11221 END
START -5816 7516 14608 1075 2339 -11279 END
START -5288 7884 14512 1014 2343 -11239 END
START -4752 8296 14484 918 2414 -11162 END
START -4192 8648 14484 851 2449 -10998 END
START -3644 8796 14408 766 2534 -10754 END
START -3352 9004 14452 672 2652 -10429 END
START -2936 9108 14292 563 2692 -10109 END
START -2736 9004 14488 443 2735 -9756 END
START -2584 8940 14556 362 2734 -9397 END
START -2600 8840 14752 303 2605 -9075 END
START -2528 8752 14708 309 2461 -8725 END
START -2504 8592 14820 378 2301 -8446 END
START -2516 8440 14716 498 2073 -8105 END
START -2628 8308 14948 648 1841 -7824 END
START -2584 7968 15004 839 1587 -7565 END
START -2796 7888 15124 1072 1306 -7285 END
START -2904 7684 15280 1380 996 -7096 END
START -3192 7696 15564 1620 672 -6927 END
START -3204 7440 15420 1941 311 -6790 END
START -3352 7344 15764 2173 16 -6696 END
START -3516 7208 15696 2413 -239 -6660 END
START -3740 7096 15968 2636 -480 -6661 END
START -3812 6992 16004 2747 -550 -6698 END
START -4144 7012 16200 2867 -740 -6760 END
START -4448 6848 16304 2873 -856 -6874 END
START -4592 6756 16508 2877 -1021 -6980 END
START -4916 6524 16672 2830 -1180 -7137 END
START -5052 6356 16840 2748 -1324 -7330 END
START -5124 6104 17016 2693 -1450 -7593 END
START -5060 5804 17080 2611 -1544 -7860 END
START -5084 5568 17076 2473 -1629 -8140 END
START -5044 5516 17128 2334 -1621 -8421 END
START -4968 5536 16928 2200 -1618 -8652 END
START -4980 5484 16932 1957 -1548 -8905 END
START -4844 5700 16620 1712 -1574 -9123 END
START -4572 5732 16612 1426 -1592 -9323 END
START -4276 5808 16524 1168 -1615 -9512 END
START -3844 5680 16336 882 -1612 -9691 END
START -3436 5688 16060 642 -1591 -9835 END
START -3100 5632 15984 430 -1581 -9961 END
START -2868 5788 15860 271 -1557 -10080 END
START -2616 5832 15916 88 -1570 -10160 END
START -2412 6072 15560 -55 -1661 -10223 END
START -2180 6128 15676 -189 -1764 -10220 END
START -1968 6400 15400 -317 -1865 -10193 END
START -1728 6620 15192 -405 -2025 -10117 END
START -1380 6896 14820 -443 -2179 -10056 END
START -1176 6976 14624 -456 -2297 -9984 END
START -964 7112 14248 -415 -2398 -9896 END
START -596 7228 14032 -336 -2464 -9808 END
START -240 7432 13908 -217 -2482 -9701 END
START 112 7536 13660 -82 -2479 -9549 END
START 220 7704 13428 68 -2422 -9409 END
START 324 7864 13224 239 -2357 -9248 END
START 472 7896 13384 389 -2292 -9060 END
START 616 8016 13312 575 -2253 -8900 END
START 704 8080 13088 792 -2293 -8712 END
START 868 8108 13364 1021 -2305 -8568 END
START 916 8052 13404 1270 -2359 -8400 END
START 1056 7848 13332 1499 -2341 -8270 END
START 1392 7808 13344 1721 -2387 -8151 END
START 1756 7676 13512 1948 -2323 -8032 END
START 1940 7684 13480 2030 -2154 -7928 END
START 2212 7848 13712 2085 -2051 -7811 END
START 2280 7908 13768 2040 -1897 -7744 END
START 2524 7952 14020 1893 -1753 -7654 END
START 2660 8184 13804 1706 -1617 -7544 END
START 2920 8284 13696 1514 -1484 -7456 END
START 3264 8352 13700 1311 -1305 -7349 END
START 3476 8300 13652 1104 -1118 -7210 END
START 3692 8260 13760 977 -956 -7091 END
START 3860 8304 13680 866 -754 -6916 END
START 4176 8356 13844 771 -569 -6784 END
START 4404 8436 13956 690 -421 -6644 END
START 4644 8520 13992 648 -259 -6420 END
START 4708 8684 13836 589 -162 -6215 END
START 4920 8816 13928 477 -99 -5950 END
START 5024 9012 13860 397 -38 -5665 END
START 5100 9176 13792 298 -10 -5346 END
START 5276 9204 13688 256 35 -5013 END
START 5424 9316 13664 208 124 -4683 END
START 5552 9444 13840 232 170 -4324 END
START 5568 9336 13744 240 262 -3917 END
START 5588 9196 13856 302 318 -3494 END
START 5632 9204 13940 378 404 -3109 END
START 5664 9076 14084 449 466 -2688 END
START 5336 9036 14128 475 559 -2296 END
START 5232 8972 14520 486 550 -1945 END
START 5332 8836 14520 446 519 -1563 END
START 5004 8708 14748 405 456 -1233 END
START 5056 8512 14820 336 415 -961 END
START 5012 8304 14864 234 344 -689 END
START 4760 8204 14904 106 304 -435 END
START 4768 8096 14728 -29 275 -238 END
START 4720 8060 14784 -161 282 -34 END
START 4648 8004 14660 -318 263 186 END
START 4568 8024 14596 -431 268 384 END
START 4520 7964 14552 -533 285 560 END
START 4368 7836 14500 -630 265 787 END
START 4324 7772 14504 -685 279 966 END
START 4244 7756 14268 -718 272 1140 END
START 3996 7640 14436 -754 280 1293 END
START 3784 7708 14336 -750 223 1475 END
START 3828 7532 14228 -738 201 1617 END
START 3768 7536 14416 -760 133 1742 END
START 3676 7528 14372 -726 77 1892 END
START 3656 7652 14412 -718 -15 2047 END
START 3556 7492 14376 -696 -76 2161 END
START 3556 7372 14264 -634 -148 2325 END
START 3568 7392 14276 -583 -221 2495 END
START 3552 7240 14416 -552 -255 2632 END
START 3552 7192 14248 -498 -237 2787 END
START 3456 7220 14404 -454 -188 2928 END
START 3500 7236 14412 -498 -122 3083 END
START 3480 7396 14044 -527 -63 3246 END
START 3536 7512 14256 -615 108 3377 END
START 3568 7484 14196 -778 274 3555 END
START 3564 7560 14108 -946 450 3733 END
START 3536 7656 13848 -1156 721 3871 END
START 3572 7700 14056 -1336 1007 4083 END
START 3532 7616 13980 -1539 1240 4214 END
START 3468 7796 14008 -1633 1480 4434 END
START 3240 7756 13984 -1806 1717 4593 END
START 3248 7840 14276 -1867 1870 4793 END
START 3160 7804 14252 -1940 2026 4975 END
START 3136 8008 14180 -1985 2040 5156 END
START 2972 7916 14292 -2033 2099 5338 END
START 2804 7952 14400 -2017 2068 5495 END
START 2680 8004 14560 -2011 1984 5681 END
START 2544 8168 14696 -1939 1857 5870 END
START 2364 8284 15084 -1858 1647 6102 END
START 2288 8420 14968 -1752 1418 6373 END
START 2180 8432 15028 -1628 1155 6639 END
START 2128 8476 15048 -1518 958 6900 END
START 2192 8552 14928 -1433 747 7186 END
START 2112 8224 14940 -1335 592 7449 END
START 2172 8232 14832 -1254 492 7677 END
START 1972 8204 14808 -1234 409 7897 END
START 1880 8192 14932 -1219 315 8103 END
START 1748 8252 14992 -1263 210 8249 END
START 1568 8156 14944 -1327 154 8401 END
START 1628 8108 15064 -1476 68 8495 END
START 1436 7952 14972 -1633 34 8573 END
START 1424 7932 14632 -1771 9 8603 END
START 1408 8000 14592 -1968 -12 8616 END
START 1548 7952 14468 -2120 12 8631 END
START 1588 7956 14160 -2276 60 8667 END
START 1500 8044 13920 -2381 152 8709 END
START 1460 8124 13720 -2479 316 8801 END
START 1356 8248 13500 -2545 450 8874 END
START 1448 8336 13420 -2579 645 8993 END
START 1436 8504 13192 -2572 850 9154 END
START 1244 8636 13124 -2494 1100 9376 END
START 1088 8676 13128 -2447 1362 9582 END
START 948 8740 13056 -2361 1597 9836 END
START 736 8700 13364 -2243 1787 10131 END
START 448 8696 13616 -2131 1845 10387 END
START 132 8688 13888 -2047 1868 10605 END
START -120 8548 14092 -1997 1843 10787 END
START -328 8392 14536 -2013 1719 10940 END
START -512 8296 14624 -2056 1530 11076 END
START -544 8196 14672 -2076 1332 11219 END
START -808 8232 14880 -2098 1101 11328 END
START -892 8084 14892 -2176 881 11446 END
START -976 7944 15056 -2243 697 11531 END
START -1048 7740 14992 -2315 528 11625 END
START -1348 7708 14720 -2423 368 11716 END
START -1348 7628 14724 -2585 166 11812 END
START -1568 7596 14668 -2754 70 11900 END
START -1792 7400 14432 -2920 -62 12033 END
START -2016 7140 14212 -3030 -141 12071 END
START -2292 6820 14152 -3119 -246 12131 END
START -2584 6616 13724 -3198 -295 12149 END
START -2832 6456 13536 -3162 -306 12148 END
START -3112 6268 13308 -3117 -291 12194 END
START -3516 6252 13092 -3019 -267 12217 END
START -3992 6024 13172 -2869 -235 12251 END
START -4412 5968 12928 -2685 -193 12306 END
START -4832 5764 13012 -2514 -227 12313 END
START -5196 5524 13008 -2324 -172 12212 END
START -5520 5300 13040 -2174 -147 12059 END
START -5796 4936 12980 -2012 -109 11872 END
START -6208 4728 12964 -1866 -94 11574 END
START -6484 4476 13024 -1770 -63 11340 END
START -6824 4232 13140 -1649 -61 10985 END
START -7048 4060 13400 -1552 -111 10690 END
START -7256 4016 13568 -1429 -170 10356 END
START -7468 3992 13652 -1363 -243 10082 END
START -7616 3920 13800 -1263 -290 9788 END
START -7676 3844 13848 -1210 -311 9538 END
START -7812 3704 14044 -1145 -310 9260 END
START -7832 3588 14276 -1114 -364 8968 END
START -8036 3580 14192 -1064 -390 8692 END
START -8004 3536 14284 -1072 -451 8386 END
START -8008 3428 14396 -1061 -492 8116 END
START -8012 3512 14380 -1089 -481 7854 END
START -8032 3296 14260 -1111 -475 7604 END
START -7972 3416 14356 -1160 -359 7398 END
START -7952 3428 14316 -1219 -265 7195 END
START -7896 3388 14476 -1281 -179 7015 END
START -8000 3216 14436 -1364 -91 6825 END
START -8148 3140 14648 -1450 -79 6598 END
START -8244 2960 14632 -1559 -36 6355 END
START -8304 2948 14768 -1612 -62 6086 END
START -8300 2840 14732 -1660 -115 5808 END
START -8400 2784 14708 -1655 -83 5527 END
START -8364 2708 15004 -1648 -121 5225 END
START -8316 2628 15092 -1621 -141 4996 END
START -8408 2780 15264 -1608 -161 4736 END
START -8564 2924 15412 -1572 -235 4558 END
START -8568 2864 15408 -1542 -302 4322 END
START -8704 2896 15544 -1499 -351 4149 END
START -8768 2776 15644 -1444 -410 3927 END
START -8704 2676 15636 -1390 -433 3672 END
START -8876 2704 15736 -1319 -476 3426 END
START -8776 2508 15868 -1207 -486 3144 END
START -8712 2492 15924 -1109 -495 2865 END
START -8736 2448 15900 -1000 -467 2580 END
START -8816 2368 15904 -902 -399 2318 END
START -8748 2332 16024 -831 -331 2038 END
START -8340 2376 16136 -771 -236 1791 END
START -8308 2540 16080 -771 -56 1516 END
START -8132 2584 16352 -809 111 1287 END
START -7936 2600 16556 -840 271 1035 END
START -7820 2708 16888 -940 382 802 END
START -7728 2752 17256 -1019 479 586 END
START -7576 2800 17548 -1092 516 346 END
START -7508 2916 17840 -1206 507 162 END
START -7428 3084 18232 -1248 536 -23 END
START -7100 3232 18388 -1333 463 -155 END
START -6972 3232 18704 -1381 430 -277 END
START -6860 3396 19112 -1482 320 -391 END
START -6640 3532 19128 -1539 177 -532 END
START -6512 3600 19284 -1626 103 -667 END
START -6352 3556 19444 -1715 -34 -777 END
START -6228 3688 19556 -1768 -134 -888 END
START -5988 3680 19548 -1864 -248 -1042 END
START -5908 3740 19720 -1931 -356 -1100 END
START -5648 3824 19768 -2051 -386 -1255 END
START -5336 4128 19992 -2168 -397 -1350 END
START -5244 4252 19860 -2339 -439 -1436 END
START -4956 4440 20016 -2561 -381 -1510 END
START -4756 4436 19968 -2780 -377 -1627 END
START -4512 4484 20116 -3006 -285 -1670 END
START -4320 4484 20084 -3222 -280 -1784 END
START -4120 4608 20108 -3463 -172 -1879 END
START -3820 4456 20160 -3668 -118 -1962 END
START -3560 4604 20448 -3857 -35 -2077 END
START -3348 4848 20448 -4021 52 -2175 END
START -3128 5112 20484 -4208 79 -2248 END
START -2764 5240 20720 -4382 156 -2296 END
START -2528 5488 20632 -4602 231 -2303 END
START -2244 5728 20592 -4852 262 -2301 END
START -1988 5896 20648 -5062 262 -2275 END
START -1736 6124 20676 -5287 278 -2242 END
START -1508 6268 20632 -5533 275 -2149 END
START -1360 6284 20480 -5711 263 -2125 END
START -980 6448 20428 -5896 254 -1994 END
START -844 6604 20428 -6023 202 -1876 END
START -760 6876 20248 -6133 161 -1694 END
START -516 7020 20168 -6273 158 -1511 END
START -416 6984 20076 -6407 77 -1319 END
START -288 7024 19956 -6522 14 -1103 END
START -100 7116 19720 -6658 -27 -894 END
START -68 7108 19492 -6808 -105 -673 END
START -68 7068 19196 -6933 -92 -467 END
START 64 7016 19116 -7065 -141 -272 END
START 84 6988 18892 -7234 -168 -56 END
START 144 6812 18416 -7375 -168 95 END
START 108 6824 18260 -7507 -181 256 END
START 220 6632 17996 -7648 -159 404 END
START 344 6516 17520 -7771 -171 528 END
START 200 6420 17376 -7876 -110 597 END
START 220 6200 17016 -7974 -118 709 END
START 352 6204 16920 -8086 -94 801 END
START 340 6260 16504 -8153 -63 901 END
START 220 6184 16132 -8223 -106 972 END
START 292 6064 15708 -8321 -92 1057 END
START 348 6092 15356 -8369 -34 1106 END
START 172 6096 14888 -8418 2 1169 END
START 328 5912 14588 -8530 147 1248 END
START 300 5896 14148 -8516 259 1293 END
START 156 5836 13696 -8564 435 1348 END
START 196 5796 13448 -8547 566 1351 END
START -28 5592 13020 -8494 736 1363 END
START 24 5536 12768 -8381 836 1383 END
START -116 5572 12760 -8258 932 1381 END
START -320 5452 12460 -8098 1032 1397 END
START -396 5428 12156 -7875 1095 1430 END
START -548 5348 12048 -7675 1138 1470 END
START -644 5240 11648 -7415 1231 1516 END
START -636 5132 11492 -7154 1324 1588 END
START -760 5052 11388 -6897 1405 1634 END
START -896 4980 11076 -6657 1480 1709 END
START -1040 4864 10944 -6441 1635 1761 END
START -1184 4824 10952 -6254 1717 1809 END
START -1308 4616 10696 -6083 1890 1848 END
START -1524 4552 10724 -5942 2004 1874 END
START -1580 4288 10640 -5841 2174 1885 END
START -1800 4216 10740 -5763 2231 1894 END
START -2124 3996 10872 -5664 2311 1875 END
START -2460 3996 11092 -5570 2294 1865 END
START -2812 3772 11200 -5482 2207 1866 END
START -3180 3564 11004 -5352 2122 1826 END
START -3240 3464 10916 -5250 2022 1770 END
START -3504 3220 11020 -5074 1972 1736 END
START -3696 3084 10988 -4986 1911 1664 END
START -4024 2908 10936 -4834 1824 1596 END
START -4260 2728 10916 -4760 1734 1517 END
START -4532 2852 10908 -4612 1618 1446 END
START -4808 2700 10996 -4485 1476 1376 END
START -5188 2552 11112 -4383 1275 1295 END
START -5432 2492 10972 -4236 1134 1214 END
START -5572 2440 10924 -4088 970 1124 END
START -5820 2328 11012 -3881 780 1005 END
START -6076 2092 11108 -3687 607 898 END
START -6376 2080 10948 -3463 462 783 END
START -6616 2004 10964 -3272 338 641 END
START -6828 2036 11020 -3088 162 548 END
START -7048 1900 11208 -2876 37 427 END
START -7412 1812 11228 -2719 -100 315 END
START -7660 1684 11344 -2556 -252 150 END
START -8016 1480 11452 -2414 -495 -17 END
START -8424 1176 11624 -2296 -739 -183 END
START -8636 1080 11576 -2172 -950 -383 END
START -8624 800 11584 -2044 -1170 -631 END
START -8836 620 11408 -1924 -1313 -864 END
START -8796 472 11148 -1855 -1472 -1133 END
START -9056 184 11184 -1778 -1540 -1384 END
START -9168 72 10844 -1732 -1636 -1632 END
START -9208 -72 10756 -1677 -1705 -1919 END
START -9256 -172 10796 -1644 -1742 -2187 END
START -9304 -272 10452 -1602 -1759 -2489 END
START -9364 -336 10356 -1527 -1723 -2772 END
START -9428 -456 9932 -1429 -1682 -3097 END
START -9396 -400 9720 -1333 -1539 -3400 END
START -9284 -300 9740 -1204 -1415 -3663 END
START -9428 -284 9500 -1082 -1262 -3955 END
START -9412 -380 9580 -910 -1138 -4250 END
START -9388 -432 9624 -707 -1014 -4533 END
START -9548 -448 9588 -495 -944 -4789 END
START -9488 -528 9696 -255 -902 -5046 END
START -9476 -424 9828 -26 -853 -5375 END
START -9472 -536 10004 218 -793 -5648 END
START -9468 -500 9940 482 -782 -5918 END
START -9560 -500 10156 740 -736 -6238 END
START -9468 -344 10464 966 -756 -6512 END
START -9436 -212 10436 1202 -801 -6789 END
START -9308 -36 10676 1452 -868 -7016 END
START -9180 -56 10956 1691 -950 -7253 END
START -9252 -4 11352 1914 -1078 -7493 END
START -9252 160 11528 2133 -1206 -7716 END
START -9296 268 11888 2423 -1391 -7901 END
START -9180 344 12144 2640 -1559 -8117 END
START -9040 540 12568 2846 -1777 -8287 END
START -8800 676 12864 3041 -2012 -8497 END
START -8756 776 13320 3161 -2257 -8694 END
START -8660 1028 13472 3242 -2551 -8857 END
START -8552 1268 13824 3324 -2861 -9039 END
START -8240 1476 14196 3301 -3255 -9191 END
START -8136 1508 14292 3277 -3586 -9330 END
START -7576 1512 14412 3253 -3951 -9472 END
START -7224 1712 14232 3221 -4173 -9633 END
START -6896 1796 14124 3171 -4419 -9749 END
START -6440 1868 14052 3159 -4520 -9904 END
START -5992 2180 13892 3121 -4665 -10061 END
START -5380 2364 13592 3070 -4677 -10178 END
START -4976 2652 13396 3008 -4544 -10279 END
START -4476 2860 13328 2904 -4294 -10363 END
START -4284 3236 13260 2805 -4074 -10482 END
START -3800 3400 12908 2685 -3813 -10562 END
START -3388 3640 12924 2589 -3533 -10634 END
START -2976 3852 12760 2518 -3195 -10688 END
START -2640 4040 12796 2507 -2814 -10692 END
START -2256 4124 12616 2525 -2406 -10666 END
START -2000 4200 12704 2561 -1992 -10606 END
START -1668 4196 12776 2646 -1618 -10567 END
START -1524 4340 13032 2740 -1268 -10551 END
START -1336 4500 13188 2809 -984 -10503 END
START -988 4552 13444 2899 -702 -10487 END
START -656 4736 13832 2924 -583 -10369 END
START -424 4764 14240 2988 -485 -10282 END
START -264 4876 14736 2998 -499 -10104 END
START 28 5032 15016 3040 -556 -9949 END
START 88 5124 15160 3043 -695 -9789 END
START 236 5196 15220 3078 -881 -9609 END
START 476 5316 15492 3140 -1137 -9429 END
START 688 5392 15744 3238 -1408 -9246 END
START 976 5448 15664 3343 -1646 -9137 END
START 1156 5592 15636 3474 -1864 -8999 END
START 1528 5704 15584 3598 -1968 -8797 END
START 1836 5732 15616 3693 -1983 -8594 END
START 2124 5976 15520 3746 -1937 -8383 END
START 2340 6196 15704 3684 -1814 -8119 END
START 2532 6204 15700 3610 -1692 -7909 END
START 2828 6528 15556 3455 -1506 -7680 END
START 2928 6500 15748 3286 -1264 -7530 END
START 3032 6628 15804 3092 -1017 -7354 END
START 3192 6500 15600 2857 -733 -7188 END
START 3344 6524 15824 2636 -378 -7047 END
START 3336 6440 15744 2414 -35 -6946 END
START 3460 6592 15740 2143 341 -6838 END
START 3412 6612 15816 1873 645 -6792 END
START 3400 6600 16032 1628 860 -6750 END
START 3596 6640 16036 1374 1071 -6712 END
START 3568 6640 16324 1121 1230 -6683 END
START 3808 6604 16116 960 1287 -6651 END
START 4188 6660 16304 814 1344 -6635 END
START 4224 6828 16196 666 1365 -6562 END
START 4432 6940 16280 572 1378 -6490 END
START 4660 6908 16268 477 1365 -6391 END
START 4924 7100 16136 408 1288 -6235 END
START 5144 7208 16172 280 1251 -6054 END
START 5328 7408 15980 193 1164 -5811 END
START 5580 7672 15724 118 1129 -5547 END
START 5684 7800 15640 76 1107 -5203 END
START 5888 7720 15512 73 1102 -4851 END
START 5960 7656 15420 84 1104 -4477 END
START 5960 7640 15376 168 1154 -4038 END
START 5924 7580 15360 270 1164 -3605 END
START 5972 7464 15320 366 1199 -3155 END
START 5808 7376 15568 448 1204 -2726 END
START 5656 7264 15708 541 1204 -2252 END
START 5548 7092 15764 516 1085 -1862 END
START 5244 6932 15976 483 962 -1476 END
START 5200 6736 15960 396 810 -1159 END
START 5076 6588 16068 302 646 -869 END
START 5016 6404 15848 176 509 -609 END
START 4880 6192 15980 54 368 -312 END
START 4756 6212 15676 -55 279 -104 END
START 4768 6256 15480 -173 183 136 END
START 4604 6104 15420 -249 136 447 END
START 4532 6140 15452 -338 139 736 END
START 4376 5980 15184 -377 126 1058 END
START 4000 5876 15152 -418 198 1354 END
START 3636 5728 15256 -413 185 1612 END
START 3460 5604 15424 -416 169 1884 END
START 2780 5428 15596 -385 59 2108 END
START 2464 5284 15504 -349 -42 2291 END
START 1992 5012 15684 -329 -236 2450 END
START 1712 4732 15656 -304 -413 2521 END
START 1284 4452 15800 -254 -631 2580 END
START 1012 4336 15916 -197 -830 2585 END
START 852 4108 15776 -172 -1086 2565 END
START 612 3912 15892 -129 -1351 2509 END
START 284 3796 15944 -127 -1575 2428 END
START 288 3716 15788 -92 -1809 2362 END
START 248 3532 15676 -72 -1933 2259 END
START 240 3552 15552 -98 -2061 2195 END
START 284 3540 15544 -106 -2095 2130 END
START 96 3436 15608 -145 -2160 2043 END
START 36 3328 15508 -199 -2201 1978 END