START -2972 1536 10216 -2116 1010 -1243 END
START -2144 1608 11228 -2151 1470 -1304 END
START -1996 1648 11260 -2233 1748 -1385 END
START -2268 1588 11284 -2427 1850 -1414 END
START -2628 1728 11256 -2561 1814 -1399 END
START -2200 1864 10820 -2631 1972 -1396 END
START -1228 1644 10452 -2672 2345 -1313 END
START -604 1500 10392 -2780 2976 -1185 END
START -684 1780 10548 -2943 3532 -1012 END
START -1172 2160 10804 -3147 3763 -750 END
START -1176 2324 11068 -3340 3857 -570 END
START -1084 2308 11212 -3450 3840 -413 END
START -1316 2152 10896 -3518 3739 -191 END
START -1588 1920 10728 -3441 3585 26 END
START -1636 2076 10236 -3239 3387 162 END
START -1616 2300 10060 -2893 3285 294 END
START -1332 2500 9588 -2472 3232 372 END
START -1452 2456 9152 -2013 3197 445 END
START -1420 2308 8788 -1591 3286 518 END
START -1820 1924 9040 -1190 3295 544 END
START -2136 1400 9148 -743 3188 545 END
START -2552 956 9364 -304 3074 474 END
START -2788 628 9492 167 2851 322 END
START -3240 312 9964 649 2558 133 END
START -3352 184 10340 1114 2260 -135 END
START -3528 128 10476 1533 1879 -408 END
START -3376 88 10816 1879 1441 -719 END
START -3188 -24 10876 2170 1052 -957 END
START -2832 -16 10864 2383 785 -1198 END
START -2272 300 10812 2565 624 -1387 END
START -1640 684 10784 2614 604 -1496 END
START -1764 868 11304 2588 614 -1534 END
START -1556 1636 10996 2462 496 -1552 END
START -1300 2252 11092 2278 514 -1556 END
START -1120 2844 10712 2132 598 -1459 END
START -724 3224 10908 1990 660 -1295 END
START -480 3236 11208 1886 751 -1078 END
START -148 3224 11232 1715 706 -733 END
START 8 3272 11272 1553 656 -342 END
START 112 3244 10996 1456 576 24 END
START 120 3556 10720 1392 486 380 END
START 156 3888 10604 1363 410 692 END
START 380 4000 10468 1332 322 1125 END
START 452 3928 10228 1308 241 1543 END
START 624 4060 9928 1302 173 2049 END
START 588 4176 9744 1288 166 2478 END
START 580 4232 9344 1278 159 2921 END
START 340 4132 9016 1290 240 3323 END
START 56 4148 8604 1356 274 3676 END
START -224 4120 8468 1458 338 3993 END
START -468 4092 8140 1588 409 4269 END
START -912 3832 7904 1734 486 4486 END
START -1312 3528 7752 1863 469 4660 END
START -1652 3372 7672 2025 462 4742 END
START -1944 3268 7676 2142 431 4758 END
START -2352 3120 7508 2255 385 4676 END
START -2652 2896 7520 2417 330 4549 END
START -2792 2748 7552 2516 270 4387 END
START -3096 2492 7344 2612 211 4193 END
START -3256 2416 7060 2651 169 3957 END
START -3276 2296 6924 2721 117 3668 END
START -3336 2088 6588 2825 163 3353 END
START -3368 2164 5984 2934 324 3018 END
START -3244 2556 5400 3055 584 2579 END
START -2944 3024 4932 3166 1025 2220 END
START -2500 3012 4540 3216 1495 1950 END
START -2260 2788 4284 3209 2075 1744 END
START -1952 2796 3984 3265 2621 1579 END
START -1936 2888 3792 3339 3279 1399 END
START -1932 2748 3588 3533 3915 1221 END
START -2144 2840 3480 3725 4515 1095 END
START -2440 2576 3516 4009 5027 905 END
START -2676 2392 3984 4282 5435 794 END
START -3012 2240 4360 4570 5650 646 END
START -3532 2312 5340 5035 5570 467 END
START -3716 2348 5624 5381 5308 382 END
START -3784 2452 5760 5789 4997 331 END
START -3752 2616 5928 6280 4658 299 END
START -3620 2948 6384 6877 4261 303 END
START -3512 3192 6804 7289 3863 375 END
START -3488 3356 6864 7628 3475 504 END
START -3600 3460 7168 7964 2974 682 END
START -3536 3420 7564 8352 2478 879 END
START -3412 3320 7512 8746 1923 1029 END
START -3392 3148 7300 9334 1460 1198 END
START -3396 3216 7400 9913 1006 1281 END
START -3536 3220 7320 10485 644 1328 END
START -3648 3464 7600 11040 270 1336 END
START -3864 3960 7768 11476 -95 1355 END
START -3976 4504 8320 11944 -416 1358 END
START -3844 4628 8476 12231 -657 1424 END
START -3692 4472 8948 12413 -766 1453 END
START -3644 4260 9264 12619 -816 1581 END
START -3588 4356 9728 12724 -771 1550 END
START -3640 4444 10096 12746 -673 1498 END
START -3640 4636 10764 12698 -529 1420 END
START -3788 4880 11308 12573 -384 1332 END
START -3920 5032 11684 12398 -268 1261 END
START -4000 5420 12176 12401 -49 1186 END
START -4128 5720 12560 12050 81 1132 END
START -4092 5920 13156 11965 253 1115 END
START -3928 5908 13372 11809 400 1121 END
START -3972 5856 13804 11503 618 1105 END
START -4016 5840 14008 11252 816 1123 END
START -3996 6036 14088 11003 1039 1088 END
START -3900 5956 14336 10831 1256 1105 END
START -4088 6008 14556 10684 1456 1099 END
START -4192 6008 14696 10614 1601 1154 END
START -4448 6136 14924 10629 1698 1118 END
START -4620 6068 15056 10669 1770 1060 END
START -4700 5880 15600 10693 1759 1016 END
START -4904 5648 15792 10781 1745 920 END
START -5064 5740 16192 10877 1638 869 END
START -5240 5696 16832 11035 1490 783 END
START -5220 5724 17212 11145 1228 738 END
START -5236 5676 17736 11293 919 757 END
START -4848 5876 17876 11397 613 778 END
START -4708 6028 18208 11524 403 838 END
START -4584 6064 18524 11627 169 985 END
START -4412 6340 18792 11669 -63 1171 END
START -4344 6456 19244 11900 -249 1386 END
START -4216 6504 19652 11833 -529 1660 END
START -4328 6488 19808 12071 -745 1946 END
START -4348 6560 20256 12134 -1047 2241 END
START -4360 6496 20560 12137 -1221 2493 END
START -4316 6248 20784 12077 -1393 2696 END
START -4276 5932 20856 12076 -1456 2840 END
START -4364 5832 20972 12052 -1426 2897 END
START -4596 5732 20912 12027 -1323 2981 END
START -4728 5728 21076 11911 -1161 2993 END
START -4880 5732 21336 11653 -946 2977 END
START -5056 5572 21624 11549 -757 2970 END
START -5148 5548 22048 11313 -619 2945 END
START -5264 5336 22532 11086 -503 2870 END
START -5412 5224 22796 10838 -375 2803 END
START -5480 5232 23144 10611 -312 2656 END
START -5604 5132 23504 10330 -242 2520 END
START -5596 5160 23604 10108 -170 2402 END
START -5480 5252 23916 9814 -89 2304 END
START -5372 5376 24204 9480 -3 2242 END
START -5292 5400 24328 9156 115 2209 END
START -5168 5428 24436 8849 242 2179 END
START -4996 5424 24560 8464 442 2169 END
START -4964 5316 24652 8101 678 2185 END
START -4948 5244 24672 7670 913 2216 END
START -4956 5240 24800 7249 1187 2236 END
START -4972 5200 24680 6787 1570 2224 END
START -4952 4972 24764 6293 1967 2225 END
START -5056 4912 24624 5799 2348 2189 END
START -5040 4748 24500 5324 2812 2163 END
START -5140 4732 24584 4817 3271 2095 END
START -5348 4652 24628 4323 3733 2009 END
START -5560 4692 24440 3860 4190 1959 END
START -5608 4640 24388 3394 4675 1948 END
START -5828 4480 24352 2929 5114 1926 END
START -6088 4668 24296 2571 5533 1867 END
START -6272 4588 23924 2192 5997 1829 END
START -6396 4460 23844 1851 6452 1780 END
START -6432 4184 23928 1510 6820 1766 END
START -6568 4016 23888 1150 7241 1731 END
START -6828 3924 23972 824 7578 1694 END
START -7048 3924 23988 526 7923 1617 END
START -7404 3784 24404 193 8162 1559 END
START -7528 3496 24608 -132 8345 1477 END
START -7672 3404 24900 -464 8393 1372 END
START -7756 3160 25108 -867 8412 1224 END
START -7844 3008 25172 -1198 8342 1074 END
START -7888 2916 25392 -1507 8197 875 END
START -7984 2596 25388 -1745 7934 705 END
START -7816 2604 25552 -1883 7629 609 END
START -7704 2544 25380 -1978 7268 512 END
START -7652 2672 25192 -1979 6818 516 END
START -7472 2856 24960 -1949 6460 594 END
START -7344 2872 24812 -1839 6121 720 END
START -7484 3020 24856 -1714 5724 949 END
START -7380 3128 24688 -1601 5395 1164 END
START -7456 3228 24624 -1438 5016 1438 END
START -7644 3016 24724 -1241 4577 1762 END
START -7832 2864 24872 -1046 4159 2055 END
START -8144 2684 25184 -841 3702 2341 END
START -8432 2540 25468 -665 3207 2604 END
START -8756 2280 25800 -547 2680 2825 END
START -9304 2156 25988 -443 2071 2995 END
START -9572 2020 26136 -430 1570 3100 END
START -9936 1952 26360 -488 1153 3155 END
START -10128 1852 26156 -601 869 3091 END
START -10380 1676 26256 -821 673 2988 END
START -10556 1520 26252 -1144 576 2821 END
START -10644 1472 26412 -1524 579 2587 END
START -10980 1328 26496 -2062 622 2262 END
START -11096 1260 26800 -2621 644 1883 END
START -11188 1148 27068 -3224 764 1490 END
START -11404 968 26728 -3835 872 1028 END
START -11552 900 26936 -4402 949 527 END
START -11428 748 26924 -4970 1019 -9 END
START -11408 888 26748 -5476 1117 -595 END
START -11380 1112 26632 -5982 1155 -1145 END
START -11168 1336 26752 -6448 1106 -1668 END
START -11048 1524 26292 -6894 1040 -2085 END
START -10676 1704 26272 -7268 947 -2439 END
START -10352 1736 26012 -7532 845 -2709 END
START -9956 1992 25976 -7743 706 -2931 END
START -9612 2208 26056 -7878 510 -3076 END
START -9340 2328 25840 -8016 269 -3215 END
START -9228 2448 25968 -8135 11 -3248 END
START -9120 2736 25992 -8264 -336 -3258 END
START -8848 2844 26040 -8409 -768 -3218 END
START -8660 2948 25932 -8499 -1072 -3169 END
START -8604 3112 25856 -8681 -1424 -3103 END
START -8368 3104 25748 -8822 -1760 -3064 END
START -8124 3060 25580 -9012 -2032 -3040 END
START -8120 3076 25116 -9189 -2269 -3037 END
START -8044 3184 24868 -9386 -2445 -3049 END
START -8016 3064 24936 -9571 -2633 -3091 END
START -7936 3168 24700 -9787 -2822 -3210 END
START -7884 3348 24420 -10023 -2935 -3310 END
START -7920 3280 24212 -10258 -3071 -3396 END
START -7760 3240 23988 -10496 -3175 -3530 END
START -7732 3364 23732 -10740 -3257 -3686 END
START -7600 3452 23300 -10999 -3330 -3868 END
START -7368 3412 22936 -11207 -3436 -4022 END
START -7320 3484 22816 -11403 -3499 -4177 END
START -7180 3964 22688 -11553 -3550 -4335 END
START -7084 4060 22308 -11743 -3616 -4448 END
START -6848 4184 21932 -11981 -3721 -4533 END
START -6740 4240 21816 -12175 -3837 -4577 END
START -6576 4376 21340 -12335 -3959 -4658 END
START -6568 4284 21140 -12445 -4094 -4743 END
START -6288 4388 20940 -12562 -4248 -4832 END
START -6176 4312 20508 -12633 -4475 -4977 END
START -5988 4388 20020 -12735 -4576 -5061 END
START -5840 4620 19684 -12837 -4747 -5191 END
START -5708 4692 19536 -12911 -4927 -5295 END
START -5500 4712 19084 -13002 -5063 -5385 END
START -5216 4912 18684 -13005 -5234 -5454 END
START -4944 4844 18364 -13029 -5422 -5530 END
START -4620 5104 17916 -13013 -5575 -5569 END
START -4460 5424 17512 -13006 -5768 -5580 END
START -4240 5580 16996 -13011 -5965 -5584 END
START -3780 5652 16672 -13004 -6125 -5552 END
START -3420 5880 16060 -13028 -6202 -5473 END
START -3092 5960 15680 -12988 -6346 -5414 END
START -2984 5988 15232 -12959 -6389 -5312 END
START -2868 6056 14704 -12888 -6491 -5192 END
START -2656 6104 14268 -12829 -6599 -5031 END
START -2688 6080 13900 -12698 -6699 -4927 END
START -2408 6188 13584 -12632 -6790 -4785 END
START -2300 5996 12940 -12547 -6851 -4683 END
START -2232 6056 12420 -12429 -6886 -4551 END
START -2196 6012 11808 -12369 -6855 -4417 END
START -1976 5988 11296 -12289 -6852 -4295 END
START -1908 6008 10816 -12227 -6723 -4168 END
START -1688 5840 10128 -12162 -6582 -4093 END
START -1468 5692 9392 -12059 -6348 -3941 END
START -1228 5832 8860 -11923 -5997 -3894 END
START -1156 6012 8016 -11753 -5604 -3836 END
START -1052 6048 7304 -11695 -5117 -3815 END
START -952 6076 6748 -11650 -4546 -3768 END
START -856 6060 6384 -11600 -4011 -3696 END
START -856 5884 5860 -11525 -3349 -3655 END
START -964 5776 5792 -11353 -2835 -3680 END
START -1112 5852 5472 -11171 -2319 -3752 END
START -1344 5980 5556 -10974 -2034 -3873 END
START -1344 6364 5464 -10758 -1767 -3960 END
START -984 6420 5408 -10581 -1578 -4002 END
START -668 6376 5676 -10471 -1439 -3950 END
START -124 6164 5548 -10359 -1346 -3804 END
START 84 6116 5624 -10245 -1239 -3596 END
START 300 6048 5212 -10108 -1209 -3463 END
START 448 6044 5116 -9960 -1175 -3297 END
START 420 5864 5016 -9801 -1173 -3167 END
START 308 5612 4800 -9671 -1240 -3054 END
START 412 5604 4524 -9458 -1311 -2928 END
START 552 5436 3996 -9235 -1348 -2817 END
START 640 5300 3528 -8945 -1298 -2713 END
START 644 5056 3152 -8595 -1238 -2539 END
START 736 5076 2896 -8231 -1175 -2378 END
START 812 4932 2504 -7829 -1121 -2235 END
START 788 4888 2476 -7414 -1057 -2076 END
START 956 4828 2420 -7019 -1013 -1934 END
START 964 4764 2296 -6668 -982 -1736 END
START 1036 4692 2372 -6324 -1018 -1520 END
START 1168 4472 2516 -6044 -1091 -1249 END
START 1196 4024 2136 -5707 -1144 -989 END
START 1416 3756 1976 -5293 -1178 -723 END
START 1308 3440 1852 -4828 -1222 -448 END
START 1316 3272 1740 -4279 -1240 -167 END
START 1304 3064 1532 -3712 -1259 77 END
START 1108 2936 1620 -3174 -1313 315 END
START 852 2784 1808 -2620 -1436 577 END
START 628 2584 2120 -2092 -1596 862 END
START 572 2140 1896 -1603 -1783 1127 END
START 180 1944 1892 -1010 -1913 1340 END
START 128 1492 1748 -487 -1966 1521 END
START -244 1464 1908 132 -1934 1699 END
START -468 1312 1924 698 -1865 1841 END
START -700 1016 2172 1217 -1835 1917 END
START -996 916 2700 1669 -1738 1988 END
START -1320 680 3180 2092 -1644 2035 END
START -1540 704 3644 2460 -1605 2075 END
START -1692 620 4532 2818 -1507 2131 END
START -1700 624 4992 3098 -1348 2223 END
START -1740 804 5604 3326 -1223 2336 END
START -1864 920 6644 3399 -1046 2527 END
START -1920 940 7252 3364 -836 2685 END
START -1980 924 8140 3271 -608 2857 END
START -2160 788 8808 3068 -380 3048 END
START -2440 604 9452 2872 -188 3253 END
START -2596 584 10004 2627 49 3431 END
START -2840 428 10712 2357 220 3541 END
START -3292 276 11080 2073 443 3624 END
START -3728 112 11624 1794 579 3643 END
START -4132 52 11900 1472 738 3663 END
START -4724 -96 12300 1210 883 3661 END
START -5040 -164 12252 974 940 3665 END
START -5616 -212 12320 851 1058 3672 END
START -6144 -332 12420 731 1188 3643 END
START -6936 -568 12192 746 1330 3557 END
START -7700 -744 12268 815 1427 3412 END
START -8468 -944 12492 925 1467 3201 END
START -9308 -1108 12824 1110 1452 2917 END
START -9568 -1260 13004 1324 1455 2569 END
START -10048 -1144 13668 1516 1324 2203 END
START -10488 -1320 14056 1704 1219 1830 END
START -10940 -1372 14604 1837 1006 1437 END
START -10972 -1584 15052 1914 805 1071 END
START -11160 -1496 15552 1958 650 691 END
START -11320 -1448 15956 1989 440 272 END
START -11472 -1280 16248 1981 234 -114 END
START -11524 -1084 16416 1918 65 -470 END
START -11372 -1020 16320 1836 -13 -806 END
START -11396 -972 16552 1688 -141 -1113 END
START -11596 -908 16604 1560 -265 -1361 END
START -11504 -876 16580 1476 -302 -1587 END
START -11540 -904 16592 1406 -375 -1783 END
START -11764 -672 16988 1387 -423 -2016 END
START -11752 -820 17048 1351 -488 -2178 END
START -11816 -752 17328 1297 -677 -2296 END
START -11732 -496 17252 1238 -825 -2395 END
START -11672 -644 17496 1130 -968 -2492 END
START -11596 -548 17680 997 -1097 -2535 END
START -11576 -636 17596 834 -1196 -2600 END
START -11596 -616 17708 663 -1311 -2650 END
START -11520 -692 17572 475 -1386 -2739 END
START -11580 -680 17320 282 -1404 -2817 END
START -11496 -992 17188 97 -1363 -2960 END
START -11608 -1072 17088 -124 -1361 -3058 END
START -11740 -1264 16968 -316 -1361 -3255 END
START -11812 -1368 16604 -515 -1331 -3465 END
START -11892 -1540 16200 -649 -1286 -3701 END
START -12016 -1812 15996 -754 -1247 -3934 END
START -12180 -1828 15420 -773 -1144 -4235 END
START -12224 -1860 15212 -744 -1050 -4511 END
START -12516 -1832 14740 -723 -933 -4798 END
START -12620 -1900 14392 -680 -740 -5053 END
START -12920 -1996 14448 -624 -624 -5361 END
START -13088 -1840 14424 -535 -616 -5677 END
START -13272 -2152 14436 -433 -603 -6010 END
START -13476 -2264 14588 -304 -658 -6396 END
START -13556 -2308 14628 -167 -752 -6721 END
START -13512 -2240 14512 -85 -903 -7059 END
START -13472 -2180 14552 17 -1009 -7368 END
START -13344 -2228 14680 47 -1136 -7672 END
START -13192 -2392 14676 53 -1268 -7948 END
START -13036 -2412 14476 62 -1349 -8235 END
START -12792 -2476 14040 66 -1453 -8522 END
START -12440 -2540 13928 63 -1397 -8835 END
START -12088 -2424 13324 37 -1267 -9083 END
START -11692 -2376 13280 2 -1124 -9322 END
START -11356 -2280 13160 35 -904 -9552 END
START -11364 -2332 12968 -20 -625 -9696 END
START -11076 -2208 12908 -79 -340 -9912 END
START -10916 -2136 12888 -191 16 -10103 END
START -10720 -2356 12964 -370 366 -10289 END
START -10576 -2452 12980 -580 777 -10555 END
START -10652 -2384 12976 -817 1163 -10802 END
START -10468 -2476 12708 -1069 1622 -11079 END
START -10372 -2472 12592 -1347 2132 -11462 END
START -10348 -2352 12368 -1591 2651 -11794 END
START -10276 -2396 12316 -1828 3132 -12194 END
START -9956 -2388 12200 -2049 3646 -12628 END
START -9528 -2336 11956 -2304 4236 -13037 END
START -9216 -2296 11728 -2500 4836 -13404 END
START -8836 -2220 11588 -2699 5448 -13836 END
START -8684 -2232 11340 -2892 6050 -14197 END
START -8440 -2152 11132 -3059 6620 -14597 END
START -8060 -2188 11188 -3220 7173 -14999 END
START -8084 -2216 11176 -3328 7616 -15427 END
START -7760 -2184 11088 -3414 8029 -15857 END
START -7460 -2108 10872 -3449 8369 -16298 END
START -7124 -2028 10780 -3348 8681 -16722 END
START -6760 -1892 10796 -3207 8931 -17107 END
START -6388 -1580 10588 -3001 9121 -17446 END
START -5828 -1212 10780 -2756 9208 -17722 END
START -5224 -996 11048 -2451 9223 -17950 END
START -4636 -544 11080 -2078 9203 -18048 END
START -4160 -172 11532 -1759 9065 -18083 END
START -3632 288 11832 -1370 8816 -18050 END
START -3324 384 11936 -950 8387 -17903 END
START -2836 736 12384 -508 7888 -17740 END
START -2212 1200 12556 -28 7274 -17489 END
START -1460 1532 12696 553 6618 -17167 END
START -900 1912 12816 1089 5993 -16797 END
START -280 2420 12744 1667 5347 -16401 END
START 484 2936 12868 2219 4704 -15920 END
START 1220 3196 13056 2765 4021 -15393 END
START 1680 3468 12960 3352 3406 -14840 END
START 2376 3696 13020 3911 2717 -14308 END
START 2788 3968 13140 4529 2112 -13722 END
START 3252 4336 13228 5158 1534 -13187 END
START 3928 4588 13416 5768 1003 -12625 END
START 4600 4892 13396 6277 576 -12103 END
START 4992 5164 13736 6728 281 -11547 END
START 5520 5512 14100 7092 73 -11055 END
START 5904 5808 14320 7332 -37 -10564 END
START 6132 6036 14352 7445 -53 -10133 END
START 6496 6168 14708 7474 1 -9675 END
START 6664 6364 15088 7427 120 -9363 END
START 7012 6312 15736 7269 288 -9051 END
START 7296 6500 15920 7052 508 -8790 END
START 7580 6596 16328 6811 729 -8623 END
START 7788 6712 16584 6457 1057 -8466 END
START 8064 7032 16896 6096 1378 -8306 END
START 8420 7204 17120 5575 1763 -8128 END
START 8632 7324 17492 5139 2121 -7984 END
START 8864 7496 17648 4663 2487 -7816 END
START 9160 7664 17800 4226 2842 -7662 END
START 9388 7740 18108 3796 3093 -7462 END
START 9524 7908 18488 3363 3285 -7223 END
START 9692 8092 18548 2999 3432 -6982 END
START 9792 8192 18864 2632 3409 -6692 END
START 9860 8408 19160 2320 3278 -6382 END
START 10156 8644 19244 2038 3081 -6031 END
START 10496 8904 19224 1851 2805 -5601 END
START 10872 9136 19216 1737 2525 -5093 END
START 11192 9500 18888 1640 2239 -4482 END
START 11652 9580 18728 1623 1944 -3808 END
START 12064 9704 18596 1595 1594 -3043 END
START 12416 9884 18640 1618 1350 -2266 END
START 12584 9856 18392 1575 1059 -1392 END
START 12692 9924 18432 1540 775 -465 END
START 12816 9900 18392 1516 526 478 END
START 12760 9968 18292 1450 298 1391 END
START 12796 9880 18320 1394 33 2327 END
START 12680 9808 18012 1330 -157 3240 END
START 12416 9716 17968 1230 -358 4125 END
START 12040 9548 17500 1132 -481 4948 END
START 11708 9368 17216 1068 -554 5758 END
START 11300 9136 17056 967 -646 6459 END
START 11044 8924 16800 876 -644 7119 END
START 10552 8688 16564 814 -601 7739 END
START 10156 8520 16224 739 -534 8265 END
START 9728 8268 16124 676 -433 8772 END
START 9368 8184 15952 594 -332 9201 END
START 9052 7904 15840 502 -215 9551 END
START 8708 7832 15800 371 -148 9951 END
START 8296 7648 15640 211 -50 10280 END
START 7832 7664 15624 60 28 10609 END
START 7644 7660 15036 -63 103 10872 END
START 7256 7636 14916 -210 253 11171 END
START 7120 7428 14748 -325 489 11467 END
START 6828 7480 14352 -424 688 11733 END
START 6616 7512 14008 -546 1048 11990 END
START 6320 7496 13780 -647 1342 12248 END
START 6040 7444 13572 -737 1626 12474 END
START 5796 7336 13632 -827 1922 12786 END
START 5596 7400 13812 -948 2156 12967 END
START 5128 7444 13648 -1007 2366 13368 END
START 4928 7424 13832 -1107 2474 13617 END
START 4572 7516 13948 -1144 2484 13984 END
START 4348 7580 13952 -1139 2447 14392 END
START 4192 7636 13900 -1082 2304 14871 END
START 3744 7596 13628 -951 2175 15392 END
START 3560 7532 13512 -799 1960 15907 END
START 3304 7460 13452 -599 1797 16440 END
START 2980 7324 13160 -384 1607 16985 END
START 2784 7212 13068 -144 1457 17466 END
START 2216 7200 13120 59 1254 17990 END
START 2048 7124 12904 247 1118 18525 END
START 1592 7060 12988 399 950 19020 END
START 1192 6972 12832 551 829 19601 END
START 712 6820 12956 674 808 20133 END
START 244 6620 12808 849 775 20684 END
START -468 6364 12940 967 779 21147 END
START -1044 6244 13000 1048 706 21606 END
START -1812 5964 12908 1154 669 21984 END
START -2836 5584 12964 1233 658 22265 END
START -3672 5392 13148 1342 591 22470 END
START -4652 4968 13136 1449 491 22653 END
START -5724 4572 13108 1605 365 22758 END
START -6676 4312 13268 1769 274 22805 END
START -7444 3916 13288 1921 163 22780 END
START -8376 3484 13348 2093 88 22673 END
START -8992 3160 13604 2230 4 22484 END
START -9608 2768 13824 2349 -34 22240 END
START -10196 2524 14004 2401 -103 21961 END
START -10856 2292 14240 2498 -149 21642 END
START -11124 2088 14356 2456 -113 21285 END
START -11528 1932 14332 2438 -127 20948 END
START -11940 1772 14364 2398 -18 20589 END
START -12444 1632 14328 2306 109 20281 END
START -12892 1476 14196 2243 266 19950 END
START -13296 1292 14348 2133 507 19553 END
START -13704 1044 14144 2075 806 19101 END
START -14044 652 14216 1935 1180 18642 END
START -14360 512 14236 1808 1644 18192 END
START -14816 264 14168 1651 2090 17696 END
START -15192 220 14520 1488 2593 17269 END
START -15852 96 14812 1308 3006 16842 END
START -16384 -192 14980 1107 3440 16420 END
START -17076 -460 15504 948 3779 16010 END
START -17580 -840 15712 714 4076 15541 END
START -18172 -1168 15932 508 4350 14992 END
START -18756 -1452 16180 279 4601 14371 END
START -19212 -1788 16348 56 4754 13691 END
START -19696 -2148 16288 -205 5015 13032 END
START -19880 -2396 16252 -461 5322 12293 END
START -20276 -2656 16188 -719 5702 11492 END
START -20312 -3032 16012 -1036 6127 10718 END
START -20704 -3304 16056 -1342 6545 9895 END
START -20852 -3608 16148 -1664 6958 9044 END
START -21024 -3792 16176 -2050 7353 8185 END
START -21128 -4036 16044 -2392 7675 7376 END
START -21316 -4108 15840 -2796 7917 6575 END
START -21232 -4368 15452 -3139 8208 5772 END
START -21232 -4520 15200 -3367 8475 5006 END
START -21360 -4416 14436 -3520 8744 4271 END
START -21380 -4800 14320 -3500 8957 3610 END
START -21420 -4960 14084 -3352 8992 3012 END
START -21628 -5072 14156 -3029 8911 2475 END
START -21868 -4860 14200 -2556 8556 2002 END
START -22012 -4916 14524 -2047 7929 1553 END
START -22112 -4660 14940 -1472 7106 1232 END
START -22020 -4536 14976 -864 6140 963 END
START -21816 -4352 15060 -208 5022 792 END
START -21496 -4360 15128 502 3900 687 END
START -21360 -4292 14996 1199 2800 647 END
START -21160 -4144 14996 1899 1605 684 END
START -21096 -4220 14768 2577 534 669 END
START -20880 -4204 14596 3200 -546 617 END
START -20576 -4408 14492 3789 -1472 524 END
START -20468 -4396 14452 4273 -2371 397 END
START -20220 -4500 14144 4689 -3142 216 END
START -19852 -4404 13900 4984 -3694 5 END
START -19548 -4300 13432 5182 -4080 -250 END
START -19188 -4172 13008 5302 -4333 -583 END
START -18924 -4104 12864 5375 -4439 -933 END
START -18476 -4056 12884 5381 -4403 -1279 END
START -18232 -4044 12776 5317 -4330 -1691 END
START -17976 -4096 12824 5198 -4192 -2128 END
START -17860 -3924 12780 4963 -3925 -2611 END
START -17652 -3784 12812 4666 -3543 -3145 END
START -17372 -3828 12952 4242 -3081 -3756 END
START -17056 -3672 12776 3746 -2566 -4346 END
START -16820 -3532 12744 3145 -1953 -4947 END
START -16284 -3456 12396 2493 -1295 -5581 END
START -16040 -3300 12052 1838 -505 -6180 END
START -15944 -3300 12084 1279 184 -6750 END
START -15780 -3412 11436 819 841 -7327 END
START -15788 -3480 11080 513 1451 -7803 END
START -16080 -3532 10616 349 1887 -8367 END
START -15992 -3540 10440 359 2309 -8846 END
START -16132 -3472 9872 449 2654 -9336 END
START -16116 -3432 9684 629 2973 -9873 END
START -16196 -3456 9840 832 3106 -10397 END
START -16212 -3380 9904 1034 3078 -10857 END
START -15956 -3272 10368 1271 2924 -11310 END
START -15704 -3064 10536 1489 2585 -11702 END
START -15476 -2696 10624 1829 2174 -12004 END
START -15204 -2288 10612 2168 1675 -12229 END
START -14724 -2120 10408 2581 1129 -12377 END
START -14196 -1904 10288 2974 601 -12425 END
START -13808 -1648 10188 3370 63 -12372 END
START -13352 -1460 9496 3808 -405 -12327 END
START -12700 -1144 9072 4308 -802 -12245 END
START -12564 -1100 8704 4877 -1113 -12187 END
START -12256 -1056 8372 5476 -1402 -12082 END
START -12200 -1112 8264 6113 -1597 -12088 END
START -12040 -1044 8208 6760 -1816 -12099 END
START -12096 -1076 8464 7371 -2108 -12206 END
START -12020 -812 9020 7937 -2389 -12324 END
START -11816 -668 9452 8459 -2770 -12450 END
START -11704 -496 9760 8909 -3202 -12620 END
START -11180 -188 9904 9344 -3618 -12805 END
START -10580 80 10108 9678 -3816 -12981 END
START -9868 164 10352 9909 -3939 -13253 END
START -9336 284 10284 10001 -3871 -13483 END
START -8660 680 10496 10002 -3672 -13710 END
START -8108 1084 10556 9992 -3284 -13977 END
START -7320 1732 10908 9911 -2847 -14234 END
START -7068 2300 11452 9750 -2421 -14493 END
START -6556 2568 12096 9455 -2069 -14728 END
START -6100 2988 12856 9071 -1775 -14942 END
START -5640 3344 13320 8650 -1534 -15195 END
START -5084 3692 13640 8287 -1288 -15435 END
START -4632 4060 14020 7948 -1130 -15687 END
START -4212 4496 14604 7602 -1004 -15935 END
START -3732 5064 14948 7322 -1011 -16167 END
START -2988 5344 15460 7075 -1014 -16346 END
START -2356 5804 15860 6840 -1095 -16524 END
START -1668 6300 16492 6557 -1283 -16607 END
START -924 6856 16888 6291 -1490 -16625 END
START -28 7376 17208 6035 -1677 -16556 END
START 1020 7824 17356 5836 -1837 -16396 END
START 1896 8476 17536 5613 -1903 -16187 END
START 2540 9092 18068 5359 -1999 -15862 END
START 3040 9536 18648 5125 -2136 -15484 END
START 3404 9968 19452 4869 -2431 -15082 END
START 3688 9996 20704 4596 -2931 -14699 END
START 3684 10180 21768 4359 -3601 -14316 END
START 3664 10436 22644 4113 -4544 -13892 END
START 3668 10680 23612 3843 -5646 -13415 END
START 3732 10812 24136 3542 -6816 -12897 END
START 3940 11040 24052 3292 -7958 -12400 END
START 4204 11004 23820 3017 -8861 -11843 END
START 4476 11268 23328 2761 -9567 -11400 END
START 4740 11672 22636 2524 -10053 -10951 END
START 4804 12304 21568 2223 -10270 -10501 END
START 4816 12740 20900 1954 -10263 -9944 END
START 5376 13284 20188 1659 -9938 -9331 END
START 5308 13456 19824 1414 -9472 -8708 END
START 5224 13232 20016 1105 -8928 -8013 END
START 5344 12932 20344 705 -8447 -7410 END
START 5220 12380 21004 284 -8048 -6836 END
START 5056 12044 21580 -204 -7778 -6399 END
START 4912 11544 22048 -753 -7587 -6065 END
START 4956 11220 22184 -1316 -7376 -5763 END
START 4944 10896 22152 -1940 -7081 -5512 END
START 5148 10876 21856 -2567 -6680 -5239 END
START 5148 10728 21612 -3218 -6190 -4961 END
START 5136 10548 21484 -3844 -5763 -4682 END
START 4996 10344 21220 -4423 -5287 -4390 END
START 5208 10096 21236 -4960 -4902 -4080 END
START 5140 9816 21264 -5447 -4572 -3745 END
START 5128 9504 21148 -5873 -4284 -3435 END
START 5012 9220 21120 -6230 -4133 -3070 END
START 4992 8728 21008 -6496 -4056 -2690 END