START -2088 -2324 12136 2343 3339 -1175 END
START -272 -1752 9668 2279 2739 -1323 END
START -48 -1348 10088 2291 3617 -1373 END
START -1280 -620 11228 2117 4365 -1423 END
START -1824 -268 12196 1880 4778 -1397 END
START -1624 -120 12412 1565 5014 -1178 END
START -1320 156 12296 1197 5287 -752 END
START -696 728 12224 849 5688 -216 END
START -132 1540 12220 448 6243 450 END
START 20 2288 12484 -13 6885 1180 END
START 52 2736 12972 -528 7359 1954 END
START -416 2860 13648 -1115 7679 2840 END
START -660 2260 14652 -1711 7737 3771 END
START -920 1644 15364 -2237 7657 4601 END
START -1472 1044 15924 -2613 7494 5250 END
START -2152 332 16412 -2881 7120 5771 END
START -2776 -412 16540 -2930 6599 6010 END
START -3472 -904 16412 -2807 5963 6068 END
START -3996 -1208 15836 -2652 5384 6000 END
START -4572 -1276 15124 -2353 4860 5766 END
START -4908 -1472 14524 -2025 4458 5582 END
START -5188 -1612 13836 -1619 4237 5280 END
START -5448 -1820 13628 -1221 4048 5024 END
START -5376 -1972 13436 -761 3990 4707 END
START -5616 -2188 13608 -289 3891 4418 END
START -5620 -2344 13660 86 3761 4102 END
START -5444 -2612 14004 402 3676 3790 END
START -5576 -2688 14204 686 3514 3468 END
START -5416 -2724 14456 921 3386 3133 END
START -5368 -2852 14820 1174 3177 2843 END
START -5096 -3044 15324 1384 2938 2594 END
START -4960 -3180 15736 1562 2726 2325 END
START -4720 -3404 16128 1662 2491 2055 END
START -4412 -3456 16512 1767 2271 1861 END
START -4220 -3276 16724 1650 2048 1650 END
START -3940 -3240 16884 1534 1823 1480 END
START -3628 -3312 16612 1314 1798 1373 END
START -3568 -3112 16596 1022 1815 1232 END
START -3420 -3008 16372 729 1905 1117 END
START -3628 -2912 16336 383 1947 1045 END
START -3800 -2724 16364 104 1945 988 END
START -3856 -2896 16164 -116 1919 937 END
START -3980 -3012 16024 -324 1942 863 END
START -4044 -3212 15892 -426 1917 773 END
START -3956 -3496 15524 -521 1835 670 END
START -4104 -3432 15336 -562 1826 511 END
START -4336 -3684 15212 -532 1810 388 END
START -4284 -3740 14940 -453 1692 236 END
START -4472 -3720 15180 -318 1569 78 END
START -4696 -3692 15128 -160 1382 -56 END
START -4780 -3584 15292 31 1069 -221 END
START -4916 -3824 15432 167 767 -346 END
START -5000 -3576 15484 344 396 -494 END
START -4908 -3532 15380 462 127 -687 END
START -4616 -3420 15228 579 -102 -818 END
START -4464 -3304 15140 628 -204 -948 END
START -4328 -2880 14956 677 -243 -1048 END
START -4132 -2248 14776 620 -144 -1088 END
START -4012 -1820 14852 554 -108 -1007 END
START -3908 -1764 14900 378 25 -884 END
START -3892 -1564 14960 246 62 -689 END
START -3792 -1452 14940 93 158 -578 END
START -3716 -1688 14912 -43 217 -447 END
START -3764 -2008 14968 -115 223 -344 END
START -3804 -2232 14964 -143 213 -297 END
START -3908 -2396 14972 -154 108 -260 END
START -4120 -2456 14936 -68 21 -212 END
START -4200 -2348 14880 -9 -202 -201 END
START -4424 -2400 14792 125 -418 -168 END
START -4224 -2360 14580 244 -649 -154 END
START -4408 -2124 14420 354 -799 -136 END
START -4168 -2172 13996 419 -912 -80 END
START -4100 -2056 13900 483 -983 -78 END
START -3896 -2220 13672 522 -1025 0 END
START -3808 -2220 13628 531 -1007 -2 END
START -3796 -2124 13532 539 -962 12 END
START -3800 -2208 13564 552 -951 -12 END
START -3648 -2352 13432 557 -912 -46 END
START -3696 -2312 13356 577 -883 -117 END
START -3696 -2384 13124 665 -886 -223 END
START -3724 -2440 13028 720 -879 -269 END
START -3552 -2600 12900 805 -866 -369 END
START -3492 -2616 12672 905 -808 -473 END
START -3404 -2456 12504 1013 -685 -671 END
START -3540 -2248 12468 1105 -611 -768 END
START -3748 -2096 12456 1163 -625 -921 END
START -3700 -1860 12756 1189 -693 -941 END
START -3616 -1704 12756 1196 -739 -993 END
START -3444 -1732 12660 1196 -810 -1074 END
START -3356 -1648 12588 1207 -840 -1136 END
START -3372 -1464 12432 1227 -905 -1173 END
START -3316 -1360 12108 1252 -953 -1220 END
START -3224 -1068 11764 1250 -961 -1210 END
START -3124 -1000 11588 1231 -853 -1295 END
START -3000 -1016 11156 1288 -812 -1332 END
START -2960 -796 11208 1304 -726 -1378 END
START -2816 -664 11100 1349 -685 -1402 END
START -2828 -628 11024 1362 -630 -1378 END
START -2672 -480 10968 1356 -623 -1378 END
START -2592 -284 10804 1399 -636 -1353 END
START -2280 -92 10344 1391 -570 -1265 END
START -2244 4 10372 1360 -492 -1161 END
START -2072 208 10108 1389 -389 -1057 END
START -1916 340 9756 1392 -185 -901 END
START -1752 520 9428 1441 -61 -696 END
START -1640 864 9464 1478 129 -529 END
START -1656 960 9328 1538 267 -284 END
START -1464 1044 9232 1631 408 -4 END
START -1420 1336 9212 1753 522 211 END
START -1464 1600 9104 1854 590 522 END
START -1272 1476 9104 1984 585 761 END
START -1360 1312 9124 2155 605 1015 END
START -1400 1156 9308 2420 511 1232 END
START -1676 1032 9292 2649 370 1465 END
START -1844 1120 9196 2981 186 1636 END
START -2096 1064 9216 3305 -62 1865 END
START -2304 1036 9152 3616 -374 2014 END
START -2444 876 9192 3906 -698 2115 END
START -2380 540 8684 4231 -953 2181 END
START -2108 356 8316 4598 -1024 2161 END
START -1988 204 8000 4976 -987 2083 END
START -1824 240 7712 5281 -892 1940 END
START -1776 184 7624 5529 -740 1870 END
START -1928 392 7876 5796 -617 1763 END
START -1876 380 7648 5996 -526 1636 END
START -1492 256 7556 6155 -341 1517 END
START -1224 404 7188 6378 -100 1394 END
START -1212 592 7240 6533 203 1258 END
START -1120 720 7432 6728 509 1113 END
START -1116 1116 7436 6875 755 1072 END
START -1232 1384 7540 6968 944 1062 END
START -1056 1572 7484 7063 1091 1047 END
START -852 1792 7804 7105 1213 1068 END
START -844 1816 7772 7224 1333 1130 END
START -664 1764 7680 7356 1463 1140 END
START -660 1924 7576 7479 1560 1122 END
START -548 2148 7308 7663 1737 1122 END
START -788 2368 7544 7884 1850 1200 END
START -728 2568 7592 8102 1998 1248 END
START -868 2688 7732 8355 2088 1372 END
START -1032 2712 7716 8539 2152 1524 END
START -1040 2724 8044 8768 2201 1712 END
START -1196 3012 8200 8948 2173 1877 END
START -1304 2988 8452 9099 2155 2101 END
START -1492 2884 8556 9257 2103 2287 END
START -1672 2828 8776 9406 2038 2462 END
START -1812 2948 8956 9575 1951 2640 END
START -2072 2980 8908 9715 1879 2814 END
START -2152 3044 9180 9868 1807 2966 END
START -2192 3056 9128 10027 1737 3092 END
START -2292 3064 9352 10179 1697 3262 END
START -2268 3128 9200 10339 1630 3402 END
START -2276 3224 9484 10455 1615 3551 END
START -2360 3264 9384 10539 1587 3657 END
START -2248 3224 9444 10653 1553 3746 END
START -2368 3200 9200 10800 1585 3812 END
START -2300 3232 9504 10985 1574 3845 END
START -2340 3264 9432 11194 1586 3870 END
START -2440 3172 9500 11362 1569 3920 END
START -2216 3192 9632 11580 1621 3936 END
START -2220 3152 9552 11999 1664 3920 END
START -2464 3152 9572 12204 1749 3915 END
START -2404 3184 9584 12213 1816 3912 END
START -2536 3360 9920 12250 1816 3905 END
START -2660 3524 10280 12657 1820 3865 END
START -2756 3652 10624 12907 1822 3884 END
START -2856 3816 10836 13031 1798 3849 END
START -3040 3988 11200 13156 1715 3890 END
START -3104 4052 11328 13325 1621 3907 END
START -3116 4140 11292 13446 1641 3937 END
START -3116 4096 11540 13621 1661 4011 END
START -3308 4120 11772 13762 1643 4010 END
START -3556 4340 11972 13889 1664 4048 END
START -3772 4628 12132 14021 1668 4130 END
START -4020 4632 12460 14113 1627 4161 END
START -4172 4708 12632 14192 1625 4227 END
START -4304 4616 13020 14272 1632 4245 END
START -4424 4648 13160 14320 1575 4238 END
START -4572 4704 13604 14353 1497 4225 END
START -4620 4808 13792 14356 1459 4178 END
START -4624 4868 14032 14313 1427 4160 END
START -4652 4848 14220 14228 1392 4122 END
START -4716 5040 14400 14156 1422 4080 END
START -4748 5008 14640 14072 1457 4044 END
START -4776 5080 14872 13956 1492 3958 END
START -4788 5152 15036 13806 1509 3841 END
START -4724 5100 15156 13660 1552 3697 END
START -4612 5056 15008 13508 1651 3544 END
START -4384 5108 15180 13349 1870 3321 END
START -4204 4992 15064 13191 2101 3124 END
START -4060 5020 15388 13018 2397 2941 END
START -4012 5300 15540 12901 2679 2713 END
START -3964 5580 15776 12711 2955 2612 END
START -3928 5692 16084 12627 3205 2511 END
START -4200 5984 16408 12477 3373 2445 END
START -4216 6156 16644 12304 3541 2406 END
START -4360 6324 16904 12478 3650 2368 END
START -4416 6468 17140 12315 3762 2376 END
START -4476 6436 17700 12308 3796 2351 END
START -4796 6528 18068 12632 3747 2465 END
START -4992 6580 18620 12680 3634 2542 END
START -5220 6628 19208 12720 3470 2679 END
START -5496 6784 19764 12796 3215 2827 END
START -5588 6788 20300 12847 2917 3006 END
START -5740 6692 20652 12863 2637 3157 END
START -5832 6680 21008 12831 2365 3352 END
START -5996 6692 21392 12864 2090 3510 END
START -6092 6448 21648 12843 1839 3654 END
START -6124 6184 21996 12789 1580 3805 END
START -6360 6040 22248 12796 1346 3889 END
START -6212 5908 22332 12649 1230 3974 END
START -6384 5756 22616 12599 1066 4010 END
START -6428 5592 22852 12482 989 4031 END
START -6332 5412 23352 12405 909 3988 END
START -6292 5404 23356 12522 839 3961 END
START -6172 5324 23580 11975 827 3883 END
START -6468 5444 23924 12017 799 3948 END
START -6660 5512 24616 12020 621 4132 END
START -6736 5536 24916 12065 448 4305 END
START -6956 5548 25432 12008 209 4397 END
START -7232 5304 25540 11836 -4 4440 END
START -7424 4944 26156 11731 -208 4414 END
START -7792 4932 26372 11501 -422 4389 END
START -8116 4680 26936 11326 -607 4359 END
START -8344 4720 27256 11125 -795 4285 END
START -8700 4872 27800 10949 -952 4217 END
START -9036 4908 28228 10683 -1145 4125 END
START -9420 4944 28644 10365 -1299 4041 END
START -9704 4760 28960 9936 -1440 3849 END
START -9760 4644 29316 9443 -1573 3611 END
START -9792 4556 29520 8846 -1577 3325 END
START -9864 4380 29832 8244 -1551 2980 END
START -9976 4376 29964 7599 -1490 2660 END
START -9920 4388 29984 6909 -1368 2299 END
START -9824 4320 30280 6239 -1190 1958 END
START -9832 4124 30292 5472 -1024 1578 END
START -9552 3984 30440 4755 -852 1189 END
START -9440 3952 30296 4066 -638 769 END
START -9344 3852 30268 3345 -465 407 END
START -9000 4104 30340 2678 -249 48 END
START -8972 4064 30184 2087 -66 -278 END
START -8808 4220 30236 1500 34 -545 END
START -8472 4392 30420 966 116 -765 END
START -8348 4520 30428 496 102 -930 END
START -7944 4744 30368 49 19 -1044 END
START -7808 4764 30296 -359 -141 -1144 END
START -7508 4968 30100 -728 -260 -1166 END
START -7132 4932 30104 -1058 -394 -1142 END
START -6844 5152 29776 -1403 -521 -1059 END
START -6712 5284 29636 -1693 -587 -1008 END
START -6456 5364 29376 -2040 -633 -869 END
START -6432 5396 29252 -2339 -669 -794 END
START -6332 5648 29284 -2624 -737 -670 END
START -6284 5704 29204 -2982 -820 -569 END
START -6204 5760 29172 -3283 -896 -435 END
START -6128 5776 28928 -3673 -993 -310 END
START -5952 5708 28508 -4061 -1019 -206 END
START -5968 5520 28324 -4394 -952 -138 END
START -5956 5580 27920 -4769 -926 -109 END
START -5884 5344 27832 -5141 -774 -77 END
START -5948 5436 27484 -5509 -641 -131 END
START -6020 5360 27336 -5960 -442 -145 END
START -6064 5288 27072 -6344 -297 -212 END
START -5992 5248 26996 -6757 -82 -295 END
START -6016 5164 26696 -7110 33 -381 END
START -6040 5096 26676 -7485 196 -469 END
START -6180 4988 26408 -7847 358 -547 END
START -6196 5144 26356 -8216 444 -626 END
START -6272 5044 26284 -8588 497 -718 END
START -6396 4972 26064 -8932 589 -761 END
START -6420 4928 25960 -9316 616 -817 END
START -6464 4712 25828 -9635 653 -895 END
START -6588 4784 25704 -9946 665 -915 END
START -6828 4540 25348 -10244 714 -999 END
START -7028 4424 25464 -10527 671 -1093 END
START -7140 4104 25332 -10797 664 -1238 END
START -7300 4008 25188 -11054 620 -1347 END
START -7264 3804 24912 -11267 601 -1549 END
START -7436 3680 24684 -11479 646 -1736 END
START -7592 3588 24448 -11694 747 -1954 END
START -7520 3636 24364 -11844 832 -2179 END
START -7620 3568 24144 -12114 905 -2381 END
START -7652 3504 24000 -12305 990 -2614 END
START -7504 3504 23916 -12597 1084 -2870 END
START -7592 3444 23624 -12882 1258 -3163 END
START -7304 3536 23512 -13176 1325 -3392 END
START -7164 3492 23148 -13503 1437 -3674 END
START -6840 3428 22932 -13755 1608 -3890 END
START -6632 3636 22816 -14015 1817 -4076 END
START -6428 3860 22628 -14255 1942 -4241 END
START -6216 4000 22360 -14498 2006 -4355 END
START -6000 4240 22024 -14704 2076 -4427 END
START -5772 4316 21808 -14951 2117 -4430 END
START -5564 4372 21540 -15156 2148 -4425 END
START -5504 4540 21092 -15325 2160 -4387 END
START -5468 4560 20952 -15453 2088 -4308 END
START -5404 4540 20608 -15485 2018 -4221 END
START -5432 4464 20520 -15540 1828 -4077 END
START -5356 4600 19920 -15531 1638 -3974 END
START -5372 4568 19964 -15420 1322 -3804 END
START -5320 4532 19404 -15265 1075 -3631 END
START -5340 4512 19208 -15163 773 -3444 END
START -5252 4432 18688 -15009 455 -3312 END
START -5212 4296 18232 -14812 166 -3156 END
START -5492 4184 17732 -14687 -103 -3069 END
START -5284 4032 17240 -14445 -292 -3081 END
START -5272 4020 16888 -14295 -450 -3078 END
START -5484 3888 16464 -14134 -591 -3144 END
START -5460 3716 16140 -14015 -654 -3262 END
START -5456 3608 15760 -13899 -713 -3382 END
START -5332 3552 15500 -13820 -715 -3627 END
START -5252 3480 14856 -13767 -660 -3872 END
START -5228 3472 14660 -13734 -630 -4131 END
START -5204 3548 14408 -13714 -542 -4454 END
START -5088 3576 14224 -13717 -482 -4738 END
START -5004 3676 14112 -13756 -392 -4984 END
START -4784 3872 13796 -13783 -268 -5258 END
START -4836 3996 13540 -13872 -217 -5520 END
START -4400 4064 13192 -13929 -149 -5710 END
START -4280 4160 12912 -13999 -90 -5882 END
START -3972 4380 12540 -14006 -32 -5996 END
START -3732 4528 12284 -14007 -30 -6131 END
START -3544 4696 11908 -13909 -62 -6197 END
START -3152 4804 11676 -13859 -120 -6199 END
START -2884 4888 11144 -13768 -113 -6188 END
START -2500 5004 10728 -13672 -88 -6116 END
START -2192 4920 10584 -13589 -73 -6051 END
START -1956 5004 10184 -13537 -43 -5953 END
START -1788 5100 10028 -13492 -104 -5849 END
START -1620 5128 9808 -13380 -248 -5694 END
START -1444 4912 9572 -13268 -465 -5467 END
START -1092 5140 9100 -13016 -607 -5220 END
START -884 4976 8532 -12753 -824 -4971 END
START -708 4928 7740 -12361 -880 -4686 END
START -336 4756 7168 -11936 -882 -4382 END
START 20 4504 6376 -11485 -827 -4126 END
START 108 4328 6048 -11026 -775 -3902 END
START 352 4164 5840 -10485 -652 -3669 END
START 308 4088 5604 -9995 -666 -3451 END
START 396 4184 5560 -9477 -705 -3142 END
START 308 4068 5564 -8979 -795 -2874 END
START 252 4140 5780 -8529 -1003 -2553 END
START 384 3984 5692 -8035 -1193 -2223 END
START 400 3852 5584 -7640 -1380 -1881 END
START 560 3784 5304 -7242 -1567 -1547 END
START 532 3696 5016 -6836 -1724 -1189 END
START 448 3736 4844 -6428 -1794 -879 END
START 196 3520 4700 -6042 -1831 -570 END
START -280 3304 4640 -5713 -1951 -300 END
START -704 3076 4756 -5308 -2042 -54 END
START -1396 2656 4752 -4862 -2236 105 END
START -1592 2420 5008 -4416 -2496 126 END
START -2132 2004 5008 -4004 -2685 55 END
START -2372 1636 4904 -3546 -2926 -70 END
START -2676 1364 4664 -3134 -3161 -307 END
START -2792 1320 4492 -2722 -3267 -577 END
START -2948 1268 4628 -2330 -3399 -877 END
START -2984 1340 4496 -1965 -3392 -1198 END
START -3088 1376 4568 -1593 -3358 -1488 END
START -2928 1664 4580 -1273 -3290 -1768 END
START -2700 1820 4820 -990 -3148 -2016 END
START -2632 2124 5296 -743 -3105 -2274 END
START -2232 2272 5664 -579 -2994 -2410 END
START -1780 2664 6172 -504 -2872 -2542 END
START -1292 3148 6616 -464 -2755 -2563 END
START -852 3592 7040 -503 -2503 -2472 END
START -440 4124 7500 -672 -2282 -2303 END
START -164 4532 7728 -839 -1973 -2068 END
START 36 4664 7896 -1096 -1682 -1757 END
START 164 4916 8500 -1380 -1333 -1375 END
START 180 4996 8616 -1699 -1083 -969 END
START 156 5052 8984 -1978 -873 -604 END
START -80 4808 9304 -2253 -696 -181 END
START -184 4812 9256 -2494 -594 186 END
START -556 4536 9456 -2658 -497 494 END
START -828 4324 9460 -2739 -502 820 END
START -1280 4032 9476 -2728 -503 1113 END
START -1676 3800 9432 -2650 -566 1375 END
START -2024 3584 9364 -2539 -621 1639 END
START -2372 3424 9256 -2345 -694 1825 END
START -2872 3108 9024 -2115 -757 1977 END
START -3096 2564 9276 -1851 -898 2054 END
START -3424 2068 9384 -1524 -1048 1988 END
START -3736 1736 9604 -1205 -1195 1948 END
START -3884 1292 9976 -838 -1400 1781 END
START -3956 1068 10208 -539 -1591 1587 END
START -3860 780 10424 -239 -1796 1392 END
START -3732 524 10676 10 -1959 1203 END
START -3596 428 11216 146 -2057 1035 END
START -3368 256 11420 267 -2118 923 END
START -3012 400 11672 379 -2132 865 END
START -3060 312 11772 397 -2120 868 END
START -3072 340 12236 426 -2111 924 END
START -3204 436 12408 365 -1998 1037 END
START -3192 332 12564 312 -1904 1125 END
START -3512 360 12868 258 -1818 1291 END
START -3988 280 12852 256 -1774 1422 END
START -4340 176 13116 298 -1745 1602 END
START -4612 104 13428 367 -1755 1701 END
START -5076 -12 13856 472 -1841 1829 END
START -5600 -52 14140 572 -1989 1940 END
START -6184 -116 14244 624 -2258 2065 END
START -6596 -164 14364 742 -2442 2180 END
START -6824 -144 14516 841 -2690 2215 END
START -7244 -156 14516 948 -2834 2260 END
START -7380 -260 14668 1058 -3047 2282 END
START -7692 -144 14544 1159 -3164 2244 END
START -7828 -76 14468 1210 -3272 2231 END
START -7864 -152 14700 1267 -3295 2130 END
START -8176 -256 14460 1274 -3257 2055 END
START -8072 -296 14632 1288 -3153 1902 END
START -8308 -464 14892 1242 -3064 1768 END
START -8508 -392 14624 1153 -2966 1579 END
START -8688 -396 14772 1051 -2870 1377 END
START -8868 -536 14764 897 -2748 1120 END
START -8812 -536 14824 784 -2605 881 END
START -8896 -624 14740 669 -2439 586 END
START -8852 -532 14632 533 -2243 350 END
START -8844 -500 14636 392 -2032 67 END
START -9104 -484 14440 219 -1779 -234 END
START -9356 -640 14464 49 -1496 -486 END
START -9308 -700 14508 -156 -1307 -785 END
START -9308 -684 14264 -346 -993 -1141 END
START -9480 -820 14340 -541 -755 -1528 END
START -9360 -964 14172 -732 -501 -1891 END
START -9336 -932 14204 -888 -311 -2263 END
START -9360 -804 14020 -1012 -98 -2621 END
START -9316 -704 13912 -1136 86 -2899 END
START -9228 -512 13496 -1244 271 -3132 END
START -9152 -404 13448 -1320 400 -3314 END
START -9088 -376 13304 -1322 546 -3448 END
START -9004 -324 13140 -1300 565 -3590 END
START -8920 -464 12844 -1243 669 -3697 END
START -9032 -464 12904 -1105 675 -3801 END
START -9008 -488 12720 -979 676 -3929 END
START -8976 -564 12612 -839 670 -3988 END
START -9044 -444 12612 -684 601 -4032 END
START -9112 -344 12572 -524 520 -4024 END
START -9044 -332 12484 -386 475 -4036 END
START -8900 -364 12300 -241 458 -4043 END
START -8800 -404 12112 -75 404 -4041 END
START -8796 -500 12092 34 410 -4024 END
START -8516 -500 12040 142 395 -4038 END
START -8584 -504 11968 254 402 -3987 END
START -8704 -624 11860 337 404 -3959 END
START -8700 -632 11872 435 434 -3948 END
START -8648 -736 11928 584 406 -3921 END
START -8800 -736 11980 705 400 -3912 END
START -8792 -752 11740 854 352 -3954 END
START -8844 -888 11800 1019 355 -3946 END
START -8896 -988 11596 1172 381 -4010 END
START -8904 -1192 11600 1359 361 -4076 END
START -9044 -1336 11584 1542 432 -4185 END
START -9096 -1296 11516 1701 482 -4296 END
START -9192 -1412 11580 1888 514 -4415 END
START -9416 -1584 11744 2020 531 -4582 END
START -9540 -1664 12088 2195 514 -4749 END
START -9648 -1760 12032 2260 458 -4948 END
START -9660 -1832 12172 2344 413 -5165 END
START -9712 -2036 12168 2413 429 -5426 END
START -9652 -2004 12168 2470 459 -5676 END
START -9600 -2012 12216 2491 551 -5938 END
START -9576 -2052 12344 2545 599 -6146 END
START -9600 -1984 12516 2515 710 -6329 END
START -9440 -1932 12508 2523 798 -6516 END
START -9500 -1988 12312 2499 912 -6703 END
START -9552 -2168 12396 2520 1039 -6933 END
START -9344 -2308 12336 2573 1214 -7170 END
START -9288 -2336 12440 2648 1362 -7416 END
START -9204 -2296 12804 2756 1476 -7672 END
START -9008 -2108 12804 2736 1628 -7833 END
START -8996 -2152 13080 2736 1655 -8004 END
START -8872 -2036 13464 2670 1692 -8119 END
START -8940 -2004 13676 2599 1664 -8235 END
START -8776 -2012 13920 2531 1633 -8378 END
START -8764 -2116 13840 2530 1606 -8589 END
START -8720 -2160 13896 2506 1572 -8788 END
START -8532 -2024 13848 2512 1558 -9008 END
START -8468 -1916 14004 2482 1603 -9223 END
START -8240 -1888 13948 2462 1607 -9398 END
START -8068 -1884 14008 2442 1647 -9581 END
START -7800 -1676 14048 2375 1654 -9749 END
START -7568 -1600 14460 2383 1645 -9929 END
START -7300 -1436 14596 2352 1554 -10088 END
START -7084 -1236 14744 2394 1464 -10210 END
START -6892 -1004 14816 2441 1362 -10346 END
START -6704 -736 14836 2473 1226 -10442 END
START -6352 -560 14872 2552 1014 -10509 END
START -6132 -356 14728 2668 850 -10555 END
START -5872 -120 14836 2817 713 -10553 END
START -5420 84 14876 2938 607 -10534 END
START -5120 380 14916 3031 474 -10514 END
START -4824 580 14848 3165 348 -10480 END
START -4540 780 14964 3242 276 -10457 END
START -4304 824 15040 3324 194 -10411 END
START -4116 1100 15152 3395 92 -10384 END
START -3828 1268 15224 3434 16 -10363 END
START -3440 1376 15300 3470 -17 -10323 END
START -3216 1480 15476 3483 -57 -10270 END
START -2804 1692 15644 3412 -50 -10238 END
START -2512 1804 15584 3342 -38 -10230 END
START -2116 1896 15764 3231 27 -10142 END
START -1780 1940 15672 3086 156 -10115 END
START -1412 2016 15752 2941 369 -10044 END
START -1124 2068 15908 2751 634 -9997 END
START -864 2140 15812 2505 950 -10006 END
START -540 2020 15880 2212 1287 -10031 END
START -228 2056 16200 1936 1666 -10057 END
START -36 2104 16380 1562 2012 -10046 END
START 408 2220 16504 1246 2297 -10073 END
START 736 2212 16640 917 2582 -10026 END
START 968 2248 16540 641 2879 -9998 END
START 1136 2284 16452 406 3207 -9862 END
START 1304 2380 16364 239 3514 -9779 END
START 1376 2588 16340 197 3852 -9586 END
START 1376 2820 16360 172 4082 -9421 END
START 1412 2844 16212 192 4301 -9177 END
START 1368 2884 16232 159 4453 -8943 END
START 1312 2820 16392 217 4511 -8694 END
START 1388 2644 16584 265 4496 -8473 END
START 1300 2652 16972 373 4371 -8255 END
START 1380 2540 17108 464 4204 -8083 END
START 1288 2548 17232 659 3911 -7898 END
START 1316 2472 17528 852 3602 -7698 END
START 1468 2532 17692 1049 3200 -7490 END
START 1640 2568 17872 1229 2797 -7254 END
START 1820 2532 17904 1450 2364 -7032 END
START 2116 2452 17876 1656 1990 -6754 END
START 2484 2512 17480 1825 1677 -6527 END
START 2772 2520 17400 2017 1533 -6305 END
START 3108 2604 17480 2101 1391 -6072 END
START 3268 2528 17488 2185 1271 -5801 END
START 3520 2392 17704 2209 1190 -5604 END
START 3780 2404 17828 2237 1026 -5341 END
START 3892 2332 18108 2202 843 -5127 END
START 4148 2264 18284 2148 647 -4906 END
START 4272 2200 18400 2107 381 -4677 END
START 4524 2344 18376 2072 166 -4441 END
START 4784 2288 18240 2025 -51 -4208 END
START 5036 2184 18048 1957 -214 -3997 END
START 5216 2252 17892 1879 -321 -3792 END
START 5392 2208 17596 1799 -267 -3653 END
START 5540 2168 17136 1710 -205 -3527 END
START 5720 2176 17156 1630 -51 -3358 END
START 5884 2268 16880 1546 136 -3262 END
START 5888 2292 16832 1420 356 -3113 END
START 5876 2152 16808 1331 541 -3037 END
START 6012 2028 17112 1211 724 -2945 END
START 5880 2028 17096 1087 917 -2857 END
START 5936 2096 17188 941 1033 -2811 END
START 5896 2072 17600 794 1101 -2735 END
START 6076 2164 17744 666 1141 -2598 END
START 6096 2464 17836 515 1129 -2472 END
START 5952 2604 17972 377 1101 -2257 END
START 6144 2696 18212 274 1037 -2054 END
START 6344 2616 18236 171 1002 -1802 END
START 6352 2592 18412 107 974 -1583 END
START 6496 2668 18184 -11 958 -1348 END
START 6564 2596 18044 -95 974 -1138 END
START 6552 2600 18304 -233 1013 -884 END
START 6664 2600 18404 -379 1010 -612 END
START 6780 2660 18384 -511 957 -347 END
START 6672 2596 18564 -652 947 17 END
START 6696 2720 18404 -758 868 392 END
START 6604 2664 18712 -842 778 752 END
START 6356 2416 18576 -907 632 1137 END
START 6220 2364 18600 -945 484 1486 END
START 6020 2356 18444 -983 291 1850 END
START 5852 2208 18440 -965 115 2185 END
START 5716 2004 18360 -947 -19 2488 END
START 5540 1912 18304 -899 -158 2786 END
START 5336 1652 17976 -853 -281 2998 END
START 5216 1604 18148 -808 -390 3252 END
START 4872 1448 18148 -778 -447 3432 END
START 4780 1488 18036 -770 -540 3649 END
START 4664 1484 18180 -791 -592 3824 END
START 4604 1284 18124 -810 -615 4000 END
START 4520 1200 18308 -889 -610 4132 END
START 4432 1196 18388 -987 -630 4286 END
START 4340 1108 18476 -1088 -590 4424 END
START 4180 1200 18588 -1195 -657 4597 END
START 4048 1152 18572 -1330 -752 4785 END
START 3920 1112 18668 -1441 -880 4965 END
START 3796 1092 18716 -1538 -970 5116 END
START 3532 1200 18708 -1630 -1124 5296 END
START 3436 1168 18528 -1684 -1267 5496 END
START 3420 1068 18404 -1717 -1353 5636 END
START 3408 1124 18200 -1707 -1459 5800 END
START 3120 1156 18184 -1735 -1536 5895 END
START 2880 1056 18332 -1726 -1624 6065 END
START 2856 1048 18136 -1719 -1766 6217 END
START 2700 1228 18200 -1726 -1942 6330 END
START 2580 1292 18220 -1844 -2023 6547 END
START 2608 1312 18036 -1891 -2104 6686 END
START 2572 1264 18052 -2001 -2181 6825 END
START 2600 1316 17768 -2102 -2181 6970 END
START 2508 1192 17648 -2179 -2202 7065 END
START 2328 1244 17796 -2263 -2200 7189 END
START 2208 1316 17752 -2329 -2225 7305 END
START 2152 1480 17804 -2478 -2265 7450 END
START 1948 1468 17732 -2576 -2310 7599 END
START 1872 1488 17636 -2665 -2425 7758 END
START 1876 1556 17576 -2780 -2475 7910 END
START 1720 1692 17500 -2859 -2576 8054 END
START 1624 1596 17140 -2913 -2647 8220 END
START 1512 1564 17032 -2946 -2684 8345 END
START 1500 1608 16820 -2982 -2675 8477 END
START 1316 1656 16804 -2974 -2619 8590 END
START 1252 1724 16408 -3042 -2593 8729 END
START 1104 1832 16284 -3080 -2561 8878 END
START 984 1880 16152 -3130 -2538 9030 END
START 844 1968 16144 -3179 -2503 9157 END
START 596 1880 15820 -3235 -2490 9314 END
START 400 1904 15988 -3210 -2448 9530 END
START 120 1808 16040 -3204 -2414 9632 END
START -164 1864 15852 -3150 -2532 9782 END
START -444 1832 15976 -3087 -2558 9906 END
START -592 1716 15892 -3029 -2637 10027 END
START -980 1744 15832 -2947 -2709 10133 END
START -1376 1844 15740 -2914 -2784 10281 END
START -1504 1748 15764 -2858 -2829 10429 END
START -1784 1756 15664 -2826 -2890 10552 END
START -2172 1816 15580 -2840 -2933 10655 END
START -2472 1744 15612 -2822 -2982 10780 END
START -2904 1672 15416 -2848 -3025 10882 END
START -3140 1408 15580 -2864 -3081 10904 END
START -3332 1228 15448 -2891 -3092 10940 END
START -3680 1168 15300 -2869 -3149 10907 END
START -4036 960 15276 -2886 -3144 10860 END
START -4388 932 15256 -2915 -3171 10798 END
START -4744 812 15204 -2939 -3179 10686 END
START -4960 752 15148 -2959 -3223 10631 END
START -5204 740 14956 -2941 -3270 10568 END
START -5396 640 14988 -2923 -3273 10507 END
START -5576 600 14912 -2901 -3349 10486 END
START -5912 612 14896 -2847 -3371 10455 END
START -5988 684 14832 -2781 -3435 10456 END
START -6304 492 14780 -2745 -3478 10459 END
START -6500 464 14908 -2705 -3535 10505 END
START -6776 424 15016 -2670 -3599 10517 END
START -7276 316 15184 -2602 -3718 10566 END
START -7652 236 15360 -2534 -3879 10623 END
START -8040 184 15476 -2509 -4133 10651 END
START -8424 112 15536 -2459 -4415 10684 END
START -8708 -4 15500 -2419 -4650 10741 END
START -8864 -136 15544 -2396 -4897 10729 END
START -9132 -308 15572 -2389 -5126 10732 END
START -9428 -492 15252 -2405 -5346 10687 END
START -9720 -572 15260 -2421 -5519 10625 END
START -9920 -700 15244 -2430 -5667 10550 END
START -10320 -988 15140 -2407 -5770 10418 END
START -10472 -1172 14900 -2407 -5882 10288 END
START -10768 -1388 14840 -2453 -5973 10075 END
START -10948 -1484 14512 -2484 -6014 9872 END
START -11008 -1776 14112 -2540 -5989 9554 END
START -11192 -2032 13924 -2618 -5910 9244 END
START -11340 -2212 13592 -2607 -5804 8833 END
START -11488 -2368 13064 -2595 -5611 8436 END
START -11684 -2436 12640 -2515 -5394 8032 END
START -11636 -2620 12216 -2400 -5068 7639 END
START -11820 -2648 11848 -2263 -4730 7303 END
START -12084 -2740 11576 -2113 -4377 6943 END
START -12264 -2720 11340 -1957 -4061 6548 END
START -12316 -2984 11168 -1783 -3711 6151 END
START -12332 -3328 11200 -1668 -3390 5687 END
START -12308 -3688 11192 -1491 -3107 5198 END
START -12296 -3724 11020 -1372 -2819 4685 END
START -12064 -3860 11284 -1253 -2527 4192 END
START -11992 -3908 11248 -1163 -2281 3681 END
START -11864 -3872 11128 -1111 -2019 3207 END
START -11676 -3912 11404 -1080 -1768 2762 END
START -11524 -3776 11320 -1104 -1630 2341 END
START -11288 -3720 11312 -1140 -1459 1938 END
START -11136 -3756 11316 -1174 -1292 1533 END
START -10784 -3624 11112 -1185 -1123 1182 END
START -10468 -3492 10908 -1157 -944 830 END
START -10160 -3256 10792 -1103 -776 520 END
START -9996 -3008 10660 -998 -596 284 END
START -9620 -2804 10676 -929 -475 91 END
START -9468 -2688 10492 -886 -305 -93 END
START -9152 -2532 10524 -777 -168 -222 END
START -8732 -2296 10428 -726 -90 -327 END
START -8544 -2008 10400 -657 19 -434 END
START -8260 -1908 10360 -542 26 -482 END
START -8068 -1480 10356 -401 34 -514 END
START -7800 -1372 10348 -211 29 -551 END
START -7540 -1088 10520 -43 -72 -547 END
START -7364 -884 10384 196 -162 -541 END
START -7108 -536 10440 410 -325 -465 END
START -6736 -324 10340 671 -483 -479 END
START -6604 -204 10640 914 -659 -422 END
START -6344 56 10432 1182 -841 -370 END
START -6032 308 10312 1453 -1032 -335 END
START -5740 632 10208 1725 -1182 -269 END
START -5416 856 10184 1974 -1249 -232 END
START -5300 1172 10136 2237 -1352 -175 END
START -4956 1360 10236 2465 -1343 -135 END
START -4680 1656 10392 2715 -1294 -61 END
START -4512 1728 10468 2839 -1289 -22 END
START -4352 1824 10792 2959 -1234 12 END
START -4192 1912 10804 2997 -1193 31 END
START -3940 2068 10908 2990 -1195 51 END
START -3764 2112 11180 2994 -1151 27 END
START -3548 2308 10912 2962 -1116 2 END
START -3264 2484 10824 2956 -974 3 END
START -3136 2604 10836 2896 -858 17 END
START -2912 2832 10556 2880 -631 14 END
START -2596 2936 10480 2857 -360 45 END
START -2568 2980 10520 2781 -136 56 END
START -2480 2988 10564 2793 63 110 END
START -2300 3132 10676 2786 231 126 END
START -2244 3100 10976 2766 356 192 END
START -2084 3192 10836 2771 456 245 END
START -2144 3176 10932 2818 497 319 END
START -2116 3168 11016 2849 543 380 END
START -1992 3012 11032 2877 527 436 END
START -1824 3188 10808 2948 481 535 END
START -1772 3200 10832 3009 484 591 END
START -1432 3236 10900 3110 432 679 END
START -1264 3200 10788 3235 388 799 END
START -1184 3092 10836 3350 333 887 END
START -964 3100 10712 3475 261 1022 END
START -768 3092 10804 3606 227 1154 END
START -576 3072 10680 3768 160 1239 END
START -560 2996 10532 3900 58 1382 END
START -444 3004 10396 4099 70 1468 END
START -256 2996 10428 4271 10 1576 END
START -188 3016 10332 4447 1 1703 END
START -112 2872 10328 4625 3 1794 END
START -208 2804 10380 4799 0 1919 END
START -48 2812 10452 4988 28 2001 END
START -52 2744 10544 5123 -3 2080 END
START -24 2728 10420 5326 6 2161 END
START -192 2756 10616 5446 24 2190 END
START -128 2740 10692 5597 26 2221 END
START -344 2844 10584 5719 -10 2302 END
START -244 2712 10556 5807 35 2321 END
START -148 2616 10468 5916 140 2319 END
START -36 2556 10448 5962 217 2283 END
START 24 2400 10328 6067 370 2231 END
START 88 2180 10492 6151 694 2162 END
START 60 2320 10580 6201 874 2139 END
START 192 2432 10756 6259 1177 2128 END
START 260 2424 10968 6283 1405 2143 END
START 324 2472 11212 6234 1622 2170 END
START 196 2384 11240 6275 1860 2195 END
START 236 2320 11724 6240 2061 2289 END
START 192 2324 11952 6230 2269 2322 END
START -48 2132 12156 6232 2485 2406 END
START -20 2092 12548 6214 2688 2444 END
START -144 1976 12696 6168 2875 2498 END
START -372 1952 13032 6108 3037 2538 END
START -412 1796 13152 6020 3181 2585 END
START -668 1728 13380 6018 3401 2619 END
START -724 1660 13844 5941 3580 2600 END
START -1076 1676 14136 5858 3771 2589 END
START -1316 1600 14360 5757 3941 2583 END
START -1632 1580 14704 5669 4113 2612 END
START -2036 1648 15108 5554 4247 2627 END
START -2256 1500 15584 5462 4270 2626 END
START -2504 1472 15956 5397 4320 2621 END
START -2620 1280 16300 5340 4334 2596 END
START -2884 1276 16660 5278 4319 2557 END
START -2916 1248 17020 5244 4262 2494 END
START -3044 1132 17324 5205 4167 2480 END
START -3100 1168 17708 5195 4036 2534 END
START -3264 1092 18152 5145 3846 2582 END
START -3508 1212 18424 5151 3605 2646 END
START -3448 968 18576 5175 3386 2714 END
START -3444 884 18916 5238 3165 2783 END
START -3536 820 19060 5265 2958 2829 END
START -3660 860 19324 5294 2712 2866 END
START -3720 768 19580 5313 2551 2924 END
START -3956 796 19800 5387 2322 2983 END
START -4068 856 19924 5472 2137 3005 END
START -4236 844 20028 5469 1955 3056 END
START -4392 936 20308 5468 1778 3135 END
START -4652 828 20604 5481 1690 3180 END
START -4852 856 20680 5437 1577 3184 END
START -5076 820 21128 5402 1446 3180 END
START -5184 852 21196 5314 1361 3161 END
START -5468 800 21392 5236 1265 3154 END
START -5728 772 21492 5101 1185 3107 END
START -6008 732 21660 5035 1113 3061 END
START -6228 720 21804 4904 1066 2976 END
START -6440 672 22268 4794 975 2875 END
START -6768 684 22292 4643 878 2749 END
START -7056 636 22432 4430 760 2630 END
START -7148 660 22428 4166 653 2490 END
START -7304 784 22528 3898 560 2369 END
START -7464 604 22664 3626 505 2206 END
START -7456 536 22572 3354 481 2002 END
START -7480 544 22372 3104 497 1819 END
START -7524 364 22380 2863 541 1623 END
START -7616 432 22352 2588 609 1375 END
START -7636 472 22128 2257 623 1188 END
START -7664 384 22156 1960 731 957 END
START -7680 496 21952 1598 785 762 END
START -7752 340 21812 1325 891 596 END
START -7852 236 21708 1055 988 365 END
START -7792 124 21540 825 1033 181 END
START -7840 -56 21752 632 1100 -8 END
START -8084 -12 21596 469 1094 -244 END
START -8160 -212 21636 302 1081 -412 END
START -8396 -284 21448 160 1029 -625 END
START -8480 -312 21284 10 938 -801 END
START -8824 -352 21180 -117 845 -945 END
START -8700 -536 20840 -186 792 -1084 END
START -8852 -536 20624 -277 711 -1276 END
START -8980 -576 20544 -325 634 -1433 END
START -9060 -532 20284 -352 498 -1557 END
START -9316 -640 20128 -402 379 -1711 END
START -9456 -624 19960 -423 218 -1804 END
START -9512 -536 19868 -423 85 -1892 END
START -9668 -620 19624 -420 -20 -1991 END
START -9688 -660 19436 -366 -171 -2064 END
START -9892 -716 19164 -354 -352 -2205 END
START -10004 -860 18744 -320 -453 -2358 END
START -10228 -968 18784 -247 -624 -2485 END
START -10416 -904 18576 -213 -778 -2653 END
START -10476 -956 18288 -152 -972 -2831 END
START -10512 -828 18020 -14 -1094 -3009 END
START -10628 -808 17904 74 -1282 -3200 END
START -10572 -672 17748 196 -1457 -3383 END
START -10720 -652 17544 254 -1583 -3586 END
START -10556 -512 17236 320 -1701 -3745 END
START -10616 -384 17048 352 -1819 -3970 END
START -10520 -468 16888 377 -1837 -4156 END
START -10528 -444 16536 422 -1865 -4413 END
START -10460 -456 16384 461 -1860 -4686 END
START -10516 -376 16344 481 -1835 -4955 END
START -10616 -272 16064 445 -1855 -5247 END
START -10528 -204 15884 436 -1903 -5502 END
START -10444 -268 15644 391 -1899 -5842 END
START -10324 -172 15596 354 -1838 -6085 END
START -10176 -136 15228 354 -1721 -6399 END
START -10004 28 15184 308 -1574 -6718 END
START -9852 88 15244 236 -1506 -7000 END
START -9696 256 14832 199 -1364 -7281 END
START -9484 344 14720 109 -1246 -7569 END
START -9284 436 14612 43 -1099 -7838 END
START -8932 492 14428 -51 -872 -8071 END
START -8792 644 14400 -106 -746 -8320 END
START -8664 728 14244 -209 -536 -8549 END
START -8388 908 14068 -308 -386 -8749 END
START -8136 1016 13900 -377 -203 -8926 END
START -7904 1196 13832 -461 20 -9104 END
START -7668 1332 13656 -510 171 -9243 END
START -7416 1516 13580 -494 361 -9380 END
START -7360 1736 13516 -526 514 -9492 END
START -7236 1912 13532 -496 632 -9567 END
START -7044 1960 13372 -457 768 -9644 END
START -6888 2148 13320 -402 877 -9629 END
START -6448 2200 13312 -340 941 -9708 END
START -6200 2188 13200 -239 1086 -9693 END
START -5924 2232 13052 -120 1148 -9657 END
START -5836 2380 13196 4 1271 -9680 END
START -5772 2584 13164 86 1273 -9621 END
START -5616 2664 13292 163 1282 -9567 END
START -5492 2872 13444 273 1252 -9485 END
START -5172 2928 13308 362 1234 -9428 END
START -4824 2904 13484 464 1199 -9341 END
START -4584 2916 13496 580 1201 -9247 END
START -4220 3040 13320 664 1233 -9165 END
START -3740 3288 13440 709 1381 -9078 END
START -3524 3076 13612 714 1514 -8954 END
START -3208 3148 13636 643 1707 -8824 END
START -2928 3216 13624 605 1873 -8661 END
START -2516 3296 13400 474 2100 -8550 END
START -2228 3152 13500 443 2317 -8462 END
START -1944 3044 13544 404 2569 -8400 END
START -1840 2876 13588 355 2798 -8372 END
START -1640 2956 13756 365 2982 -8416 END
START -1444 2816 13828 339 3121 -8395 END
START -1340 2612 13984 346 3247 -8467 END
START -1136 2624 14240 394 3332 -8498 END
START -776 2684 14196 466 3353 -8530 END
START -524 2732 14260 531 3369 -8556 END
START -140 2608 14116 628 3407 -8583 END
START 392 2804 14100 693 3534 -8650 END
START 772 2872 13944 805 3723 -8649 END
START 1124 3188 13952 838 3903 -8619 END
START 1592 3380 13960 822 4170 -8524 END
START 1932 3588 14176 789 4405 -8405 END
START 2372 3904 14488 792 4667 -8219 END
START 2600 4128 14796 727 4868 -8031 END
START 2772 4200 15232 710 4980 -7797 END
START 3148 4248 15728 698 4940 -7583 END
START 3108 4484 16168 719 4865 -7280 END
START 3104 4664 16384 748 4658 -6971 END
START 3148 4780 17108 819 4296 -6634 END
START 3204 4836 17224 937 3866 -6261 END
START 3392 5088 17596 1026 3443 -5892 END
START 3552 5208 17448 1195 2933 -5480 END
START 3780 5332 17716 1347 2477 -5100 END
START 3928 5448 17736 1487 2035 -4652 END
START 4100 5528 17640 1619 1685 -4228 END
START 4324 5552 17716 1727 1292 -3837 END
START 4228 5772 17688 1818 994 -3429 END
START 4532 5860 17660 1827 720 -3058 END
START 4540 5848 17924 1875 546 -2698 END
START 4640 5904 17752 1821 417 -2362 END
START 4772 5980 17932 1744 350 -2091 END
START 4944 6108 18156 1570 279 -1777 END
START 4908 6376 18356 1385 242 -1495 END
START 4840 6628 18616 1149 158 -1151 END
START 4988 6708 18728 903 94 -805 END
START 4716 6640 18744 682 66 -481 END
START 4764 6736 18924 421 -35 -156 END
START 4620 6736 19000 200 -103 163 END
START 4456 6688 19012 -31 -154 432 END
START 4552 6588 18904 -244 -203 706 END
START 4332 6536 18988 -488 -282 965 END
START 4216 6436 18384 -677 -248 1206 END
START 4212 6308 18512 -876 -242 1434 END
START 3840 6120 18288 -1033 -244 1656 END
START 3652 6088 18200 -1235 -279 1875 END
START 3408 5752 18352 -1387 -322 2107 END
START 3128 5692 18240 -1547 -434 2290 END
START 2896 5252 18212 -1701 -495 2460 END
START 2780 5084 18040 -1842 -623 2607 END
START 2440 4768 18028 -1955 -711 2680 END
START 2280 4636 17856 -2085 -839 2789 END
START 2084 4308 17968 -2184 -953 2855 END
START 1888 4180 17752 -2308 -1047 2931 END
START 1676 3904 17620 -2477 -1206 2988 END
START 1444 3780 17360 -2625 -1277 3043 END
START 1364 3616 17092 -2742 -1319 3074 END
START 968 3572 16880 -2889 -1319 3105 END