START 692 48 9264 -2165 2187 -3309 END
START 872 400 9476 -2166 2279 -3209 END
START 760 552 9464 -2106 2328 -3038 END
START 764 796 9424 -2079 2405 -2892 END
START 624 888 9484 -2010 2383 -2698 END
START 744 984 9372 -1904 2351 -2458 END
START 880 848 9348 -1793 2388 -2202 END
START 872 1036 9048 -1678 2401 -1917 END
START 920 976 9156 -1536 2488 -1678 END
START 704 1148 8992 -1343 2531 -1385 END
START 580 1060 8948 -1144 2412 -1133 END
START 376 1224 8716 -922 2365 -917 END
START 556 1292 8352 -675 2297 -710 END
START 464 1384 8312 -465 2248 -515 END
START 344 1432 8276 -256 2111 -305 END
START 340 1352 8088 -21 2028 -117 END
START 220 1424 7816 177 1815 71 END
START 228 1436 7592 395 1699 218 END
START 228 1500 7280 602 1570 331 END
START 284 1408 6844 830 1500 431 END
START 468 1312 6528 1042 1429 443 END
START 548 1336 6200 1261 1426 433 END
START 568 1452 5984 1466 1444 371 END
START 664 1492 5688 1687 1453 293 END
START 980 1580 5456 1866 1553 235 END
START 984 1592 5352 2031 1711 149 END
START 1080 1744 5012 2200 1866 84 END
START 1048 1976 4928 2368 2088 40 END
START 1052 2200 4900 2445 2247 -4 END
START 1052 2360 4696 2535 2474 37 END
START 1152 2508 4564 2571 2674 47 END
START 1192 2708 4568 2608 2909 76 END
START 1216 2900 4704 2611 3162 180 END
START 1108 3168 4808 2661 3307 242 END
START 1240 3480 4840 2665 3473 330 END
START 1400 3488 4748 2697 3644 424 END
START 1484 3548 4884 2738 3793 533 END
START 1564 3788 4792 2798 3882 675 END
START 1620 3764 4728 2824 3984 812 END
START 1524 3924 4760 2945 3992 957 END
START 1564 4036 4720 3042 4072 1149 END
START 1632 4312 4748 3196 4066 1323 END
START 1676 4352 4924 3376 4038 1527 END
START 1480 4396 4988 3572 4011 1798 END
START 1408 4604 5048 3817 3924 2088 END
START 1372 4580 5236 4055 3850 2429 END
START 1276 4620 5184 4328 3783 2839 END
START 1032 4552 5164 4634 3633 3254 END
START 1096 4556 5096 4927 3521 3641 END
START 960 4320 5176 5252 3390 4072 END
START 968 4132 5224 5565 3349 4399 END
START 928 3824 5064 5954 3251 4751 END
START 936 3488 5100 6288 3192 5053 END
START 700 3220 4984 6677 3230 5322 END
START 572 3168 4884 7054 3205 5540 END
START 368 3032 5088 7444 3258 5697 END
START 320 2900 5012 7789 3311 5883 END
START 56 2820 5196 8145 3290 5975 END
START -236 2592 5196 8451 3351 6080 END
START -272 2480 5308 8741 3417 6205 END
START -516 2376 5208 9044 3594 6256 END
START -652 2236 5320 9330 3820 6345 END
START -944 2168 5300 9621 4047 6362 END
START -1212 2152 5532 9838 4283 6373 END
START -1496 1972 5860 10136 4533 6370 END
START -1836 1988 6228 10397 4632 6357 END
START -2048 1844 6420 10681 4779 6310 END
START -2292 1876 6816 10946 4863 6218 END
START -2612 1912 7092 11208 4961 6173 END
START -2916 2000 7540 11447 5000 6035 END
START -3224 1956 7840 11644 4928 5918 END
START -3340 1816 8372 11993 4843 5764 END
START -3544 1896 8668 12178 4704 5614 END
START -3716 1740 9312 12372 4503 5472 END
START -4016 1652 9824 12734 4251 5391 END
START -4016 1812 10216 13079 4019 5337 END
START -4140 1908 10816 13539 3687 5288 END
START -4052 2108 10952 13997 3406 5234 END
START -3860 2224 11220 14376 3101 5099 END
START -3848 2360 11652 14595 2742 4969 END
START -3736 2436 11848 14654 2300 4788 END
START -3716 2528 11892 14619 1876 4636 END
START -3420 2596 11940 14536 1562 4515 END
START -3020 2592 12032 14377 1384 4434 END
START -2564 2684 11836 14234 1395 4397 END
START -2108 2824 11620 14099 1611 4349 END
START -1912 3040 11676 13993 1908 4349 END
START -1800 3140 11904 13938 2246 4327 END
START -1516 3188 12148 13903 2640 4322 END
START -1484 3272 12332 13935 3022 4357 END
START -1328 3416 12756 13950 3422 4426 END
START -1384 3348 12984 13981 3821 4509 END
START -1536 3516 13504 13978 4139 4605 END
START -1696 3660 14124 14025 4378 4727 END
START -2104 3764 14620 14059 4480 4820 END
START -2104 3728 15184 14114 4507 4864 END
START -2232 3808 15612 14208 4489 4896 END
START -2528 3884 16232 14260 4322 4886 END
START -2768 3984 16828 14405 4031 4864 END
START -3132 4020 17692 14516 3645 4900 END
START -3384 4224 18040 14713 3170 4911 END
START -3660 4252 18528 14973 2602 4967 END
START -3748 4300 19020 15180 2009 5020 END
START -3800 4252 19284 15432 1353 5042 END
START -3880 4220 19528 15633 690 5037 END
START -3720 4024 19860 15798 55 5013 END
START -3696 3952 19668 15943 -499 4986 END
START -3444 3700 19780 16030 -1023 4846 END
START -3384 3544 19824 16124 -1433 4731 END
START -3220 3448 19956 16192 -1780 4567 END
START -3172 3432 19832 16234 -2057 4375 END
START -3040 3548 19976 16226 -2351 4126 END
START -2848 3616 20092 16221 -2511 3891 END
START -2636 3648 19900 16134 -2517 3631 END
START -2176 3720 19840 16020 -2403 3359 END
START -1812 3928 19676 15793 -2178 3100 END
START -1436 4296 19464 15544 -1831 2866 END
START -1024 4636 19464 15221 -1389 2705 END
START -728 4832 19584 14852 -843 2632 END
START -492 5208 19644 14493 -313 2635 END
START -548 5400 19956 14127 278 2692 END
START -360 5588 20132 13757 917 2830 END
START -388 5720 20420 13384 1545 2958 END
START -428 5780 21040 12979 2133 3133 END
START -520 5768 21232 12564 2638 3305 END
START -820 5728 21776 12211 3108 3508 END
START -976 5708 22404 11955 3435 3705 END
START -1432 5616 22656 11765 3598 3863 END
START -1672 5548 23532 11543 3614 4117 END
START -2172 5364 24116 11398 3448 4324 END
START -2692 5356 24816 11334 3138 4513 END
START -3096 5236 25484 11288 2673 4665 END
START -3444 5092 26068 11260 2077 4765 END
START -3796 4736 26600 11206 1284 4832 END
START -4072 4392 26836 11150 390 4794 END
START -4076 4036 26832 11092 -564 4671 END
START -4196 3756 26916 10948 -1543 4464 END
START -3976 3632 26800 10824 -2486 4174 END
START -3772 3436 26580 10620 -3361 3827 END
START -3604 3264 25976 10455 -4200 3430 END
START -3352 3156 25500 10270 -4876 3047 END
START -2920 3004 24644 10081 -5315 2709 END
START -2352 2948 23640 9911 -5519 2353 END
START -1924 2812 22876 9807 -5424 2068 END
START -1496 2828 22008 9723 -5066 1801 END
START -1052 2848 21464 9614 -4423 1585 END
START -672 2872 21152 9530 -3581 1362 END
START -556 3124 20884 9440 -2602 1226 END
START -576 3116 20976 9288 -1534 1090 END
START -772 3348 21272 9108 -544 962 END
START -764 3240 21472 8835 385 858 END
START -880 3428 21920 8518 1233 745 END
START -1036 3604 22364 8157 2001 649 END
START -1236 3708 23000 7752 2702 545 END
START -1244 3760 23760 7301 3330 416 END
START -1492 3600 24568 6803 3775 327 END
START -1596 3536 25552 6360 4080 235 END
START -1776 3688 25984 5978 4230 185 END
START -1896 3672 26576 5595 4282 227 END
START -2076 3832 27252 5292 4225 243 END
START -2232 3816 27800 5026 4071 351 END
START -2424 3952 28400 4807 3857 468 END
START -2572 3908 28860 4622 3524 644 END
START -2788 4012 29304 4449 3161 825 END
START -3104 3964 29600 4293 2685 1022 END
START -3232 3892 29908 4131 2234 1201 END
START -3404 3728 30184 4016 1748 1337 END
START -3612 3620 30276 3841 1204 1434 END
START -3820 3440 30552 3692 616 1517 END
START -3864 3204 30624 3471 101 1518 END
START -3876 3068 30744 3253 -399 1483 END
START -4188 2980 30620 2951 -878 1386 END
START -4168 2844 30624 2615 -1276 1279 END
START -4296 2776 30572 2228 -1660 1086 END
START -4312 2716 30400 1820 -1977 881 END
START -4064 2792 30164 1391 -2222 694 END
START -3912 2580 30144 969 -2396 466 END
START -3920 2508 29760 575 -2638 232 END
START -3772 2500 29704 174 -2737 -2 END
START -3664 2384 29220 -195 -2789 -262 END
START -3388 2340 29024 -527 -2785 -521 END
START -3212 2312 28676 -803 -2586 -773 END
START -2952 2456 28284 -1131 -2380 -1029 END
START -2776 2740 28180 -1432 -2075 -1268 END
START -2612 2760 27692 -1780 -1657 -1519 END
START -2244 3096 27540 -2156 -1249 -1710 END
START -2012 3384 27368 -2543 -739 -1874 END
START -1776 3668 27376 -2951 -260 -2062 END
START -1476 3808 27152 -3405 338 -2178 END
START -1380 3980 27332 -3848 890 -2280 END
START -1340 4172 27468 -4352 1393 -2330 END
START -1192 4288 27796 -4839 1818 -2362 END
START -1276 4436 27904 -5320 2247 -2369 END
START -1432 4524 27996 -5744 2620 -2359 END
START -1364 4892 28396 -6172 2827 -2388 END
START -1620 4960 28576 -6594 2914 -2378 END
START -1640 5304 28836 -7010 2829 -2361 END
START -1708 5380 28908 -7408 2757 -2327 END
START -1816 5416 28828 -7815 2619 -2223 END
START -1760 5464 28968 -8176 2410 -2105 END
START -1908 5496 28756 -8545 2164 -1925 END
START -1984 5328 28832 -8909 1865 -1764 END
START -2072 5332 28676 -9196 1479 -1675 END
START -2120 5192 28552 -9496 1100 -1552 END
START -2048 5056 28264 -9727 778 -1492 END
START -2016 4964 28096 -9944 404 -1426 END
START -2156 4780 27696 -10118 21 -1385 END
START -2172 4800 27472 -10294 -346 -1305 END
START -2180 4864 27036 -10478 -709 -1271 END
START -2156 4824 26712 -10673 -966 -1203 END
START -2084 4904 26240 -10866 -1221 -1151 END
START -2044 4896 25644 -11148 -1423 -1177 END
START -1980 4896 25156 -11381 -1573 -1171 END
START -1796 4716 24584 -11658 -1599 -1196 END
START -1800 4508 23972 -11859 -1544 -1245 END
START -1700 4444 23644 -12138 -1409 -1311 END
START -1736 4524 23216 -12274 -1242 -1358 END
START -1896 4404 22868 -12426 -1016 -1421 END
START -2044 4364 22508 -12578 -819 -1489 END
START -2200 4432 22240 -12716 -610 -1544 END
START -2408 4340 22244 -12854 -518 -1682 END
START -2580 4308 21944 -12970 -414 -1770 END
START -2664 4252 21800 -13104 -352 -1920 END
START -2696 4248 21300 -13200 -354 -2071 END
START -2788 4100 21032 -13304 -317 -2244 END
START -2944 4064 20880 -13384 -254 -2421 END
START -2824 4100 20504 -13447 -195 -2631 END
START -2792 4156 20164 -13572 -131 -2815 END
START -2628 4128 19784 -13700 -64 -3054 END
START -2568 4236 19628 -13849 -17 -3286 END
START -2404 4576 19148 -14066 64 -3512 END
START -2232 4628 18856 -14249 125 -3698 END
START -2100 4900 18400 -14489 141 -3888 END
START -2016 5084 17964 -14726 188 -4091 END
START -1664 5404 17508 -14892 155 -4158 END
START -1380 5616 17040 -15092 315 -4250 END
START -1232 5728 16840 -15247 346 -4328 END
START -1048 5836 16668 -15372 378 -4298 END
START -992 5840 16404 -15466 353 -4240 END
START -788 5968 16432 -15543 267 -4198 END
START -640 5924 16332 -15574 104 -4084 END
START -736 6116 16384 -15600 -86 -4021 END
START -744 6168 16204 -15578 -455 -3916 END
START -728 6384 15968 -15520 -829 -3778 END
START -640 6284 15932 -15411 -1259 -3688 END
START -572 6444 15676 -15281 -1737 -3523 END
START -564 6360 15540 -15131 -2188 -3345 END
START -448 6576 15160 -14923 -2619 -3126 END
START -468 6648 14792 -14717 -3041 -2931 END
START -244 6728 14276 -14555 -3468 -2735 END
START -180 6724 13900 -14402 -3919 -2525 END
START 108 6696 13332 -14249 -4179 -2386 END
START 412 6580 12688 -14112 -4465 -2255 END
START 496 6744 12052 -13912 -4576 -2122 END
START 732 6748 11352 -13736 -4693 -2014 END
START 824 6812 10452 -13611 -4715 -1920 END
START 1040 6840 9400 -13472 -4608 -1887 END
START 1320 6980 8604 -13352 -4398 -1848 END
START 1636 6900 7224 -13234 -4080 -1822 END
START 1816 6820 6264 -13135 -3661 -1780 END
START 2032 6764 5460 -13008 -3190 -1798 END
START 2372 6532 4728 -12815 -2625 -1827 END
START 2580 6384 3976 -12558 -2056 -1906 END
START 2872 6048 3396 -12194 -1367 -1953 END
START 3112 5924 2928 -11679 -657 -2000 END
START 3140 5592 2620 -11093 89 -2053 END
START 3444 5532 2440 -10467 817 -2073 END
START 3528 5384 2552 -9788 1501 -2088 END
START 3644 5352 2880 -9122 2194 -2076 END
START 3736 5396 3188 -8501 2740 -2028 END
START 3664 5312 3676 -8000 3156 -1987 END
START 3464 5448 4060 -7539 3387 -1878 END
START 3492 5580 4500 -7187 3442 -1776 END
START 3752 5724 4828 -6908 3423 -1620 END
START 3620 5900 4968 -6671 3384 -1456 END
START 3788 6036 5176 -6470 3264 -1242 END
START 3824 6208 5344 -6336 3111 -1027 END
START 3880 6188 5452 -6214 2949 -735 END
START 4016 6492 5664 -6129 2749 -421 END
START 3908 6496 5540 -6030 2525 -74 END
START 4016 6584 5628 -5945 2324 266 END
START 4136 6660 5884 -5836 2060 679 END
START 3984 6588 6080 -5719 1794 1060 END
START 3876 6520 5996 -5546 1393 1530 END
START 3752 6420 5772 -5357 1034 1980 END
START 3772 6032 5456 -5097 793 2457 END
START 3868 5704 5068 -4788 591 2953 END
START 4008 5348 4924 -4486 612 3403 END
START 3956 5096 4480 -4115 687 3794 END
START 3856 4832 4288 -3790 841 4155 END
START 3856 4792 4068 -3468 1142 4493 END
START 3664 4508 3844 -3191 1520 4809 END
START 3388 4416 3876 -2869 1898 5063 END
START 3072 4224 3964 -2693 2208 5318 END
START 2836 4128 4044 -2447 2609 5539 END
START 2344 4072 4024 -2260 2994 5747 END
START 1984 3988 4172 -2037 3306 5959 END
START 1556 3764 4528 -1807 3676 6190 END
START 984 3524 4668 -1584 4038 6401 END
START 392 3248 4900 -1337 4394 6598 END
START -92 2960 5336 -1084 4723 6760 END
START -992 2608 5724 -841 5005 6910 END
START -1608 2076 6188 -591 5356 7001 END
START -2380 1756 6532 -337 5624 7040 END
START -3084 1180 6968 -120 5857 7020 END
START -4036 616 7712 60 6121 6979 END
START -4544 172 7992 234 6367 6823 END
START -5440 -168 8404 412 6576 6646 END
START -6412 -656 9048 568 6822 6443 END
START -7596 -948 9856 710 7080 6224 END
START -8824 -1532 10796 777 7272 5984 END
START -9696 -1888 11200 882 7341 5748 END
START -10852 -2304 12148 865 7348 5474 END
START -12068 -2952 13036 813 7299 5091 END
START -13336 -3568 13952 699 7130 4705 END
START -14412 -4284 14748 513 6842 4194 END
START -15528 -4976 15764 283 6410 3607 END
START -16428 -5716 16768 -15 5797 2949 END
START -17468 -6420 17336 -288 5040 2281 END
START -18052 -7064 17988 -618 4143 1527 END
START -18564 -7392 18300 -895 3242 762 END
START -19144 -7664 18436 -1165 2316 44 END
START -19500 -7888 18308 -1361 1483 -697 END
START -20116 -8088 18284 -1501 678 -1449 END
START -20524 -8304 18036 -1613 -149 -2165 END
START -20796 -8828 17792 -1646 -878 -2903 END
START -20988 -9000 17196 -1681 -1561 -3646 END
START -20932 -9184 16812 -1627 -2282 -4541 END
START -20960 -9296 16284 -1555 -2934 -5443 END
START -20740 -9108 15652 -1456 -3544 -6441 END
START -20448 -8976 14904 -1213 -4134 -7433 END
START -20116 -8476 14172 -927 -4581 -8408 END
START -19852 -7988 13540 -539 -4928 -9312 END
START -19468 -7568 13072 -57 -5158 -10126 END
START -19052 -7128 12712 496 -5256 -10852 END
START -18560 -6700 12168 1036 -5247 -11479 END
START -17968 -6316 11792 1575 -5092 -12029 END
START -17412 -5864 11332 2065 -4812 -12496 END
START -17036 -5348 11188 2410 -4560 -12844 END
START -16904 -5052 11004 2676 -4270 -13178 END
START -16836 -4664 11016 2878 -4142 -13508 END
START -16680 -4268 10944 2976 -4129 -13813 END
START -16312 -4184 10780 3067 -4193 -14200 END
START -15840 -4208 10476 3134 -4229 -14596 END
START -15360 -4500 9968 3245 -4215 -15040 END
START -14600 -4624 9708 3365 -4134 -15572 END
START -13556 -4956 9508 3547 -3933 -16197 END
START -12420 -5108 9340 3757 -3688 -16876 END
START -11416 -4952 9148 4041 -3346 -17603 END
START -10440 -4400 9224 4324 -2975 -18308 END
START -9704 -3668 9312 4645 -2668 -18934 END
START -8752 -2904 9708 4954 -2424 -19478 END
START -7688 -1780 10108 5273 -2245 -19850 END
START -6592 -656 10448 5577 -2044 -20127 END
START -5572 324 10868 5807 -1927 -20278 END
START -4496 1308 11400 6058 -1794 -20258 END
START -3196 2300 11632 6219 -1709 -20164 END
START -1952 3152 11932 6388 -1560 -19969 END
START -640 4044 12208 6503 -1399 -19627 END
START 612 4748 12552 6521 -1110 -19208 END
START 1712 5428 12904 6517 -806 -18747 END
START 2748 6048 13024 6471 -429 -18219 END
START 3664 6880 13368 6346 -44 -17603 END
START 4448 7360 13608 6223 345 -16993 END
START 5120 7900 13936 6003 742 -16316 END
START 5788 8196 14084 5781 1176 -15654 END
START 6196 8576 14404 5522 1565 -14952 END
START 6852 8896 14476 5229 1959 -14331 END
START 7192 9020 14736 4976 2383 -13700 END
START 7480 9124 15332 4743 2734 -13113 END
START 7632 9068 15612 4522 3135 -12550 END
START 7628 9084 16108 4313 3414 -12076 END
START 7700 8944 16620 4154 3642 -11635 END
START 7544 8932 17112 4019 3757 -11210 END
START 7544 8908 17788 3847 3737 -10834 END
START 7644 8896 18356 3721 3715 -10486 END
START 7732 9000 18776 3611 3579 -10179 END
START 7816 9092 19132 3461 3383 -9862 END
START 7904 9088 19520 3331 3218 -9509 END
START 7892 8920 19888 3156 3009 -9159 END
START 7964 8868 20272 3017 2745 -8789 END
START 8024 8524 20472 2819 2489 -8447 END
START 8232 8328 20408 2643 2319 -8147 END
START 8488 8176 20516 2449 2078 -7807 END
START 8744 8104 20648 2188 2014 -7550 END
START 8936 8224 20712 1930 1874 -7205 END
START 9284 8256 21152 1619 1745 -6910 END
START 9408 8372 21164 1285 1657 -6542 END
START 9448 8588 21332 893 1565 -6136 END
START 9536 8600 21528 510 1367 -5661 END
START 9468 8536 21736 81 1190 -5185 END
START 9492 8504 21868 -327 919 -4667 END
START 9516 8392 21732 -708 560 -4169 END
START 9472 8312 21828 -1086 236 -3662 END
START 9544 8020 21596 -1368 -87 -3162 END
START 9484 7692 21328 -1622 -351 -2686 END
START 9548 7360 21080 -1814 -637 -2155 END
START 9428 6992 20700 -1943 -888 -1655 END
START 9516 6776 20488 -2023 -1049 -1167 END
START 9364 6376 20116 -2064 -1171 -655 END
START 9228 6124 19884 -2099 -1197 -123 END
START 8988 5816 19464 -2111 -1173 364 END
START 8512 5524 19320 -2164 -1170 836 END
START 8224 5364 18940 -2178 -1116 1274 END
START 7680 5064 18804 -2183 -1056 1635 END
START 7128 4900 18632 -2207 -923 1952 END
START 6636 4864 18556 -2275 -773 2242 END
START 6012 4644 18336 -2400 -601 2528 END
START 5492 4352 18332 -2582 -488 2701 END
START 5132 4172 18248 -2800 -338 2855 END
START 4908 3996 18048 -3050 -211 2963 END
START 4524 3952 18060 -3305 -35 3016 END
START 4224 3848 17692 -3586 112 3031 END
START 3832 3712 17616 -3864 251 3080 END
START 3588 3632 17416 -4121 369 3104 END
START 3268 3684 17112 -4377 450 3185 END
START 2792 3608 17124 -4602 534 3289 END
START 2536 3532 16744 -4784 529 3406 END
START 2096 3372 16480 -4962 550 3560 END
START 1796 3328 16492 -5100 457 3701 END
START 1300 3004 16468 -5199 257 3864 END
START 712 2768 16220 -5251 -80 4024 END
START 156 2436 16260 -5266 -500 4119 END
START -368 1832 16020 -5170 -1067 4217 END
START -680 1492 15724 -5012 -1670 4221 END
START -1000 916 15184 -4807 -2308 4249 END
START -1196 732 14868 -4509 -2903 4178 END
START -1144 472 14400 -4206 -3438 4054 END
START -1160 460 13908 -3912 -3874 3974 END
START -1364 396 13548 -3614 -4266 3834 END
START -1288 400 12976 -3320 -4598 3731 END
START -1232 440 12184 -3134 -4878 3665 END
START -1048 480 11652 -2906 -4999 3605 END
START -828 592 11128 -2819 -5049 3569 END
START -596 704 10656 -2706 -4960 3569 END
START -412 648 10320 -2619 -4892 3536 END
START -108 648 9900 -2572 -4680 3502 END
START 12 464 9592 -2481 -4478 3445 END
START -32 572 9428 -2424 -4219 3409 END
START -12 620 9384 -2357 -4047 3335 END
START -152 616 9152 -2237 -3840 3224 END
START -92 712 9072 -2105 -3716 3153 END
START -228 952 8792 -1932 -3564 3102 END
START -212 1004 8740 -1721 -3418 3082 END
START -260 1216 8628 -1464 -3227 3094 END
START -312 1316 8400 -1197 -3056 3138 END
START -272 1408 8360 -911 -2880 3201 END
START -224 1588 8220 -668 -2676 3251 END
START -132 1648 7932 -389 -2426 3281 END
START 16 1784 7844 -137 -2136 3303 END
START 44 1772 7600 116 -1860 3320 END
START 92 1740 7676 330 -1589 3371 END
START 288 1708 7632 500 -1264 3349 END
START 240 1776 7796 646 -1045 3365 END
START 324 1628 7924 812 -778 3403 END
START 472 1580 8100 921 -630 3438 END
START 396 1576 8428 1026 -526 3456 END
START 428 1284 8900 1157 -495 3493 END
START 736 1388 8896 1301 -506 3526 END
START 772 1616 9456 1404 -657 3553 END
START 888 1572 9468 1556 -829 3592 END
START 1156 1824 9780 1650 -1052 3680 END
START 1236 2036 10056 1740 -1301 3822 END
START 1380 2292 10056 1829 -1596 4005 END
START 1632 2336 10008 1887 -1854 4237 END
START 2128 2452 9528 1952 -2082 4497 END
START 2504 2508 9252 1995 -2143 4784 END
START 2876 2668 8744 2113 -2032 5077 END
START 3052 2644 8344 2224 -1786 5366 END
START 3168 2712 8420 2394 -1465 5633 END
START 3200 2868 8220 2590 -1058 5974 END
START 3232 2960 8132 2768 -678 6302 END
START 3276 2992 8088 2974 -277 6606 END
START 3316 2960 8240 3175 91 6914 END
START 3224 3064 8164 3367 485 7212 END
START 3260 2800 8372 3517 888 7477 END
START 3340 2860 8484 3642 1262 7757 END
START 3288 2716 8600 3703 1630 8000 END
START 3268 2648 8636 3775 2008 8175 END
START 3396 2680 8764 3799 2351 8349 END
START 3400 2804 8940 3771 2726 8533 END
START 3544 2956 8972 3722 3125 8664 END
START 3568 3144 9012 3638 3517 8867 END
START 3396 3240 9032 3564 3839 9041 END
START 3488 3320 9144 3462 4153 9286 END
START 3436 3412 9372 3401 4468 9536 END
START 3380 3480 9552 3394 4682 9793 END
START 3044 3592 9980 3417 4927 10037 END
START 2960 3552 10260 3569 5037 10279 END
START 2612 3300 10832 3687 5040 10526 END
START 2368 3176 11168 3920 4946 10715 END
START 2436 2864 11428 4139 4739 10884 END
START 2296 2712 11744 4437 4600 11095 END
START 2172 2620 11952 4775 4462 11303 END
START 2180 2704 12316 5094 4313 11540 END
START 1868 2656 12620 5483 4192 11814 END
START 1892 2768 12760 5769 4101 12081 END
START 1756 2776 13240 6037 4071 12379 END
START 1452 2676 13404 6169 4044 12722 END
START 1444 2624 13716 6271 4026 12921 END
START 1156 2572 14128 6267 3989 13014 END
START 980 2604 14180 6180 3906 13190 END
START 676 2460 14664 6043 3831 13286 END
START 648 2240 14632 5836 3798 13326 END
START 588 2252 14768 5632 3752 13356 END
START 600 1992 14664 5410 3820 13366 END
START 680 2020 14552 5183 3879 13351 END
START 672 2036 14312 4953 4021 13323 END
START 692 1912 14192 4723 4155 13276 END
START 664 1952 13944 4593 4385 13169 END
START 688 1888 14048 4474 4608 13060 END
START 656 1904 13976 4472 4905 13181 END
START 700 1852 13952 4546 5180 13153 END
START 416 1956 14112 4689 5478 13063 END
START 188 1920 14416 4911 5686 13220 END
START -80 2144 14964 5118 5882 13302 END
START -588 2364 15512 5358 5958 13414 END
START -896 2588 16060 5551 5971 13576 END
START -1124 2776 16524 5686 5848 13749 END
START -1260 2832 16964 5777 5693 13939 END
START -1640 2848 17388 5835 5488 14158 END
START -1984 2832 17980 5849 5206 14352 END
START -2476 2708 18440 5857 4842 14529 END
START -2844 2764 18704 5882 4455 14736 END
START -3096 2492 18824 5856 4082 14894 END
START -3416 2376 18888 5895 3748 15036 END
START -3788 2140 19248 5889 3415 15169 END
START -4032 1992 19132 5855 3143 15234 END
START -4412 1776 19080 5812 2893 15237 END
START -4716 1616 19072 5713 2604 15204 END
START -5052 1636 19040 5589 2377 15113 END
START -5448 1428 19064 5474 2114 15021 END
START -5752 1300 18968 5394 1955 14845 END
START -6180 1052 18892 5308 1723 14685 END
START -6564 896 18852 5276 1626 14523 END
START -7012 744 18976 5277 1526 14324 END
START -7440 704 19024 5297 1471 14125 END
START -7592 580 19108 5317 1423 13920 END
START -8144 408 19092 5305 1436 13672 END
START -8492 400 19180 5284 1422 13426 END
START -8812 240 19264 5176 1424 13149 END
START -9176 148 19276 5060 1387 12689 END
START -9512 72 19264 4867 1466 12476 END
START -9920 128 19256 4650 1483 12033 END
START -10204 84 19256 4415 1564 11669 END
START -10632 -140 19148 4210 1722 11249 END
START -10976 -148 19080 3991 1937 10848 END
START -11316 -176 18840 3815 2192 10507 END
START -11820 -300 18756 3619 2558 10135 END
START -12268 -348 18840 3429 2907 9782 END
START -12476 -396 18684 3245 3243 9446 END
START -12908 -328 18944 2993 3558 9042 END
START -13580 -420 19112 2788 3814 8652 END
START -14276 -520 19256 2537 3925 8253 END
START -14988 -576 19716 2342 3873 7906 END
START -15672 -860 20060 2147 3667 7531 END
START -16452 -1224 20504 2000 3288 7116 END
START -17152 -1392 20768 1867 2813 6676 END
START -17704 -1744 20888 1817 2206 6167 END
START -17988 -1872 20856 1746 1585 5554 END
START -18488 -2172 20744 1746 986 4883 END
START -18636 -2312 20656 1762 372 4240 END
START -18888 -2224 20308 1796 -231 3541 END
START -19100 -2336 19948 1851 -728 2862 END
START -19092 -2224 19340 1924 -1139 2153 END
START -19268 -2072 18988 2000 -1339 1464 END
START -19356 -1856 18816 2071 -1511 807 END
START -19668 -1832 18744 2123 -1635 219 END
START -20000 -1904 18764 2131 -1800 -386 END
START -20376 -2044 18900 2116 -2041 -1047 END
START -20520 -2208 19152 2061 -2351 -1746 END
START -20644 -2220 19200 2009 -2725 -2423 END
START -20728 -2220 19216 1958 -3151 -3133 END
START -21056 -2072 19488 1899 -3624 -3783 END
START -20912 -2012 19296 1848 -4166 -4383 END
START -21092 -2032 19284 1848 -4700 -4901 END
START -21296 -2184 19020 1841 -5234 -5400 END
START -21472 -2200 18916 1912 -5745 -5909 END
START -21604 -2256 18344 2001 -6199 -6443 END
START -21536 -2316 17852 2092 -6513 -7033 END
START -21448 -2348 17348 2177 -6732 -7674 END
START -21372 -2400 16856 2243 -6800 -8384 END
START -21140 -2364 16448 2238 -6823 -9140 END
START -20948 -2272 16096 2190 -6724 -9900 END
START -20764 -2124 15920 2115 -6646 -10585 END
START -20688 -2152 15712 1939 -6603 -11287 END
START -20660 -2132 15384 1811 -6558 -12026 END
START -20380 -2248 15540 1709 -6614 -12726 END
START -19980 -2304 15440 1633 -6655 -13515 END
START -19616 -2420 15400 1665 -6708 -14431 END
START -18988 -2348 15320 1703 -6750 -15335 END
START -18484 -2016 15212 1763 -6734 -16281 END
START -17928 -1576 15268 1835 -6787 -17152 END
START -17260 -968 15208 1920 -6818 -17914 END
START -16712 -252 15168 1954 -6969 -18607 END
START -15976 412 15236 1967 -7155 -19210 END
START -15272 992 15144 2005 -7388 -19695 END
START -14360 1584 14988 1992 -7616 -20110 END
START -13416 2096 14528 2057 -7777 -20418 END
START -11956 2748 14292 2087 -7853 -20708 END
START -10872 3316 13676 2134 -7744 -20942 END
START -9804 3964 13204 2183 -7474 -21118 END
START -8648 4384 12732 2219 -7032 -21275 END
START -7380 4808 12436 2176 -6464 -21363 END
START -6060 5184 12236 2056 -5734 -21439 END
START -4844 5584 11928 1792 -4848 -21497 END
START -3560 6184 11816 1481 -3871 -21530 END
START -2628 6592 11680 1089 -2847 -21504 END
START -1656 6980 11720 689 -1812 -21436 END
START -1228 7424 11908 278 -946 -21321 END
START -472 7552 12076 -93 -38 -21199 END
START 36 7848 12228 -427 673 -21103 END
START 660 8092 12368 -679 1251 -21038 END
START 1344 8272 12344 -879 1764 -20968 END
START 2052 8620 12788 -984 2129 -20962 END
START 2748 8952 12968 -1021 2323 -20940 END
START 3384 9348 13228 -916 2334 -20897 END
START 4184 9936 13444 -732 2252 -20836 END
START 5108 10420 13548 -431 2111 -20638 END
START 6180 10952 13676 0 1939 -20369 END
START 7116 11488 13776 411 1795 -20017 END
START 8124 12008 13968 957 1667 -19523 END
START 9048 12352 14112 1477 1515 -19008 END
START 9956 12940 14488 1987 1413 -18438 END
START 10768 13380 14620 2483 1257 -17779 END
START 11632 13764 14792 2898 1170 -17012 END
START 12640 14128 15288 3238 1108 -16215 END
START 13416 14328 15376 3466 1146 -15297 END
START 13924 14444 15676 3596 1268 -14325 END
START 14288 14512 15796 3578 1445 -13347 END
START 14488 14496 15908 3481 1634 -12315 END
START 14612 14512 16168 3302 1869 -11352 END
START 14624 14392 16244 3038 2149 -10363 END
START 14500 14056 16416 2746 2546 -9449 END
START 14296 13612 16492 2438 2972 -8584 END
START 13936 13132 16872 2095 3349 -7830 END
START 13632 12592 17128 1733 3625 -7097 END
START 13252 12224 17404 1357 3816 -6511 END
START 13040 11828 17684 993 3867 -5941 END
START 12600 11420 17984 672 3923 -5394 END
START 12100 11088 18532 408 3861 -4866 END
START 11608 10676 18480 232 3730 -4350 END
START 11180 10420 18636 82 3560 -3845 END
START 10576 10112 18832 45 3358 -3396 END
START 9904 9984 18988 19 3123 -2959 END
START 9328 9616 19324 10 2859 -2534 END
START 8940 9548 19468 26 2566 -2159 END
START 8376 9168 19504 -21 2272 -1767 END
START 7816 8852 19680 -47 1974 -1442 END
START 7392 8632 19716 -110 1604 -1120 END
START 6788 8224 19780 -271 1281 -873 END
START 6388 8012 19772 -419 894 -657 END
START 6148 7752 19528 -625 496 -471 END
START 5912 7440 19600 -838 169 -298 END
START 5764 7144 19252 -1063 -173 -178 END
START 5388 6988 18680 -1269 -423 -13 END
START 5188 6820 18360 -1464 -705 142 END
START 4956 6784 17776 -1607 -902 344 END
START 4696 6868 17216 -1712 -1072 591 END
START 4528 6560 16812 -1771 -1188 853 END
START 4240 6444 16252 -1786 -1290 1129 END
START 4124 6212 15976 -1724 -1344 1404 END
START 3892 5892 15580 -1617 -1363 1659 END
START 3644 5676 15244 -1499 -1432 1891 END
START 3320 5272 15248 -1334 -1504 2125 END
START 3040 5028 14884 -1175 -1603 2288 END
START 2780 4872 14604 -1015 -1682 2447 END
START 2580 4640 14528 -852 -1762 2598 END
START 2188 4764 14392 -728 -1856 2803 END
START 1916 4740 14228 -638 -1910 2975 END
START 1812 4664 13920 -594 -2005 3127 END
START 1740 4508 13848 -596 -2017 3309 END
START 1564 4188 13552 -604 -1969 3459 END
START 1568 3960 13328 -732 -1883 3563 END
START 1496 3784 13272 -839 -1737 3604 END
START 1388 3692 13052 -967 -1557 3630 END
START 1176 3672 12916 -1122 -1384 3581 END
START 924 3780 12928 -1212 -1181 3549 END
START 616 3696 12844 -1324 -999 3500 END
START 340 3732 12616 -1386 -764 3452 END
START 60 3576 12524 -1419 -502 3426 END
START -92 3484 12380 -1437 -278 3361 END
START -300 3512 12428 -1429 62 3295 END
START -392 3416 12584 -1404 311 3202 END
START -720 3304 12928 -1364 490 3122 END
START -944 3388 12988 -1304 608 3059 END
START -1280 3480 13316 -1266 673 3035 END
START -1440 3408 13704 -1243 712 3010 END
START -1672 3452 13932 -1134 696 3040 END
START -1784 3556 14132 -1053 600 3083 END
START -2160 3388 14228 -942 530 3079 END
START -2200 3504 14404 -776 403 3128 END
START -2400 3408 14524 -646 254 3164 END
START -2560 3332 14768 -472 79 3179 END
START -2728 3344 15012 -292 -111 3207 END
START -2804 3284 15000 -151 -274 3215 END
START -2820 3256 15116 38 -474 3290 END
START -2856 3340 15260 157 -645 3303 END
START -2924 3460 15360 283 -815 3374 END
START -2908 3436 15328 353 -985 3450 END
START -3132 3476 15608 451 -1180 3516 END
START -3164 3360 15944 478 -1435 3617 END
START -3240 3336 15952 534 -1678 3656 END
START -3288 3204 16080 571 -1965 3690 END
START -3184 3092 16116 617 -2238 3690 END
START -3144 3080 16352 617 -2465 3659 END
START -3072 3032 16356 654 -2725 3606 END
START -3056 2972 16476 656 -2933 3555 END
START -3004 3084 16416 632 -3121 3482 END
START -2912 3224 16564 596 -3294 3426 END
START -2648 3392 16424 535 -3408 3393 END
START -2548 3472 16188 441 -3457 3366 END
START -2264 3380 16256 327 -3325 3358 END
START -1968 3628 16044 157 -3178 3381 END
START -1752 3560 15920 3 -2894 3354 END
START -1668 3692 15888 -145 -2662 3359 END
START -1660 3648 16192 -261 -2410 3340 END
START -1752 3540 16228 -425 -2238 3351 END
START -1884 3316 16592 -374 -1877 3551 END
START -1980 3404 16768 -386 -1982 3598 END
START -2120 3396 16936 -378 -2050 3551 END
START -2208 3380 17068 -331 -2265 3468 END
START -2244 3336 17096 -317 -2457 3329 END
START -2240 3196 17276 -235 -2742 3209 END
START -2104 3116 17428 -169 -3020 3091 END