START -4964 -4028 12956 764 -2213 -157 END
START -1568 -3336 5148 838 -3773 -855 END
START -2124 -4460 8000 1583 -2089 -1267 END
START -3212 -4800 8828 2155 -1111 -1765 END
START -4228 -4720 9636 2735 -348 -2146 END
START -4680 -4312 9676 3333 204 -2718 END
START -4776 -3864 9860 3926 860 -3196 END
START -4276 -3684 9912 4479 1537 -3652 END
START -4068 -3436 10200 5006 2389 -4060 END
START -3460 -3000 11040 5418 3202 -4400 END
START -3200 -2544 11944 5738 3807 -4644 END
START -2808 -1960 12996 5798 4223 -4808 END
START -2124 -1124 14016 5743 4632 -4781 END
START -1796 -408 14884 5504 4949 -4671 END
START -1528 308 15980 5215 5127 -4320 END
START -1316 888 16820 4848 5229 -3840 END
START -1324 1240 17748 4372 5185 -3181 END
START -1308 1464 18440 3839 4922 -2403 END
START -1332 1560 19072 3283 4433 -1703 END
START -1448 1456 19220 2828 3863 -960 END
START -1416 1072 19448 2395 3255 -379 END
START -1444 668 19272 2116 2524 163 END
START -1492 444 19000 2015 1754 685 END
START -1696 164 18452 1988 1086 1094 END
START -1584 108 17652 2093 561 1511 END
START -1488 140 16836 2198 217 1895 END
START -1676 -116 16260 2419 -95 2291 END
START -1788 -232 15904 2613 -393 2611 END
START -2092 -320 15968 2852 -678 2943 END
START -2480 -480 16100 3147 -1099 3217 END
START -2872 -792 16176 3488 -1563 3491 END
START -3316 -1056 16412 3830 -2091 3691 END
START -3700 -1420 16580 4217 -2661 3788 END
START -3952 -1728 16452 4537 -3189 3812 END
START -3976 -2124 16296 4742 -3716 3675 END
START -3924 -2384 16012 4911 -4009 3419 END
START -3752 -2504 15384 4998 -4108 3080 END
START -3552 -2572 15084 4934 -3951 2696 END
START -3560 -2484 14732 4883 -3601 2355 END
START -3364 -2332 14580 4662 -3068 1920 END
START -3448 -2372 14424 4456 -2523 1520 END
START -3316 -2284 14428 4153 -1897 1063 END
START -3412 -2240 14520 3814 -1168 533 END
START -3280 -2056 14552 3521 -461 131 END
START -3296 -2016 14872 3186 181 -313 END
START -3344 -1808 15224 2905 812 -618 END
START -3376 -1708 15564 2587 1329 -855 END
START -3360 -1548 15940 2261 1715 -1072 END
START -3300 -1400 16444 1907 1968 -1173 END
START -3364 -1292 16560 1606 2073 -1201 END
START -3160 -1120 16780 1374 2074 -1215 END
START -3180 -1016 16940 1213 2050 -1127 END
START -3132 -828 17272 1140 1948 -1002 END
START -3040 -792 17364 1135 1779 -828 END
START -2944 -588 17280 1191 1615 -619 END
START -3148 -648 17248 1235 1490 -377 END
START -3208 -616 17512 1275 1262 -144 END
START -3472 -672 17888 1329 965 116 END
START -3836 -932 18244 1322 554 320 END
START -4144 -1084 18320 1447 119 478 END
START -4404 -1380 18464 1536 -370 619 END
START -4476 -1672 18516 1678 -820 662 END
START -4660 -1724 18628 1802 -1277 664 END
START -4740 -2068 18788 1912 -1706 632 END
START -4516 -2088 18484 1955 -2074 560 END
START -4432 -2228 18460 1992 -2368 436 END
START -4160 -2348 18440 1936 -2592 310 END
START -3992 -2260 18560 1896 -2834 232 END
START -3808 -2220 18544 1861 -3032 163 END
START -3512 -2164 18340 1799 -3124 180 END
START -3280 -2168 18464 1767 -3082 145 END
START -3064 -2312 18292 1717 -2989 149 END
START -3100 -2344 18256 1602 -2941 97 END
START -3224 -2396 18364 1479 -2823 82 END
START -3280 -2624 18408 1349 -2714 56 END
START -3252 -2896 18388 1295 -2558 10 END
START -3236 -3128 18772 1227 -2393 -66 END
START -3336 -3400 18556 1169 -2198 -186 END
START -3476 -3524 19016 1105 -2009 -324 END
START -3436 -3568 19172 1012 -1805 -523 END
START -3648 -3596 19372 856 -1603 -659 END
START -3572 -3792 19852 654 -1386 -864 END
START -3696 -3860 20056 460 -1167 -1011 END
START -3700 -3844 20044 213 -952 -1211 END
START -3700 -3804 20532 -46 -756 -1368 END
START -3660 -3824 20784 -317 -487 -1565 END
START -3560 -3744 20988 -601 -269 -1763 END
START -3560 -3724 21300 -935 -65 -1908 END
START -3448 -3668 21388 -1247 15 -2016 END
START -3484 -3596 21656 -1569 92 -2118 END
START -3520 -3344 21896 -1879 154 -2208 END
START -3464 -3164 22024 -2201 148 -2220 END
START -3316 -3112 21784 -2437 170 -2240 END
START -3276 -3072 22108 -2685 150 -2230 END
START -3296 -2912 22280 -2921 68 -2207 END
START -3268 -2844 22292 -3127 -37 -2174 END
START -3128 -2656 22208 -3293 -181 -2144 END
START -2936 -2484 22196 -3451 -229 -1972 END
START -2904 -2452 22344 -3616 -293 -1879 END
START -2772 -2372 22412 -3758 -436 -1737 END
START -2836 -2300 22548 -3933 -574 -1650 END
START -2796 -2144 22896 -4164 -747 -1493 END
START -2756 -2072 23000 -4379 -970 -1323 END
START -2644 -2060 23044 -4672 -1197 -1235 END
START -2640 -2064 22968 -4895 -1474 -1106 END
START -2516 -2136 22948 -5171 -1652 -1048 END
START -2492 -1992 22888 -5426 -1836 -1008 END
START -2264 -1900 22708 -5730 -1993 -951 END
START -2244 -1824 22548 -5962 -2108 -941 END
START -1948 -1816 22388 -6223 -2207 -943 END
START -1800 -1768 22176 -6553 -2247 -945 END
START -1584 -1540 21860 -6884 -2246 -944 END
START -1356 -1556 21856 -7171 -2248 -1000 END
START -1052 -1336 21600 -7550 -2227 -1016 END
START -832 -1320 21428 -7873 -2164 -1053 END
START -680 -1080 21360 -8215 -2113 -1057 END
START -408 -1060 21108 -8561 -2066 -1028 END
START -184 -928 20860 -8887 -2017 -1048 END
START 88 -756 20816 -9227 -2054 -1039 END
START 268 -748 20600 -9552 -2022 -1013 END
START 616 -548 20460 -9857 -2008 -945 END
START 716 -552 20196 -10136 -1990 -882 END
START 1152 -340 19916 -10421 -1944 -774 END
START 1268 -132 19404 -10726 -1927 -727 END
START 1424 -112 19436 -11018 -1868 -595 END
START 1692 8 19096 -11350 -1783 -509 END
START 2024 88 18696 -11588 -1681 -375 END
START 2260 180 18336 -11864 -1606 -245 END
START 2620 348 17828 -12148 -1431 -105 END
START 2776 536 17572 -12376 -1307 51 END
START 3072 672 17284 -12616 -1125 198 END
START 3340 748 16864 -12847 -902 457 END
START 3772 1012 16580 -13065 -657 666 END
START 4072 1208 16200 -13314 -449 982 END
START 4260 1324 16084 -13584 -231 1277 END
START 4560 1632 15840 -13882 -30 1622 END
START 4716 1748 15660 -14157 192 1964 END
START 4980 1880 15524 -14477 349 2383 END
START 5144 2044 15416 -14745 462 2822 END
START 5336 2116 15192 -15004 515 3293 END
START 5416 2336 14832 -15197 500 3796 END
START 5488 2488 14764 -15376 491 4285 END
START 5592 2732 14544 -15548 394 4875 END
START 5632 2720 14268 -15655 293 5458 END
START 5544 2752 13904 -15679 84 6122 END
START 5544 2708 13512 -15742 -134 6684 END
START 5536 2512 13032 -15763 -292 7282 END
START 5540 2476 12476 -15734 -468 7805 END
START 5588 2396 11944 -15666 -624 8311 END
START 5608 2240 11172 -15610 -757 8774 END
START 5600 2208 10880 -15518 -788 9208 END
START 5568 2240 10324 -15423 -761 9673 END
START 5424 2192 9976 -15308 -716 10121 END
START 5420 2216 9528 -15222 -720 10607 END
START 5164 2136 9084 -15103 -618 11011 END
START 4924 1932 8700 -14981 -560 11426 END
START 4916 1952 8472 -14913 -468 11742 END
START 4412 1728 8168 -14760 -403 12050 END
START 4116 1736 8008 -14583 -288 12274 END
START 3768 1408 7788 -14405 -210 12400 END
START 3480 1096 7308 -14133 -77 12263 END
START 2904 804 6608 -13854 70 12557 END
START 2476 624 6076 -13524 206 12259 END
START 1908 412 5692 -13054 415 12098 END
START 1440 280 4996 -12480 715 11985 END
START 1260 172 4768 -11817 1157 11731 END
START 1228 148 4732 -11165 1590 11555 END
START 1008 212 4564 -10476 2143 11371 END
START 928 332 4704 -9939 2619 11231 END
START 604 436 4720 -9517 3121 11081 END
START 392 596 4920 -9185 3578 10981 END
START 200 788 5168 -8932 4013 10909 END
START -24 832 5392 -8722 4373 10855 END
START -324 792 5772 -8523 4656 10832 END
START -364 884 6012 -8305 4934 10838 END
START -580 1036 6532 -8134 5048 10866 END
START -984 1020 6604 -7951 5062 10894 END
START -1396 1072 7004 -7708 4959 10965 END
START -1868 1084 7080 -7494 4698 11021 END
START -2312 1148 7128 -7205 4384 11089 END
START -2704 1132 7164 -6841 3994 11158 END
START -3136 1004 7088 -6449 3531 11237 END
START -3752 1000 6988 -5967 3031 11319 END
START -4160 824 7072 -5455 2426 11382 END
START -4336 772 6752 -4892 1848 11437 END
START -4596 680 6616 -4292 1265 11434 END
START -4668 704 6240 -3673 668 11442 END
START -4744 640 5836 -3097 147 11433 END
START -4868 712 5540 -2557 -216 11393 END
START -4824 804 5104 -2058 -481 11386 END
START -4784 848 4440 -1546 -748 11384 END
START -4828 988 4080 -1101 -832 11409 END
START -4928 872 3796 -661 -995 11440 END
START -4904 932 3532 -235 -1033 11490 END
START -4964 860 3200 206 -1025 11491 END
START -5204 764 2980 709 -988 11457 END
START -5372 572 2840 1131 -961 11355 END
START -5440 272 2780 1691 -926 11240 END
START -5724 -4 2868 2267 -935 10988 END
START -5884 -68 2548 2763 -935 10793 END
START -6076 -212 2416 3368 -987 10508 END
START -6128 -272 2232 3930 -992 10283 END
START -6000 -384 2124 4492 -962 9975 END
START -6112 -448 1728 5108 -861 9680 END
START -6224 -464 1428 5666 -754 9384 END
START -6060 -568 1168 6325 -542 9084 END
START -6132 -584 1020 6922 -318 8767 END
START -6068 -584 856 7578 24 8444 END
START -6216 -524 1024 8173 300 8212 END
START -6368 -396 948 8716 577 7918 END
START -6472 -364 1328 9257 805 7660 END
START -6556 -372 1568 9774 1017 7367 END
START -6612 -480 1660 10214 1211 7055 END
START -6616 -320 1756 10631 1482 6755 END
START -6800 -344 2048 11012 1720 6459 END
START -6944 -164 2468 11383 1889 6190 END
START -6992 -192 2880 11756 1961 5946 END
START -7036 40 3100 11854 2102 5720 END
START -7060 152 3452 12195 2234 5490 END
START -7076 300 3716 12133 2352 5282 END
START -6840 444 4104 12221 2530 5087 END
START -6936 888 4360 12586 2709 4872 END
START -6980 1092 4648 12648 2849 4736 END
START -7028 1320 4992 12621 2978 4558 END
START -7200 1604 5624 12392 3087 4415 END
START -7460 1736 5964 12297 3146 4257 END
START -7600 1888 6208 12572 3195 4024 END
START -7704 1956 6760 12121 3232 3830 END
START -7732 2024 7024 12518 3169 3535 END
START -7924 2188 7252 12227 3116 3276 END
START -7948 2420 7468 12620 2986 3031 END
START -7968 2720 7740 12729 2776 2814 END
START -7900 3092 7816 12914 2649 2610 END
START -7632 3320 7828 13205 2475 2464 END
START -7556 3696 8056 13601 2343 2379 END
START -7292 4112 8244 13923 2276 2320 END
START -7128 4404 8464 14322 2122 2317 END
START -6992 4460 8696 14692 1953 2280 END
START -6924 4700 8948 15066 1799 2289 END
START -6912 4848 9168 15430 1662 2306 END
START -6768 5004 9284 15779 1534 2333 END
START -6548 5264 9384 16085 1510 2321 END
START -6412 5456 9580 16419 1505 2338 END
START -6208 5676 9556 16672 1596 2380 END
START -5908 5804 9684 16959 1724 2460 END
START -5788 5948 9964 17156 1890 2559 END
START -5852 6352 10304 17351 2038 2704 END
START -5868 6452 10660 17514 2124 2871 END
START -5852 6776 11168 17722 2138 3072 END
START -6064 6920 11472 17897 2108 3280 END
START -6120 6908 12176 18124 2018 3504 END
START -6364 6896 12704 18411 1760 3760 END
START -6472 6932 13412 18718 1386 4057 END
START -6784 7004 14000 19021 846 4310 END
START -6988 6924 14568 19347 177 4656 END
START -7228 6988 14920 19688 -612 5011 END
START -7252 7116 15244 20028 -1431 5394 END
START -7396 7036 15320 20409 -2230 5738 END
START -7244 6772 15312 20825 -3011 6099 END
START -7236 6508 15212 21266 -3726 6356 END
START -7096 6276 14768 21668 -4207 6623 END
START -6976 6064 14648 22095 -4538 6856 END
START -6848 6108 14440 22413 -4667 7054 END
START -6752 5884 14632 22664 -4711 7207 END
START -6800 5832 14784 22864 -4681 7381 END
START -6900 5764 14808 22955 -4519 7513 END
START -6900 5660 14864 22897 -4264 7555 END
START -6944 5348 15156 22822 -3915 7603 END
START -7020 4924 15400 22705 -3522 7509 END
START -7284 4392 15708 22632 -3092 7379 END
START -7468 3956 16044 22545 -2686 7129 END
START -7716 3332 16348 22521 -2337 6833 END
START -7984 3104 16808 22529 -2048 6448 END
START -8124 2856 17104 22547 -1751 5969 END
START -8220 2652 17488 22573 -1472 5476 END
START -8164 2776 18024 22616 -1136 4943 END
START -8160 2648 18388 22611 -810 4413 END
START -7984 2800 18920 22652 -503 3946 END
START -7920 3012 19452 22584 -246 3548 END
START -7856 3192 20164 22562 -26 3210 END
START -7752 3300 20548 22461 100 3008 END
START -7452 3368 21392 22426 234 2818 END
START -7304 3620 22208 22396 380 2734 END
START -6944 3600 22992 22389 467 2777 END
START -6804 3776 23792 22350 594 2896 END
START -6636 3768 24828 22278 621 3069 END
START -6620 3704 25552 22153 648 3330 END
START -6652 3916 26508 21914 560 3567 END
START -6484 3732 27472 21673 499 3839 END
START -6412 3272 28388 21442 380 4127 END
START -6620 3344 29660 21197 248 4506 END
START -6496 3468 30308 20804 74 4869 END
START -6644 2924 31456 20280 -154 5266 END
START -6768 2440 32400 19768 -436 5591 END
START -6804 1952 32767 19284 -735 5853 END
START -6752 1516 32767 18731 -1077 6037 END
START -6768 1096 32767 18091 -1387 6097 END
START -6968 724 32767 17459 -1734 6142 END
START -7124 628 32767 16806 -1932 6143 END
START -7408 460 32767 16207 -2095 6165 END
START -7756 412 32767 15527 -2164 6174 END
START -7992 308 32767 14885 -2160 6196 END
START -8192 -8 32767 14165 -2065 6110 END
START -8520 -200 32767 13497 -1912 6052 END
START -8712 -484 32767 12755 -1620 5855 END
START -9320 -868 32767 11870 -1346 5619 END
START -9640 -1252 32767 11274 -1048 5251 END
START -10152 -1656 32767 10417 -792 4843 END
START -10500 -1952 32767 9538 -565 4314 END
START -10580 -2332 32767 8662 -327 3740 END
START -10860 -2608 32767 7658 -84 3093 END
START -10984 -2976 32767 6698 136 2439 END
START -11040 -3048 32767 5706 357 1820 END
START -11160 -3084 32767 4681 490 1280 END
START -11092 -3136 32767 3753 633 780 END
START -11272 -3112 32767 2815 631 343 END
START -11380 -3348 32767 2172 578 33 END
START -10804 -3356 32767 1422 490 -388 END
START -10780 -3256 32767 694 265 -798 END
START -10652 -3420 32767 -41 92 -1163 END
START -10524 -3436 32767 -643 -165 -1435 END
START -10464 -3116 32767 -1218 -420 -1633 END
START -10240 -2932 32767 -1817 -663 -1851 END
START -9960 -2924 32767 -2426 -914 -2039 END
START -9464 -2840 32767 -3002 -1061 -2252 END
START -9008 -2728 32767 -3588 -1204 -2462 END
START -8664 -2480 32767 -4313 -1280 -2689 END
START -8096 -2036 32524 -5044 -1303 -2899 END
START -7864 -1744 32036 -5821 -1309 -3069 END
START -7400 -1408 31724 -6604 -1285 -3212 END
START -7032 -1208 31376 -7380 -1285 -3292 END
START -6824 -1032 30928 -8094 -1277 -3365 END
START -6424 -804 30600 -8803 -1349 -3435 END
START -6180 -752 29956 -9393 -1435 -3550 END
START -6088 -632 29644 -10021 -1483 -3646 END
START -5700 -408 29068 -10527 -1613 -3754 END
START -5400 -92 28672 -11051 -1746 -3796 END
START -5068 108 28308 -11499 -1955 -3826 END
START -4796 428 27544 -11991 -2086 -3804 END
START -4272 728 26892 -12382 -2201 -3789 END
START -3528 1148 26184 -12809 -2270 -3770 END
START -3084 1552 25796 -13231 -2268 -3688 END
START -2424 1828 25132 -13695 -2221 -3542 END
START -1944 2072 24428 -14134 -2238 -3348 END
START -1380 2284 23856 -14540 -2184 -3182 END
START -980 2228 23196 -14980 -2114 -3025 END
START -564 2376 22564 -15350 -2002 -2853 END
START -288 2548 21800 -15641 -1928 -2707 END
START 4 2544 21484 -15870 -1858 -2524 END
START 260 2500 20928 -16060 -1848 -2403 END
START 472 2556 20496 -16134 -1796 -2253 END
START 1000 2648 19752 -16152 -1723 -2122 END
START 1320 2828 19392 -16144 -1661 -2016 END
START 1648 3064 18856 -16123 -1546 -1926 END
START 2104 3280 18408 -16044 -1398 -1820 END
START 2560 3644 18248 -15963 -1164 -1665 END
START 2940 4032 18008 -15904 -931 -1484 END
START 3108 4492 17892 -15890 -715 -1220 END
START 3472 5024 17936 -15895 -626 -971 END
START 3760 5384 18140 -15916 -589 -628 END
START 4028 5768 17848 -16030 -603 -271 END
START 4236 6016 17768 -16135 -665 87 END
START 4496 6444 17708 -16213 -796 480 END
START 4796 6864 17744 -16243 -941 943 END
START 5184 7352 17428 -16267 -1097 1374 END
START 5444 7708 17296 -16198 -1282 1906 END
START 6024 8252 16892 -16150 -1411 2437 END
START 6248 8656 16588 -16069 -1504 3042 END
START 6624 9260 16064 -16046 -1575 3687 END
START 7036 9516 15628 -16045 -1584 4304 END
START 7304 9932 15256 -16119 -1523 4983 END
START 7588 10140 14720 -16139 -1414 5570 END
START 7788 10348 14184 -16151 -1268 6258 END
START 7868 10388 13512 -16212 -985 6841 END
START 7936 10572 13228 -16177 -757 7457 END
START 8248 10556 12920 -16176 -403 8032 END
START 8200 10548 12392 -16088 -84 8558 END
START 8320 10644 12196 -16070 314 9095 END
START 8344 10672 11992 -16000 697 9600 END
START 8216 10768 11848 -15934 1067 10090 END
START 8064 10864 11596 -15894 1413 10616 END
START 7812 10920 11616 -15832 1766 11101 END
START 7256 10880 11544 -15787 1979 11536 END
START 6580 10640 11468 -15779 2141 11995 END
START 6184 10360 11524 -15729 2220 12331 END
START 5720 9980 11272 -15647 2287 12609 END
START 5364 9564 10984 -15561 2293 12705 END
START 4880 9148 10784 -15458 2343 12599 END
START 4508 8976 10420 -15383 2339 12466 END
START 3840 8812 10212 -15331 2379 12627 END
START 3360 8776 9616 -15278 2393 12316 END
START 2864 8888 9136 -15296 2476 12721 END
START 2304 9060 8484 -15293 2617 12738 END
START 1724 9072 7844 -15269 2743 12902 END
START 896 9184 7064 -15206 3029 12840 END
START -132 9168 6752 -15039 3201 12835 END
START -1136 9008 6520 -14760 3365 13315 END
START -2340 9136 6216 -14348 3444 13367 END
START -3468 9088 6116 -13912 3508 13625 END
START -4488 8824 5872 -13450 3436 13872 END
START -5504 8492 5860 -12897 3339 14038 END
START -6420 8080 5812 -12288 3100 14242 END
START -7080 7928 5608 -11680 2860 14317 END
START -8124 7400 5604 -11000 2564 14380 END
START -9092 7000 5708 -10319 2203 14352 END
START -9952 6528 5784 -9584 1846 14236 END
START -10692 6076 6012 -8866 1468 14097 END
START -11364 5632 5948 -8208 1100 13889 END
START -12076 5444 5928 -7577 782 13685 END
START -12656 5000 6048 -6871 483 13350 END
START -13300 4636 5980 -6371 239 13093 END
START -13828 4300 5852 -5844 55 12614 END
START -14204 4120 5936 -5374 -121 12569 END
START -14888 3940 5936 -4901 -141 11981 END
START -15568 3760 5824 -4527 -184 11656 END
START -16104 3504 5956 -4087 -230 11231 END
START -16620 3112 6284 -3700 -217 10807 END
START -17204 2640 6220 -3302 -270 10286 END
START -17908 2224 6668 -2935 -381 9815 END
START -18432 1788 6920 -2591 -493 9246 END
START -18764 1396 6968 -2242 -651 8682 END
START -19184 1024 7248 -1966 -861 8118 END
START -19688 472 7252 -1667 -1067 7513 END
START -20156 76 7296 -1338 -1263 6808 END
START -20596 -548 7548 -1019 -1542 6084 END
START -20856 -1024 7524 -691 -1723 5348 END
START -20900 -1404 7216 -332 -1956 4526 END
START -21044 -1684 7184 -1 -2095 3627 END
START -20984 -1872 7028 324 -2211 2809 END
START -20972 -2148 7176 544 -2290 1968 END
START -20880 -2020 7068 797 -2325 1138 END
START -20712 -2116 7024 966 -2390 365 END
START -20728 -2092 6900 1107 -2401 -406 END
START -20572 -2036 7028 1314 -2382 -1140 END
START -20440 -2076 7024 1460 -2375 -1852 END
START -20320 -2040 7136 1731 -2360 -2539 END
START -19896 -2060 6952 1931 -2308 -3251 END
START -19580 -1884 7092 2157 -2175 -3896 END
START -19244 -1768 7112 2312 -2089 -4559 END
START -18972 -1740 7164 2398 -2024 -5199 END
START -18812 -1480 7372 2497 -1972 -5864 END
START -18888 -1260 7664 2571 -2006 -6416 END
START -18744 -1228 7888 2707 -2060 -7005 END
START -18644 -1188 7860 2890 -2194 -7551 END
START -18496 -1092 8192 3120 -2347 -8061 END
START -18244 -1068 8228 3384 -2464 -8587 END
START -17700 -944 8320 3656 -2490 -9127 END
START -17576 -1096 8472 4023 -2597 -9645 END
START -17364 -796 8236 4343 -2659 -10106 END
START -17144 -264 8080 4589 -2705 -10533 END
START -16820 252 8284 4790 -2666 -10825 END
START -16636 360 8264 4947 -2568 -11137 END
START -16352 408 8504 5111 -2484 -11377 END
START -16512 412 8512 5264 -2407 -11625 END
START -16496 492 8592 5456 -2372 -11932 END
START -16344 352 8848 5708 -2348 -12256 END
START -16208 412 9236 5983 -2312 -12631 END
START -16220 392 9336 6313 -2370 -12974 END
START -16140 452 9728 6594 -2421 -13303 END
START -16004 532 9780 6900 -2550 -13610 END
START -15800 516 10208 7162 -2695 -13852 END
START -15660 460 10432 7411 -2919 -14152 END
START -15468 352 10828 7652 -3142 -14488 END
START -15164 312 10908 7878 -3303 -14783 END
START -14856 428 10912 8088 -3467 -15121 END
START -14624 556 11220 8301 -3588 -15458 END
START -14212 604 11304 8466 -3694 -15782 END
START -13832 536 11436 8578 -3775 -16105 END
START -13360 584 11528 8651 -3791 -16460 END
START -12844 804 11604 8718 -3823 -16812 END
START -12376 824 11656 8689 -3724 -17150 END
START -11632 968 11772 8651 -3588 -17491 END
START -11204 1088 12112 8627 -3491 -17790 END
START -10652 1108 12304 8539 -3338 -18100 END
START -10100 1216 12688 8497 -3292 -18388 END
START -9392 1104 12672 8423 -3195 -18705 END
START -8684 1108 12868 8346 -3098 -18967 END
START -7796 1352 12692 8273 -2998 -19324 END
START -6984 1356 12824 8171 -2854 -19616 END
START -6200 1488 12952 8098 -2642 -19923 END
START -5288 1680 13044 8020 -2484 -20197 END
START -4396 1892 13028 7891 -2230 -20460 END
START -3356 2244 13228 7784 -1973 -20712 END
START -2184 2672 13372 7686 -1620 -20912 END
START -1060 3108 13748 7527 -1195 -21090 END
START 400 3640 13960 7300 -768 -21171 END
START 1532 4240 14252 6997 -254 -21194 END
START 2556 4800 14632 6581 273 -21090 END
START 3900 5364 15144 6080 856 -20890 END
START 5332 5712 15504 5579 1418 -20581 END
START 6340 6064 16016 4971 2018 -20209 END
START 7316 6484 16452 4462 2595 -19761 END
START 8540 6700 16784 3838 3148 -19206 END
START 9196 6828 17224 3301 3693 -18614 END
START 10084 7128 17916 2729 4218 -17905 END
START 10840 7220 18324 2115 4645 -17032 END
START 11728 7460 18780 1573 4971 -16091 END
START 12332 7480 19416 1021 5186 -15060 END
START 12944 7428 19824 513 5363 -13957 END
START 13324 7500 20420 57 5375 -12794 END
START 13524 7632 21128 -354 5304 -11621 END
START 13568 7676 21652 -735 5094 -10349 END
START 13596 7572 22060 -1037 4741 -9088 END
START 13512 7476 22116 -1280 4346 -7784 END
START 13060 7596 22116 -1498 3861 -6525 END
START 12544 7388 22012 -1565 3257 -5297 END
START 12120 7136 21736 -1541 2697 -4091 END
START 11704 6732 21540 -1319 2232 -3022 END
START 11260 6192 21128 -1085 1822 -2066 END
START 10752 5764 20800 -711 1553 -1221 END
START 9900 5456 20912 -346 1153 -504 END
START 9092 5332 20876 34 827 137 END
START 8272 5044 20996 390 541 641 END
START 7748 4812 20928 698 353 1073 END
START 6972 4608 21184 864 234 1452 END
START 6360 4432 21208 1027 167 1756 END
START 5672 4144 21280 1020 171 1958 END
START 5116 4036 21588 948 293 2061 END
START 4384 3828 21636 677 374 2096 END
START 3856 3720 21828 322 445 2035 END
START 3212 3704 21900 -118 654 1907 END