START -3620 556 13800 -1281 2255 -1734 END
START -1832 1272 13836 -1564 651 -1681 END
START -752 384 11796 -1432 2351 -1724 END
START -1648 940 11912 -1418 3299 -1740 END
START -1944 1180 12628 -1475 4029 -1683 END
START -1636 1368 12764 -1587 4339 -1649 END
START -1952 1568 13180 -1652 4537 -1524 END
START -1876 1672 13728 -1790 4765 -1251 END
START -2024 1788 14012 -1912 5087 -849 END
START -1900 2068 14636 -2030 5260 -460 END
START -1996 1924 14984 -2193 5338 -78 END
START -2116 1700 15332 -2347 5210 261 END
START -2320 1476 15472 -2501 4938 593 END
START -2068 1408 15824 -2602 4760 915 END
START -2264 1208 15820 -2690 4585 1180 END
START -2400 1132 15924 -2695 4291 1422 END
START -2492 1004 15944 -2634 3932 1620 END
START -2612 736 15904 -2546 3539 1844 END
START -2916 708 15660 -2468 3174 2015 END
START -2968 404 15780 -2347 2818 2105 END
START -3164 60 15512 -2257 2471 2162 END
START -3268 -352 15340 -2127 2151 2119 END
START -3272 -692 15100 -1950 1844 2025 END
START -3236 -944 14944 -1742 1667 1838 END
START -3228 -1264 14732 -1527 1516 1613 END
START -3332 -1412 14692 -1338 1442 1307 END
START -3364 -1288 14516 -1230 1350 1000 END
START -3352 -1404 14536 -1145 1295 690 END
START -3308 -1484 14460 -1057 1243 366 END
START -3348 -1476 14496 -1048 1228 30 END
START -3240 -1420 14404 -1031 1266 -230 END
START -3088 -1452 14568 -1058 1253 -483 END
START -2864 -1452 14372 -1122 1364 -763 END
START -2744 -1360 14312 -1206 1417 -985 END
START -2712 -1280 14268 -1323 1490 -1212 END
START -2700 -1208 14232 -1389 1593 -1425 END
START -2588 -1184 14500 -1427 1681 -1549 END
START -2496 -1096 14568 -1513 1760 -1677 END
START -2464 -1000 14628 -1541 1762 -1710 END
START -2476 -832 14616 -1629 1723 -1688 END
START -2384 -768 14692 -1666 1628 -1653 END
START -2408 -612 14760 -1737 1501 -1584 END
START -2444 -788 14768 -1787 1369 -1479 END
START -2292 -776 14748 -1813 1245 -1359 END
START -2328 -772 14716 -1869 1064 -1272 END
START -2248 -848 14688 -1905 900 -1162 END
START -2320 -828 14432 -1918 750 -1054 END
START -2328 -828 14300 -1924 626 -992 END
START -2320 -1068 14180 -1884 570 -899 END
START -2420 -896 14036 -1889 410 -810 END
START -2304 -764 14120 -1858 366 -722 END
START -2204 -720 14060 -1825 269 -586 END
START -2032 -612 13896 -1790 234 -412 END
START -1952 -624 13880 -1820 239 -209 END
START -1720 -520 13976 -1846 241 9 END
START -1744 -392 14024 -1941 241 228 END
START -1700 -252 13964 -2048 177 499 END
START -1620 -196 13896 -2138 133 749 END
START -1524 -236 13956 -2198 124 1003 END
START -1716 -364 13916 -2158 114 1245 END
START -1784 -700 13764 -1982 101 1395 END
START -1828 -904 13952 -1778 61 1493 END
START -1948 -1060 14204 -1531 -65 1614 END
START -2168 -1060 14012 -1258 -299 1646 END
START -2592 -1104 13964 -1030 -546 1645 END
START -2672 -1128 13892 -800 -828 1637 END
START -2664 -1060 13528 -625 -1084 1594 END
START -2748 -1164 13008 -479 -1240 1529 END
START -2800 -1140 12612 -315 -1308 1428 END
START -2816 -1152 12336 -176 -1283 1312 END
START -2884 -1280 11860 -36 -1169 1180 END
START -3060 -1336 11872 137 -951 1022 END
START -3044 -1364 11580 207 -756 862 END
START -3088 -1556 11488 311 -559 683 END
START -3084 -1560 11420 399 -337 452 END
START -3208 -1564 11452 445 -85 283 END
START -3184 -1584 11472 525 60 -5 END
START -3348 -1656 11524 577 165 -225 END
START -3236 -1524 11416 652 230 -456 END
START -3116 -1524 11360 681 312 -627 END
START -2928 -1416 11492 750 380 -837 END
START -3004 -1188 11736 813 409 -1033 END
START -2892 -1148 11908 888 422 -1157 END
START -2860 -816 11744 923 412 -1226 END
START -2844 -584 11816 920 340 -1263 END
START -2772 -236 11712 874 227 -1278 END
START -2592 52 11440 832 222 -1222 END
START -2528 156 11456 809 172 -1152 END
START -2640 316 11576 809 154 -1078 END
START -2676 516 11344 801 62 -931 END
START -2784 536 11440 860 -14 -804 END
START -2876 716 11440 925 -184 -618 END
START -2848 660 11364 949 -322 -433 END
START -2888 780 11292 1057 -519 -300 END
START -2872 720 11348 1109 -674 -150 END
START -2776 720 11284 1135 -921 2 END
START -2816 696 11052 1138 -1151 164 END
START -2872 784 10736 1169 -1352 318 END
START -2744 608 10624 1181 -1526 473 END
START -2604 492 10384 1173 -1676 593 END
START -2600 436 10320 1263 -1833 675 END
START -2692 432 10044 1274 -1992 752 END
START -2660 380 9952 1340 -2178 816 END
START -2636 488 9616 1404 -2303 912 END
START -2556 368 9488 1455 -2435 965 END
START -2480 544 9140 1457 -2511 1025 END
START -2488 540 8508 1460 -2486 1087 END
START -2432 564 8176 1460 -2431 1152 END
START -2460 436 7624 1510 -2355 1153 END
START -2360 496 7060 1586 -2244 1142 END
START -2484 324 6628 1743 -2050 1067 END
START -2548 248 6292 1967 -1879 941 END
START -2356 68 6132 2239 -1699 810 END
START -2536 -40 6096 2536 -1576 638 END
START -2596 -124 5788 2842 -1531 434 END
START -2596 -108 5744 3181 -1452 210 END
START -2612 -96 5792 3569 -1419 -73 END
START -2560 -164 5836 3925 -1407 -291 END
START -2604 0 5900 4341 -1377 -522 END
START -2408 336 5784 4708 -1323 -729 END
START -2208 608 5884 5021 -1260 -895 END
START -2096 840 5956 5307 -1189 -1054 END
START -1848 1120 5952 5557 -1138 -1172 END
START -1692 1300 6108 5705 -1132 -1265 END
START -1312 1416 6132 5832 -1081 -1316 END
START -856 1536 6100 5954 -960 -1366 END
START -516 1516 6152 6052 -795 -1358 END
START -188 1644 5948 6087 -651 -1397 END
START 88 1908 6012 6221 -473 -1369 END
START 488 2100 6264 6234 -365 -1347 END
START 616 2264 6180 6374 -254 -1240 END
START 888 2644 6424 6428 -179 -1097 END
START 1096 2720 6320 6638 -98 -898 END
START 1332 2852 6676 6798 -30 -663 END
START 1496 3000 6456 6991 17 -385 END
START 1828 3196 6392 7198 92 -126 END
START 2044 3196 6380 7385 188 135 END
START 2168 3108 6608 7640 257 395 END
START 2168 3296 6576 7938 408 671 END
START 2288 3436 6784 8194 501 910 END
START 2064 3644 6972 8459 565 1203 END
START 1868 3704 7188 8730 550 1469 END
START 1684 3800 7352 8988 528 1673 END
START 1444 3856 7648 9285 511 1802 END
START 1316 3716 7844 9682 481 1942 END
START 896 3672 8084 10012 406 1991 END
START 616 3696 8356 10439 332 2022 END
START 368 3804 8688 10849 294 1975 END
START 280 3936 8652 11222 239 1920 END
START 24 4032 8864 11635 215 1851 END
START -32 4432 8860 11804 186 1801 END
START -172 4624 8912 12207 288 1773 END
START -288 4740 9020 12136 426 1744 END
START -344 5008 8980 12499 656 1764 END
START -408 4844 9076 12770 891 1728 END
START -560 4932 9320 12926 1235 1723 END
START -868 4772 9740 13075 1551 1656 END
START -1044 4612 10000 13177 1818 1594 END
START -1372 4532 10484 13238 2063 1451 END
START -1456 4276 11068 13295 2303 1271 END
START -1428 4216 11448 13291 2526 1066 END
START -1444 4200 11808 13307 2760 856 END
START -1428 4176 12152 13326 2984 670 END
START -1272 4168 12540 13273 3256 520 END
START -1200 4188 12920 13260 3436 357 END
START -1008 4372 13156 13237 3730 256 END
START -976 4764 13468 13144 3906 176 END
START -920 5152 13788 13074 4074 212 END
START -888 5340 14124 12901 4189 259 END
START -964 5808 14592 12847 4292 364 END
START -764 5952 14544 12686 4314 495 END
START -744 6208 15036 12716 4500 632 END
START -848 6328 15260 12812 4575 822 END
START -976 6508 15480 12817 4639 1009 END
START -1320 6784 15972 13003 4617 1213 END
START -1676 6984 16488 13117 4536 1458 END
START -2080 7124 16736 13230 4353 1654 END
START -2352 7040 17200 13346 4127 1833 END
START -2644 7136 17652 13564 3922 1984 END
START -3012 7096 18068 13725 3647 2099 END
START -3268 7068 18572 13946 3388 2216 END
START -3616 6964 18816 14162 3151 2303 END
START -3704 6944 19296 14351 2921 2372 END
START -3808 6716 19568 14461 2726 2424 END
START -3744 6740 19572 14518 2610 2335 END
START -3768 6500 19780 14460 2523 2284 END
START -3680 6436 20072 14389 2553 2264 END
START -3616 6256 20440 14354 2656 2257 END
START -3328 6108 20552 14359 2814 2209 END
START -3224 6080 20608 14193 3002 2102 END
START -3092 6060 20748 13982 3208 1911 END
START -3256 5996 21480 13781 3434 1888 END
START -3100 6048 21688 13697 3683 1922 END
START -2948 6156 21968 13547 3861 1897 END
START -2800 6360 22204 13392 3981 1847 END
START -2796 6244 22596 13257 4018 1784 END
START -2896 6136 23176 13073 3996 1733 END
START -2756 6144 23480 12830 3943 1721 END
START -2992 6200 23540 12685 3868 1724 END
START -3216 6280 23976 12462 3800 1774 END
START -3480 6256 24224 12209 3679 1849 END
START -3808 6280 24408 12218 3579 1944 END
START -3976 6216 24716 12280 3452 2055 END
START -4400 6180 25128 12020 3290 2188 END
START -4760 6072 25240 11996 3160 2303 END
START -4744 5840 25692 11859 3029 2381 END
START -4960 5652 25844 11534 2824 2453 END
START -5044 5412 25860 11271 2735 2486 END
START -5188 5220 26172 10952 2642 2526 END
START -5356 4908 26432 10691 2612 2478 END
START -5472 4720 26608 10395 2567 2439 END
START -5628 4488 26800 10102 2514 2337 END
START -5760 4224 27080 9784 2437 2257 END
START -5640 4256 27156 9453 2355 2121 END
START -5660 4072 27388 9073 2310 1971 END
START -5556 3904 27444 8671 2244 1835 END
START -5408 4064 27632 8282 2168 1743 END
START -5344 4064 27392 7905 2201 1653 END
START -5168 4004 27328 7551 2260 1600 END
START -5032 4040 27624 7195 2341 1610 END
START -4980 4100 27592 6873 2429 1634 END
START -5104 4048 27748 6572 2486 1656 END
START -5160 4116 27892 6270 2493 1703 END
START -5344 3960 27980 6030 2429 1746 END
START -5504 3824 27980 5765 2403 1795 END
START -5380 3732 28440 5546 2334 1794 END
START -5752 3672 28416 5275 2236 1802 END
START -5916 3676 28592 5012 2091 1801 END
START -6188 3592 28788 4699 1912 1798 END
START -6344 3444 28936 4384 1758 1760 END
START -6612 3324 29000 4070 1558 1745 END
START -6688 3156 29112 3721 1395 1707 END
START -6872 2904 29072 3381 1259 1620 END
START -6868 2720 29196 3050 1118 1500 END
START -7196 2600 29240 2684 990 1336 END
START -7328 2436 29284 2334 816 1175 END
START -7380 2320 29016 1956 723 960 END
START -7284 2176 29044 1598 597 743 END
START -7136 2196 29124 1187 560 534 END
START -7012 2112 28964 823 541 247 END
START -6812 2184 28648 473 517 26 END
START -6528 2300 28588 90 526 -150 END
START -6440 2368 28668 -285 600 -329 END
START -6128 2524 28660 -712 618 -409 END
START -5964 2640 28448 -1167 643 -506 END
START -5780 2740 28332 -1601 682 -562 END
START -5660 2876 28188 -2071 722 -576 END
START -5656 2932 28172 -2521 819 -656 END
START -5560 2992 28136 -2939 817 -653 END
START -5648 2948 28172 -3334 841 -703 END
START -5652 3020 28044 -3697 812 -695 END
START -5788 3040 27940 -4113 775 -734 END
START -5764 3016 27692 -4455 747 -744 END
START -5668 3016 27616 -4838 644 -796 END
START -5560 2868 27304 -5153 631 -845 END
START -5512 2896 27224 -5402 626 -913 END
START -5524 2912 27056 -5688 575 -1006 END
START -5516 2896 26840 -5865 642 -1065 END
START -5496 2856 26708 -6130 615 -1113 END
START -5440 2924 26720 -6333 601 -1148 END
START -5356 3044 26448 -6542 622 -1197 END
START -5396 3012 26592 -6772 643 -1252 END
START -5332 3016 26544 -7008 597 -1344 END
START -5412 2936 26372 -7240 579 -1426 END
START -5416 3036 26324 -7434 502 -1459 END
START -5464 3052 26128 -7630 489 -1512 END
START -5488 3136 26168 -7761 414 -1569 END
START -5308 3036 26068 -7932 404 -1642 END
START -5292 3104 26164 -8150 298 -1716 END
START -5260 3168 26060 -8374 240 -1753 END
START -5156 3496 25764 -8667 108 -1775 END
START -5104 3548 25748 -8908 76 -1817 END
START -4848 3564 25532 -9144 60 -1827 END
START -4988 3528 25528 -9439 24 -1835 END
START -4968 3632 25372 -9664 -36 -1861 END
START -4944 3616 25220 -9923 -81 -1856 END
START -5112 3720 24988 -10186 -145 -1918 END
START -5128 3736 24640 -10391 -210 -2029 END
START -5164 3800 24476 -10569 -209 -2091 END
START -5116 3840 24268 -10743 -219 -2156 END
START -5108 3992 24164 -10876 -188 -2221 END
START -5012 3980 23756 -11018 -173 -2288 END
START -4968 4008 23728 -11162 -189 -2324 END
START -4956 4068 23512 -11312 -241 -2413 END
START -4928 4088 23456 -11485 -215 -2474 END
START -4748 4232 23320 -11617 -275 -2568 END
START -4584 4268 23124 -11800 -308 -2598 END
START -4556 4352 22772 -11973 -388 -2662 END
START -4420 4404 22600 -12143 -390 -2698 END
START -4252 4432 22632 -12319 -405 -2757 END
START -4164 4460 22376 -12493 -366 -2798 END
START -3932 4592 21992 -12704 -356 -2847 END
START -3736 4660 21904 -12909 -304 -2860 END
START -3648 4680 21656 -13179 -295 -2886 END
START -3604 4912 21276 -13433 -333 -2905 END
START -3380 4912 21188 -13626 -262 -2875 END
START -3392 5012 20904 -13884 -233 -2888 END
START -3360 5156 20676 -14107 -235 -2847 END
START -3244 5204 20368 -14343 -213 -2815 END
START -3196 5100 20028 -14539 -131 -2748 END
START -3328 5088 19788 -14635 -97 -2703 END
START -3468 5036 19492 -14673 -97 -2654 END
START -3528 5080 19276 -14613 -106 -2631 END
START -3628 4932 19052 -14577 -187 -2616 END
START -3804 4860 18868 -14512 -278 -2570 END
START -3800 4892 18596 -14411 -439 -2590 END
START -3944 4804 18280 -14321 -578 -2583 END
START -3864 4752 18072 -14201 -732 -2592 END
START -4032 4608 17656 -14075 -878 -2581 END
START -4012 4680 17396 -13974 -970 -2619 END
START -4136 4480 17360 -13864 -1103 -2603 END
START -4056 4456 16920 -13781 -1211 -2673 END
START -4240 4400 16524 -13684 -1368 -2777 END
START -4252 4340 16288 -13633 -1454 -2843 END
START -4264 4224 16108 -13557 -1520 -2985 END
START -4224 4052 15700 -13486 -1597 -3111 END
START -4320 3984 15376 -13415 -1657 -3267 END
START -4364 3812 15000 -13272 -1720 -3436 END
START -4136 3776 14860 -13153 -1766 -3562 END
START -4124 3844 14684 -13057 -1809 -3760 END
START -3920 3772 14276 -12961 -1856 -3902 END
START -3732 3832 14016 -12865 -1872 -4036 END
START -3588 3952 13764 -12820 -1948 -4189 END
START -3428 3992 13664 -12799 -1975 -4279 END
START -3100 4136 13472 -12681 -2052 -4337 END
START -2956 4156 13088 -12595 -2065 -4395 END
START -2532 4308 12736 -12503 -2089 -4388 END
START -2196 4664 12500 -12365 -2047 -4376 END
START -1880 4808 12396 -12323 -1957 -4280 END
START -1496 5100 11916 -12298 -1848 -4155 END
START -1036 5312 11856 -12308 -1691 -3970 END
START -1036 5488 11700 -12424 -1541 -3714 END
START -832 5792 11588 -12560 -1383 -3469 END
START -848 5816 11296 -12718 -1272 -3151 END
START -764 5804 11288 -12821 -1221 -2845 END
START -688 5828 10832 -12911 -1180 -2491 END
START -712 5700 10608 -12928 -1071 -2205 END
START -732 5676 10444 -12874 -1035 -1914 END
START -696 5524 10016 -12743 -1052 -1621 END
START -964 5396 9612 -12601 -1022 -1345 END
START -896 5280 9188 -12390 -962 -1103 END
START -1068 5272 8680 -12162 -1000 -839 END
START -1452 5004 8432 -11833 -958 -585 END
START -1584 4748 8064 -11519 -980 -402 END
START -1872 4376 7848 -11133 -964 -278 END
START -2012 4028 7704 -10726 -1026 -189 END
START -2120 3584 7588 -10307 -1098 -171 END
START -2304 3132 7368 -9911 -1132 -217 END
START -2300 3072 7220 -9483 -1208 -294 END
START -2204 2892 7284 -9096 -1261 -434 END
START -2320 2724 7120 -8736 -1281 -499 END
START -2064 2548 6924 -8453 -1276 -657 END
START -1908 2564 6608 -8247 -1211 -726 END
START -1624 2520 6384 -8081 -1066 -839 END
START -1232 2448 6156 -8070 -889 -972 END
START -1056 2516 6032 -8055 -532 -1019 END
START -884 2612 5848 -8085 -188 -1086 END
START -824 2616 5624 -8105 206 -1107 END
START -740 2512 5320 -8156 531 -1134 END
START -732 2492 5284 -8163 813 -1141 END
START -836 2292 5184 -8126 1072 -1186 END
START -728 2188 5056 -8013 1271 -1178 END
START -776 2096 5056 -7821 1377 -1211 END
START -956 2028 4980 -7604 1420 -1222 END
START -1344 1896 4984 -7314 1416 -1192 END
START -1444 1932 4868 -6939 1303 -1180 END
START -1620 1716 4920 -6487 1104 -1091 END
START -1612 1628 4932 -5983 888 -1009 END
START -1544 1328 5008 -5460 662 -884 END
START -1528 1180 4976 -4913 439 -772 END
START -1628 1224 4912 -4359 204 -680 END
START -1604 1060 4784 -3859 -58 -579 END
START -1528 976 4760 -3349 -261 -530 END
START -1424 880 4856 -2885 -447 -419 END
START -1416 816 4932 -2403 -545 -309 END
START -1272 728 4932 -1969 -631 -263 END
START -1220 876 5196 -1499 -675 -150 END
START -1112 792 5384 -1152 -759 -49 END
START -1052 944 5592 -832 -771 42 END
START -1124 1024 5948 -531 -835 164 END
START -1200 1116 6472 -236 -886 312 END
START -1244 1108 6684 2 -937 448 END
START -1352 1156 7276 199 -1075 609 END
START -1580 1120 7784 395 -1204 772 END
START -1780 1160 8176 522 -1367 922 END
START -2036 1080 8744 692 -1496 1100 END
START -2376 928 8944 748 -1695 1240 END
START -2664 804 9308 786 -1887 1320 END
START -2884 496 9908 867 -2000 1316 END
START -3044 492 10036 876 -2128 1299 END
START -3388 276 10188 908 -2271 1225 END
START -3732 252 10576 872 -2402 1121 END
START -3848 232 10688 851 -2455 980 END
START -4032 104 10792 773 -2473 841 END
START -3804 -68 10524 659 -2371 685 END
START -3708 -180 10660 554 -2193 519 END
START -3780 -288 10784 390 -1928 305 END
START -3656 -392 10960 227 -1651 129 END
START -3632 -480 11128 30 -1394 -43 END
START -3512 -528 11264 -101 -1104 -237 END
START -3464 -480 11656 -302 -832 -378 END
START -3456 -412 11956 -489 -618 -500 END
START -3444 -320 12228 -636 -431 -619 END
START -3560 -220 12700 -748 -370 -669 END
START -3736 -144 12872 -863 -355 -692 END
START -3952 -88 13128 -946 -350 -639 END
START -4008 -40 13380 -960 -399 -575 END
START -4068 -140 13416 -972 -535 -497 END
START -4164 -180 13392 -991 -659 -432 END
START -4188 -276 13324 -943 -733 -352 END
START -4296 -224 13380 -910 -817 -196 END
START -4428 -156 13288 -785 -869 -91 END
START -4560 -344 13320 -660 -892 60 END
START -4828 -420 13368 -542 -950 157 END
START -5204 -564 13292 -364 -1055 266 END
START -5336 -704 13336 -230 -1074 360 END
START -5652 -824 13288 -109 -1150 445 END
START -5736 -936 13360 49 -1224 476 END
START -6096 -1084 13548 192 -1361 492 END
START -6232 -1352 13592 342 -1392 526 END
START -6500 -1676 13800 508 -1530 533 END
START -6640 -1864 14024 687 -1625 484 END
START -6864 -1876 14256 866 -1782 413 END
START -7144 -1940 14440 967 -1930 325 END
START -7384 -2004 14384 1107 -2129 205 END
START -7440 -2056 14468 1244 -2265 133 END
START -7540 -2124 14588 1300 -2340 75 END
START -7792 -2064 14444 1365 -2470 -46 END
START -7872 -2176 14348 1467 -2413 -98 END
START -8132 -2180 14504 1492 -2428 -191 END
START -8172 -2300 14420 1501 -2450 -291 END
START -8192 -2420 14552 1466 -2482 -416 END
START -8328 -2424 14560 1473 -2467 -589 END
START -8540 -2592 14500 1472 -2445 -730 END
START -8544 -2792 14548 1471 -2419 -967 END
START -8596 -2632 14516 1504 -2318 -1131 END
START -8760 -2676 14452 1466 -2318 -1305 END
START -8756 -2748 14352 1453 -2221 -1465 END
START -8820 -2744 14404 1366 -2126 -1668 END
START -8676 -2768 14244 1352 -1997 -1815 END
START -8548 -2784 14200 1240 -1844 -2005 END
START -8632 -2884 14056 1161 -1704 -2220 END
START -8468 -2928 13792 1063 -1507 -2435 END
START -8488 -3024 13472 947 -1254 -2670 END
START -8400 -3160 13412 880 -1017 -2897 END
START -8304 -3184 13180 813 -712 -3140 END
START -8376 -3256 13156 741 -407 -3328 END
START -8364 -3256 13076 740 -137 -3483 END
START -8392 -3264 12976 740 174 -3645 END
START -8348 -3272 12916 716 451 -3807 END
START -8268 -3392 12864 717 758 -3971 END
START -8252 -3464 12972 748 956 -4161 END
START -8424 -3548 13288 773 1142 -4275 END
START -8352 -3332 13524 833 1313 -4447 END
START -8576 -3276 13584 875 1351 -4545 END
START -8800 -3284 13648 897 1444 -4633 END
START -8824 -3348 13744 972 1409 -4757 END
START -8808 -3380 13928 1040 1353 -4867 END
START -8836 -3516 13992 1135 1310 -5024 END
START -8996 -3600 14112 1222 1171 -5148 END
START -9132 -3564 14232 1323 1039 -5261 END
START -9180 -3572 14104 1431 867 -5417 END
START -9308 -3556 14196 1551 716 -5537 END
START -9316 -3500 14152 1732 505 -5657 END
START -9448 -3504 14236 1861 313 -5805 END
START -9388 -3628 14208 2121 57 -5919 END
START -9516 -3636 14184 2396 -217 -6052 END
START -9508 -3460 14264 2681 -411 -6166 END
START -9348 -3468 14176 2936 -648 -6290 END
START -9288 -3464 14192 3188 -843 -6465 END
START -9140 -3416 14112 3353 -995 -6615 END
START -8880 -3332 14164 3531 -1103 -6784 END
START -8660 -3308 14064 3641 -1123 -6970 END
START -8292 -3132 14060 3665 -1084 -7135 END
START -7948 -3104 14096 3654 -924 -7276 END
START -7496 -2944 14120 3628 -723 -7420 END
START -7384 -2876 13992 3527 -520 -7559 END
START -7072 -2696 14104 3355 -250 -7649 END
START -6864 -2676 14408 3151 70 -7789 END
START -6684 -2640 14216 2942 366 -7929 END
START -6320 -2464 14128 2652 707 -8067 END
START -6144 -2460 14132 2354 1115 -8261 END
START -6008 -2444 14152 2035 1536 -8489 END
START -5932 -2332 14112 1713 1915 -8696 END
START -5700 -2488 13860 1390 2330 -8944 END
START -5672 -2480 13932 1096 2663 -9170 END
START -5572 -2388 14032 850 3010 -9372 END
START -5460 -2440 13840 639 3307 -9638 END
START -5240 -2456 14048 464 3558 -9834 END
START -5192 -2468 13980 395 3716 -10078 END
START -5016 -2408 13868 362 3807 -10230 END
START -4848 -2252 13848 407 3963 -10423 END
START -4596 -2076 13888 580 4002 -10533 END
START -4632 -2016 13872 686 4074 -10664 END
START -4452 -1916 14028 898 4063 -10782 END
START -4356 -1908 14280 1133 3960 -10845 END
START -4160 -1844 14340 1354 3835 -10974 END
START -3728 -1688 14560 1643 3685 -11012 END
START -3624 -1404 14720 1860 3476 -11084 END
START -3300 -1300 14988 2112 3198 -11101 END
START -3104 -1032 15336 2321 2828 -11050 END
START -2812 -796 15544 2525 2441 -10990 END
START -2368 -668 15652 2663 2102 -10902 END
START -2144 -472 15532 2772 1761 -10765 END
START -1784 -148 15680 2895 1495 -10690 END
START -1332 72 15520 3008 1233 -10568 END
START -912 252 15388 3102 1048 -10427 END
START -552 380 15220 3170 903 -10316 END
START -148 580 15280 3206 804 -10192 END
START 232 780 15192 3244 775 -10022 END
START 532 1108 15196 3197 712 -9905 END
START 832 1360 15200 3104 704 -9724 END
START 1144 1512 15028 3021 718 -9570 END
START 1532 1612 14956 2880 787 -9400 END
START 2000 1588 14900 2736 935 -9228 END
START 2380 1796 14824 2620 1068 -9038 END
START 2640 1760 14704 2505 1253 -8951 END
START 2860 1852 14776 2441 1440 -8807 END
START 2928 1976 14732 2323 1646 -8714 END
START 3228 1976 14748 2228 1813 -8608 END
START 3312 2048 14672 2111 1934 -8506 END
START 3588 2044 14936 2000 2047 -8410 END
START 3732 2080 14716 1901 2110 -8308 END
START 3952 2048 14728 1864 2190 -8229 END
START 4144 2072 14760 1797 2266 -8173 END
START 4440 2088 14772 1787 2329 -8069 END
START 4556 2244 14872 1801 2377 -7981 END
START 4748 2216 15116 1837 2439 -7854 END
START 4896 2244 15296 1841 2438 -7718 END
START 4988 2364 15384 1840 2479 -7594 END
START 5124 2412 15484 1838 2483 -7436 END
START 5096 2452 15824 1828 2414 -7314 END
START 5240 2544 16060 1812 2395 -7188 END
START 5272 2636 16388 1784 2275 -7046 END
START 5220 2544 16616 1735 2193 -6906 END
START 5340 2756 16860 1657 2088 -6772 END
START 5464 2644 17012 1625 1882 -6606 END
START 5480 2644 17012 1553 1708 -6498 END
START 5536 2644 17236 1546 1539 -6330 END
START 5756 2784 17372 1545 1327 -6194 END
START 5772 2988 17388 1547 1113 -5999 END
START 5920 3080 17660 1493 895 -5829 END
START 6060 3356 17752 1476 685 -5589 END
START 6372 3552 17608 1411 498 -5324 END
START 6584 3636 17596 1315 376 -5044 END
START 6812 3652 17396 1211 270 -4736 END
START 7176 3632 17124 1120 301 -4415 END
START 7288 3708 17288 939 357 -4084 END
START 7320 3744 17160 758 400 -3761 END
START 7292 3844 17180 573 437 -3423 END
START 7456 3788 16936 361 538 -3129 END
START 7444 3852 16748 176 644 -2784 END
START 7488 3720 16672 -33 755 -2509 END
START 7536 3612 16516 -233 874 -2234 END
START 7712 3548 16416 -376 982 -1958 END
START 7656 3428 16448 -565 1080 -1748 END
START 7576 3384 16336 -710 1158 -1482 END
START 7384 3396 16420 -817 1202 -1203 END
START 7224 3404 16436 -930 1190 -927 END
START 7136 3624 16228 -972 1132 -647 END
START 7132 3572 16108 -1004 1122 -343 END
START 6968 3528 16040 -1013 1072 8 END
START 6912 3416 16196 -973 1047 282 END
START 6628 3428 15912 -938 1013 599 END
START 6472 3432 15968 -825 917 873 END
START 6172 3164 16192 -778 759 1124 END
START 5828 3192 16112 -635 530 1407 END
START 5604 3064 16332 -510 324 1597 END
START 5348 3004 16388 -359 -23 1835 END
START 5284 3052 16436 -236 -328 2075 END
START 5276 3064 16528 -112 -639 2332 END
START 5196 3132 16332 14 -950 2568 END
START 5128 3256 16460 102 -1212 2872 END
START 5116 3400 16376 163 -1439 3170 END
START 5116 3416 16236 120 -1664 3427 END
START 4940 3512 16168 68 -1890 3770 END
START 4984 3692 16060 55 -2073 4076 END
START 4820 3668 16044 -12 -2281 4343 END
START 4832 3788 15764 -73 -2461 4647 END
START 4768 3772 15672 -83 -2581 4926 END
START 4568 3808 15448 -107 -2672 5175 END
START 4476 3772 15240 -116 -2778 5423 END
START 4244 3836 15244 -155 -2875 5706 END
START 4092 3904 14928 -198 -2975 5956 END
START 3984 3936 14780 -214 -3021 6186 END
START 3840 3880 14464 -230 -3091 6425 END
START 3760 3948 14260 -276 -3009 6635 END
START 3568 3768 13916 -320 -2991 6791 END
START 3584 3652 13716 -318 -2915 6957 END
START 3516 3620 13544 -370 -2790 7110 END
START 3424 3492 13392 -406 -2616 7246 END
START 3136 3348 13232 -423 -2430 7346 END
START 2956 3376 13328 -475 -2304 7443 END
START 2660 3216 13544 -503 -2196 7515 END
START 2480 3044 13384 -584 -2123 7569 END
START 2296 2932 13360 -610 -2066 7623 END
START 2076 2784 13576 -639 -2066 7629 END
START 1980 2792 13600 -673 -2102 7665 END
START 1800 2816 13540 -654 -2108 7713 END
START 1708 2804 13540 -625 -2209 7751 END
START 1696 2724 13560 -597 -2274 7826 END
START 1652 2800 13424 -520 -2363 7915 END
START 1600 2844 13376 -521 -2406 7961 END
START 1548 3008 13024 -465 -2513 8017 END
START 1528 2936 12784 -391 -2516 8100 END
START 1488 3100 12812 -333 -2547 8196 END
START 1468 3136 12544 -184 -2532 8289 END
START 1320 3232 12628 -129 -2499 8432 END
START 1292 3172 12600 -19 -2520 8597 END
START 1276 3208 12480 98 -2470 8790 END
START 1144 3256 12376 168 -2466 8930 END
START 1024 3364 12324 292 -2427 9147 END
START 924 3372 12368 379 -2430 9277 END
START 732 3320 12564 480 -2471 9453 END
START 684 3432 12380 554 -2438 9657 END
START 428 3140 12496 622 -2550 9789 END
START 440 3088 12324 727 -2547 10006 END
START 420 2900 12452 809 -2624 10166 END
START 360 2656 12108 946 -2696 10372 END
START 388 2432 12100 1111 -2764 10486 END
START 352 2064 11856 1289 -2844 10590 END
START 532 1992 11856 1447 -2818 10704 END
START 716 1684 11676 1628 -2769 10775 END
START 744 1660 11380 1774 -2652 10836 END
START 916 1444 11392 1873 -2430 10912 END
START 1016 1248 11172 1973 -2148 10949 END
START 1128 1100 11000 2008 -1786 10944 END
START 1012 924 11100 2097 -1377 11005 END
START 1180 840 11180 2122 -955 11064 END
START 972 804 11452 2155 -573 11080 END
START 692 872 11728 2146 -229 11168 END
START 244 808 12248 2096 44 11225 END
START 112 840 12696 2078 279 11316 END
START 60 828 12896 2082 440 11434 END
START -452 848 13448 2100 530 11581 END
START -668 848 13636 2130 593 11726 END
START -1276 780 14024 2149 672 11825 END
START -1628 760 14436 2145 659 12045 END
START -2052 752 14576 2256 653 12218 END
START -2480 724 14896 2316 612 12389 END
START -2816 584 14976 2321 563 12370 END
START -3412 456 14960 2413 468 12567 END
START -3824 172 15548 2475 417 12457 END
START -4128 232 15716 2530 414 12670 END
START -4268 -80 15800 2535 482 12562 END
START -4496 -180 16156 2523 506 12491 END
START -4664 -184 16344 2429 536 12670 END
START -4828 -384 16532 2270 594 12471 END
START -4992 -400 16676 2091 670 12525 END
START -5128 -512 16792 1942 875 12381 END
START -5384 -628 16840 1829 1036 12559 END
START -5708 -688 17116 1639 1191 12313 END
START -6104 -856 17428 1560 1309 12565 END
START -6460 -920 17828 1435 1372 12254 END
START -6940 -1148 18152 1356 1350 12480 END
START -7248 -1260 18372 1268 1329 12380 END
START -7728 -1352 18620 1138 1182 12230 END
START -7812 -1588 18564 1004 1065 12143 END
START -8212 -1676 18280 939 1083 12089 END
START -8672 -1656 18256 923 1095 11918 END
START -9052 -1840 18280 868 1154 11841 END
START -9252 -2024 18172 902 1268 11709 END
START -9844 -2088 18184 957 1322 11587 END
START -10652 -2308 18284 1031 1399 11459 END
START -11064 -2648 18304 1166 1421 11250 END
START -11772 -2960 18460 1275 1500 10976 END
START -12396 -3324 18588 1384 1437 10645 END
START -12876 -3436 18756 1487 1457 10274 END
START -13244 -3676 18972 1614 1438 9923 END
START -13684 -3816 19220 1670 1356 9505 END
START -14032 -3888 19312 1705 1331 9124 END
START -14336 -4016 19500 1723 1319 8690 END
START -14548 -4108 19684 1641 1207 8278 END
START -14896 -4204 19784 1609 1120 7794 END
START -14860 -4264 19720 1547 1054 7341 END
START -14896 -4332 19644 1417 1043 6849 END
START -14864 -4228 19660 1280 1125 6361 END
START -14936 -4328 19528 1138 1171 5925 END
START -14948 -4192 19456 943 1327 5463 END
START -14904 -3948 19316 689 1409 5086 END
START -14820 -3876 19280 391 1627 4676 END
START -14672 -3920 19096 89 1820 4299 END
START -14540 -3976 19132 -209 2031 3913 END
START -14604 -4024 18924 -509 2235 3523 END
START -14772 -4076 18872 -729 2375 3148 END
START -14752 -4140 18684 -948 2509 2751 END
START -14796 -4064 18744 -1091 2514 2355 END
START -14824 -4104 18664 -1192 2521 1975 END
START -14868 -4184 18500 -1230 2417 1518 END
START -14696 -4152 18156 -1241 2340 1123 END
START -14672 -3928 17864 -1200 2230 707 END
START -14484 -3884 17772 -1129 2038 307 END
START -14356 -3756 17572 -1068 1825 -50 END
START -14188 -3800 17544 -900 1556 -364 END
START -14036 -3616 17260 -790 1213 -663 END
START -13700 -3320 17084 -542 942 -933 END
START -13412 -3248 16900 -278 631 -1115 END
START -13272 -3040 16820 44 297 -1312 END
START -12988 -2924 16444 371 -66 -1439 END
START -12776 -2880 16108 719 -379 -1592 END
START -12740 -2868 15792 1084 -580 -1742 END
START -12488 -2760 15728 1437 -766 -1921 END
START -12488 -2832 15292 1839 -849 -2142 END
START -12412 -2588 15432 2201 -913 -2340 END
START -12112 -2472 15332 2472 -976 -2631 END
START -12232 -2320 15480 2695 -999 -2820 END
START -12020 -2220 15580 2814 -1079 -3064 END
START -11888 -2072 15908 2876 -1132 -3272 END
START -11516 -1904 15708 2859 -1214 -3484 END
START -11224 -1864 15824 2822 -1210 -3708 END
START -10868 -1728 15696 2721 -1192 -3930 END
START -10672 -1536 15732 2639 -1176 -4131 END
START -10468 -1380 15544 2556 -1105 -4353 END
START -10252 -1320 15252 2459 -942 -4496 END
START -10108 -1100 14868 2372 -737 -4727 END
START -9888 -1064 14836 2282 -488 -4923 END
START -9672 -920 14688 2205 -163 -5123 END
START -9520 -900 14392 2154 122 -5293 END
START -9364 -936 14404 2002 435 -5455 END
START -9168 -892 14252 1829 849 -5709 END
START -9044 -920 14212 1679 1211 -5969 END
START -9104 -916 14132 1503 1558 -6212 END
START -8948 -920 14236 1275 1851 -6489 END
START -9016 -740 14256 1116 2063 -6732 END
START -8896 -712 14552 986 2255 -6936 END
START -8900 -676 14568 919 2351 -7166 END
START -8800 -804 14652 844 2420 -7385 END
START -8704 -752 14540 824 2454 -7597 END
START -8276 -460 14664 809 2501 -7818 END
START -8244 -496 14508 788 2483 -7993 END
START -8176 -312 14592 795 2492 -8170 END
START -8080 -308 14300 781 2447 -8312 END
START -7896 -160 14348 765 2391 -8430 END
START -7648 -76 14028 810 2410 -8520 END
START -7584 136 14036 872 2429 -8600 END
START -7456 300 13912 965 2361 -8627 END
START -7404 412 14044 1045 2364 -8661 END
START -7128 432 13752 1220 2332 -8649 END
START -7148 532 13800 1388 2265 -8625 END
START -6988 404 13916 1563 2211 -8589 END
START -6884 340 13968 1719 2121 -8598 END
START -7004 456 14008 1958 1970 -8605 END
START -7008 284 13972 2129 1747 -8645 END
START -6936 268 14172 2360 1504 -8705 END
START -6868 236 14048 2532 1279 -8738 END
START -6812 152 14120 2746 1025 -8790 END
START -6540 128 13944 2927 783 -8834 END
START -6400 148 13992 3122 582 -8911 END
START -6144 88 14056 3339 305 -8995 END
START -6120 180 14032 3534 64 -9138 END
START -5664 60 13992 3738 -200 -9255 END
START -5352 196 13836 3988 -437 -9362 END
START -5132 364 13976 4189 -687 -9476 END
START -4760 492 13820 4373 -771 -9556 END
START -4440 576 13768 4531 -845 -9703 END
START -3860 788 13636 4607 -823 -9753 END
START -3400 1064 13672 4669 -762 -9828 END
START -2880 1120 13604 4608 -671 -9900 END
START -2480 1120 13656 4491 -496 -9988 END
START -2168 1320 13548 4352 -275 -10075 END
START -1776 1596 13764 4200 -63 -10177 END
START -1380 1700 13708 4008 229 -10214 END
START -1076 1936 13788 3812 477 -10269 END
START -920 2036 14112 3656 712 -10219 END
START -592 2124 14192 3494 866 -10196 END
START -212 2212 14392 3364 960 -10178 END
START -68 2224 14508 3249 1003 -10124 END
START 176 2336 14632 3198 978 -10082 END
START 260 2436 14948 3169 933 -10025 END
START 428 2512 15016 3225 836 -9956 END
START 484 2588 15296 3298 619 -9885 END
START 668 2720 15484 3401 448 -9811 END
START 680 3036 15760 3534 230 -9729 END
START 676 3124 16008 3705 -146 -9652 END
START 788 3220 16052 3871 -475 -9596 END
START 984 3508 16284 4038 -879 -9497 END
START 1144 3604 16616 4226 -1229 -9427 END
START 1380 3788 16636 4372 -1630 -9376 END
START 1464 3988 16860 4479 -2027 -9268 END
START 1760 4144 17028 4577 -2327 -9201 END
START 2136 4312 17116 4519 -2571 -9148 END
START 2464 4664 17464 4417 -2729 -8999 END
START 2904 4952 17664 4195 -2920 -8923 END
START 3116 5280 17748 3853 -3037 -8748 END
START 3244 5496 17968 3475 -3125 -8583 END
START 3392 5728 18088 3018 -3167 -8354 END
START 3700 5812 18232 2631 -3237 -8168 END
START 3728 5848 18380 2209 -3279 -7968 END
START 3720 5820 18464 1860 -3391 -7837 END
START 3740 6020 18336 1560 -3465 -7706 END
START 3956 5576 18532 1305 -3703 -7577 END
START 4344 5448 18104 1180 -3763 -7491 END
START 4520 5420 18104 1095 -3750 -7432 END
START 4352 5488 18108 1055 -3838 -7365 END
START 4636 5496 17856 1006 -3895 -7196 END
START 4564 5664 17680 985 -3961 -7077 END
START 4844 6052 17364 956 -3895 -6926 END