START -4180 2408 15352 -1132 57 326 END
START -2700 2016 12800 -1173 -1024 326 END
START -1824 780 12856 -982 -168 512 END
START -3132 792 14720 -767 417 515 END
START -2900 700 14776 -589 825 376 END
START -3232 420 14556 -438 876 322 END
START -3460 28 14348 -324 971 165 END
START -3244 -96 14284 -188 1136 66 END
START -3292 100 13928 -2 1466 -62 END
START -3264 332 13448 158 1871 -297 END
START -3240 736 13616 378 2286 -449 END
START -3524 1020 13716 610 2548 -574 END
START -3372 928 13820 795 2785 -619 END
START -3300 1004 14084 967 2905 -590 END
START -3184 1456 14388 1116 3033 -502 END
START -3112 2156 14604 1234 3069 -361 END
START -3208 2600 14544 1317 3181 -199 END
START -3052 2660 15096 1345 3191 107 END
START -2932 2396 15276 1362 3032 333 END
START -2888 2196 15300 1314 2852 648 END
START -2856 2140 15244 1271 2689 934 END
START -2872 2280 14960 1194 2564 1198 END
START -3136 2556 15236 1120 2425 1474 END
START -3428 2952 15036 1028 2280 1620 END
START -3484 2892 15276 979 2094 1741 END
START -3764 2212 15516 990 1747 1798 END
START -3896 1736 15908 974 1412 1797 END
START -4064 1548 15688 1020 1068 1760 END
START -4224 1656 15480 1098 748 1630 END
START -4104 1556 14988 1126 548 1536 END
START -4268 1372 14896 1182 394 1359 END
START -4340 1336 14840 1267 313 1198 END
START -4624 1312 14760 1306 223 1027 END
START -4592 1348 14696 1319 223 773 END
START -4488 1356 14612 1312 277 583 END
START -4516 1452 14712 1254 387 315 END
START -4568 1224 14512 1207 439 102 END
START -4368 956 14544 1144 537 -129 END
START -4216 768 14708 1057 674 -397 END
START -4188 912 14816 1027 845 -725 END
START -4148 1052 14800 978 1056 -991 END
START -4008 1156 15104 876 1267 -1202 END
START -4088 1328 15304 751 1328 -1361 END
START -4008 1700 15644 594 1438 -1447 END
START -4136 2116 15704 459 1480 -1448 END
START -3988 2560 15680 375 1499 -1431 END
START -3860 2620 15864 389 1495 -1362 END
START -3592 2476 15972 400 1485 -1218 END
START -3560 2396 15928 414 1423 -1079 END
START -3388 2356 16044 464 1348 -892 END
START -3496 2680 15964 464 1281 -741 END
START -3572 2640 15900 540 1265 -599 END
START -3564 2588 15948 597 1220 -443 END
START -3552 2376 16188 644 1131 -291 END
START -3680 2260 16464 614 972 -117 END
START -3860 2416 16772 576 730 23 END
START -3940 2484 16740 494 492 151 END
START -3848 2084 16720 456 244 302 END
START -3564 2176 16744 379 53 494 END
START -3536 2748 16528 339 -62 675 END
START -4004 3008 16472 247 -250 894 END
START -3884 2776 16460 184 -421 1035 END
START -3964 2384 16312 137 -564 1146 END
START -4136 2132 16148 129 -650 1207 END
START -4232 1972 15868 168 -839 1166 END
START -4384 1980 15652 301 -918 1093 END
START -4572 1736 15248 435 -988 993 END
START -4584 1428 15176 568 -1062 936 END
START -4660 1592 14936 759 -1108 853 END
START -4528 1588 15096 944 -1114 757 END
START -4600 1580 15076 1082 -1142 633 END
START -4540 1328 15244 1162 -1063 527 END
START -4468 1436 15156 1169 -1064 354 END
START -4468 1524 15260 1098 -948 190 END
START -4512 1680 15380 1020 -844 14 END
START -4376 1644 15452 820 -698 -129 END
START -4412 1680 15404 629 -554 -258 END
START -4300 1796 15384 405 -406 -400 END
START -4316 1852 15472 203 -224 -549 END
START -4368 1764 15344 -23 -9 -688 END
START -4420 1720 15320 -203 146 -780 END
START -4256 1656 15204 -376 370 -926 END
START -4292 1620 15132 -453 491 -1031 END
START -4308 1620 15160 -497 674 -1116 END
START -4276 1656 15180 -526 738 -1140 END
START -4228 1664 15336 -509 747 -1141 END
START -4232 1464 15560 -432 654 -1146 END
START -4440 1372 15812 -320 510 -1079 END
START -4340 1320 15820 -209 299 -1041 END
START -4456 1416 16016 -86 60 -1018 END
START -4344 1300 16124 63 -200 -953 END
START -4228 1504 16216 252 -449 -872 END
START -4148 1516 16068 322 -630 -800 END
START -4116 1520 16100 388 -732 -738 END
START -3944 1372 16240 489 -878 -672 END
START -4012 1432 15976 466 -847 -673 END
START -3920 1420 16180 446 -860 -662 END
START -4016 1592 16356 355 -797 -621 END
START -3864 1580 16272 271 -756 -620 END
START -3804 1520 16504 164 -705 -577 END
START -3896 1436 16932 88 -700 -561 END
START -3832 1404 16860 67 -710 -538 END
START -3932 1512 16992 30 -757 -528 END
START -3840 1496 17000 54 -797 -504 END
START -3848 1580 17176 85 -834 -460 END
START -3704 1608 17156 98 -936 -370 END
START -3492 1584 17336 146 -962 -244 END
START -3344 1336 17420 211 -1068 -130 END
START -3260 1316 17504 297 -1101 0 END
START -3092 1348 17692 372 -1175 132 END
START -3052 1120 17712 438 -1132 218 END
START -2920 928 18004 454 -1137 256 END
START -2836 928 18036 432 -1112 342 END
START -2960 868 18200 349 -1115 426 END
START -2900 888 18308 196 -1015 485 END
START -2772 904 18300 13 -913 575 END
START -2904 628 18260 -225 -722 622 END
START -2912 620 18244 -393 -516 619 END
START -3408 376 18000 -637 -281 541 END
START -2976 -468 18096 -804 -47 451 END
START -3116 -784 18292 -981 251 360 END
START -3292 -860 18132 -1116 550 209 END
START -3548 -804 17988 -1209 805 25 END
START -3564 -808 18148 -1280 1084 -104 END
START -3752 -840 18264 -1285 1351 -193 END
START -3788 -948 18528 -1339 1525 -291 END
START -3952 -1004 18592 -1268 1672 -333 END
START -4152 -980 19092 -1208 1751 -389 END
START -4312 -784 19284 -1211 1798 -378 END
START -4540 -760 19704 -1163 1767 -384 END
START -4480 -632 19804 -1154 1710 -389 END
START -4604 -684 20156 -1166 1588 -354 END
START -4720 -556 20508 -1191 1452 -342 END
START -4784 -564 20912 -1228 1326 -340 END
START -4864 -412 21116 -1305 1106 -325 END
START -4564 -344 21396 -1374 944 -256 END
START -4380 -148 21436 -1463 769 -214 END
START -4192 -256 21444 -1614 603 -127 END
START -4048 -288 21848 -1814 323 -63 END
START -3980 -232 21872 -2031 160 -10 END
START -3872 -176 21792 -2283 -23 99 END
START -3716 -216 21616 -2545 -204 145 END
START -3608 -148 21812 -2747 -344 174 END
START -3564 -252 21720 -2882 -548 237 END
START -3372 -292 21764 -3019 -745 395 END
START -3156 -40 21528 -3126 -919 533 END
START -2968 -60 21604 -3209 -1017 730 END
START -2776 -92 21104 -3271 -1022 928 END
START -2588 -64 21076 -3342 -1064 1201 END
START -2596 -140 20884 -3402 -918 1453 END
START -2604 -272 21076 -3516 -815 1769 END
START -2736 -508 20984 -3616 -707 2075 END
START -3004 -616 21244 -3745 -648 2331 END
START -3280 -804 21308 -3868 -574 2570 END
START -3628 -1160 21424 -3994 -492 2719 END
START -3908 -1360 21272 -4137 -395 2785 END
START -4176 -1772 21428 -4239 -262 2831 END
START -4500 -1932 21336 -4328 -85 2787 END
START -4744 -2204 21284 -4444 142 2686 END
START -4768 -2368 21192 -4538 412 2529 END
START -5012 -2476 21168 -4686 736 2255 END
START -5044 -2416 21444 -4786 1043 2034 END
START -5188 -2284 21620 -5018 1287 1797 END
START -5024 -2056 21940 -5281 1462 1563 END
START -5040 -1784 22060 -5580 1711 1380 END
START -4948 -1572 22080 -5909 1914 1283 END
START -4876 -1344 22024 -6230 2133 1136 END
START -4696 -1116 22024 -6580 2382 1027 END
START -4612 -932 22056 -6945 2669 984 END
START -4852 -744 22124 -7307 2883 998 END
START -5052 -392 22212 -7672 3057 1044 END
START -5172 -556 22472 -7994 3161 1097 END
START -5508 -724 22432 -8297 3151 1063 END
START -5856 -836 22652 -8558 3040 1056 END
START -6264 -976 22836 -8774 2885 1028 END
START -6632 -1072 22732 -8972 2688 953 END
START -6836 -1216 22940 -9168 2476 878 END
START -6948 -1392 22792 -9371 2204 770 END
START -7184 -1464 22792 -9539 1880 704 END
START -7348 -1548 22660 -9702 1567 670 END
START -7384 -1464 22472 -9838 1209 626 END
START -7444 -1440 22188 -9907 907 591 END
START -7428 -1332 21952 -9989 587 596 END
START -7348 -1368 21556 -10076 372 608 END
START -7092 -1312 21324 -10150 231 633 END
START -6884 -1208 20788 -10254 139 683 END
START -6928 -1076 20464 -10357 95 740 END
START -6952 -1288 20160 -10449 76 790 END
START -6868 -1300 19920 -10516 38 893 END
START -6860 -1372 19888 -10507 59 922 END
START -6840 -1536 19380 -10534 89 912 END
START -6924 -1728 19232 -10497 86 891 END
START -6848 -1816 19196 -10473 81 829 END
START -6932 -1960 18928 -10423 47 770 END
START -6952 -2140 18608 -10375 61 693 END
START -6780 -2208 18316 -10314 77 603 END
START -6680 -2180 17944 -10251 134 490 END
START -6720 -2124 17768 -10141 298 428 END
START -6732 -2168 17456 -10055 420 318 END
START -6772 -2232 17424 -9996 599 226 END
START -6872 -2304 17432 -9945 744 82 END
START -6632 -2452 17416 -9926 892 -32 END
START -6648 -2304 17320 -9988 1045 -232 END
START -6488 -2196 17240 -10031 1248 -372 END
START -6576 -2164 17136 -10212 1446 -519 END
START -6624 -2060 16920 -10358 1690 -605 END
START -6640 -2052 16912 -10536 1876 -677 END
START -6756 -2060 16708 -10700 2125 -780 END
START -6932 -2068 16628 -10769 2305 -907 END
START -7196 -2332 16412 -10858 2445 -1082 END
START -7364 -2440 16712 -10963 2538 -1311 END
START -7608 -2344 16612 -11041 2599 -1551 END
START -7564 -2308 16576 -11111 2627 -1844 END
START -7616 -2232 16520 -11197 2635 -2138 END
START -7676 -2012 16496 -11268 2645 -2378 END
START -7912 -2004 16624 -11318 2550 -2594 END
START -7852 -1764 16540 -11337 2421 -2796 END
START -7728 -1780 16700 -11359 2310 -2979 END
START -7856 -1628 16696 -11404 2151 -3155 END
START -7740 -1468 16744 -11501 1994 -3377 END
START -7644 -1348 16692 -11597 1805 -3540 END
START -7420 -928 16492 -11693 1678 -3670 END
START -7120 -976 16432 -11841 1623 -3771 END
START -6984 -888 16336 -12021 1521 -3846 END
START -6932 -824 16184 -12164 1452 -3943 END
START -6820 -672 16032 -12273 1382 -4006 END
START -6888 -752 15728 -12360 1214 -4088 END
START -6828 -688 15620 -12439 1093 -4181 END
START -6732 -672 15252 -12405 962 -4272 END
START -6692 -500 15232 -12368 843 -4295 END
START -6620 -488 14804 -12318 745 -4375 END
START -6520 -480 14504 -12247 604 -4397 END
START -6536 -444 14392 -12155 470 -4437 END
START -6468 -428 14100 -12029 324 -4466 END
START -6372 -464 13916 -11936 207 -4526 END
START -6292 -436 13588 -11770 87 -4548 END
START -6260 -112 13248 -11601 96 -4585 END
START -6124 -116 12976 -11402 42 -4637 END
START -6036 -120 12656 -11194 23 -4652 END
START -6044 -320 12644 -10995 -48 -4640 END
START -6040 -232 12348 -10797 -89 -4672 END
START -6028 -300 12176 -10592 -140 -4662 END
START -6004 -348 12088 -10379 -214 -4670 END
START -6164 -264 11564 -10135 -251 -4722 END
START -6188 -416 11276 -9920 -269 -4740 END
START -6372 -608 11084 -9619 -308 -4798 END
START -6416 -740 10828 -9373 -343 -4881 END
START -6404 -720 10844 -9085 -319 -4986 END
START -6504 -668 10396 -8813 -356 -5119 END
START -6576 -520 10152 -8580 -363 -5189 END
START -6316 -536 10348 -8346 -350 -5308 END
START -6164 -396 9984 -8150 -314 -5364 END
START -6132 -412 9792 -7975 -295 -5457 END
START -6152 -372 9840 -7842 -235 -5519 END
START -6116 -308 9776 -7724 -149 -5633 END
START -5936 -296 9648 -7669 -33 -5783 END
START -5800 -124 9712 -7683 72 -5919 END
START -5864 -24 9608 -7716 221 -6046 END
START -5660 0 9544 -7826 338 -6164 END
START -5712 168 9444 -7922 474 -6233 END
START -5660 192 9580 -8101 591 -6392 END
START -5788 108 9456 -8213 680 -6537 END
START -5732 128 9456 -8405 768 -6702 END
START -5824 -36 9204 -8569 774 -6878 END
START -5784 -52 9188 -8750 816 -7046 END
START -5916 -20 8984 -8885 806 -7265 END
START -5952 88 8736 -9022 903 -7437 END
START -5828 48 8548 -9112 900 -7637 END
START -5860 16 8392 -9117 931 -7812 END
START -5620 -24 8356 -9095 947 -7957 END
START -5676 48 8144 -9041 831 -8046 END
START -5528 96 8120 -8902 647 -8079 END
START -5504 288 7844 -8716 402 -8081 END
START -5648 300 7752 -8451 161 -8039 END
START -5380 352 7560 -8112 -54 -7986 END
START -5196 308 7320 -7810 -333 -7965 END
START -5092 340 7224 -7468 -607 -7918 END
START -4984 264 7008 -7095 -845 -7870 END
START -4844 360 6712 -6750 -1050 -7784 END
START -4768 296 6592 -6427 -1279 -7761 END
START -4728 232 6304 -6102 -1370 -7731 END
START -4624 156 5948 -5770 -1562 -7735 END
START -4592 16 5752 -5481 -1662 -7716 END
START -4432 -136 5548 -5226 -1737 -7746 END
START -4372 -256 5248 -4898 -1758 -7737 END
START -4372 -380 4812 -4600 -1704 -7831 END
START -4324 -604 4596 -4269 -1688 -7910 END
START -4216 -640 4516 -3937 -1602 -8039 END
START -3928 -432 4444 -3651 -1475 -8128 END
START -3776 -484 4540 -3339 -1343 -8171 END
START -3480 -292 4328 -3078 -1288 -8153 END
START -3416 -284 4624 -2880 -1276 -8090 END
START -3200 -232 4508 -2657 -1231 -8022 END
START -3044 -220 4628 -2456 -1260 -7945 END
START -3032 -240 4368 -2237 -1217 -7867 END
START -2800 -340 4244 -1981 -1215 -7774 END
START -2884 -336 4228 -1721 -1167 -7744 END
START -2828 -296 4196 -1432 -1164 -7619 END
START -2892 -376 3908 -1144 -1167 -7549 END
START -2904 -408 3952 -804 -1185 -7498 END
START -2888 -452 3984 -510 -1195 -7474 END
START -2696 -376 3936 -222 -1212 -7462 END
START -2620 -436 3900 43 -1167 -7428 END
START -2616 -564 4176 289 -1198 -7393 END
START -2628 -496 4268 469 -1217 -7341 END
START -2552 -532 4264 667 -1302 -7287 END
START -2372 -684 4292 912 -1330 -7272 END
START -2312 -704 4208 1125 -1451 -7251 END
START -2284 -984 4308 1353 -1517 -7291 END
START -2280 -924 4384 1610 -1564 -7305 END
START -2212 -1144 4168 1819 -1660 -7389 END
START -2060 -1172 4164 2117 -1638 -7467 END
START -2008 -1308 4168 2311 -1671 -7557 END
START -1824 -1360 4224 2592 -1760 -7651 END
START -1772 -1440 4272 2836 -1740 -7754 END
START -1664 -1456 4252 3083 -1804 -7827 END
START -1560 -1428 4336 3347 -1881 -7835 END
START -1256 -1296 4320 3623 -1934 -7853 END
START -1004 -1296 4456 3864 -1992 -7828 END
START -756 -1156 4556 4173 -2050 -7754 END
START -492 -1136 4588 4499 -2036 -7684 END
START -424 -868 4432 4778 -2015 -7567 END
START 232 -660 4732 5041 -1954 -7494 END
START 536 -500 4976 5272 -1837 -7329 END
START 760 -540 4940 5491 -1705 -7117 END
START 936 -152 5244 5645 -1623 -6848 END
START 1204 56 5496 5752 -1498 -6558 END
START 1536 196 5756 5925 -1363 -6243 END
START 1580 76 5972 6009 -1255 -5898 END
START 1640 -92 6280 6079 -1234 -5572 END
START 1640 -160 6432 6207 -1208 -5264 END
START 1460 -240 6696 6357 -1206 -4936 END
START 1416 -288 6536 6604 -1177 -4680 END
START 1268 -540 6648 6822 -1155 -4467 END
START 1120 -760 6812 7128 -1120 -4246 END
START 920 -1088 6860 7390 -1145 -4136 END
START 932 -1284 7108 7650 -1157 -4052 END
START 908 -1376 7156 7881 -1140 -4031 END
START 1016 -1364 7224 8142 -1039 -4007 END
START 1000 -1412 7532 8378 -977 -3990 END
START 996 -1444 7520 8576 -888 -3969 END
START 1096 -1260 7888 8751 -746 -3944 END
START 1116 -1372 7704 8974 -604 -3904 END
START 1188 -1624 8068 9168 -473 -3852 END
START 1280 -1616 8116 9371 -270 -3800 END
START 1028 -1540 8184 9626 -112 -3731 END
START 1040 -1460 8436 9887 105 -3690 END
START 1016 -1436 8488 10190 332 -3632 END
START 900 -1440 8784 10469 504 -3521 END
START 916 -1404 9296 10774 713 -3410 END
START 784 -1420 9760 11025 821 -3310 END
START 932 -1344 10184 11258 892 -3195 END
START 760 -1120 10660 11383 925 -3092 END
START 824 -1128 10728 11446 932 -2960 END
START 1044 -1396 11248 11477 1005 -2775 END
START 1168 -1332 11644 11461 1082 -2620 END
START 984 -1180 11936 11431 1134 -2473 END
START 1108 -1012 12456 11301 1176 -2325 END
START 1004 -908 12612 11125 1265 -2168 END
START 996 -1144 12932 10920 1325 -2003 END
START 1000 -1408 12992 10747 1371 -1886 END
START 768 -1708 13192 10603 1442 -1773 END
START 580 -1964 13288 10466 1446 -1747 END
START 504 -2172 13404 10433 1467 -1728 END
START 292 -2364 13776 10413 1349 -1730 END
START -24 -2664 13912 10460 1197 -1780 END
START 8 -2840 14100 10546 991 -1843 END
START -148 -2904 14164 10648 765 -1849 END
START 0 -2892 14204 10812 609 -1890 END
START -124 -2940 14508 10889 421 -1932 END
START -96 -3152 14620 11020 215 -1974 END
START 96 -3200 14808 11120 15 -2006 END
START 312 -3252 14784 11239 -138 -2009 END
START 660 -3232 14808 11251 -185 -2048 END
START 828 -2896 15116 11277 -256 -2023 END
START 928 -2732 15240 11218 -214 -2025 END
START 1184 -2572 15440 11116 -206 -1950 END
START 1236 -2308 15888 10960 -129 -1840 END
START 1356 -2108 16080 10787 -103 -1673 END
START 1372 -2092 16356 10598 14 -1547 END
START 1456 -2068 16336 10387 99 -1405 END
START 1452 -2124 16628 10210 264 -1316 END
START 1452 -2144 16688 10013 401 -1244 END
START 1616 -2240 16916 9838 582 -1193 END
START 1520 -2240 17088 9684 678 -1129 END
START 1592 -2232 17200 9509 838 -1057 END
START 1416 -2352 17228 9414 938 -979 END
START 1464 -2416 17256 9317 1065 -920 END
START 1604 -2700 17444 9333 1110 -860 END
START 1624 -2796 17456 9332 1161 -798 END
START 1620 -2928 17856 9451 1209 -777 END
START 1540 -2944 18060 9510 1150 -755 END
START 1704 -2896 18288 9566 1048 -756 END
START 1880 -2724 18800 9534 1049 -710 END
START 2112 -2520 19200 9494 859 -663 END
START 2208 -2480 19284 9422 836 -582 END
START 2356 -2448 19700 9338 711 -531 END
START 2476 -2136 20080 9248 623 -447 END
START 2884 -1856 20256 9089 518 -345 END
START 3324 -1704 20412 8915 475 -237 END
START 3652 -1600 20752 8736 399 -150 END
START 3748 -1364 21032 8467 276 6 END
START 3948 -1248 20952 8291 143 215 END
START 4256 -1248 20976 8092 18 400 END
START 4352 -1068 21184 7951 -132 571 END
START 4420 -876 21052 7849 -223 732 END
START 4580 -828 20612 7803 -268 881 END
START 4704 -804 20756 7847 -383 1043 END
START 4812 -812 20668 7868 -402 1253 END
START 5036 -816 20388 7887 -452 1398 END
START 5200 -544 20304 7893 -390 1643 END
START 5456 -488 20292 7908 -336 1830 END
START 5696 -216 20360 7875 -230 2070 END
START 6020 -104 20452 7813 -134 2339 END
START 6144 104 20712 7673 1 2561 END
START 6004 256 20816 7531 72 2836 END
START 6076 356 21224 7368 191 3091 END
START 6132 532 21456 7113 215 3395 END
START 5964 608 21752 6883 216 3637 END
START 5920 936 22104 6652 206 3930 END
START 5748 1016 22064 6375 73 4197 END
START 5736 1192 22144 6111 51 4427 END
START 5756 1208 22108 5878 -72 4687 END
START 5676 1296 22204 5644 -107 4923 END
START 5716 1548 22284 5428 -221 5126 END
START 5696 1672 22352 5182 -337 5316 END
START 5628 1676 22460 4918 -399 5506 END
START 5764 1704 22184 4653 -480 5712 END
START 5960 1872 22188 4379 -508 5916 END
START 6092 2124 21952 4122 -548 6157 END
START 6096 2488 21612 3896 -488 6413 END
START 6292 2624 21400 3684 -436 6709 END
START 6472 2768 21132 3460 -315 6990 END
START 6452 2936 20980 3281 -169 7271 END
START 6456 3208 21028 3130 -125 7546 END
START 6380 3372 21112 3008 -19 7852 END
START 6416 3396 21080 2907 54 8250 END
START 6448 3432 20920 2830 96 8615 END
START 6504 3424 21000 2748 185 9074 END
START 6180 3468 21040 2589 320 9427 END
START 6108 3412 21092 2544 410 9872 END
START 5712 3488 21036 2411 530 10221 END
START 5548 3480 21312 2286 628 10561 END
START 5144 3496 21428 2062 667 10924 END
START 4708 3536 21404 1846 802 11264 END
START 4568 3596 21136 1576 907 11523 END
START 4244 3412 21108 1310 1045 11794 END
START 3816 3384 20808 1059 1253 11994 END
START 3444 3296 20692 775 1457 12184 END
START 3036 3332 20624 566 1661 12519 END
START 2560 3292 20660 353 1844 12589 END
START 2228 3280 20612 130 1991 12831 END
START 1844 3180 20676 -97 2061 12799 END
START 1380 3148 20776 -316 2054 12909 END
START 1336 3224 20716 -491 2054 13271 END
START 960 3268 20696 -684 1978 13151 END
START 760 3268 20452 -831 1958 13229 END
START 600 3328 20300 -996 1891 13373 END
START 588 3292 20136 -1161 1922 13535 END
START 528 3548 19848 -1327 1948 13603 END
START 348 3608 19480 -1494 2003 13764 END
START 352 3788 19140 -1665 2071 13893 END
START 120 3800 19044 -1825 2205 13995 END
START -188 3844 18920 -1955 2342 14178 END
START -288 3812 19012 -2072 2475 14284 END
START -548 3916 18904 -2253 2525 14475 END
START -928 3756 18872 -2408 2547 14671 END
START -1460 3676 18748 -2558 2587 14830 END
START -1844 3536 18552 -2686 2532 14958 END
START -2004 3456 18260 -2833 2571 15175 END
START -2680 3316 18164 -2942 2555 15362 END
START -3056 3092 17920 -3006 2641 15567 END
START -3840 2908 17976 -3086 2654 15769 END
START -4256 2380 17924 -3158 2563 15998 END
START -5012 1964 17940 -3258 2488 16164 END
START -5660 1648 17780 -3330 2314 16316 END
START -6228 1356 17928 -3449 2135 16435 END
START -6852 996 17456 -3541 1965 16404 END
START -7224 436 17244 -3555 1795 16311 END
START -7640 -20 16876 -3559 1727 16163 END
START -8072 -240 16592 -3606 1606 16099 END
START -8380 -464 16332 -3598 1495 15936 END
START -8572 -716 16132 -3611 1429 15749 END
START -8824 -1032 15816 -3596 1316 15548 END
START -9156 -1284 15480 -3494 1236 15312 END
START -9220 -1412 15148 -3371 1078 15086 END
START -9316 -1504 14804 -3155 918 14887 END
START -9432 -1768 14600 -2863 789 14562 END
START -9468 -1744 14516 -2592 682 14282 END
START -9512 -1764 14376 -2302 507 14013 END
START -9552 -1736 14416 -2018 344 13752 END
START -9536 -1724 14168 -1794 162 13585 END
START -9624 -1596 14200 -1664 21 13304 END
START -9736 -1596 14244 -1566 -114 13088 END
START -9812 -1504 13996 -1443 -144 13102 END
START -9884 -1460 13808 -1375 -122 12733 END
START -9960 -1420 13648 -1354 -53 12662 END
START -10036 -1400 13444 -1332 94 12580 END
START -10232 -1408 13272 -1374 253 12175 END
START -10460 -1512 13148 -1381 481 12090 END
START -10688 -1516 13224 -1439 659 11981 END
START -11092 -1564 13176 -1511 861 11810 END
START -11268 -1612 13340 -1610 1069 11648 END
START -11820 -1364 13432 -1686 1231 11596 END
START -12440 -1720 13308 -1737 1343 11549 END
START -12864 -1884 13296 -1768 1417 11406 END
START -12784 -2424 13124 -1775 1558 11188 END
START -13164 -2672 13304 -1747 1621 10869 END
START -13332 -2700 13552 -1748 1668 10514 END
START -13548 -2652 13632 -1724 1726 10078 END
START -13808 -2704 13696 -1784 1711 9720 END
START -14020 -2640 13980 -1754 1545 9417 END
START -14160 -2540 14188 -1744 1243 9158 END
START -14492 -2252 14172 -1671 930 9003 END
START -14380 -2360 14096 -1573 621 8846 END
START -14320 -2916 13964 -1425 311 8531 END
START -14360 -3056 13992 -1242 0 8180 END
START -14380 -2964 13840 -1020 -220 7852 END
START -14420 -2908 13752 -862 -442 7472 END
START -14384 -2944 13640 -701 -552 7068 END
START -14464 -2828 13364 -581 -551 6582 END
START -14372 -2744 13276 -496 -553 6188 END
START -14132 -2864 13092 -442 -484 5788 END
START -14000 -3124 12968 -393 -404 5281 END
START -14236 -3088 12952 -373 -296 4798 END
START -14236 -2848 12804 -364 -186 4383 END
START -13980 -2672 12688 -381 -22 3946 END
START -13984 -2616 12552 -363 202 3532 END
START -13700 -2372 12604 -416 517 3130 END
START -13744 -2268 12728 -435 786 2813 END
START -13940 -2128 13100 -457 972 2495 END
START -14124 -2056 13172 -511 1132 2253 END
START -14220 -1980 13308 -557 1214 1974 END
START -14480 -1948 13400 -573 1314 1725 END
START -14668 -1908 13428 -558 1339 1491 END
START -14716 -1936 13396 -573 1380 1290 END
START -14892 -1984 13512 -555 1371 1085 END
START -15000 -2064 13372 -563 1342 849 END
START -15056 -2040 13424 -569 1413 623 END
START -15284 -1944 13268 -546 1392 399 END
START -15372 -1944 13256 -570 1448 188 END
START -15376 -1964 13332 -595 1437 -33 END
START -15452 -1856 13356 -562 1539 -254 END
START -15564 -2196 13168 -597 1566 -513 END
START -15680 -2348 13348 -600 1610 -797 END
START -15768 -2352 13208 -584 1627 -1104 END
START -15944 -2456 13232 -565 1686 -1503 END
START -16088 -2592 13428 -533 1576 -1844 END
START -16044 -2728 13564 -466 1465 -2250 END
START -16316 -2764 13784 -388 1308 -2650 END
START -16320 -2648 13728 -285 1032 -2962 END
START -16320 -2664 13688 -101 745 -3357 END
START -16200 -2748 13624 122 497 -3645 END
START -16136 -2840 13308 387 346 -4027 END
START -16300 -2948 13132 608 199 -4392 END
START -16292 -2808 13116 874 81 -4773 END
START -16160 -3000 12828 1121 -32 -5237 END
START -16128 -3196 12944 1393 -79 -5739 END
START -16152 -3076 12812 1598 -146 -6190 END
START -15832 -3324 12676 1760 -167 -6692 END
START -15752 -3360 12896 1935 -163 -7234 END
START -15764 -3432 12932 2065 -238 -7829 END
START -15908 -3352 12840 2255 -310 -8407 END
START -15840 -3192 12880 2454 -408 -9043 END
START -15360 -2928 12832 2621 -402 -9577 END
START -15056 -2580 13048 2752 -344 -10061 END
START -14668 -2108 12888 2817 -207 -10501 END
START -14060 -1732 12904 2782 69 -10909 END
START -13740 -1380 12984 2714 348 -11209 END
START -13284 -1028 13240 2544 643 -11474 END
START -12816 -916 13544 2361 986 -11684 END
START -12616 -548 13724 2159 1223 -11835 END
START -12284 -248 14048 2004 1430 -11924 END
START -12284 -84 14400 1866 1497 -11984 END
START -12324 144 14760 1750 1462 -11957 END
START -12320 -32 14872 1636 1338 -11917 END
START -12144 -488 14924 1612 1102 -12097 END
START -12348 -468 14892 1672 969 -12258 END
START -12340 -256 14852 1767 787 -12466 END
START -12472 -332 14804 1895 584 -12711 END
START -12360 -576 14736 2027 324 -12914 END
START -12404 -476 14704 2200 86 -13225 END
START -12220 -316 14716 2336 -149 -13503 END
START -11952 68 14676 2532 -372 -13834 END
START -11556 204 14860 2645 -606 -14115 END
START -11368 84 14864 2744 -842 -14433 END
START -11100 32 15112 2856 -1168 -14732 END
START -10660 372 15028 2929 -1428 -15080 END
START -10168 464 14736 3002 -1675 -15371 END
START -9636 572 14852 3062 -1871 -15587 END
START -9232 484 14844 3131 -2036 -15868 END
START -8932 460 14832 3202 -2229 -16088 END
START -8520 564 14700 3230 -2467 -16338 END
START -8032 720 14732 3325 -2696 -16536 END
START -7516 788 14444 3414 -2869 -16712 END
START -6964 932 14200 3594 -3061 -16828 END
START -6292 1176 13748 3800 -3230 -16932 END
START -5508 1416 13404 4038 -3255 -17001 END
START -4792 1532 13088 4310 -3197 -17083 END
START -4164 1476 12992 4562 -3202 -17089 END
START -3624 1812 12796 4780 -3123 -17049 END
START -2948 2272 12560 4925 -3012 -17032 END
START -2460 2572 12604 5061 -2792 -16987 END
START -1816 2644 12772 5176 -2561 -16930 END
START -1308 3012 12824 5196 -2255 -16886 END
START -828 3252 12732 5123 -1874 -16795 END
START -256 3476 12660 4953 -1523 -16719 END
START 292 3624 12608 4872 -1096 -16567 END
START 696 3820 12492 4716 -583 -16380 END
START 1168 3944 12524 4597 -104 -16184 END
START 1648 3924 12556 4531 370 -16040 END
START 1908 3772 12908 4448 823 -15882 END
START 2216 3840 13076 4376 1177 -15684 END
START 2392 3880 13260 4317 1429 -15493 END
START 2664 3884 13492 4248 1645 -15264 END
START 2816 3868 14048 4183 1740 -15095 END
START 3112 3996 14388 4166 1784 -14815 END
START 3488 4192 14556 4150 1844 -14567 END
START 3860 4044 14892 4104 1771 -14240 END
START 4228 3948 15132 4027 1698 -13921 END
START 4472 3952 15396 3934 1581 -13640 END
START 4864 4216 15540 3876 1445 -13283 END
START 5284 4252 15792 3830 1301 -12928 END
START 5364 4416 16076 3814 1094 -12611 END
START 5472 4292 16204 3842 861 -12264 END
START 5592 4324 16520 3874 549 -11922 END
START 5776 4152 16636 3982 213 -11663 END
START 5788 4292 16868 4036 -71 -11428 END
START 5784 4328 17056 4112 -344 -11184 END
START 5992 4500 17208 4143 -596 -10978 END
START 6300 4520 17504 4124 -780 -10780 END
START 6436 4612 17452 4047 -906 -10647 END
START 6564 4720 17480 3926 -975 -10431 END
START 6880 5024 17408 3713 -942 -10241 END
START 7124 5040 17548 3553 -831 -10025 END
START 7192 5180 17448 3347 -690 -9758 END
START 7420 5300 17552 3093 -519 -9499 END
START 7484 5260 17624 2877 -311 -9225 END
START 7768 5444 17560 2572 -60 -8930 END
START 7952 5564 17872 2337 243 -8659 END
START 8000 5652 17992 2032 519 -8288 END
START 7816 5820 18252 1713 682 -7923 END
START 7660 5876 18524 1403 786 -7522 END
START 7604 5732 18688 1123 905 -7086 END
START 7416 5816 18888 852 870 -6667 END
START 7240 5604 18908 626 902 -6171 END
START 7044 5580 19036 429 823 -5791 END
START 6896 5456 18860 214 782 -5329 END
START 6632 5400 18692 94 714 -4936 END
START 6492 5276 18744 -11 738 -4510 END
START 6292 5036 18380 -165 675 -4118 END
START 6200 4904 18200 -271 715 -3803 END
START 5800 4808 18028 -318 696 -3426 END
START 5492 4776 18364 -398 704 -3037 END
START 5296 4628 18224 -430 622 -2722 END
START 4972 4624 18192 -502 554 -2392 END
START 4884 4248 18092 -539 516 -2096 END
START 4592 4084 18232 -579 486 -1802 END
START 4120 3832 18408 -589 305 -1553 END
START 3764 3740 18460 -636 144 -1299 END
START 3356 3448 18544 -661 -18 -1064 END
START 2892 3108 18516 -662 -230 -979 END
START 2772 2908 18580 -722 -448 -929 END
START 2284 2572 18292 -725 -567 -910 END
START 2108 2352 18176 -765 -711 -942 END
START 1920 2256 17892 -807 -732 -1007 END
START 1652 2048 17480 -824 -798 -1169 END
START 1488 1864 17520 -836 -734 -1267 END
START 1172 1676 17352 -842 -670 -1431 END
START 1020 1692 17156 -880 -561 -1552 END
START 636 1580 17016 -880 -532 -1668 END
START 588 1612 17176 -924 -452 -1759 END
START 288 1416 16940 -962 -404 -1839 END
START 336 1276 16696 -966 -339 -1897 END
START 344 1284 16436 -956 -174 -1951 END
START 484 1212 16240 -959 36 -2024 END
START 424 1400 15940 -985 282 -2047 END
START 472 1384 15848 -995 553 -2116 END
START 352 1612 15776 -1111 760 -2075 END
START 276 1728 15656 -1179 986 -1948 END
START 256 1788 15656 -1225 1127 -1799 END
START 256 1820 15724 -1308 1299 -1593 END
START -16 2248 15716 -1342 1382 -1384 END
START -52 2464 15676 -1339 1455 -1081 END
START 56 2408 15724 -1273 1475 -765 END
START -16 2192 15720 -1210 1465 -410 END