START -8348 7732 32767 8648 -571 831 END
START -5352 7712 31992 7428 -2330 703 END
START -4508 7292 30236 6959 -2319 732 END
START -5764 7200 31492 6208 -2327 639 END
START -6352 7396 31664 5512 -1748 695 END
START -5260 7472 31108 4816 -1838 738 END
START -4340 7412 30704 4100 -1797 755 END
START -4740 7364 31164 3421 -1658 713 END
START -5516 7376 32304 2759 -1860 721 END
START -5700 7364 32600 2159 -2124 692 END
START -5080 7332 32404 1594 -2311 675 END
START -5264 7440 32692 1053 -2273 652 END
START -4744 7464 32640 467 -2242 684 END
START -4444 7412 32588 -89 -2304 663 END
START -4340 7572 32728 -685 -2165 700 END
START -4388 7864 32767 -1350 -2051 768 END
START -4396 8028 32767 -2078 -1983 929 END
START -4088 8264 32767 -2954 -1938 1038 END
START -3876 8156 32767 -3857 -1783 1170 END
START -3664 8244 32767 -4872 -1596 1330 END
START -3452 8184 32767 -5922 -1491 1506 END
START -3404 7952 32767 -6896 -1346 1674 END
START -3376 7868 32568 -7905 -1229 1823 END
START -3484 7732 32380 -8849 -1160 2002 END
START -3552 7740 32220 -9692 -1194 2155 END
START -3552 7484 31740 -10574 -1132 2371 END
START -3512 7488 31384 -11353 -1167 2575 END
START -3624 7180 31008 -12120 -1218 2745 END
START -3820 6980 30668 -12922 -1262 2921 END
START -3852 6812 29920 -13565 -1360 3040 END
START -4024 6648 29560 -14274 -1425 3208 END
START -4132 6492 29284 -14931 -1518 3271 END
START -4196 6248 28696 -15514 -1611 3350 END
START -4412 6048 28292 -16057 -1702 3352 END
START -4656 5648 27664 -16548 -1788 3278 END
START -4848 5492 27504 -17002 -1904 3225 END
START -5004 5176 27032 -17423 -2064 3144 END
START -5132 5080 26680 -17837 -2206 3015 END
START -5308 4956 26152 -18191 -2353 2897 END
START -5208 4760 25716 -18564 -2529 2754 END
START -5272 4696 25520 -18866 -2716 2624 END
START -5212 4504 24972 -19165 -2807 2460 END
START -5276 4344 24616 -19434 -2934 2337 END
START -5160 4376 24196 -19694 -2957 2150 END
START -5128 4284 23804 -19965 -3020 2004 END
START -5048 4276 23500 -20192 -3019 1868 END
START -4676 4224 23080 -20429 -2981 1710 END
START -4480 4216 22708 -20661 -2852 1601 END
START -4288 4180 22300 -20845 -2585 1531 END
START -4056 4352 22036 -21091 -2326 1452 END
START -4004 4276 21872 -21315 -1995 1433 END
START -3972 4488 21444 -21680 -1655 1403 END
START -3852 4544 21452 -22002 -1284 1410 END
START -3732 4520 21268 -22395 -974 1401 END
START -3792 4444 21052 -22764 -624 1410 END
START -3672 4408 20724 -23125 -343 1445 END
START -3576 4328 20544 -23509 34 1474 END
START -3612 4268 20420 -23863 303 1563 END
START -3596 4420 20164 -24183 606 1555 END
START -3744 4212 20032 -24545 767 1602 END
START -3804 4044 19936 -24852 924 1597 END
START -3992 3828 19640 -25101 976 1543 END
START -3872 3720 19556 -25342 1052 1543 END
START -4160 3476 19332 -25574 1106 1490 END
START -4320 3568 19060 -25772 1040 1516 END
START -4436 3404 18840 -26008 955 1488 END
START -4520 3192 18468 -26234 878 1475 END
START -4508 3024 18036 -26455 691 1406 END
START -4560 2720 17528 -26671 577 1335 END
START -4608 2464 17188 -26839 431 1252 END
START -4796 2412 16628 -26993 301 1122 END
START -4832 2176 16280 -27099 178 1048 END
START -5028 1828 15760 -27216 12 871 END
START -5048 1592 15168 -27221 -169 699 END
START -5212 1488 14732 -27278 -341 534 END
START -5412 1220 14412 -27241 -531 324 END
START -5552 1056 13892 -27140 -773 141 END
START -5644 756 13380 -27032 -986 -97 END
START -5620 760 13028 -26888 -1198 -339 END
START -5692 488 12688 -26615 -1409 -597 END
START -5828 324 12216 -26395 -1564 -874 END
START -5884 180 11928 -26134 -1787 -1134 END
START -5960 -76 11336 -25824 -2071 -1429 END
START -6096 -172 10764 -25546 -2203 -1722 END
START -5892 -468 10176 -25230 -2468 -2025 END
START -5596 -828 9496 -24888 -2522 -2355 END
START -5532 -924 8968 -24530 -2494 -2723 END
START -5324 -1028 8432 -24165 -2374 -3010 END
START -5196 -1068 7984 -23735 -2144 -3354 END
START -5060 -1200 7688 -23329 -1951 -3585 END
START -4980 -1096 7460 -22950 -1685 -3835 END
START -5000 -936 6912 -22599 -1477 -4032 END
START -4804 -972 6608 -22203 -1172 -4212 END
START -4776 -892 6304 -21829 -917 -4398 END
START -4580 -992 6080 -21454 -616 -4537 END
START -4424 -1136 5784 -21084 -359 -4706 END
START -4392 -1336 5524 -20675 24 -4849 END
START -4328 -1424 5392 -20261 384 -5006 END
START -4444 -1448 5192 -19842 766 -5143 END
START -4476 -1596 5292 -19403 1124 -5303 END
START -4532 -1736 4872 -19009 1433 -5479 END
START -4748 -1776 4904 -18589 1685 -5642 END
START -4628 -2016 4856 -18221 1922 -5841 END
START -4528 -2084 4576 -17886 2243 -6009 END
START -4560 -2380 4368 -17519 2489 -6287 END
START -4544 -2512 4124 -17294 2861 -6521 END
START -4548 -2764 3864 -17077 3166 -6767 END
START -4520 -2988 3632 -16868 3484 -7063 END
START -4664 -3156 3332 -16698 3870 -7382 END
START -4540 -3396 2972 -16602 4216 -7707 END
START -4596 -3552 2668 -16522 4665 -8058 END
START -4484 -3620 2372 -16412 5094 -8465 END
START -4676 -3752 1944 -16334 5569 -8882 END
START -4756 -3868 1888 -16273 6060 -9292 END
START -4668 -3964 1656 -16174 6534 -9766 END
START -4896 -4108 1444 -16033 6982 -10250 END
START -4992 -4172 1340 -15911 7381 -10780 END
START -5024 -4392 1240 -15687 7685 -11307 END