START -3724 1760 14212 1004 411 1799 END
START -2988 1716 11924 894 -621 1864 END
START -2740 716 12132 1091 310 2057 END
START -3604 664 13360 1205 617 2030 END
START -4288 532 13952 1283 709 1952 END
START -4920 348 14064 1300 601 1778 END
START -5152 432 14072 1396 473 1667 END
START -5472 320 14184 1492 299 1442 END
START -5280 220 14132 1618 161 1257 END
START -5172 444 14008 1702 150 1058 END
START -5176 676 14148 1809 169 920 END
START -5004 684 14200 1808 133 748 END
START -4952 712 14336 1807 154 580 END
START -4736 1012 14048 1724 207 430 END
START -4412 1348 14404 1659 217 296 END
START -3588 1224 14560 1594 318 169 END
START -3312 1424 14608 1502 311 68 END
START -2928 1508 14340 1392 500 128 END
START -2564 1632 14244 1271 702 294 END
START -2432 1980 14164 1163 981 424 END
START -2408 2320 13936 1003 1376 454 END
START -2468 2548 13960 916 1856 521 END
START -2668 2560 13908 856 2329 590 END
START -2848 2488 14224 834 2701 628 END
START -3032 2324 14880 856 2971 696 END
START -3380 2068 15256 867 2996 746 END
START -3760 2000 15908 922 2865 831 END
START -3964 2112 16364 959 2546 910 END
START -3920 2256 16544 1090 2248 1009 END
START -3912 2308 16764 1193 1876 1106 END
START -3952 2264 16900 1300 1475 1214 END
START -4016 1980 16928 1411 1119 1328 END
START -3880 1844 16884 1421 824 1358 END
START -3988 2048 16528 1429 549 1306 END
START -4004 2120 16492 1367 394 1313 END
START -3952 1996 16428 1336 230 1224 END
START -4236 1940 16652 1261 62 1233 END
START -4404 2200 16472 1186 -63 1223 END
START -4232 1916 16652 1144 -320 1217 END
START -4344 1552 16748 1092 -574 1172 END
START -4400 1544 16708 1047 -885 1132 END
START -4736 1452 16636 1045 -1099 1075 END
START -4688 1200 16404 1007 -1300 926 END
START -4988 1108 16112 1008 -1518 712 END
START -5016 840 15884 962 -1520 380 END
START -5044 892 15708 900 -1548 133 END
START -4992 944 15320 824 -1503 -174 END
START -4876 996 15336 721 -1342 -450 END
START -4800 936 14804 582 -1153 -756 END
START -4704 1060 14616 435 -898 -1000 END
START -4312 1456 14328 301 -619 -1190 END
START -3880 1760 14064 150 -167 -1326 END
START -3512 1956 14084 61 253 -1330 END
START -3304 2072 13988 -4 639 -1286 END
START -2976 2144 13952 -108 1013 -1176 END
START -3032 2076 13972 -211 1312 -1090 END
START -2924 2036 14236 -317 1566 -922 END
START -3016 2024 14112 -411 1736 -741 END
START -3016 1988 14560 -457 1751 -585 END
START -3320 1968 14652 -469 1786 -489 END
START -3468 2144 14640 -427 1714 -320 END
START -3484 1868 14876 -423 1514 -149 END
START -3560 1632 15016 -355 1289 -63 END
START -3772 1636 14964 -316 985 82 END
START -3760 1964 14864 -175 767 217 END
START -3608 2216 14580 -17 618 370 END
START -3512 2296 14328 160 442 571 END
START -3512 2356 14564 324 299 783 END
START -3636 2192 14600 495 144 996 END
START -3852 1956 14816 534 -70 1142 END
START -4108 1792 14904 591 -275 1186 END
START -4296 1488 15084 615 -481 1141 END
START -4444 1576 15156 621 -598 1069 END
START -4420 1736 14924 637 -756 958 END
START -4536 2192 14988 598 -806 851 END
START -4408 2048 15260 616 -841 835 END
START -4436 1888 15556 677 -1033 831 END
START -4512 1916 15604 709 -1269 863 END
START -4532 2004 15832 780 -1492 914 END
START -4612 2084 15752 802 -1661 979 END
START -4336 1472 15480 771 -1781 986 END
START -4328 812 15412 788 -1844 872 END
START -4648 752 15220 794 -1893 736 END
START -4788 420 15268 808 -1872 496 END
START -4820 248 14792 840 -1708 187 END
START -4880 -88 14676 809 -1560 -217 END
START -5024 -104 14460 712 -1278 -625 END
START -5028 -152 14032 647 -986 -1078 END
START -5172 8 13976 596 -586 -1523 END
START -4792 404 14024 559 -72 -1925 END
START -4660 672 13964 549 384 -2307 END
START -4432 780 14296 475 770 -2524 END
START -4060 948 14640 395 1093 -2637 END
START -4004 1836 14688 240 1272 -2702 END
START -3852 2860 14852 102 1433 -2591 END
START -3540 3184 15132 35 1539 -2396 END
START -3428 3296 15424 10 1506 -2000 END
START -3068 3404 15796 8 1335 -1586 END
START -2936 3472 15936 -27 1110 -1125 END
START -3116 3412 16196 -26 798 -632 END
START -3184 3456 16244 13 470 -190 END
START -3468 3236 16264 10 105 250 END
START -3512 3016 16152 -4 -193 599 END
START -3716 2872 16040 -1 -408 827 END
START -3676 2576 15536 12 -553 947 END
START -3688 2392 15372 30 -624 1065 END
START -3564 2336 15352 -19 -714 1119 END
START -3700 2080 15072 -20 -679 1188 END
START -3676 2100 14960 -54 -673 1193 END
START -3724 2004 14672 -59 -550 1196 END
START -3836 1764 14924 -112 -448 1121 END
START -4132 1556 15080 -152 -359 989 END
START -4372 1376 15044 -162 -270 822 END
START -4508 1372 15236 -176 -277 582 END
START -4768 1220 15420 -199 -288 357 END
START -4940 984 15576 -157 -281 114 END
START -4980 708 15764 -196 -384 -136 END
START -4980 788 15672 -179 -432 -378 END
START -4968 928 15664 -169 -441 -605 END
START -4880 1168 15376 -194 -444 -801 END
START -4656 1208 15664 -152 -378 -952 END
START -4612 1300 15724 -158 -286 -1091 END
START -4672 1296 15648 -129 -265 -1205 END
START -4588 1316 15800 -111 -160 -1339 END
START -4684 1208 16184 -44 -86 -1434 END
START -4708 1276 16080 5 -68 -1527 END
START -4732 1228 16364 90 -18 -1609 END
START -4824 1292 16596 132 -56 -1677 END
START -4680 1412 16944 147 -76 -1726 END
START -4472 1340 17220 205 -95 -1716 END
START -4376 1224 17248 215 -206 -1698 END
START -3932 1252 17316 238 -329 -1688 END
START -3732 1400 17404 231 -377 -1597 END
START -3616 1704 17352 287 -447 -1456 END
START -3516 1704 17684 367 -541 -1235 END
START -3300 1648 17952 422 -584 -1009 END
START -3216 1564 17968 478 -662 -745 END
START -3240 1540 18000 518 -707 -535 END
START -3104 1464 18184 555 -852 -322 END
START -3164 1068 18340 632 -959 -105 END
START -3216 760 18624 610 -1121 142 END
START -3212 604 18604 616 -1277 341 END
START -3048 388 18552 584 -1361 534 END
START -3056 248 18456 677 -1430 680 END
START -2976 -144 18396 712 -1427 807 END
START -2920 -536 18392 853 -1485 883 END
START -2936 -756 18404 1003 -1557 950 END
START -2716 -896 18720 1203 -1618 1072 END
START -2452 -1096 18932 1423 -1639 1095 END
START -2148 -1404 18960 1706 -1709 1209 END
START -1844 -1472 19040 2008 -1722 1271 END
START -1328 -1176 19312 2282 -1760 1374 END
START -964 -968 19488 2546 -1700 1554 END
START -612 -864 19316 2740 -1620 1765 END
START -72 -284 19332 2970 -1456 2077 END
START 336 -12 19172 3163 -1088 2429 END
START 660 168 18864 3388 -676 2912 END
START 884 260 18772 3571 -157 3367 END
START 1004 188 18756 3819 426 3810 END
START 848 288 18396 4038 1157 4282 END
START 296 620 18320 4258 2053 4801 END
START -776 764 18644 4409 3001 5221 END
START -2244 756 19256 4454 4098 5621 END
START -4188 20 20288 4336 5078 5808 END
START -5892 -1048 21880 4001 5785 5710 END
START -6956 -1756 22920 3375 6236 5180 END
START -8328 -2912 24004 2493 6507 4324 END
START -9588 -3496 25024 1603 6668 3295 END
START -10436 -3760 25500 589 6687 2124 END
START -11164 -3648 25836 -335 6613 1020 END
START -11460 -3460 26084 -1230 6481 -55 END
START -11360 -3376 26444 -1963 6223 -931 END
START -10736 -3220 26236 -2677 5932 -1649 END
START -10248 -3088 26656 -3233 5245 -2135 END
START -9428 -2960 26632 -3663 4545 -2385 END
START -8416 -2868 26220 -3847 3780 -2465 END
START -7628 -2740 25768 -3924 3147 -2312 END
START -6924 -2768 25408 -3834 2507 -2026 END
START -6304 -3040 25264 -3689 1855 -1604 END
START -5888 -3036 24960 -3419 1160 -1232 END
START -5660 -3420 24772 -3084 475 -782 END
START -5372 -3728 24348 -2734 -90 -331 END
START -5248 -3380 24184 -2398 -597 84 END
START -5028 -3268 23900 -2108 -933 465 END
START -4672 -3208 23312 -1846 -1270 777 END
START -4448 -3324 22900 -1571 -1342 1085 END
START -4068 -3180 22420 -1273 -1274 1377 END
START -3692 -2836 22136 -1009 -1025 1636 END
START -3180 -2856 21984 -773 -676 1795 END
START -3088 -2332 21556 -643 -184 1983 END
START -2832 -1644 21156 -572 392 2218 END
START -2660 -1124 21104 -550 1065 2497 END
START -2644 -812 21092 -626 1802 2770 END
START -2880 -636 20992 -729 2481 3041 END
START -3248 -380 21072 -852 3243 3272 END
START -4096 84 21124 -1054 3890 3509 END
START -4752 360 21652 -1250 4417 3574 END
START -5512 20 22100 -1563 4881 3579 END
START -6212 -536 22656 -1905 5177 3441 END
START -6744 -896 23072 -2263 5374 3141 END
START -7420 -912 23484 -2741 5408 2697 END
START -8024 -1028 23784 -3212 5347 2154 END
START -8284 -1000 23860 -3739 5274 1664 END
START -8480 -1076 24028 -4213 5184 1119 END
START -8300 -728 24076 -4709 5131 535 END
START -8124 -328 24172 -5234 5217 -39 END
START -7668 188 24616 -5872 5388 -611 END
START -7452 1036 24732 -6776 5517 -1095 END
START -7240 1504 25132 -7816 5656 -1483 END
START -7216 2200 25456 -8938 5598 -1670 END
START -7072 2560 25564 -10104 5531 -1788 END
START -6996 2696 25520 -11124 5344 -1820 END
START -7024 2944 24996 -12002 5135 -1872 END
START -6928 3032 24596 -12630 4902 -1871 END
START -7036 3056 24064 -13122 4677 -1860 END
START -7096 3080 23536 -13497 4355 -1834 END
START -6996 2852 22884 -13774 3967 -1773 END
START -7116 2764 22084 -13941 3575 -1705 END
START -7208 2684 21312 -13951 3198 -1604 END
START -7152 2580 20712 -13831 2889 -1468 END
START -7140 2604 19984 -13692 2604 -1384 END
START -7048 2608 19392 -13443 2467 -1302 END
START -6836 2560 18880 -13236 2350 -1253 END
START -6900 2628 18400 -13048 2306 -1201 END
START -7020 2524 18172 -12865 2293 -1122 END
START -6984 2504 17996 -12686 2192 -1016 END
START -7100 2416 18020 -12552 2103 -936 END
START -7316 2312 17788 -12372 2029 -876 END
START -7532 2112 17672 -12190 1862 -869 END
START -7744 2000 17492 -11970 1693 -906 END
START -7800 1768 17188 -11795 1507 -1023 END
START -8068 1716 17260 -11584 1275 -1120 END
START -8060 1748 16660 -11348 1110 -1248 END
START -7912 1668 16608 -11153 910 -1406 END
START -8040 1744 15896 -10947 856 -1546 END
START -7988 1936 15636 -10761 763 -1682 END
START -8112 1908 15300 -10564 683 -1778 END
START -8288 1836 15144 -10369 675 -1925 END
START -8332 1636 15104 -10189 657 -2170 END
START -8408 1596 14984 -10033 631 -2424 END
START -8648 1668 15096 -9973 639 -2755 END
START -8664 1836 15304 -9977 636 -3142 END
START -8664 2124 15460 -10125 679 -3559 END
START -8332 2540 15376 -10410 848 -3954 END
START -7980 3108 15336 -10886 1053 -4326 END
START -7584 3556 15440 -11438 1438 -4641 END
START -7404 3952 15300 -12111 1832 -4854 END
START -7196 4404 15256 -12853 2200 -5077 END
START -6956 4472 15164 -13629 2701 -5226 END
START -7036 4592 15088 -14360 3138 -5391 END
START -7148 4532 15004 -15066 3472 -5567 END
START -7440 4420 14940 -15667 3685 -5688 END
START -7640 4144 14736 -16268 3746 -5880 END
START -7896 3856 14512 -16682 3648 -6014 END
START -7960 3468 14124 -16955 3442 -6184 END
START -8188 3264 13824 -17097 3067 -6350 END
START -8344 3128 13548 -17123 2618 -6502 END
START -8416 3016 13292 -17030 2051 -6638 END
START -8464 2928 12512 -16829 1583 -6697 END
START -8400 2692 11892 -16515 1036 -6756 END
START -8504 2576 11336 -16223 529 -6857 END
START -8424 2472 10636 -15918 20 -6976 END
START -8348 2360 10164 -15632 -268 -7082 END
START -8168 2152 9492 -15313 -477 -7287 END
START -8056 2116 8752 -14997 -550 -7473 END
START -8116 1924 8392 -14651 -625 -7663 END
START -7944 1864 8156 -14310 -739 -7826 END
START -7872 1232 7884 -13924 -840 -7962 END
START -7800 1544 7520 -13546 -879 -8050 END
START -8032 2008 7044 -13162 -905 -8157 END
START -8276 2084 6812 -12801 -896 -8247 END
START -8156 1976 6712 -12433 -997 -8310 END
START -8020 1604 6600 -11997 -1146 -8305 END
START -8056 1408 6656 -11544 -1380 -8256 END
START -8096 1096 6416 -11078 -1717 -8288 END
START -8212 1068 6280 -10645 -2077 -8226 END
START -8200 1036 5992 -10217 -2451 -8168 END
START -8220 816 5840 -9711 -2907 -8135 END
START -8292 632 5672 -9233 -3387 -8103 END
START -8268 564 5520 -8702 -3832 -8088 END
START -8260 652 5208 -8135 -4259 -8068 END
START -8080 564 4876 -7628 -4602 -8098 END
START -7868 352 4580 -7146 -4880 -8142 END
START -7676 228 4372 -6760 -5105 -8196 END
START -7452 340 4004 -6448 -5238 -8299 END
START -7136 544 3768 -6203 -5248 -8476 END
START -7004 264 3736 -6045 -5132 -8631 END
START -6492 216 3612 -5981 -4865 -8787 END
START -6444 468 3596 -5988 -4571 -9011 END
START -6476 564 3712 -6137 -4241 -9267 END
START -6516 636 3656 -6331 -3939 -9552 END
START -6324 536 3708 -6558 -3621 -9858 END
START -6388 536 3692 -6805 -3258 -10208 END
START -6376 616 3444 -7002 -2956 -10600 END
START -6300 600 3648 -7186 -2713 -10996 END
START -6260 680 3688 -7244 -2550 -11332 END
START -6176 776 3860 -7269 -2534 -11662 END
START -6200 932 3940 -7237 -2580 -11899 END
START -5916 1000 3768 -7170 -2723 -12112 END
START -5720 1096 3560 -7074 -2828 -12268 END
START -5480 1272 3444 -6914 -3001 -12381 END
START -5116 1464 3148 -6767 -3069 -12447 END
START -4744 1560 2668 -6593 -3161 -12490 END
START -4620 1600 2456 -6405 -3292 -12451 END
START -4420 1548 2044 -6149 -3385 -12441 END
START -4348 1452 1604 -5822 -3380 -12418 END
START -4304 1428 1092 -5416 -3452 -12356 END
START -4120 1468 612 -4889 -3516 -12284 END
START -3876 1424 276 -4340 -3480 -12207 END
START -3544 1312 280 -3758 -3511 -12113 END
START -3416 1364 40 -3117 -3577 -11974 END
START -3372 1412 4 -2514 -3598 -11865 END
START -3240 1392 12 -1929 -3750 -11694 END
START -3108 1452 20 -1265 -3908 -11535 END
START -2652 1476 204 -587 -4033 -11365 END
START -2480 1936 28 68 -4201 -11186 END
START -2368 1808 236 707 -4377 -10971 END
START -1976 1748 416 1342 -4559 -10706 END
START -1520 1820 276 1972 -4725 -10390 END
START -1372 1840 456 2498 -4829 -10060 END
START -1100 1876 408 3056 -4915 -9696 END
START -924 1836 252 3557 -5005 -9412 END
START -584 1908 428 3998 -5012 -9138 END
START -4 1812 364 4354 -4969 -8868 END
START 596 1748 336 4696 -4866 -8648 END
START 936 1744 328 5034 -4700 -8438 END
START 1060 1612 272 5274 -4393 -8218 END
START 1432 1720 376 5597 -4162 -8072 END
START 1540 1512 564 5810 -3841 -7856 END
START 1720 1516 820 6058 -3568 -7681 END
START 1836 1596 780 6252 -3284 -7548 END
START 2196 1624 816 6442 -2972 -7345 END
START 2480 1672 924 6599 -2651 -7173 END
START 2720 1744 972 6781 -2261 -7043 END
START 2852 1772 1100 6927 -1865 -6873 END
START 3176 1924 1168 7095 -1354 -6702 END
START 3348 1992 1332 7274 -896 -6499 END
START 3484 2032 1352 7439 -404 -6278 END
START 3600 2020 1500 7597 17 -6030 END
START 3576 2100 1892 7831 491 -5760 END
START 3604 1904 1984 8037 892 -5538 END
START 3408 1784 2304 8303 1272 -5250 END
START 3236 1640 2640 8609 1479 -5014 END
START 3052 1440 3016 8914 1586 -4806 END
START 2700 1144 3468 9310 1620 -4594 END
START 2524 924 3796 9667 1584 -4457 END
START 2452 720 3928 10142 1534 -4365 END
START 2464 776 4304 10629 1483 -4272 END
START 2604 896 4240 11144 1430 -4149 END
START 2728 1212 4460 11663 1508 -4011 END
START 3152 1192 4496 12303 1568 -3754 END
START 3412 1416 4688 12317 1769 -3575 END
START 3716 1452 4952 12863 2016 -3345 END
START 3988 1656 5300 13254 2289 -3087 END
START 4180 1732 5660 13525 2596 -2876 END
START 4236 1992 6068 13748 2965 -2574 END
START 4356 2372 6444 13881 3340 -2175 END
START 4432 2544 6644 13929 3750 -1753 END
START 4532 2708 7132 13928 4104 -1272 END
START 4648 2832 7312 13870 4539 -756 END
START 4548 2660 7632 13897 4935 -259 END
START 4372 2792 7612 13893 5377 320 END
START 4500 2340 8216 13938 5775 855 END
START 4084 2364 8656 14015 6029 1360 END
START 3848 2240 8896 14108 6361 1959 END
START 3628 1996 9308 14241 6496 2560 END
START 3244 1628 9656 14416 6624 3112 END
START 2732 1516 10144 14643 6654 3653 END
START 2356 1132 10572 14885 6590 4243 END
START 2008 852 11028 15163 6467 4726 END
START 1816 600 11300 15434 6376 5179 END
START 1312 60 11688 15768 6226 5583 END
START 988 -392 12156 16064 6043 5938 END
START 528 -764 12844 16366 5844 6206 END
START 160 -1180 13400 16658 5638 6397 END
START -184 -1540 13436 16857 5487 6465 END
START -528 -1960 13972 16992 5361 6439 END
START -504 -2300 14456 17137 5328 6393 END
START -688 -2896 14888 17188 5270 6235 END
START -924 -3396 15420 17142 5325 6044 END
START -404 -3876 16076 17100 5384 5689 END
START -1008 -3664 16304 16996 5466 5379 END
START -928 -3624 16252 16895 5904 5152 END
START -680 -3868 16700 16793 6369 4850 END
START -776 -3940 17564 16619 6811 4504 END
START -980 -3856 18204 16458 7351 4130 END
START -1240 -3592 19032 16136 7802 3826 END
START -1568 -3252 20132 15728 8239 3530 END
START -1936 -3120 21264 15243 8554 3255 END
START -2264 -3120 22032 14688 8891 3010 END
START -2564 -2932 23396 14056 9113 2781 END
START -2484 -3036 24572 13414 9211 2548 END
START -3776 -2248 25424 12728 9254 2377 END
START -3960 -2256 26724 11771 9331 2309 END
START -4484 -2180 27968 11104 9076 2193 END
START -4636 -2176 28888 10183 8667 2052 END
START -4800 -2052 29656 9307 8174 1963 END
START -4848 -1840 30160 8448 7664 1908 END
START -4708 -1748 30360 7664 7212 1929 END
START -4620 -1652 30424 6928 6619 2013 END
START -4660 -1560 30628 6313 6117 2153 END
START -4496 -1492 30708 5793 5600 2354 END
START -4672 -1428 30956 5413 5004 2529 END
START -4724 -1496 30896 5125 4423 2705 END
START -4808 -1488 31020 4925 3675 2875 END
START -4632 -1448 31168 4688 2951 2997 END
START -4708 -1344 30868 4581 2290 3155 END
START -4440 -1016 30480 4447 1620 3317 END
START -4192 -1216 29972 4382 1128 3447 END
START -3732 -1408 29708 4230 721 3552 END
START -3532 -1316 29236 4231 379 3574 END
START -3396 -1076 28812 4155 231 3556 END
START -3164 -772 28288 4066 148 3488 END
START -2844 -616 28124 4006 161 3373 END
START -2444 -296 28000 3861 299 3246 END
START -2364 -192 27824 3687 481 3123 END
START -2156 76 27796 3430 612 2953 END
START -1884 248 27724 3138 827 2804 END
START -1780 504 27656 2845 906 2639 END
START -1196 748 27720 2541 1044 2460 END
START -868 1072 27656 2207 1257 2239 END
START -432 1396 27532 1886 1490 2077 END
START -216 1880 27436 1378 1742 1959 END
START 256 2332 27420 827 1963 1918 END
START 816 2836 27228 181 2168 1881 END
START 1220 3252 27024 -488 2446 1885 END
START 1656 3656 26628 -1212 2711 1971 END
START 2068 4052 26180 -1931 2998 2078 END
START 2400 4508 25820 -2551 3289 2306 END
START 2552 4832 25444 -3168 3518 2550 END
START 2668 5116 25268 -3693 3679 2966 END
START 2864 5264 24932 -4235 3805 3439 END
START 2920 5332 24680 -4696 3807 3997 END
START 2876 5392 24272 -5100 3697 4587 END
START 2804 5312 23948 -5444 3579 5153 END
START 2876 5236 23508 -5735 3359 5737 END
START 2900 4980 22732 -5940 3211 6350 END
START 2692 4896 22264 -6056 3089 6904 END
START 2400 4740 21832 -6135 2900 7476 END
START 1996 4648 21308 -6226 2792 7985 END
START 1788 4404 20900 -6253 2598 8502 END
START 1376 4188 20432 -6298 2432 8951 END
START 1192 3984 19980 -6330 2250 9318 END
START 1016 3960 19948 -6321 2010 9711 END
START 740 3816 19580 -6189 1735 10081 END
START 496 3652 19220 -6082 1455 10458 END
START 320 3620 18764 -5943 1096 10788 END
START 208 3560 18168 -5791 852 11150 END
START 144 3556 17716 -5568 606 11418 END
START 140 3512 16840 -5399 539 11679 END
START 52 3696 16752 -5211 462 11907 END
START 124 3628 16280 -5046 477 12051 END
START 136 3612 15936 -4888 459 12217 END
START 112 3652 15536 -4828 577 12399 END
START 180 3752 15236 -4806 690 12494 END
START 308 3772 15148 -4758 834 12585 END
START 312 4008 14716 -4784 979 12471 END
START 488 4204 14456 -4779 1176 12767 END
START 500 4540 13908 -4744 1434 12765 END
START 756 4788 13688 -4713 1787 12781 END
START 1020 5016 13520 -4629 2143 12796 END
START 1324 5260 13744 -4648 2505 12778 END
START 1400 5512 13748 -4680 2809 12805 END
START 1588 5936 13688 -4754 3072 12941 END
START 1584 6244 13688 -4861 3379 13277 END
START 1588 6520 13524 -5013 3766 13527 END
START 1564 6692 13228 -5131 4239 13894 END
START 1444 6760 13200 -5295 4648 14316 END
START 992 6836 13024 -5497 5078 14796 END
START 448 6848 12992 -5667 5512 15261 END
START -216 6676 13076 -5872 5937 15716 END
START -1016 6588 13176 -6126 6255 16212 END
START -2144 6320 13596 -6396 6387 16648 END
START -3272 6080 13804 -6615 6357 17125 END
START -4292 5824 14084 -6825 6232 17521 END
START -5368 5596 14440 -6958 5956 17964 END
START -6696 5104 14724 -7079 5481 18372 END
START -7808 4552 14832 -7106 4815 18657 END
START -8556 4172 14640 -7081 4178 18912 END
START -9500 3668 14500 -7059 3461 19085 END
START -10084 3224 13856 -6977 2849 19148 END
START -10648 2636 13292 -6868 2447 19145 END
START -11160 2356 12996 -6736 2204 19014 END
START -11744 1876 12084 -6639 1969 18916 END
START -12204 1400 11568 -6598 1867 18745 END
START -12888 1028 10908 -6610 1959 18567 END
START -13428 680 10340 -6519 2103 18313 END
START -14104 -8 10016 -6487 2280 18098 END
START -14868 -496 9716 -6337 2424 17793 END
START -15784 -1136 9348 -6081 2518 17438 END
START -16612 -1860 9368 -5757 2557 17033 END
START -17392 -2464 9340 -5360 2497 16559 END
START -18324 -3056 9244 -4960 2330 16078 END
START -19120 -3472 9280 -4501 2108 15534 END
START -19672 -3848 9096 -4115 1859 14966 END
START -20156 -4276 9032 -3706 1616 14396 END
START -20812 -4740 9008 -3354 1380 13775 END
START -21200 -5028 8772 -3014 1088 13229 END
START -21488 -5392 8736 -2660 872 12464 END
START -21664 -5668 8492 -2329 692 11819 END
START -21844 -5876 8440 -2000 507 11135 END
START -22092 -6012 8044 -1571 313 10483 END
START -22060 -6128 7940 -1179 257 9880 END
START -22244 -6216 7684 -717 106 9290 END
START -22232 -6340 7492 -273 18 8788 END
START -22484 -6504 7720 176 -57 8239 END
START -22716 -6632 7912 631 -274 7734 END
START -22856 -6800 7976 1070 -515 7212 END
START -22944 -6860 8060 1545 -839 6671 END
START -23096 -6932 8540 2003 -1199 6052 END
START -23140 -6864 8672 2402 -1560 5466 END
START -23268 -6776 9008 2818 -1911 4866 END
START -23252 -6696 9232 3141 -2310 4304 END
START -23396 -6352 9136 3465 -2674 3776 END
START -23264 -6268 9188 3708 -3020 3173 END
START -23104 -6176 9304 3934 -3255 2586 END
START -23128 -6104 9376 4172 -3495 1866 END
START -23160 -5956 9664 4369 -3722 1149 END
START -23232 -5904 9924 4505 -3855 431 END
START -23212 -5640 9956 4558 -4042 -291 END
START -23228 -5272 9928 4569 -4172 -1078 END
START -23000 -4916 9840 4495 -4130 -1858 END
START -22596 -5024 9956 4380 -4086 -2698 END
START -22384 -4924 9788 4293 -3844 -3649 END
START -22084 -4440 9760 4174 -3541 -4634 END
START -22012 -4008 9816 4115 -3222 -5539 END
START -21768 -3792 9848 3930 -2934 -6378 END
START -21488 -3784 9932 3761 -2694 -7231 END
START -21376 -3584 10324 3724 -2514 -8042 END
START -21248 -3140 10380 3662 -2426 -8833 END
START -20968 -2816 10512 3702 -2324 -9671 END
START -20720 -2720 10380 3731 -2213 -10460 END
START -20468 -2456 10696 3814 -2206 -11143 END
START -20392 -2012 10876 3851 -2143 -11833 END
START -20148 -1604 10748 3884 -2149 -12471 END
START -19700 -1484 10880 3869 -2060 -13079 END
START -19388 -1580 11032 3902 -2016 -13610 END
START -19360 -1216 11096 3934 -1955 -14145 END
START -19068 -964 11272 3923 -1945 -14664 END
START -19108 -876 11256 3987 -1967 -15126 END
START -18868 -672 11376 4037 -1970 -15582 END
START -18424 -1020 11340 4118 -2030 -16083 END
START -17948 -1276 11412 4249 -2171 -16663 END
START -17740 -1112 11624 4420 -2353 -17159 END
START -17224 -780 11436 4662 -2524 -17605 END
START -16684 -580 11464 4852 -2724 -17919 END
START -16304 -396 11376 5119 -2998 -18124 END
START -15852 -152 11292 5443 -3243 -18245 END
START -15384 -184 11164 5741 -3512 -18347 END
START -14696 24 11232 6102 -3772 -18498 END
START -14144 132 11188 6448 -3929 -18623 END
START -13476 552 11208 6763 -4057 -18753 END
START -12804 920 11260 7004 -4192 -18725 END
START -12296 1004 11460 7210 -4370 -18654 END
START -11792 1156 11516 7398 -4526 -18570 END
START -11404 1156 11464 7577 -4841 -18482 END
START -11180 1004 11964 7816 -5088 -18473 END
START -10864 1132 11924 8073 -5407 -18491 END
START -10472 1092 12108 8361 -5695 -18613 END
START -10076 1092 12208 8632 -6008 -18688 END
START -9228 1344 12376 8799 -6262 -18795 END
START -8440 1500 12316 8893 -6403 -18892 END
START -7568 1940 12268 8841 -6377 -18933 END
START -6856 2036 12188 8716 -6302 -19010 END
START -5992 2244 12052 8543 -6089 -19101 END
START -5484 2524 11960 8368 -5869 -19195 END
START -4652 2768 11848 8188 -5537 -19296 END
START -3840 3176 11920 8126 -5207 -19379 END
START -3212 3580 11716 8041 -4773 -19443 END
START -2380 4080 11664 8032 -4304 -19450 END
START -1568 4300 11892 8127 -3855 -19459 END
START -808 4456 12224 8149 -3489 -19362 END
START -8 4820 12416 8183 -3151 -19229 END
START 884 5236 12796 8182 -2827 -19019 END
START 1616 5672 13168 8125 -2542 -18760 END
START 2440 6144 13584 7959 -2243 -18392 END
START 3256 6500 14048 7817 -2012 -17976 END
START 3932 6832 14188 7530 -1754 -17489 END
START 4728 7180 14808 7305 -1489 -17046 END
START 5552 7696 15104 7035 -1193 -16495 END
START 6160 7968 15320 6740 -867 -15927 END
START 6744 8272 15936 6424 -670 -15311 END
START 7244 8440 16116 6120 -508 -14581 END
START 7652 8780 16520 5760 -392 -13818 END
START 7940 9200 16660 5416 -275 -12983 END
START 8248 9684 16988 5016 -188 -12119 END
START 8356 9856 17088 4607 -157 -11143 END
START 8612 9844 17240 4273 -203 -10151 END
START 8708 9720 17328 3937 -225 -9188 END
START 8788 9628 17328 3667 -295 -8249 END
START 8820 9456 17340 3440 -287 -7439 END
START 8820 9244 17144 3309 -287 -6699 END
START 8664 9072 17264 3181 -276 -6009 END
START 8588 9148 17192 3018 -215 -5355 END
START 8468 9072 17532 2860 -190 -4701 END
START 8248 9148 17524 2646 -198 -4084 END
START 8012 8968 17700 2425 -258 -3425 END
START 7508 8860 17968 2234 -312 -2820 END
START 7008 8752 18092 2034 -489 -2326 END
START 6428 8440 18344 1865 -551 -1888 END
START 5912 8184 18400 1684 -696 -1609 END
START 5576 7888 18388 1500 -767 -1380 END
START 5236 7784 18244 1299 -760 -1209 END
START 4928 7656 18268 1083 -682 -1099 END
START 4612 7440 18200 824 -525 -1010 END
START 4544 7348 18324 489 -427 -942 END
START 3996 7124 18420 191 -311 -871 END
START 3808 6904 18568 -170 -276 -807 END
START 3372 6956 18388 -534 -158 -760 END
START 2924 6704 18560 -937 -80 -570 END
START 2608 6328 18728 -1364 -32 -475 END
START 2240 6080 18644 -1782 -73 -408 END
START 1788 5764 18556 -2220 -90 -370 END
START 1316 5316 18452 -2595 -171 -378 END
START 948 4768 18496 -2948 -182 -448 END