START -9960 5620 27212 19100 3424 7067 END
START -6120 6072 23316 18489 164 6426 END
START -9924 5832 25868 18450 344 5969 END
START -11600 5796 28588 18223 -336 5313 END
START -10812 5756 28352 17964 -1078 4724 END
START -9288 5664 27892 17631 -1789 4072 END
START -9504 5936 28820 17265 -2159 3448 END
START -10764 6372 30580 16757 -2486 2756 END
START -11384 6752 32024 16270 -2939 2153 END
START -11148 7052 32276 15774 -3460 1582 END
START -10412 7260 32724 15183 -3846 978 END
START -10460 7420 32767 14621 -4091 431 END
START -10400 7776 32767 13902 -4145 -90 END
START -10188 8108 32767 13000 -4105 -598 END
START -9164 8552 32767 11610 -3760 -1152 END
START -8760 8436 32767 10545 -3283 -1564 END
START -8208 8648 32767 9132 -2598 -1832 END
START -7724 9112 32767 7545 -1860 -2069 END
START -7380 9476 32767 5808 -1031 -2216 END
START -6792 9744 32767 3886 -100 -2305 END
START -6128 9920 32767 1940 836 -2347 END
START -5684 10284 32767 -36 1780 -2315 END
START -5588 10464 32767 -2136 2599 -2185 END
START -5460 10648 32767 -4224 3319 -2007 END
START -5360 10728 32767 -6285 3875 -1774 END
START -5240 10604 32767 -8118 4367 -1539 END
START -5032 10460 32767 -9874 4732 -1261 END
START -5052 10108 32767 -11491 4975 -957 END
START -5128 9884 32767 -12897 5042 -696 END
START -5152 9736 32767 -14101 4916 -428 END
START -5124 9412 32767 -15132 4655 -141 END
START -5184 9240 32767 -16070 4268 106 END
START -5304 8996 32767 -16846 3818 370 END
START -5188 8784 32767 -17479 3307 617 END
START -5232 8612 32767 -18079 2739 868 END
START -5184 8284 32692 -18559 2179 1109 END
START -5124 8160 31660 -19011 1505 1334 END
START -4980 7920 31016 -19408 894 1526 END
START -4784 7704 30136 -19758 288 1760 END
START -4736 7388 29268 -20101 -255 1918 END
START -4736 7040 28532 -20407 -743 2140 END
START -4688 6684 27636 -20688 -1206 2319 END
START -4508 6360 26772 -20927 -1637 2473 END
START -4460 6084 26068 -21180 -2069 2532 END
START -4356 5744 25180 -21345 -2412 2717 END
START -4388 5684 24688 -21468 -2694 2757 END
START -4284 5496 24032 -21579 -3019 2823 END
START -4384 5464 23324 -21619 -3280 2864 END
START -4404 5376 22808 -21606 -3497 2939 END
START -4356 5264 22212 -21594 -3771 2984 END
START -4244 5068 21600 -21567 -3913 3050 END
START -4204 4868 20928 -21507 -4032 3140 END
START -4004 4696 20560 -21475 -4068 3158 END
START -3884 4460 19884 -21404 -4017 3243 END
START -3944 4280 19460 -21392 -3891 3309 END
START -4020 4292 19064 -21370 -3735 3359 END
START -3844 4416 18608 -21363 -3579 3345 END
START -3900 4412 18452 -21362 -3316 3336 END
START -4044 4468 18232 -21345 -3089 3314 END
START -4016 4408 18120 -21378 -2852 3287 END
START -4140 4500 17932 -21364 -2603 3260 END
START -4280 4324 18060 -21369 -2468 3251 END
START -4312 4080 17936 -21308 -2386 3223 END
START -4328 3816 18040 -21277 -2258 3219 END
START -4300 3632 17824 -21208 -2227 3242 END
START -4436 3328 17632 -21169 -2152 3181 END
START -4384 3180 17648 -21193 -2100 3193 END
START -4264 2992 17320 -21210 -2021 3168 END
START -4424 2848 17268 -21254 -1923 3107 END
START -4500 2604 17248 -21378 -1837 3040 END
START -4528 2428 17064 -21529 -1787 2966 END
START -4460 2340 16768 -21723 -1719 2874 END
START -4504 1992 16632 -21950 -1730 2767 END
START -4516 1912 16520 -22205 -1675 2655 END
START -4608 1668 15980 -22442 -1656 2548 END
START -4392 1512 15732 -22714 -1528 2413 END
START -4428 1224 15304 -22981 -1486 2278 END
START -4472 1128 14912 -23170 -1386 2120 END
START -4600 928 14616 -23468 -1301 1978 END
START -4588 736 14416 -23691 -1225 1797 END
START -4668 528 14020 -23863 -1168 1620 END
START -4764 452 13928 -24041 -1081 1422 END
START -4952 268 13616 -24218 -1054 1165 END
START -5076 20 13176 -24418 -1028 901 END
START -5296 -180 13020 -24559 -1092 618 END
START -5260 -532 12568 -24724 -1115 309 END
START -5500 -876 12156 -24855 -1193 -31 END
START -5492 -1160 11860 -24979 -1281 -422 END
START -5624 -1600 11428 -25066 -1306 -795 END
START -5636 -1880 10840 -25066 -1420 -1235 END
START -5672 -2132 10484 -25047 -1474 -1659 END
START -5780 -2160 10168 -24957 -1519 -2059 END
START -5760 -2188 9436 -24891 -1572 -2496 END
START -5892 -2260 9200 -24730 -1535 -2928 END
START -5960 -2304 8800 -24573 -1490 -3364 END
START -6044 -2136 8248 -24390 -1438 -3718 END
START -5844 -2068 8068 -24144 -1418 -4083 END
START -6016 -2204 7684 -23873 -1408 -4375 END
START -5964 -2100 7372 -23579 -1351 -4693 END
START -5968 -2028 6892 -23246 -1331 -4978 END
START -5928 -2136 6616 -22873 -1260 -5230 END
START -5840 -2124 6268 -22427 -1179 -5492 END
START -5976 -2172 6184 -21995 -1035 -5750 END
START -5976 -2096 5944 -21494 -974 -6048 END
START -6052 -2120 5812 -21039 -926 -6254 END
START -6132 -2240 5792 -20476 -894 -6548 END
START -6032 -2264 5512 -19961 -794 -6825 END
START -6104 -2596 5436 -19447 -806 -7034 END
START -6172 -2536 5348 -18918 -765 -7244 END
START -6188 -2756 5100 -18456 -702 -7454 END
START -6140 -2676 4992 -17997 -720 -7700 END
START -6176 -2824 4864 -17517 -659 -7926 END
START -6188 -2976 4748 -17047 -626 -8163 END
START -6108 -3168 4340 -16610 -576 -8412 END
START -6124 -3328 4292 -16223 -510 -8715 END
START -6180 -3536 3948 -15818 -517 -8983 END
START -6124 -3776 3828 -15484 -422 -9293 END
START -6180 -3664 3652 -15139 -349 -9558 END
START -6064 -3776 3472 -14844 -181 -9843 END
START -6136 -3784 3036 -14575 -92 -10137 END
START -6240 -3840 2844 -14364 87 -10477 END
START -6092 -3832 2588 -14137 248 -10771 END
START -6164 -3948 2300 -13950 405 -11090 END
START -6016 -4192 1980 -13793 629 -11406 END
START -6012 -4236 1672 -13561 885 -11796 END
START -6032 -4208 1384 -13330 1152 -12193 END
START -6100 -4356 1100 -13057 1394 -12560 END
START -6224 -4220 832 -12748 1595 -13017 END
START -6184 -4328 268 -12315 1865 -13458 END
START -6208 -4152 124 -11837 2059 -13894 END
START -6000 -4064 -296 -11261 2241 -14282 END
START -5920 -4060 -732 -10629 2441 -14668 END
START -5688 -3876 -1000 -9909 2569 -15022 END
START -5576 -3892 -1476 -9077 2729 -15339 END
START -5504 -3648 -1480 -8150 2899 -15709 END
START -5424 -3640 -1536 -7223 2975 -15946 END
START -5244 -3392 -1720 -6148 3002 -16180 END
START -5124 -3240 -1872 -5036 3078 -16417 END
START -4908 -3032 -1988 -3865 3112 -16596 END
START -4748 -2796 -1836 -2707 3075 -16701 END
START -4600 -2476 -1700 -1478 3046 -16816 END
START -4424 -2336 -1556 -299 2947 -16871 END
START -4312 -1948 -1508 843 2849 -16927 END
START -4236 -1888 -1128 2018 2667 -16939 END
START -4120 -1776 -876 3148 2452 -17001 END
START -3948 -1560 -644 4248 2248 -17005 END
START -3876 -1584 -476 5285 1977 -17071 END
START -3784 -1616 96 6336 1668 -17125 END
START -3416 -1676 308 7291 1353 -17210 END
START -3288 -1716 480 8173 1052 -17307 END
START -3148 -1648 796 9067 770 -17432 END
START -2972 -1684 756 9866 509 -17584 END
START -2860 -1576 1164 10644 217 -17765 END
START -2556 -1432 1240 11364 -34 -17968 END
START -2276 -1416 1300 12274 -287 -18190 END
START -2036 -1336 1488 12671 -472 -18459 END
START -1752 -1164 1656 13485 -596 -18712 END
START -1376 -1044 1776 14124 -747 -18954 END
START -1156 -672 1720 14817 -800 -19221 END
START -900 -380 1900 15491 -849 -19459 END
START -344 -224 1904 16199 -842 -19683 END
START -104 -20 2060 16885 -862 -19893 END
START 164 440 2232 17566 -860 -20077 END
START 764 688 2172 18300 -811 -20232 END
START 904 872 2336 18978 -711 -20363 END
START 1496 1072 2444 19701 -451 -20479 END
START 2092 1316 2660 20426 -199 -20566 END
START 2612 1492 2840 21120 167 -20642 END
START 3144 1768 3348 21741 484 -20714 END
START 3544 1852 3504 22439 848 -20711 END
START 4020 2244 3872 23067 1320 -20693 END
START 4572 2836 4396 23734 1835 -20597 END
START 4972 3432 5012 24236 2368 -20362 END
START 5744 3884 5492 24736 2956 -20129 END
START 6420 4512 6192 25115 3519 -19811 END
START 6980 4936 6952 25385 4098 -19396 END
START 7584 5552 7748 25575 4757 -18820 END
START 8468 6176 8752 25679 5395 -18179 END
START 9084 6708 9428 25644 6191 -17430 END
START 9884 7308 10432 25496 6962 -16546 END
START 10476 7960 11760 25267 7773 -15546 END
START 10960 8692 12808 24836 8520 -14376 END
START 11396 9028 13928 24333 9174 -13152 END
START 12008 9464 15236 23692 9739 -11782 END
START 12336 9780 16384 22935 10249 -10329 END
START 12660 9964 17648 22098 10567 -8777 END
START 13068 10124 18992 21161 10764 -7155 END
START 13208 10148 19992 20184 10786 -5503 END
START 13424 9992 21244 19221 10589 -3853 END
START 13356 9684 22436 18258 10234 -2201 END
START 13248 9436 23280 17389 9732 -621 END
START 13080 9336 24280 16564 9041 935 END
START 12804 9252 25136 15816 8259 2434 END
START 12516 9020 25704 15161 7302 3912 END
START 12160 8976 26224 14522 6193 5277 END
START 11764 8688 26640 13976 5021 6624 END
START 11384 8480 26880 13447 3827 7843 END
START 11096 8236 26888 12946 2634 9042 END
START 10712 7864 26968 12558 1412 10169 END
START 10440 7720 26700 11923 273 11221 END
START 10120 7360 26288 11913 -845 12154 END
START 9892 7068 25928 11399 -1798 13130 END
START 9568 6876 25452 11254 -2605 13986 END
START 9276 6792 24584 11023 -3257 14799 END
START 9104 6696 24040 10846 -3688 15535 END
START 8836 6348 23200 10660 -3880 16289 END
START 8748 6344 22704 10469 -3877 16927 END
START 8620 6232 22076 10189 -3692 17530 END
START 8372 6176 21504 9912 -3313 18096 END
START 8212 6020 21052 9610 -2861 18617 END
START 7852 5852 20596 9269 -2215 19124 END
START 7832 5640 20408 8902 -1468 19630 END
START 7760 5272 20244 8453 -590 20053 END
START 7432 4980 20052 8035 256 20473 END
START 7144 4872 20004 7583 1116 20835 END
START 6760 4700 20016 7091 2076 21174 END
START 6428 4616 20064 6516 3005 21518 END
START 6064 4584 20156 5973 3785 21860 END
START 5816 4452 20340 5339 4598 22156 END
START 5464 4464 20548 4745 5340 22480 END
START 5140 4256 20684 4138 5980 22860 END
START 4816 4212 20900 3551 6539 23152 END
START 4464 4232 21208 2937 6937 23570 END
START 3908 4228 21372 2409 7321 23977 END
START 3536 4300 21844 1929 7522 24363 END
START 3176 4284 21844 1406 7648 24836 END
START 2872 4216 22180 1002 7677 25347 END
START 2344 4268 22568 585 7690 25841 END
START 1984 4268 22912 201 7603 26444 END
START 1512 4336 23000 -196 7550 27007 END
START 940 4416 23372 -565 7502 27561 END
START 304 4460 23824 -993 7324 28151 END
START -484 4464 24148 -1410 7078 28654 END
START -1264 4476 24488 -1931 6680 29157 END
START -2116 4424 24636 -2427 6132 29606 END
START -2736 4192 24816 -2906 5605 30022 END
START -3492 4188 24836 -3401 5023 30346 END
START -4024 3908 24804 -3861 4429 30687 END
START -4680 3784 24684 -4269 3866 30927 END
START -5204 3532 24536 -4675 3329 31101 END
START -5836 3328 24416 -5077 2790 31199 END
START -6568 3108 24004 -5413 2322 31195 END
START -7012 2944 23896 -5766 1961 31216 END
START -7800 2608 23500 -6055 1506 31088 END
START -8576 2328 23596 -6353 1154 30915 END
START -9208 1932 23364 -6655 758 30705 END
START -9848 1588 22844 -6906 434 30406 END
START -10432 1236 22492 -7237 153 30058 END
START -10924 928 22056 -7484 -113 29574 END
START -11464 476 21812 -7755 -205 29090 END
START -11756 148 21628 -8020 -321 28547 END
START -12392 -180 21048 -8301 -387 27940 END
START -12796 -512 20676 -8597 -404 27266 END
START -13236 -872 20312 -8915 -488 26571 END
START -13596 -1160 19856 -9174 -439 25806 END
START -13832 -1416 19532 -9474 -404 25040 END
START -13988 -1608 19012 -9760 -322 24284 END
START -14296 -1744 18812 -9991 -265 23454 END
START -14692 -2000 18616 -10196 -188 22733 END
START -14916 -2156 18260 -10409 -137 21959 END
START -15140 -2432 17980 -10549 -86 21209 END
START -15224 -2600 17704 -10701 -85 20483 END
START -15364 -2824 17316 -10779 -46 19804 END
START -15548 -2888 17056 -10814 -124 19130 END
START -15780 -2892 16852 -10822 -101 18442 END
START -15840 -3076 16564 -10769 -117 17734 END
START -15956 -3192 16168 -10673 -89 17053 END
START -16116 -3572 16048 -10510 -64 16418 END
START -16360 -3576 15756 -10346 -34 15737 END
START -16708 -3808 15324 -10147 -26 15086 END
START -16912 -4004 15160 -9944 -45 14422 END
START -17056 -4120 14840 -9760 -92 13689 END
START -17372 -4276 14704 -9557 -115 12883 END
START -17608 -4416 14568 -9344 -128 12380 END
START -17768 -4476 14084 -9091 -202 11490 END
START -17880 -4540 13936 -8886 -192 10775 END
START -18020 -4664 13684 -8613 -261 9985 END
START -18320 -4720 13208 -8358 -268 9182 END
START -18444 -4780 12872 -8079 -295 8423 END
START -18532 -4864 12348 -7789 -230 7616 END
START -18648 -5148 12180 -7406 -158 6827 END
START -18880 -5428 11748 -7047 -126 5934 END
START -19128 -5640 11292 -6607 -120 5043 END
START -19252 -5952 10992 -6168 -47 4119 END
START -19392 -6168 10748 -5710 -14 3183 END
START -19416 -6524 10188 -5167 -64 2158 END
START -19480 -6612 10072 -4593 -27 1120 END
START -19452 -6760 9684 -4064 -36 80 END
START -19488 -6876 9624 -3469 15 -931 END
START -19516 -7036 9328 -2833 61 -2003 END
START -19372 -7104 9224 -2274 39 -3035 END
START -19060 -7196 9176 -1655 77 -4116 END
START -18984 -7340 9048 -1085 127 -5140 END
START -18868 -7380 8996 -496 144 -6173 END
START -18688 -7432 8804 77 139 -7176 END
START -18436 -7268 9080 602 150 -8195 END
START -18120 -7184 8952 1077 176 -9205 END
START -17920 -6996 8804 1540 205 -10168 END
START -17692 -6784 8800 1920 218 -11148 END
START -17312 -6476 8732 2242 289 -12110 END
START -17012 -6336 8876 2495 310 -12957 END
START -16604 -5900 8872 2721 322 -13839 END
START -16216 -5748 8848 2891 283 -14635 END
START -15892 -5484 8928 3072 353 -15401 END
START -15536 -5440 9100 3245 328 -16176 END
START -15104 -5104 9084 3429 252 -16861 END
START -14792 -4996 9164 3608 171 -17564 END
START -14392 -4804 9376 3782 77 -18252 END
START -14168 -4416 9400 4039 -83 -18867 END
START -13932 -4316 9600 4291 -318 -19444 END
START -13536 -4092 10080 4596 -578 -20062 END
START -13312 -4024 10028 4970 -966 -20620 END
START -13100 -3904 10364 5367 -1408 -21168 END
START -12844 -3648 10600 5784 -1931 -21806 END
START -12412 -3456 10768 6257 -2491 -22355 END
START -12348 -3136 10868 6805 -3082 -22929 END
START -11820 -2748 10976 7314 -3621 -23472 END
START -11528 -2488 10912 7880 -4073 -24012 END
START -11200 -2260 11000 8452 -4563 -24558 END
START -10816 -2064 11004 9016 -4954 -25146 END
START -10340 -1740 10952 9574 -5249 -25715 END
START -9952 -1532 10992 10111 -5499 -26275 END
START -9324 -1244 10980 10653 -5587 -26860 END
START -8652 -904 10856 11216 -5707 -27418 END
START -8112 -740 10880 11644 -5649 -27945 END
START -7520 -280 11044 12276 -5552 -28449 END
START -6828 252 10952 12276 -5421 -28926 END
START -6232 812 11272 12847 -5143 -29355 END
START -5392 1212 11288 13053 -4736 -29725 END
START -4636 1792 11564 13292 -4214 -30022 END
START -3816 2448 11644 13329 -3608 -30256 END
START -2952 3064 11976 13300 -2874 -30350 END
START -2000 3876 12144 13161 -1981 -30442 END
START -744 4332 12172 12879 -908 -30426 END
START 388 4748 12292 12531 353 -30335 END
START 1212 5248 12856 11975 1665 -30122 END
START 2216 5832 13280 11652 3088 -29874 END
START 2992 6476 14076 10862 4582 -29480 END
START 3720 7068 14876 10173 5968 -28996 END
START 4164 7688 15808 9412 7133 -28440 END
START 4952 8012 16980 8619 8037 -27824 END
START 5432 8368 18020 7830 8779 -27144 END
START 5956 8536 18820 7031 9371 -26399 END
START 6284 8680 20056 6234 9779 -25576 END
START 6440 8812 21040 5486 9987 -24762 END
START 6644 8948 22048 4863 9908 -23937 END
START 6780 9028 22752 4251 9625 -23020 END
START 6772 8952 23496 3730 9008 -22138 END
START 6840 8992 24104 3286 8178 -21315 END
START 7032 9072 24644 2924 7255 -20570 END
START 7160 9208 25016 2665 6106 -19773 END
START 7392 9292 25008 2495 4874 -18970 END
START 7768 9384 25276 2341 3532 -18217 END
START 8216 9492 25228 2216 2252 -17389 END
START 8832 9560 25104 2133 1027 -16502 END
START 9324 9656 24772 2078 -164 -15577 END
START 9776 9620 24300 1983 -1166 -14643 END
START 10348 9960 23796 1901 -2060 -13577 END
START 11140 10032 23208 1759 -2732 -12535 END
START 11864 10116 22708 1550 -3201 -11417 END
START 12440 10180 22104 1259 -3477 -10218 END
START 13064 10196 21592 942 -3450 -9042 END
START 13508 10184 20996 585 -3339 -7852 END
START 13820 10236 20584 139 -3029 -6634 END
START 13920 10144 19952 -300 -2510 -5404 END
START 14088 10024 19496 -701 -1980 -4236 END
START 13984 9820 19224 -1101 -1317 -3031 END
START 13760 9524 18984 -1476 -627 -2000 END
START 13488 9068 18660 -1821 -29 -967 END
START 12996 8740 18652 -2096 543 -4 END
START 12732 8504 18420 -2359 1019 853 END
START 12356 8060 18364 -2603 1452 1721 END
START 11924 7600 18444 -2794 1844 2557 END
START 11360 7184 18372 -2975 2172 3344 END
START 10820 6812 18272 -3118 2432 4034 END
START 10164 6352 18112 -3313 2610 4736 END
START 9296 6144 18412 -3451 2705 5360 END
START 8572 5648 18488 -3575 2666 5913 END
START 7964 5320 18400 -3702 2522 6425 END
START 7168 4868 18448 -3808 2297 6901 END
START 6468 4288 18536 -3863 1974 7338 END
START 5692 3860 18200 -3936 1655 7745 END
START 5088 3184 18024 -4008 1259 8086 END
START 4480 2880 17804 -4038 924 8396 END
START 3748 2404 17536 -4068 546 8653 END
START 3488 2148 17352 -4040 176 8840 END
START 2944 1668 17076 -4035 -138 9006 END
START 2456 1452 16840 -4004 -385 9129 END
START 1876 1004 16396 -3994 -679 9216 END
START 1440 780 16100 -3965 -890 9280 END
START 972 388 15784 -3925 -1085 9279 END
START 464 196 15616 -3909 -1264 9346 END
START 176 -64 15268 -3874 -1397 9335 END
START -28 -144 15252 -3861 -1488 9316 END
START -436 -344 14788 -3811 -1574 9308 END
START -608 -500 14644 -3757 -1619 9314 END
START -1012 -660 14492 -3738 -1574 9271 END
START -1152 -936 14400 -3667 -1577 9235 END
START -1488 -960 14240 -3621 -1489 9216 END
START -1756 -1084 14228 -3582 -1447 9142 END
START -2152 -1148 14084 -3532 -1389 9096 END
START -2316 -1224 14172 -3529 -1289 9009 END
START -2544 -1152 14216 -3486 -1249 8928 END
START -2864 -1308 14480 -3461 -1247 8830 END
START -3124 -1372 14260 -3425 -1225 8722 END
START -3292 -1300 14500 -3412 -1301 8637 END
START -3328 -1476 14364 -3372 -1329 8520 END
START -3476 -1516 14560 -3303 -1365 8410 END
START -3592 -1468 14588 -3308 -1381 8324 END
START -3684 -1604 14552 -3229 -1416 8199 END
START -3732 -1484 14660 -3164 -1399 8111 END
START -3816 -1556 14724 -3108 -1401 7989 END
START -3964 -1556 14780 -3053 -1384 7899 END
START -4240 -1576 14788 -2972 -1416 7750 END
START -4416 -1592 15060 -2928 -1422 7614 END