START -9684 -3060 16344 -5024 -1528 -9705 END
START -7016 -2356 9988 -5220 -2495 -11048 END
START -5540 -3044 11540 -5040 -908 -11830 END
START -6160 -2120 13948 -4798 210 -12753 END
START -6724 -1536 14788 -4376 976 -13407 END
START -6992 -900 15208 -3731 1368 -13817 END
START -6624 -12 14852 -2929 1663 -14064 END
START -5944 640 14856 -2049 2140 -14091 END
START -5208 1460 14884 -1216 2510 -13913 END
START -4668 2380 15108 -379 2889 -13640 END
START -4096 3364 15760 344 3026 -13132 END
START -3268 4008 16168 1046 3149 -12487 END
START -2384 4552 16948 1719 3283 -11676 END
START -1548 4912 17780 2260 3339 -10753 END
START -732 5052 18660 2736 3341 -9803 END
START -232 5088 19492 3020 3267 -8825 END
START 132 5020 20288 3220 3185 -7876 END
START 520 4700 21420 3317 2917 -6907 END
START 596 4576 21764 3298 2545 -6010 END
START 516 4484 22460 3088 2077 -5109 END
START 244 4500 22724 2824 1581 -4255 END
START 260 4500 23036 2502 1032 -3353 END
START 248 4104 22972 2111 458 -2511 END
START 176 3564 22732 1809 -122 -1692 END
START 40 2988 22176 1491 -621 -1007 END
START 36 2452 21692 1373 -1039 -381 END
START -180 1992 21036 1321 -1340 69 END
START -588 1620 20424 1376 -1625 388 END
START -952 996 19760 1504 -1813 641 END
START -1324 300 19056 1670 -1946 782 END
START -2004 -468 18676 1861 -2024 826 END
START -2372 -940 18480 2073 -2084 756 END
START -3080 -1200 18252 2345 -2143 497 END
START -3420 -1900 17936 2592 -2130 148 END
START -3496 -2424 17744 2834 -2015 -294 END
START -3612 -2784 17648 2996 -1691 -893 END
START -3636 -2912 17652 3131 -1373 -1464 END
START -3672 -3024 17720 3100 -1055 -2133 END
START -3560 -2716 17992 3050 -609 -2823 END
START -3440 -2828 17940 2875 -69 -3445 END
START -3180 -2604 18276 2660 389 -3999 END
START -2856 -2340 18588 2383 852 -4507 END
START -2664 -1984 19072 2135 1235 -4980 END
START -2672 -1384 19484 1742 1580 -5272 END
START -2500 -944 19920 1480 1731 -5502 END
START -2340 -424 20072 1132 1814 -5502 END
START -1888 -92 20328 904 1846 -5416 END
START -1536 228 20580 703 1879 -5182 END
START -1212 444 20788 523 1787 -4948 END
START -948 640 20736 342 1740 -4608 END
START -704 920 20872 175 1615 -4241 END
START -636 1176 21024 6 1510 -3776 END
START -420 1544 21104 -241 1384 -3307 END
START -248 1808 21204 -485 1251 -2733 END
START -340 1884 21516 -862 1068 -2139 END
START -236 1800 21744 -1204 866 -1524 END
START -448 1580 21564 -1545 602 -984 END
START -328 1440 21484 -1800 407 -456 END
START -324 1248 21388 -2013 196 -19 END
START -624 892 21564 -2225 -21 407 END
START -636 636 21508 -2431 -333 766 END
START -828 432 21580 -2619 -704 1109 END
START -1044 184 21604 -2823 -1066 1433 END
START -988 60 21384 -3065 -1386 1689 END
START -1116 64 21208 -3284 -1702 1893 END
START -1032 -112 21084 -3473 -1917 2098 END
START -864 -260 20700 -3654 -2046 2169 END
START -716 -476 20448 -3866 -2103 2269 END
START -520 -612 20176 -4062 -2131 2320 END
START -416 -528 20108 -4317 -2109 2377 END
START -272 -600 19692 -4656 -2042 2363 END
START -212 -456 19624 -4980 -1927 2408 END
START -164 -608 19292 -5333 -1797 2435 END
START 116 -600 19148 -5611 -1681 2457 END
START 212 -576 19008 -5845 -1529 2442 END
START 300 -604 18760 -6103 -1410 2447 END
START 304 -648 18660 -6299 -1321 2359 END
START 332 -640 18380 -6481 -1221 2349 END
START 184 -644 18092 -6577 -1211 2282 END
START 484 -552 17888 -6679 -1207 2177 END
START 416 -600 17848 -6725 -1185 2152 END
START 724 -596 17628 -6763 -1223 2093 END
START 840 -552 17196 -6769 -1251 2075 END
START 1172 -392 17024 -6809 -1218 2077 END
START 1324 -100 16672 -6883 -1253 2124 END
START 1616 184 16604 -6996 -1305 2164 END
START 1828 304 16280 -7045 -1325 2276 END
START 2128 360 15992 -7151 -1358 2428 END
START 2352 392 16000 -7211 -1418 2584 END
START 2748 648 15500 -7318 -1439 2863 END
START 3016 900 15356 -7331 -1519 3098 END
START 3036 1152 14996 -7396 -1512 3392 END
START 3236 1440 14588 -7391 -1540 3716 END
START 3436 1644 14220 -7396 -1545 4024 END
START 3680 1508 13892 -7325 -1446 4402 END
START 3824 1732 13576 -7341 -1366 4788 END
START 3824 1784 13384 -7288 -1238 5184 END
START 3932 1844 13236 -7290 -1216 5557 END
START 3944 1824 13072 -7368 -1096 5963 END
START 3900 1800 12964 -7391 -1094 6356 END
START 3764 1644 12680 -7450 -1009 6737 END
START 3532 1944 12432 -7448 -924 7149 END
START 3404 2132 12392 -7482 -855 7561 END
START 3196 2084 12248 -7505 -750 8040 END
START 2920 2024 11924 -7508 -687 8447 END
START 2572 2024 11912 -7535 -634 8908 END
START 2124 2072 11636 -7493 -580 9310 END
START 1724 1872 11676 -7497 -556 9681 END
START 1180 1832 11680 -7440 -581 10056 END
START 844 1580 11608 -7383 -663 10338 END
START 464 1484 11340 -7361 -720 10638 END
START -92 1456 11172 -7292 -801 10887 END
START -336 1296 11120 -7188 -941 11093 END
START -732 1292 11096 -7120 -1076 11255 END
START -1032 1276 10908 -7045 -1198 11436 END
START -1368 1336 10672 -6968 -1308 11542 END
START -1688 1276 10556 -6898 -1466 11573 END
START -1944 1108 10420 -6854 -1549 11630 END
START -2048 1136 10108 -6789 -1641 11664 END
START -2240 1068 9972 -6725 -1705 11666 END
START -2320 1100 9744 -6656 -1722 11720 END
START -2508 1032 9504 -6549 -1761 11679 END
START -2616 1208 9316 -6454 -1762 11631 END
START -2660 1056 9124 -6359 -1734 11570 END
START -2628 1208 8764 -6243 -1723 11538 END
START -2576 1196 8588 -6142 -1684 11506 END
START -2436 1184 8268 -5972 -1615 11447 END
START -2304 1168 8100 -5807 -1479 11403 END
START -2296 1144 7772 -5608 -1348 11386 END
START -2172 1012 7648 -5382 -1187 11331 END
START -2184 1188 7520 -5175 -1034 11370 END
START -2392 1356 7168 -5024 -891 11405 END
START -2356 1584 7188 -4817 -732 11526 END
START -2412 1668 7020 -4571 -657 11650 END
START -2532 1524 6984 -4350 -529 11803 END
START -2756 1384 6952 -4064 -442 11978 END
START -3136 1144 7072 -3750 -382 12163 END
START -3332 1152 7136 -3401 -448 12398 END
START -3636 1048 7348 -3044 -542 12412 END
START -4004 992 7512 -2687 -634 12838 END
START -4412 904 7412 -2347 -817 12865 END
START -4644 760 7268 -2048 -995 12862 END
START -4824 656 7136 -1762 -1127 13360 END
START -5152 460 7080 -1475 -1258 13403 END
START -5416 312 7056 -1178 -1388 13506 END
START -5732 20 6776 -882 -1539 13563 END
START -5888 -108 6760 -530 -1584 13612 END
START -6292 -384 6440 -196 -1614 13550 END
START -6524 -488 6320 204 -1597 13550 END
START -6868 -528 6060 581 -1548 13471 END
START -7008 -732 6056 1008 -1494 13333 END
START -7232 -1060 6024 1453 -1417 13270 END
START -7444 -1244 6180 1900 -1322 12805 END
START -7920 -1508 6232 2361 -1254 12898 END
START -8192 -1596 6352 2737 -1193 12682 END
START -8456 -1748 6624 3129 -1106 12154 END
START -8680 -1844 6752 3475 -976 11907 END
START -8812 -1892 6804 3813 -909 11578 END
START -9116 -1800 7016 4097 -733 11197 END
START -9292 -1772 7296 4362 -613 10824 END
START -9432 -1884 7272 4633 -411 10481 END
START -9580 -1892 7560 4795 -286 10170 END
START -9800 -1912 7732 5086 -143 9847 END
START -9940 -1940 7904 5288 -49 9600 END
START -10200 -1952 8160 5539 22 9324 END
START -10128 -1968 8260 5815 25 9111 END
START -10400 -1936 8440 6049 66 8897 END
START -10496 -1904 8796 6325 88 8733 END
START -10532 -2044 8824 6569 106 8553 END
START -10764 -1872 9108 6803 74 8357 END
START -10968 -1984 9280 6983 53 8202 END
START -11116 -1920 9476 7196 0 8108 END
START -11376 -2040 9580 7413 -73 7928 END
START -11600 -2044 9832 7661 -147 7798 END
START -11792 -2292 9904 7935 -222 7678 END
START -12092 -2664 10072 8208 -314 7480 END
START -12344 -2836 10136 8507 -391 7256 END
START -12684 -2984 10380 8844 -490 7002 END
START -12948 -3072 10744 9139 -668 6766 END
START -13212 -3300 10816 9477 -773 6435 END
START -13424 -3204 10956 9790 -931 6156 END
START -13764 -3564 11028 10119 -1052 5848 END
START -14024 -3720 11172 10452 -1126 5527 END
START -14176 -3996 11164 10806 -1164 5170 END
START -14368 -4132 11348 11125 -1174 4796 END
START -14672 -4520 11668 11531 -1174 4385 END
START -15056 -4532 11864 11717 -1086 3961 END
START -15452 -4744 12144 12188 -1085 3475 END
START -15564 -4956 12360 12309 -1065 2883 END
START -15908 -5152 12588 12676 -1008 2251 END
START -16184 -5216 13012 12965 -888 1616 END
START -16380 -5244 13324 13150 -833 993 END
START -16536 -5408 13740 13318 -814 345 END
START -16708 -5424 14192 13477 -821 -291 END
START -17064 -5608 14508 13615 -800 -900 END
START -17264 -5568 15116 13762 -841 -1502 END
START -17200 -5524 15400 13896 -943 -2105 END
START -17220 -5764 15844 14022 -1071 -2751 END
START -17316 -5676 16236 14111 -1283 -3409 END
START -17468 -5672 16816 14219 -1446 -4109 END
START -17508 -5368 17216 14319 -1706 -4749 END
START -17580 -5168 17692 14379 -1953 -5318 END
START -17628 -4900 18056 14402 -2328 -5851 END
START -17572 -4688 18556 14432 -2743 -6350 END
START -17468 -4548 18956 14481 -3187 -6773 END
START -17316 -4548 19336 14502 -3608 -7203 END
START -17140 -4412 19852 14555 -4135 -7611 END
START -17048 -4128 20408 14605 -4753 -7996 END
START -16784 -3912 20916 14671 -5403 -8311 END
START -16640 -3628 21500 14758 -6161 -8600 END
START -16472 -3188 22152 14834 -6944 -8769 END
START -16044 -3004 22620 14955 -7778 -8945 END
START -15408 -2872 23032 15053 -8536 -9149 END
START -14756 -2756 23376 15098 -9300 -9298 END
START -14272 -2836 23692 15107 -9929 -9499 END
START -13764 -2868 23900 15046 -10500 -9655 END
START -13032 -2684 24228 14896 -10860 -9902 END
START -12016 -2612 24304 14590 -11016 -10174 END
START -11176 -2692 24540 14183 -10996 -10452 END
START -10392 -2672 24580 13600 -10802 -10862 END
START -9792 -2448 24952 12915 -10459 -11267 END
START -9248 -2264 24956 12143 -10069 -11701 END
START -8524 -1988 25260 11352 -9585 -12206 END
START -7948 -1900 25636 10523 -9115 -12663 END
START -7240 -1768 25940 9641 -8520 -13164 END
START -6668 -1596 26260 8779 -7935 -13565 END
START -6040 -1236 26380 7887 -7445 -13926 END
START -5648 -916 26908 6942 -6975 -14272 END
START -5300 -472 27152 6065 -6557 -14614 END
START -4892 -284 27432 5096 -6226 -14868 END
START -4356 -84 27696 4216 -5838 -15095 END
START -3724 80 27840 3429 -5538 -15297 END
START -3020 352 27840 2649 -5096 -15435 END
START -2632 480 27696 1885 -4693 -15608 END
START -2048 820 27572 1110 -4237 -15732 END
START -1608 960 27652 435 -3853 -15850 END
START -1012 1076 27480 -290 -3439 -15919 END
START -576 1112 27380 -915 -3093 -15939 END
START -212 1232 27380 -1519 -2665 -15963 END
START 308 1168 27300 -2134 -2279 -15972 END
START 720 1068 27352 -2705 -1944 -15934 END
START 1056 1116 27228 -3294 -1648 -15899 END
START 1464 1252 27356 -3866 -1365 -15829 END
START 1632 1260 27144 -4459 -1178 -15738 END
START 2052 1396 26908 -5055 -986 -15626 END
START 2216 1480 26920 -5610 -899 -15477 END
START 2596 1608 26600 -6092 -755 -15321 END
START 2832 1616 26400 -6575 -648 -15211 END
START 3116 1776 25864 -7008 -560 -15009 END
START 3168 1668 25568 -7416 -428 -14787 END
START 3376 1644 25212 -7777 -366 -14623 END
START 3480 1656 24896 -8090 -288 -14493 END
START 3528 1892 24580 -8447 -197 -14289 END
START 3556 2176 24136 -8806 -154 -14109 END
START 3808 2432 23856 -9146 22 -13846 END
START 4104 2616 23268 -9545 164 -13535 END
START 4260 2716 22844 -9979 347 -13177 END
START 4604 2604 22328 -10409 624 -12837 END
START 4884 2540 21732 -10853 1000 -12515 END
START 4956 2684 21416 -11348 1363 -12193 END
START 5060 2792 20840 -11829 1826 -11940 END
START 5008 3020 20380 -12379 2262 -11624 END
START 5172 3084 19896 -12894 2739 -11388 END
START 5260 3052 19512 -13376 3173 -11096 END
START 4984 3024 19148 -13829 3636 -10776 END
START 4932 2836 18672 -14255 4029 -10521 END
START 4888 2692 18284 -14622 4406 -10262 END
START 4896 2604 17820 -14961 4731 -10069 END
START 4628 2588 17304 -15236 5123 -9852 END
START 4568 2556 17148 -15517 5397 -9679 END
START 4404 2520 16732 -15757 5642 -9464 END
START 3928 2312 16504 -15969 5796 -9294 END
START 3592 2200 16452 -16127 5783 -9065 END
START 3368 2008 16180 -16216 5611 -8890 END
START 2992 2128 16036 -16259 5376 -8659 END
START 2780 2052 15832 -16209 5087 -8472 END
START 2676 1928 15724 -16112 4729 -8226 END
START 2532 1844 15476 -16001 4242 -7999 END
START 2340 1680 15204 -15841 3777 -7744 END
START 2252 1616 15208 -15649 3240 -7538 END
START 2160 1732 14632 -15477 2727 -7322 END
START 2100 1728 14484 -15320 2155 -7061 END
START 1972 1800 14104 -15220 1621 -6812 END
START 1864 1892 13668 -15063 1111 -6491 END
START 1700 1936 13268 -14940 564 -6148 END
START 1672 2000 12636 -14799 123 -5827 END
START 1668 2020 12092 -14647 -273 -5470 END
START 1788 2100 11456 -14424 -552 -5098 END
START 1968 2236 10676 -14251 -757 -4692 END
START 2100 2192 10128 -13979 -902 -4336 END
START 1904 2304 9792 -13703 -1006 -3974 END
START 1744 2212 9296 -13457 -1057 -3597 END
START 1768 1900 8796 -13185 -1117 -3280 END
START 1776 1688 8364 -12917 -1131 -2947 END
START 1820 1596 7760 -12609 -1051 -2620 END
START 1876 1344 7332 -12285 -892 -2376 END
START 1784 1176 6636 -11995 -660 -2170 END
START 1740 1108 6600 -11664 -444 -1995 END
START 1772 908 6092 -11345 -132 -1861 END
START 1768 772 5644 -11043 209 -1672 END
START 1536 688 5356 -10751 679 -1531 END
START 1392 776 5004 -10484 1107 -1417 END
START 1276 632 4800 -10222 1578 -1298 END
START 1216 484 4648 -9968 2087 -1179 END
START 1060 424 4324 -9706 2591 -1103 END
START 1004 352 4188 -9448 3139 -1065 END
START 832 344 4244 -9243 3672 -1043 END
START 652 324 4140 -9006 4134 -1059 END
START 384 240 4308 -8825 4572 -1012 END
START 160 352 4312 -8608 4943 -1030 END
START 40 464 4356 -8394 5312 -1002 END
START -208 608 4444 -8148 5531 -1009 END
START -460 680 4588 -7853 5764 -965 END
START -576 700 4752 -7515 5886 -906 END
START -780 808 4968 -7129 5931 -870 END
START -780 936 5000 -6759 5931 -775 END
START -916 1188 5084 -6329 5734 -646 END
START -980 1292 5332 -5867 5548 -475 END
START -1048 1532 5588 -5375 5175 -255 END
START -1156 1620 5680 -4827 4762 3 END
START -1064 1788 5780 -4258 4387 326 END
START -1036 1760 5640 -3625 3861 657 END
START -924 2032 5784 -3037 3415 983 END
START -996 2172 5732 -2382 2923 1391 END
START -796 2240 5764 -1792 2429 1727 END
START -772 2456 5624 -1169 1987 2128 END
START -696 2412 5540 -623 1535 2529 END
START -760 2244 5696 -40 1048 2933 END
START -736 2192 5608 483 578 3287 END
START -848 2304 5288 1003 100 3657 END
START -900 2148 5384 1534 -250 4003 END
START -812 2104 5056 2150 -562 4355 END
START -780 2032 4624 2687 -707 4589 END
START -776 1912 4280 3297 -759 4872 END
START -724 1992 3988 3841 -656 5031 END
START -760 2064 3732 4300 -442 5228 END
START -844 2120 3640 4758 -116 5388 END
START -916 2308 3600 5140 314 5507 END
START -952 2264 3592 5500 798 5610 END
START -1160 2272 3772 5771 1340 5702 END
START -1388 2168 3932 6029 1911 5751 END
START -1756 2100 4156 6256 2370 5799 END
START -1984 1976 4444 6484 2908 5733 END
START -2416 1980 4608 6700 3322 5732 END
START -2864 1992 4772 6955 3686 5682 END
START -3256 1884 5308 7256 4006 5624 END
START -3588 1792 5260 7573 4181 5572 END
START -3792 1780 5564 7924 4340 5486 END
START -4068 1636 5932 8284 4385 5378 END
START -4364 1600 6212 8585 4411 5212 END
START -4592 1564 6544 8936 4354 5046 END
START -4756 1620 6860 9220 4300 4857 END
START -5040 1564 7120 9545 4133 4663 END
START -5092 1544 7504 9900 3927 4511 END
START -5224 1736 8020 10237 3622 4382 END
START -5092 1816 8156 10584 3276 4304 END
START -5020 1868 8420 10953 2854 4198 END
START -5116 2076 8716 11360 2398 4179 END
START -5128 2320 8980 11860 1901 4176 END
START -4860 2628 8956 12210 1455 4249 END
START -4716 2724 9080 12367 1023 4317 END
START -4256 2704 9048 12845 620 4347 END
START -4212 2756 9232 13171 315 4394 END
START -3984 3056 9432 13540 27 4394 END
START -3788 3344 9588 13825 -201 4457 END
START -3804 3408 9652 14088 -440 4517 END
START -3436 3616 9784 14343 -652 4665 END
START -2992 3840 9992 14483 -729 4778 END
START -2764 4268 9816 14650 -685 4860 END
START -2508 4476 9840 14712 -606 4974 END
START -2248 4668 9992 14715 -338 5086 END
START -2024 4880 10188 14721 -15 5242 END
START -1876 5040 10188 14700 348 5418 END
START -1896 5024 10164 14643 793 5558 END
START -1912 5072 10536 14584 1311 5747 END
START -2200 5024 10460 14554 1887 5888 END
START -2256 5044 10676 14562 2508 6018 END
START -2476 4948 10976 14577 3046 6065 END
START -2748 4964 11136 14579 3527 6127 END
START -3084 4780 11716 14619 3968 6183 END
START -3412 4752 12072 14752 4317 6244 END
START -3852 4792 12600 14911 4551 6297 END
START -4208 4588 12976 15211 4656 6376 END
START -4440 4640 13408 15599 4724 6446 END
START -5004 4388 14028 16034 4659 6527 END
START -5304 4392 14324 16495 4560 6670 END
START -5604 4244 15008 16868 4385 6744 END
START -5904 4128 15560 17285 4163 6806 END
START -6096 4144 15652 17605 3896 6795 END
START -6308 3980 16096 17884 3638 6782 END
START -6508 3828 16456 18141 3416 6741 END
START -6536 3804 16516 18352 3211 6629 END
START -6596 3800 16644 18494 3115 6507 END
START -6672 3740 16892 18667 3023 6365 END
START -6676 3652 17080 18780 2993 6231 END
START -6728 3576 17424 18922 2972 6063 END
START -6728 3460 17820 19036 2945 5853 END
START -6544 3548 18052 19003 2962 5644 END
START -6508 3672 18520 19030 2887 5444 END
START -6100 3748 19084 18912 2910 5226 END
START -5956 3956 19148 18702 3009 5061 END
START -5572 4240 19492 18439 3141 4974 END
START -5184 4568 19672 18058 3295 4913 END
START -5048 4772 19884 17623 3558 4888 END
START -4812 5108 20044 17169 3790 4983 END
START -4748 5380 20220 16638 4116 5053 END
START -4504 5644 20432 16089 4435 5240 END
START -4408 5700 20752 15557 4722 5458 END
START -4488 5688 20748 15071 4976 5780 END
START -4624 5620 20908 14547 5224 6071 END
START -4884 5584 20928 14123 5432 6462 END
START -5040 5540 21156 13736 5619 6819 END
START -5272 5272 20952 13392 5834 7142 END
START -5496 4972 21084 13108 6080 7433 END
START -5920 4856 21012 12800 6336 7736 END
START -6324 4604 21204 12644 6490 8048 END
START -6580 4096 21504 12187 6620 8292 END
START -6972 3392 21684 12433 6714 8388 END
START -7492 2948 21900 12006 6743 8420 END
START -8008 2528 22376 12057 6676 8413 END
START -8440 2116 22816 12070 6489 8368 END
START -8816 1948 23208 12080 6306 8296 END
START -9144 1804 23512 12091 6011 8192 END
START -9296 1780 23800 12087 5708 7995 END
START -9512 1712 24176 12076 5232 7781 END
START -9464 1732 24616 12073 4767 7542 END
START -9236 1808 24784 12053 4296 7316 END
START -8760 1924 25116 12009 3931 7127 END
START -8340 2264 25224 11901 3608 6957 END
START -7964 2564 25416 11490 3407 6873 END
START -7552 2904 25412 11078 3230 6811 END
START -7120 3356 25484 10569 3146 6816 END
START -6652 3656 25324 9912 3199 6771 END
START -6184 4004 25288 9247 3249 6866 END
START -5656 4092 25132 8591 3449 6843 END
START -5400 4360 24712 7867 3665 6837 END
START -5144 4396 24848 7252 3894 7027 END
START -4532 4280 24724 6702 4069 7215 END
START -4200 4324 24160 6132 4269 7247 END
START -4036 4448 23748 5511 4411 7289 END
START -3872 4292 23520 4905 4617 7327 END
START -3532 4100 23100 4311 4855 7460 END
START -3044 4092 22800 3835 5044 7655 END
START -2760 4028 22620 3455 5239 7833 END
START -2460 4052 22160 3102 5428 8038 END
START -2168 4036 21740 2803 5662 8257 END
START -1848 3708 21376 2520 5878 8462 END
START -1716 3276 20972 2344 6092 8609 END
START -1580 3116 20768 2154 6352 8772 END
START -1200 2940 20404 2041 6630 8934 END
START -1040 2848 19968 1960 7021 9031 END
START -988 2960 19956 1882 7358 9168 END
START -884 2900 19844 1846 7652 9275 END
START -936 3020 19972 1783 7922 9375 END
START -792 3088 19904 1724 8253 9461 END
START -852 3056 19960 1721 8495 9550 END
START -776 3460 20228 1679 8685 9715 END
START -996 3460 20580 1702 8883 9934 END
START -644 3656 20792 1724 9010 9994 END
START -740 3756 20840 1627 9171 10073 END
START -876 3924 21172 1445 9262 10099 END
START -644 4188 21212 1145 9372 10180 END
START -736 4360 21292 788 9534 10275 END
START -844 4720 21584 346 9587 10503 END
START -672 5028 21696 -48 9736 10680 END
START -840 5108 21776 -471 9764 10882 END
START -980 5228 22108 -985 9793 11137 END
START -1104 5136 22252 -1466 9811 11326 END
START -1160 5164 22460 -2032 9770 11477 END
START -1332 5044 22600 -2579 9618 11645 END
START -1348 5088 22484 -3159 9454 11823 END
START -1556 5048 22708 -3778 9247 11972 END
START -1768 5216 22640 -4349 9054 12230 END
START -1880 5296 22752 -4904 8742 12348 END
START -2168 5240 22524 -5416 8411 12816 END
START -2452 5164 22364 -5927 8090 12941 END
START -2680 5124 22296 -6361 7677 13050 END
START -3052 5124 21968 -6701 7278 13568 END
START -3372 5300 21736 -7049 6847 13915 END
START -3812 5444 21504 -7351 6427 14297 END
START -4416 5512 21372 -7699 6020 14717 END
START -4916 5620 21312 -8034 5622 15210 END
START -5364 5240 21076 -8316 5199 15659 END
START -5848 4908 20844 -8636 4825 16026 END
START -6284 4472 20624 -8970 4458 16289 END
START -7084 4020 20708 -9332 4101 16536 END
START -7840 3544 20568 -9684 3698 16627 END
START -8640 3328 20600 -10036 3290 16752 END
START -8952 2904 20416 -10377 2842 16653 END
START -9600 2540 20168 -10692 2435 16470 END
START -10068 2188 20004 -11015 1971 16215 END
START -10560 1696 19800 -11309 1530 15908 END
START -10788 1416 19372 -11571 977 15452 END
START -11164 1180 19104 -11792 575 14989 END
START -11316 1152 18504 -11911 230 14463 END
START -11596 1160 18088 -11940 -6 13930 END
START -11792 1044 17700 -11967 -190 13460 END
START -11992 1204 17456 -12077 -273 12773 END
START -12224 1012 17376 -12213 -441 12372 END
START -12452 1124 16828 -12343 -503 11988 END
START -12776 1220 16568 -12602 -657 11523 END
START -13004 1108 16264 -12777 -736 11093 END
START -13208 924 16112 -12969 -844 10641 END
START -13460 712 15764 -13120 -948 10130 END
START -13780 700 15304 -13208 -1063 9643 END
START -14136 680 15096 -13257 -1197 9196 END
START -14280 732 15024 -13254 -1317 8793 END
START -14368 820 14628 -13294 -1497 8451 END
START -14648 788 14600 -13304 -1693 8107 END
START -14776 732 14432 -13319 -1917 7770 END
START -14996 692 14408 -13355 -2149 7397 END
START -14980 520 14132 -13398 -2416 7021 END
START -15028 516 13992 -13435 -2648 6665 END
START -15060 652 13708 -13510 -2841 6309 END
START -15052 548 13552 -13571 -3056 5950 END
START -15240 672 13424 -13678 -3262 5593 END
START -15520 664 13348 -13812 -3464 5276 END
START -15712 632 13132 -13995 -3684 4935 END
START -15844 332 13064 -14093 -3946 4607 END
START -16120 216 12996 -14159 -4227 4167 END
START -16300 132 12804 -14112 -4489 3729 END
START -16592 28 12724 -14071 -4890 3313 END
START -16716 -24 12616 -14038 -5222 2902 END
START -16684 -24 12392 -13924 -5608 2440 END
START -16616 -320 12256 -13842 -6023 1875 END
START -16616 -620 11856 -13717 -6390 1234 END
START -16720 -772 11400 -13547 -6760 580 END
START -16816 -888 11188 -13328 -7118 -98 END
START -16812 -1024 10804 -13035 -7451 -804 END
START -16696 -1056 10352 -12718 -7786 -1480 END
START -16656 -1308 9996 -12311 -8041 -2263 END
START -16624 -1508 9968 -11879 -8323 -3024 END
START -16624 -1308 9316 -11306 -8481 -3788 END
START -16732 -1068 9008 -10784 -8645 -4433 END
START -16524 -816 8464 -10251 -8708 -5073 END
START -16220 -788 8204 -9661 -8743 -5714 END
START -16084 -760 7964 -9143 -8734 -6385 END
START -16032 -828 7676 -8605 -8731 -6997 END
START -15896 -424 7492 -8008 -8653 -7639 END
START -15516 -188 7208 -7442 -8482 -8262 END
START -15308 144 6908 -6885 -8275 -8834 END
START -14932 420 6720 -6351 -8032 -9384 END
START -14636 504 6920 -5866 -7734 -9841 END
START -14212 560 6904 -5423 -7426 -10289 END
START -13876 820 6924 -5003 -7141 -10712 END
START -13420 976 7076 -4655 -6830 -11118 END
START -13152 1296 7288 -4387 -6449 -11504 END
START -12716 1524 7332 -4130 -6082 -11863 END
START -12552 1812 7720 -3925 -5698 -12196 END
START -12344 2152 7620 -3755 -5306 -12469 END
START -12008 2292 7920 -3617 -4920 -12747 END
START -11708 2488 7860 -3462 -4552 -12964 END
START -11636 2468 7880 -3377 -4161 -13262 END
START -11496 2108 8076 -3265 -3779 -13517 END
START -11416 1988 8004 -3097 -3539 -13846 END
START -11268 1924 8248 -2907 -3235 -14163 END
START -11160 1944 8228 -2677 -2979 -14565 END
START -11220 1968 8228 -2386 -2794 -14968 END
START -11336 1936 8216 -2056 -2659 -15351 END
START -11524 1896 8356 -1708 -2616 -15751 END
START -11484 1828 8548 -1318 -2631 -16158 END
START -11568 1912 8524 -871 -2711 -16546 END
START -11616 2112 8644 -472 -2908 -16921 END
START -11580 2304 8656 -15 -3115 -17360 END
START -11628 2528 8728 359 -3310 -17777 END
START -11484 2784 8776 816 -3551 -18200 END
START -11124 3152 8764 1252 -3773 -18600 END
START -11040 3128 9068 1752 -3989 -18937 END
START -10740 3188 8968 2249 -4231 -19237 END
START -10536 3428 9168 2756 -4485 -19512 END
START -10436 3552 9256 3238 -4757 -19748 END
START -10260 3652 9368 3770 -5111 -19962 END
START -10376 3896 9520 4266 -5463 -20187 END
START -10208 3948 9608 4789 -5901 -20362 END
START -10080 4172 9468 5309 -6310 -20506 END
START -9996 4316 9480 5902 -6711 -20609 END
START -9744 4544 9188 6452 -7104 -20755 END
START -9484 4864 9068 7025 -7401 -20821 END
START -9108 5056 9040 7563 -7664 -20961 END
START -8892 5088 8972 8073 -7839 -21023 END
START -8536 5320 8832 8463 -8013 -21115 END
START -8136 5224 8916 8817 -8116 -21157 END
START -7944 5468 8852 9164 -8137 -21235 END
START -7540 5800 8676 9459 -8091 -21288 END
START -7132 6032 8736 9669 -7840 -21431 END
START -6472 6248 8668 9834 -7474 -21573 END
START -5792 6436 8548 9795 -6824 -21700 END
START -5172 6468 8532 9720 -5983 -21820 END
START -4648 6876 8476 9362 -5054 -21899 END
START -4048 7028 8432 8909 -3931 -21991 END
START -3636 7260 8632 8322 -2783 -22078 END
START -3436 7416 8720 7693 -1569 -22109 END
START -3424 7368 8996 7066 -428 -22161 END
START -3352 7192 9224 6530 573 -22199 END
START -3340 7076 9304 6037 1475 -22244 END
START -3336 6960 9456 5708 2374 -22269 END
START -3484 6884 9628 5442 3149 -22331 END
START -3416 6724 10032 5314 3885 -22408 END
START -3640 6576 10228 5310 4360 -22491 END
START -3784 6488 10696 5369 4692 -22563 END
START -3932 6400 10904 5581 4872 -22638 END
START -3904 6408 11480 5805 4832 -22653 END
START -3968 6364 11848 6173 4598 -22702 END
START -4044 6180 12420 6573 4209 -22726 END
START -3860 5968 12768 7063 3687 -22727 END
START -3668 5924 13064 7643 3108 -22721 END
START -3464 5892 13268 8216 2442 -22641 END
START -3144 5556 13692 8839 1794 -22625 END
START -2536 5380 14012 9454 1141 -22559 END
START -1884 5376 14184 10046 538 -22573 END
START -1220 5652 14204 10588 167 -22678 END
START -560 6148 14576 11012 -143 -22771 END
START 160 6872 14696 11335 -213 -22783 END
START 900 7488 15012 11520 -63 -22703 END
START 1756 7988 15280 11363 275 -22502 END
START 2068 8532 15536 11132 704 -22268 END
START 2364 8876 15716 10681 1255 -21934 END
START 2920 9332 16160 10074 1939 -21554 END
START 2996 9956 16428 9351 2823 -21240 END
START 2916 10108 16240 8546 3629 -20930 END
START 2744 10372 16860 7645 4441 -20564 END
START 2176 10652 17172 6705 5118 -20160 END