START -5448 -664 17320 1041 -610 -1207 END
START 2520 -3716 9576 827 -2211 -1074 END
START 1408 -2364 13224 974 -1310 -845 END
START -1588 -2012 17272 1089 -1336 -673 END
START -1848 -1952 17772 1192 -1851 -476 END
START -412 -1848 16456 1327 -1984 -272 END
START 128 -1928 16100 1478 -1888 -33 END
START -296 -2060 16464 1562 -2083 219 END
START 192 -2108 16400 1678 -2122 443 END
START -308 -2104 17148 1694 -1841 681 END
START -700 -2192 17668 1665 -1588 904 END
START -416 -2432 17320 1602 -1479 1128 END
START -84 -2592 16944 1447 -1245 1268 END
START -104 -2732 17200 1264 -863 1398 END
START -364 -2968 17776 1027 -527 1455 END
START -328 -3272 17584 797 -148 1466 END
START -604 -3212 17768 491 281 1407 END
START -836 -3256 17980 278 796 1362 END
START -844 -3184 17912 26 1218 1192 END
START -936 -2996 17976 -213 1699 1062 END
START -1144 -3020 18436 -463 2178 852 END
START -1392 -2680 18612 -708 2487 688 END
START -1596 -2500 18928 -994 2652 593 END
START -1456 -2552 19372 -1196 2835 523 END
START -1352 -2440 19500 -1463 2909 323 END
START -1208 -2272 19708 -1703 3028 148 END
START -1188 -2224 19752 -1921 3077 -43 END
START -1012 -2228 19996 -2132 3052 -265 END
START -808 -2160 20192 -2317 3029 -440 END
START -424 -1872 20248 -2478 3019 -581 END
START -160 -1404 20296 -2610 3027 -673 END
START 136 -880 20480 -2764 2969 -731 END
START 232 -584 20568 -2960 3026 -736 END
START 532 -336 20732 -3143 3008 -677 END
START 868 -108 20832 -3413 3088 -514 END
START 1168 352 20980 -3727 3184 -307 END
START 1496 536 21272 -4088 3253 -61 END
START 1932 776 21292 -4453 3289 204 END
START 1860 804 21532 -4858 3269 505 END
START 2176 904 21668 -5287 3342 779 END
START 2396 1016 21840 -5712 3233 1052 END
START 2604 1036 22052 -6150 3104 1349 END
START 2528 1196 22148 -6570 2881 1637 END
START 2672 1408 22000 -6962 2651 1973 END
START 2832 1484 22068 -7451 2344 2269 END
START 2944 1700 21884 -7826 2077 2607 END
START 3120 1876 21540 -8231 1739 2927 END
START 3400 2012 21172 -8667 1466 3264 END
START 3792 2240 20572 -8947 1290 3565 END
START 3892 2380 20332 -9251 1136 3922 END
START 3984 2532 19868 -9564 992 4324 END
START 4256 2628 19572 -9754 847 4679 END
START 4408 2728 18992 -9894 754 5163 END
START 4460 2808 18668 -10036 678 5632 END
START 4592 2704 18112 -10083 612 6122 END
START 4632 2808 17328 -10112 659 6612 END
START 4712 2832 16936 -10120 780 7047 END
START 4720 2764 16124 -10084 999 7504 END
START 4632 2904 15596 -10044 1311 7920 END
START 4480 2920 15204 -10029 1612 8341 END
START 4212 3080 14984 -9985 1951 8730 END
START 4100 3000 14772 -9932 2202 9114 END
START 3644 2920 14588 -9829 2440 9546 END
START 3332 2932 14460 -9724 2666 9919 END
START 3072 2876 14444 -9565 2886 10301 END
START 2716 2560 14332 -9410 3104 10616 END
START 2276 2552 14004 -9278 3364 10938 END
START 2176 2268 14000 -9211 3575 11157 END
START 1772 2168 13832 -9070 3679 11289 END
START 1448 2184 13968 -9040 3835 11448 END
START 1016 2240 13912 -8986 3866 11549 END
START 700 2476 13744 -8914 3730 11602 END
START 452 2708 13724 -8874 3603 11653 END
START 356 2604 13688 -8844 3389 11758 END
START 180 2640 13332 -8767 3161 11844 END
START 92 2472 12800 -8694 2934 11908 END
START 48 2508 12652 -8578 2788 11980 END
START 48 2632 11992 -8472 2642 12100 END
START 176 2712 11424 -8367 2559 12117 END
START 116 2632 10896 -8166 2594 12146 END
START 280 2604 10496 -8026 2671 12233 END
START 260 2672 10224 -7891 2773 12423 END
START 432 2740 10040 -7762 2825 12471 END
START 332 2640 9640 -7619 2960 12719 END
START 212 2720 9252 -7499 3049 12825 END
START 332 2752 8976 -7390 3196 12906 END
START 208 2784 8648 -7254 3285 12811 END
START 284 2788 8332 -7149 3438 12822 END
START 336 2788 7932 -7042 3585 13033 END
START 360 2916 7732 -6904 3743 13151 END
START 404 2864 7548 -6741 3924 13348 END
START 244 2916 7288 -6554 4041 13547 END
START 148 2928 7252 -6287 4243 13786 END
START 68 3068 7216 -6028 4356 14045 END
START -192 3152 7452 -5735 4496 14422 END
START -520 3328 7548 -5409 4450 14808 END
START -752 3344 7592 -5074 4410 15195 END
START -1024 3292 7576 -4789 4267 15648 END
START -1328 3000 7424 -4458 4134 16050 END
START -1496 2812 7408 -4094 3926 16456 END
START -1792 2576 7416 -3815 3738 16783 END
START -2084 2504 7440 -3440 3607 17054 END
START -2756 2472 7440 -3090 3390 17337 END
START -3124 2244 7520 -2660 3114 17524 END
START -3688 2108 7584 -2298 2853 17656 END
START -4128 1880 7520 -1903 2552 17790 END
START -4624 1700 7520 -1532 2260 17875 END
START -4896 1480 7588 -1134 2019 17871 END
START -5304 1212 7500 -818 1751 17834 END
START -5660 1024 7664 -459 1547 17752 END
START -6260 884 7688 -156 1239 17576 END
START -6552 512 7816 104 993 17326 END
START -6992 392 7756 350 730 17035 END
START -7092 200 7812 613 477 16729 END
START -7200 -8 7588 780 308 16377 END
START -7212 -112 7460 985 219 16021 END
START -7232 -112 7296 1136 233 15630 END
START -7116 -96 7212 1241 326 15266 END
START -7120 24 7156 1311 528 14927 END
START -6928 192 7016 1354 769 14578 END
START -6788 312 6788 1354 1108 14293 END
START -6712 472 6656 1361 1509 14111 END
START -6808 740 6644 1395 1935 14074 END
START -6948 1124 6676 1428 2411 14103 END
START -7168 1520 6972 1472 2882 14171 END
START -7516 1748 7228 1533 3285 14286 END
START -7664 1820 7668 1611 3553 14438 END
START -7728 1624 7984 1682 3673 14635 END
START -8004 1372 8252 1794 3728 14773 END
START -8336 1060 8804 1849 3622 14924 END
START -8492 676 9084 1980 3412 14988 END
START -8720 264 9356 2097 3039 15042 END
START -9056 -12 9488 2210 2644 15036 END
START -9324 -220 9724 2365 2147 14990 END
START -9628 -376 9720 2586 1592 14901 END
START -9932 -580 9780 2736 990 14816 END
START -10220 -596 9860 2949 373 14674 END
START -10180 -608 9764 3141 -278 14462 END
START -10252 -720 9544 3375 -947 14254 END
START -10180 -824 9216 3618 -1520 14033 END
START -10264 -1112 9088 3865 -1976 13780 END
START -10324 -1292 8928 4169 -2420 13551 END
START -10432 -1296 8692 4472 -2732 13320 END
START -10340 -1412 8340 4792 -2951 13150 END
START -10272 -1444 7916 5093 -2983 12609 END
START -10244 -1424 7792 5382 -2846 12595 END
START -10196 -1240 7460 5695 -2488 12055 END
START -9984 -1292 7060 5912 -1975 11850 END
START -9956 -1392 6956 6147 -1294 11582 END
START -9696 -1504 6836 6284 -520 11329 END
START -9752 -1508 6876 6373 297 11095 END
START -9840 -1196 7116 6464 1078 10910 END
START -9848 -888 7348 6530 1884 10743 END
START -10176 -584 7724 6590 2658 10641 END
START -10500 -524 8108 6706 3369 10609 END
START -10856 -332 8696 6786 3990 10607 END
START -11136 -196 9240 6892 4523 10662 END
START -11540 -340 9704 7027 4896 10697 END
START -11764 -400 10280 7112 5123 10701 END
START -12232 -588 10872 7227 5201 10668 END
START -12664 -700 11396 7327 5148 10574 END
START -13008 -900 11968 7483 4933 10423 END
START -13096 -1032 12192 7599 4539 10225 END
START -13732 -1192 12700 7832 4023 9984 END
START -13912 -1404 13008 8031 3459 9717 END
START -14088 -1552 13448 8297 2836 9397 END
START -14332 -1732 13692 8552 2162 9080 END
START -14480 -2056 14056 8797 1516 8697 END
START -14724 -2220 13988 9016 845 8226 END
START -14912 -2348 14176 9222 250 7820 END
START -14904 -2552 14072 9327 -219 7387 END
START -14788 -2668 14448 9436 -676 6992 END
START -14504 -2772 14324 9441 -998 6591 END
START -14520 -2632 14028 9461 -1145 6184 END
START -14472 -2496 14092 9376 -1236 5718 END
START -14516 -2364 14048 9347 -1228 5361 END
START -14380 -2268 13876 9239 -980 5036 END
START -14452 -2256 13764 9155 -682 4727 END
START -14452 -2180 13684 9070 -277 4480 END
START -14288 -2148 13656 8910 268 4249 END
START -14224 -2056 13808 8760 919 4036 END
START -14356 -2132 13956 8616 1604 3837 END
START -14392 -1824 14112 8461 2348 3590 END
START -14484 -1744 14428 8252 3043 3408 END
START -14764 -1608 14808 8077 3597 3221 END
START -14988 -1656 15380 7896 4080 3070 END
START -15240 -1716 15928 7675 4414 2856 END
START -15660 -1888 16360 7555 4596 2665 END
START -15976 -2076 16888 7449 4648 2385 END
START -16224 -2428 17216 7361 4553 2112 END
START -16344 -2676 17348 7324 4431 1693 END
START -16508 -2892 17704 7340 4135 1328 END
START -16612 -2928 17792 7384 3885 836 END
START -16584 -3200 17984 7417 3561 431 END
START -16748 -3184 18264 7462 3234 -15 END
START -16924 -3336 18352 7471 2829 -395 END
START -16844 -3444 18512 7553 2427 -798 END
START -16944 -3552 18676 7648 1883 -1286 END
START -16968 -3644 18824 7773 1343 -1754 END
START -17092 -3716 18660 7917 775 -2262 END
START -17052 -3640 18584 8067 291 -2776 END
START -16948 -3596 18260 8245 -107 -3296 END
START -16912 -3472 18316 8389 -445 -3856 END
START -16752 -3288 18060 8500 -628 -4314 END
START -16664 -3180 17976 8522 -762 -4821 END
START -16588 -3128 17908 8496 -824 -5309 END
START -16492 -3116 17816 8415 -798 -5757 END
START -16412 -3172 17644 8325 -733 -6305 END
START -16212 -3212 17668 8191 -558 -6858 END
START -15992 -3120 17732 8076 -320 -7421 END
START -15644 -2880 17524 7985 -41 -7915 END
START -15292 -2696 17744 7825 313 -8386 END
START -14956 -2400 17896 7731 663 -8851 END
START -14688 -2192 18148 7488 992 -9247 END
START -14328 -1836 18656 7327 1330 -9570 END
START -14100 -1728 19100 7074 1520 -9811 END
START -13804 -1476 19528 6787 1671 -10026 END
START -13544 -1444 19840 6498 1741 -10230 END
START -13340 -1428 20248 6229 1742 -10409 END
START -13116 -1528 20556 5962 1637 -10582 END
START -12888 -1680 21084 5752 1501 -10802 END
START -12888 -1712 21516 5570 1259 -11035 END
START -12652 -1728 21732 5431 920 -11253 END
START -12396 -1724 22272 5360 639 -11484 END
START -11992 -1568 22440 5239 296 -11715 END
START -11604 -1280 22428 5134 9 -11902 END
START -11248 -1156 22676 5012 -164 -12025 END
START -10856 -892 22800 4851 -385 -12136 END
START -10568 -628 22808 4624 -514 -12124 END
START -10304 -624 22760 4381 -610 -12120 END
START -10092 -720 22676 4102 -619 -12094 END
START -9844 -696 22464 3781 -518 -12136 END
START -9772 -792 22356 3471 -355 -12197 END
START -9668 -860 22348 3166 -64 -12320 END
START -9556 -964 22492 2850 207 -12523 END
START -9400 -1152 22536 2536 545 -12769 END
START -9272 -1176 22856 2176 844 -13051 END
START -9228 -1112 23020 1769 1132 -13280 END
START -9064 -1128 23152 1395 1441 -13525 END
START -8848 -868 23400 968 1745 -13768 END
START -8544 -896 23552 517 2021 -13910 END
START -8244 -628 23796 104 2282 -14039 END
START -8000 -672 23884 -305 2607 -14147 END
START -7844 -752 24032 -739 2851 -14224 END
START -7580 -804 23988 -1158 3171 -14323 END
START -7564 -752 24296 -1594 3409 -14434 END
START -7576 -544 24608 -1967 3627 -14538 END
START -7496 -640 24656 -2375 3718 -14691 END
START -7492 -660 25056 -2697 3784 -14741 END
START -7396 -784 25144 -3058 3840 -14866 END
START -7472 -884 25160 -3438 3763 -14916 END
START -7192 -1084 25056 -3745 3746 -15073 END
START -7236 -1196 25020 -4108 3708 -15212 END
START -7220 -888 24992 -4485 3707 -15403 END
START -7116 -456 24684 -4849 3760 -15549 END
START -6756 124 24688 -5273 3768 -15725 END
START -6660 608 24348 -5730 3868 -15886 END
START -6384 952 24288 -6261 3916 -15992 END
START -6060 1084 24144 -6814 3991 -15993 END
START -5772 1220 23840 -7400 3974 -15936 END
START -5432 1152 23452 -7970 4017 -15878 END
START -5248 1196 23240 -8532 3985 -15788 END
START -4964 1244 22796 -9004 4024 -15675 END
START -4600 1232 22664 -9401 3997 -15594 END
START -4376 1312 22188 -9731 4086 -15469 END
START -4024 1320 21808 -10018 4102 -15399 END
START -3664 1364 21452 -10286 4245 -15256 END
START -3532 1408 20880 -10518 4366 -15152 END
START -3048 1380 20560 -10749 4455 -14985 END
START -2852 1452 20316 -10972 4566 -14860 END
START -2632 1572 20008 -11140 4710 -14678 END
START -2576 1408 19488 -11362 4789 -14448 END
START -2244 1352 19120 -11546 4893 -14226 END
START -2144 1500 18836 -11691 5045 -14013 END
START -2064 1512 18544 -11799 5202 -13746 END
START -2024 1628 18336 -11958 5327 -13513 END
START -1924 1604 18084 -12045 5445 -13190 END
START -2020 1632 17960 -12144 5436 -12881 END
START -2164 1692 17676 -12253 5344 -12583 END
START -2352 1780 17412 -12366 5188 -12320 END
START -2336 1844 17176 -12389 4989 -12033 END
START -2532 1796 16976 -12420 4793 -11805 END
START -2588 1768 16456 -12407 4560 -11607 END
START -2792 1600 16128 -12393 4291 -11411 END
START -2872 1704 15916 -12360 4006 -11265 END
START -2920 1892 15340 -12243 3750 -11128 END
START -2836 2484 14864 -12164 3485 -10963 END
START -2748 2748 14456 -12096 3256 -10742 END
START -2452 3172 13828 -12033 3105 -10496 END
START -2196 3260 13256 -11982 2951 -10120 END
START -2056 3520 12812 -11984 2873 -9649 END
START -1928 3556 11952 -12085 2892 -9165 END
START -1784 3676 11252 -12157 2932 -8602 END
START -1624 3736 10388 -12250 3086 -8034 END
START -1772 4172 9672 -12385 3281 -7383 END
START -1316 4204 9268 -12406 3636 -6810 END
START -1108 4724 8300 -12472 4108 -6304 END
START -1020 4784 7656 -12559 4590 -5816 END
START -828 4872 7088 -12646 5119 -5346 END
START -792 4820 6340 -12725 5662 -4946 END
START -704 4488 5660 -12736 6105 -4552 END
START -568 4180 5048 -12714 6806 -4123 END
START -468 4008 4572 -12609 7384 -3721 END
START -424 3976 4032 -12490 7978 -3379 END
START -316 3996 3848 -12191 8549 -3024 END
START -480 3872 3736 -11924 8924 -2762 END
START -644 3836 3924 -11516 9075 -2499 END
START -708 3956 4056 -10973 9052 -2219 END
START -644 4268 4224 -10362 8694 -1959 END
START -756 4256 4452 -9669 8142 -1637 END
START -644 4460 4408 -8882 7388 -1338 END
START -624 4632 4376 -7983 6586 -971 END
START -392 4772 4164 -7008 5742 -600 END
START -88 4996 3880 -5971 4893 -159 END
START 416 5144 3744 -4936 4063 293 END
START 492 5216 3424 -3972 3308 761 END
START 952 5508 3268 -2913 2608 1284 END
START 1288 5808 2944 -1972 1990 1831 END
START 1556 6316 2648 -1086 1511 2518 END
START 1732 6700 2404 -301 1112 3230 END
START 1904 7308 1688 376 855 4098 END
START 2352 7688 1244 890 824 4960 END
START 2568 7844 632 1341 1081 5920 END
START 2720 8256 168 1718 1543 7018 END
START 2556 8576 -232 1972 2178 8046 END
START 2384 8848 -604 2222 2942 9208 END
START 2040 8920 -1060 2413 3885 10338 END
START 1760 8816 -1256 2648 4895 11469 END
START 1232 8516 -1172 2787 6066 12428 END
START 740 8092 -1144 2847 7160 13376 END
START 372 7760 -1300 2869 8221 14261 END
START -380 7660 -1164 2871 9139 14946 END
START -868 7376 -920 2832 10081 15531 END
START -1568 7244 -584 2787 10740 16014 END
START -2228 7072 -196 2831 11313 16416 END
START -2736 6880 224 2863 11642 16865 END
START -3336 6712 660 2976 11790 17188 END
START -3756 6440 1248 3254 11726 17485 END
START -4304 6284 1692 3549 11437 17796 END
START -4608 6380 1792 3944 11041 18052 END
START -4968 6564 2036 4396 10489 18310 END
START -5204 6640 2068 4922 9878 18548 END
START -5400 6632 2364 5455 9256 18755 END
START -5692 6640 2212 6122 8641 19048 END
START -5976 6600 2268 6775 8013 19290 END
START -6104 6632 2056 7495 7411 19602 END
START -6304 6956 2000 8188 6909 19904 END
START -6544 7304 1824 8915 6533 20207 END
START -6672 7728 1576 9621 6331 20532 END
START -6732 7832 1440 10279 6270 20779 END
START -6788 7788 1416 10918 6414 21150 END
START -7040 7776 1452 11551 6648 21457 END
START -7012 7688 1312 11965 7053 21867 END
START -7212 7844 1464 12238 7523 22251 END
START -7548 8096 1916 12778 8122 22657 END
START -7944 8440 1952 12975 8744 23073 END
START -8368 8672 2272 13210 9394 23434 END
START -8856 8896 2648 13403 10059 23783 END
START -9132 9120 3176 13524 10727 24116 END
START -9772 9332 3432 13632 11317 24409 END
START -9904 9040 3948 13668 11891 24605 END
START -8732 8100 4252 13689 12356 24370 END
START -11976 8524 5640 13641 12723 24363 END
START -11820 8024 6288 13592 12839 24504 END
START -11500 7528 6856 13527 12578 24483 END
START -11436 7480 7328 13410 12486 24337 END
START -11816 7696 7960 13261 12477 24048 END
START -12392 7836 8648 13065 12247 23736 END
START -12672 7680 9396 12809 11802 23369 END
START -12764 7308 10084 12610 11261 22979 END
START -12856 7128 10780 12309 10658 22627 END
START -13024 6812 11284 12371 10063 22280 END
START -13352 6832 11576 11989 9356 21934 END
START -13568 7116 11808 11928 8781 21623 END
START -13556 7176 11880 11450 8275 21249 END
START -13604 7284 11852 11283 7857 20909 END
START -13736 7276 12152 11046 7616 20601 END
START -13828 7188 12204 10704 7413 20396 END
START -14160 7340 12632 10393 7255 20247 END
START -14484 7340 13096 10099 7030 20129 END
START -14912 7556 13524 9759 6800 20069 END
START -15160 7880 13844 9464 6544 20034 END
START -15160 8224 14096 9113 6333 19967 END
START -15276 8232 13924 8784 6205 19946 END
START -15180 8296 13936 8480 6128 19937 END
START -15552 8060 14280 8148 6104 19962 END
START -16084 7924 14680 7882 5933 20042 END
START -16620 7744 15160 7592 5691 20136 END
START -17172 7476 15436 7382 5315 20147 END
START -17516 7156 15388 7143 4920 20095 END
START -17568 7064 15272 7015 4544 20011 END
START -17608 6828 15056 6890 4191 19766 END
START -17352 6844 14764 6781 4044 19528 END
START -16948 6644 14500 6710 3982 19185 END
START -16788 6472 14220 6565 3923 18885 END
START -16684 6396 14216 6422 3819 18619 END
START -16464 6344 14304 6261 3714 18375 END
START -16260 6388 13932 6129 3698 18209 END
START -16180 6696 14072 5976 3668 18032 END
START -15744 7048 13948 5809 3692 17842 END
START -15488 7292 14008 5593 3759 17693 END
START -15072 7336 14328 5338 3796 17588 END
START -14808 7428 14648 5042 3815 17554 END
START -14548 7416 15184 4692 3674 17504 END
START -14316 7252 15712 4373 3400 17541 END
START -14140 7156 16228 4034 3043 17603 END
START -13972 7220 16508 3704 2619 17691 END
START -13840 7444 16944 3379 2206 17760 END
START -13564 7516 17124 3082 1762 17854 END
START -13440 7960 17508 2760 1352 17966 END
START -13420 8516 17696 2471 959 18110 END
START -13232 8856 17772 2136 580 18313 END
START -13172 9088 18128 1824 106 18594 END
START -13192 9248 18708 1495 -339 18913 END
START -13140 9316 19168 1082 -924 19292 END
START -13116 9500 19540 717 -1539 19678 END
START -13076 9540 19992 373 -2259 20072 END
START -13040 9396 20584 14 -2998 20400 END
START -13000 8972 20744 -406 -3762 20720 END
START -12996 8728 20932 -850 -4622 21026 END
START -12932 8244 20944 -1355 -5391 21279 END
START -12808 7680 20880 -1910 -6165 21502 END
START -12868 6960 20964 -2560 -6878 21627 END
START -12808 6356 20664 -3196 -7601 21701 END
START -12924 6048 20480 -3866 -8191 21664 END
START -12816 5636 20108 -4611 -8695 21519 END
START -12768 5120 19776 -5260 -9158 21283 END
START -12620 4480 19264 -5915 -9497 20971 END
START -12572 3936 18860 -6511 -9767 20587 END
START -12384 3788 18320 -7062 -9941 20258 END
START -12460 3704 17516 -7506 -9858 19871 END
START -12420 3944 17044 -7912 -9675 19518 END
START -12408 4092 16396 -8241 -9360 19265 END
START -12236 4336 15964 -8477 -8853 19002 END
START -12344 4556 15740 -8710 -8188 18822 END
START -12412 4736 15648 -8929 -7438 18626 END
START -12908 4716 15780 -9211 -6694 18495 END
START -13452 4596 16032 -9551 -6077 18296 END
START -13672 4408 16368 -9888 -5561 18090 END
START -14108 4068 16496 -10218 -5113 17748 END
START -14508 3688 16988 -10509 -4911 17339 END
START -14868 3480 17596 -10769 -4848 16776 END
START -15132 3196 18304 -10984 -5036 16175 END
START -15440 3028 19136 -11183 -5463 15457 END
START -15656 2484 19416 -11427 -6029 14736 END
START -15664 2044 19760 -11613 -6698 14056 END
START -15872 1588 20112 -11820 -7469 13405 END
START -15748 1104 20484 -11998 -8385 12507 END
START -15660 932 20512 -12237 -9277 12029 END
START -15412 656 20676 -12481 -10108 11292 END
START -15136 448 20700 -12739 -10925 10646 END
START -14852 288 20792 -13036 -11689 10050 END
START -14580 436 20720 -13383 -12320 9469 END
START -14140 632 20540 -13839 -12914 8994 END
START -13720 916 20308 -14284 -13470 8532 END
START -13620 1252 20180 -14810 -13896 8068 END
START -13448 1424 19968 -15352 -14225 7689 END
START -13332 1792 19528 -15892 -14449 7331 END
START -13320 2112 19200 -16429 -14606 7037 END
START -13636 2172 18584 -16919 -14613 6719 END
START -14020 2160 18372 -17312 -14593 6410 END
START -14796 2168 18064 -17616 -14533 6027 END
START -15440 1960 17656 -17902 -14528 5520 END
START -15852 1480 17068 -18049 -14493 4915 END
START -16428 1228 16484 -18110 -14436 4194 END
START -16768 848 15768 -18030 -14280 3344 END
START -17028 720 15000 -17861 -14045 2416 END
START -17224 408 14336 -17583 -13738 1479 END
START -17596 308 13848 -17151 -13373 516 END
START -17768 192 13536 -16675 -12945 -485 END
START -17940 212 13296 -16150 -12590 -1498 END
START -18168 244 13280 -15607 -12253 -2537 END
START -18440 96 13464 -15087 -11997 -3598 END
START -18636 -132 13424 -14546 -11777 -4619 END
START -18900 -396 13248 -14081 -11719 -5642 END
START -19272 -460 13320 -13673 -11638 -6700 END
START -19352 -512 13472 -13264 -11694 -7843 END
START -19788 -504 13264 -12941 -11781 -9089 END
START -20172 -292 13508 -12569 -12062 -10438 END
START -20400 -176 13504 -12332 -12539 -11909 END
START -20540 284 13416 -12061 -13076 -13407 END
START -20736 804 13036 -11870 -13850 -15002 END
START -20484 1100 13132 -11694 -14680 -16615 END
START -20392 1508 12620 -11486 -15550 -18192 END
START -20064 1676 12180 -11327 -16355 -19607 END
START -19444 1900 11248 -11123 -17028 -21092 END
START -18796 2500 10424 -10911 -17553 -22461 END
START -18140 3628 9676 -10680 -17945 -23735 END
START -17252 4968 8756 -10555 -18180 -24754 END
START -16420 5752 8096 -10380 -18321 -25630 END
START -15592 6668 7400 -10145 -18375 -26187 END
START -14968 7304 6836 -9809 -18329 -26405 END
START -14232 7800 5944 -9247 -18182 -26392 END
START -13668 8268 5092 -8736 -17669 -26329 END
START -13148 8068 4220 -8132 -16891 -26203 END
START -13112 7616 3792 -7441 -15942 -26122 END
START -13240 7068 3456 -6728 -15082 -26116 END
START -13452 6432 3648 -6104 -14446 -26279 END
START -13912 5840 3632 -5353 -13841 -26564 END
START -14256 5472 3496 -4632 -13358 -27022 END
START -14928 4972 3560 -3818 -12781 -27589 END
START -15560 4600 3680 -3005 -12343 -28245 END
START -16156 3960 3624 -2206 -12040 -28994 END
START -16504 3336 3328 -1341 -11661 -29865 END
START -16700 2808 3044 -441 -11292 -30835 END
START -16944 2764 2904 502 -10889 -31819 END
START -17196 2712 2700 1450 -10510 -32768 END
START -17380 2720 2408 2460 -10209 -32768 END
START -17376 2808 2200 3497 -9930 -32768 END
START -17464 3312 1788 4533 -9671 -32768 END
START -17444 3712 1532 5660 -9353 -32768 END
START -17136 4492 1356 6737 -9044 -32768 END
START -16880 5744 1072 7703 -8701 -32768 END
START -16400 7616 1180 8647 -8386 -32768 END
START -15692 9736 1396 9508 -8102 -32768 END
START -14604 11548 1976 10220 -7880 -32768 END
START -13152 12260 2584 10830 -7596 -32768 END
START -11840 12504 3484 11243 -7436 -32768 END
START -10184 12316 4556 11562 -7156 -32768 END
START -9220 12504 5400 11861 -6927 -32768 END
START -8216 12792 6436 11768 -6661 -32768 END
START -7544 12692 7420 11525 -6590 -32768 END
START -6740 12272 8360 11425 -6470 -32768 END
START -6208 11772 9256 11219 -6429 -32768 END
START -5820 11280 10264 10932 -6468 -32768 END
START -5148 10508 10916 10666 -6496 -32768 END
START -4444 10040 11572 10313 -6450 -32768 END
START -3832 9628 12004 9938 -6223 -32768 END
START -3164 9384 12608 9496 -5986 -32233 END
START -2476 9276 13260 9036 -5628 -31529 END
START -2096 9324 13612 8520 -5307 -30767 END
START -2088 9492 14216 7912 -5010 -30047 END
START -2196 9536 14528 7280 -4829 -29285 END
START -2236 9168 14508 6630 -4546 -28638 END
START -2044 8276 14524 6101 -4205 -28056 END
START -2408 7928 14372 5668 -3819 -27577 END
START -2684 7632 14040 5282 -3373 -27280 END
START -2832 7640 13856 4992 -2986 -27057 END
START -3016 7280 13676 4783 -2481 -27018 END
START -3172 7292 13104 4645 -1917 -26991 END
START -3192 7244 12996 4610 -1233 -27024 END
START -3164 7504 12812 4639 -550 -27010 END
START -3204 7968 12876 4663 145 -26976 END
START -3004 8700 12924 4662 820 -26958 END
START -2748 9620 13140 4611 1406 -26949 END
START -2344 10812 13332 4491 2001 -26894 END
START -1972 11364 13704 4316 2419 -26738 END
START -1344 11704 14068 4085 2785 -26396 END
START -752 12276 14652 3842 2978 -25890 END
START 80 12496 14788 3573 3179 -25188 END
START 704 12872 15144 3351 3343 -24410 END
START 1432 13212 15532 3184 3421 -23540 END
START 2116 13820 15944 3061 3479 -22479 END
START 2712 13968 16512 2953 3531 -21426 END
START 3372 14000 16932 2855 3504 -20320 END
START 3844 13744 17388 2685 3368 -19164 END
START 4372 13300 17928 2465 3221 -17976 END
START 4876 12780 18200 2217 2980 -16776 END
START 5160 12568 18540 1897 2658 -15586 END
START 5364 12476 18892 1519 2311 -14400 END
START 5456 12240 18992 1116 1879 -13195 END
START 5468 11844 19032 687 1420 -12034 END
START 5408 11376 18920 318 995 -10914 END
START 5372 11000 18492 -100 671 -9872 END
START 5292 10516 17984 -458 479 -8835 END
START 5160 10268 17716 -782 370 -7905 END
START 5064 9832 17464 -1175 368 -6982 END
START 4736 9532 16792 -1475 463 -6126 END
START 4468 9040 16200 -1788 620 -5364 END
START 3916 8560 15920 -2097 851 -4729 END
START 3680 8064 15584 -2368 1141 -4087 END
START 3092 7584 15164 -2583 1467 -3603 END
START 2576 6952 14776 -2770 1852 -3199 END
START 1796 6404 14512 -2861 2297 -2890 END
START 1172 5776 14408 -2944 2613 -2669 END
START 428 5288 14400 -2956 2892 -2532 END
START -376 4776 14504 -2909 3042 -2453 END
START -984 4268 14552 -2803 3065 -2448 END
START -1444 3936 14952 -2637 3010 -2487 END