START -3232 844 13192 489 493 1597 END
START -1460 1092 10156 509 -780 1548 END
START -1912 492 9668 659 -629 1617 END
START -3740 152 12636 927 -269 1682 END
START -3996 272 12316 1285 -190 1651 END
START -4424 480 11928 1690 -446 1612 END
START -4512 472 11460 2042 -671 1477 END
START -4280 312 11016 2468 -696 1366 END
START -4008 -320 10656 2868 -345 1251 END
START -3980 -696 10620 3225 195 1122 END
START -4380 -964 10544 3521 629 1009 END
START -4928 -924 10468 3826 1070 778 END
START -4856 -804 10328 4218 1663 457 END
START -4644 -1276 10316 4607 2389 11 END
START -4528 -1556 10484 5026 3196 -450 END
START -4328 -1896 10688 5367 4162 -989 END
START -4280 -2124 11308 5709 5152 -1452 END
START -4108 -1992 11488 5944 6242 -1973 END
START -4080 -1740 12488 6092 7432 -2449 END
START -4120 -1304 13544 5994 8455 -2835 END
START -4544 -844 15064 5701 9161 -3183 END
START -4704 -380 16504 5158 9617 -3453 END
START -4976 -236 17828 4482 9883 -3623 END
START -5232 -124 19024 3790 9852 -3763 END
START -5360 -288 20068 2961 9705 -3833 END
START -5620 -420 20964 2228 9318 -3891 END
START -5752 -524 21376 1502 8689 -3896 END
START -6020 -428 21700 826 7930 -3950 END
START -5916 -216 21440 279 7058 -3929 END
START -6116 -256 21124 -98 6244 -3944 END
START -6208 24 20348 -335 5360 -3841 END
START -6160 -108 19880 -364 4438 -3714 END
START -6000 -324 19260 -144 3565 -3539 END
START -5920 -516 18932 255 2712 -3301 END
START -5648 -576 18588 820 1797 -3073 END
START -5292 -560 18636 1434 1016 -2788 END
START -5052 -416 18668 2081 129 -2472 END
START -4876 -308 19008 2652 -603 -2120 END
START -4656 -180 19024 3122 -1287 -1764 END
START -4328 -40 19532 3467 -2060 -1367 END
START -4148 144 20188 3601 -2708 -996 END
START -3844 212 20704 3587 -3347 -608 END
START -3560 160 21132 3456 -3899 -229 END
START -3368 188 21584 3213 -4410 105 END
START -3056 80 21628 2922 -4797 443 END
START -2900 152 21592 2582 -4943 745 END
START -2588 184 21576 2080 -4971 1029 END
START -2672 368 21584 1564 -4879 1297 END
START -2480 408 21224 960 -4678 1555 END
START -2372 368 21196 336 -4345 1790 END
START -2516 360 21048 -317 -3979 1951 END
START -2524 84 20916 -961 -3607 2013 END
START -2820 -104 20724 -1490 -3183 2012 END
START -3128 -384 20460 -2053 -2745 1944 END
START -3452 -564 20316 -2539 -2382 1760 END
START -3724 -740 20200 -2954 -2073 1483 END
START -3972 -1056 20308 -3258 -1742 1225 END
START -4216 -1268 20132 -3563 -1537 856 END
START -4184 -1492 19784 -3848 -1398 550 END
START -4148 -1536 19632 -4100 -1219 158 END
START -4108 -1468 19408 -4283 -1071 -210 END
START -3944 -1488 19268 -4429 -894 -555 END
START -3548 -1596 18968 -4550 -718 -902 END
START -3384 -1600 18860 -4593 -499 -1180 END
START -3176 -1584 18692 -4672 -306 -1461 END
START -3024 -1468 18584 -4797 -45 -1696 END
START -2760 -1500 18584 -4941 115 -1890 END
START -2548 -1564 18584 -5043 393 -2071 END
START -2300 -1448 18508 -5212 577 -2238 END
START -2212 -1352 18628 -5440 668 -2405 END
START -1944 -1144 18920 -5687 675 -2420 END
START -1724 -864 18908 -5922 719 -2436 END
START -1492 -696 18964 -6134 607 -2404 END
START -1232 -376 18928 -6331 541 -2297 END
START -868 0 19040 -6525 452 -2203 END
START -752 236 18856 -6691 327 -1950 END
START -460 404 18776 -6906 188 -1677 END
START -176 576 18520 -7082 67 -1332 END
START -4 856 18272 -7274 -71 -996 END
START 208 1204 18208 -7440 -208 -673 END
START 320 1340 17940 -7628 -382 -340 END
START 544 1544 17724 -7806 -584 27 END
START 748 1408 17528 -7965 -746 401 END
START 928 1412 17188 -8153 -953 796 END
START 1184 1312 16836 -8294 -1163 1219 END
START 1344 1368 16464 -8427 -1300 1640 END
START 1492 1300 16084 -8457 -1440 2028 END
START 1496 1132 15808 -8480 -1510 2375 END
START 1580 1028 15624 -8489 -1663 2704 END
START 1564 972 15220 -8493 -1721 3051 END
START 1756 1048 14800 -8477 -1782 3345 END
START 1772 1028 14432 -8464 -1814 3634 END
START 1636 996 14256 -8506 -1820 3898 END
START 1644 1012 14144 -8506 -1924 4199 END
START 1636 1044 13836 -8569 -1912 4453 END
START 1692 1164 13564 -8616 -1922 4730 END
START 1604 1068 13116 -8653 -1898 4949 END
START 1584 1176 12700 -8637 -1796 5199 END
START 1328 1092 12360 -8625 -1697 5412 END
START 1180 900 12040 -8555 -1562 5631 END
START 1112 932 11716 -8487 -1382 5809 END
START 872 848 11296 -8376 -1178 5970 END
START 668 880 11108 -8240 -962 6129 END
START 504 824 10960 -8117 -780 6229 END
START 396 704 10648 -7948 -607 6343 END
START 344 844 10620 -7794 -453 6491 END
START 28 680 10492 -7645 -290 6577 END
START 56 752 10304 -7469 -127 6715 END
START -236 572 10136 -7318 25 6836 END
START -308 500 9932 -7135 177 6946 END
START -532 368 9976 -6965 310 7051 END
START -560 360 9920 -6793 465 7155 END
START -760 464 9940 -6641 538 7311 END
START -1060 416 9988 -6471 650 7425 END
START -1124 256 10096 -6336 649 7544 END
START -1308 296 10116 -6202 665 7644 END
START -1352 348 10020 -6051 584 7732 END
START -1428 360 10108 -5895 566 7802 END
START -1408 408 10036 -5809 477 7937 END
START -1344 532 9952 -5713 438 8075 END
START -1368 472 10080 -5679 340 8203 END
START -1316 580 10132 -5661 204 8339 END
START -1332 596 9844 -5616 115 8529 END
START -1388 556 9740 -5628 15 8643 END
START -1252 588 9392 -5606 -74 8772 END
START -1220 504 9308 -5529 -149 8931 END
START -1328 648 8956 -5457 -180 9048 END
START -1268 560 8612 -5408 -151 9206 END
START -1244 456 8232 -5267 -173 9324 END
START -1248 436 7912 -5135 -105 9427 END
START -1332 452 7632 -4947 -23 9508 END
START -1296 396 7144 -4704 58 9643 END
START -1372 396 6908 -4447 201 9771 END
START -1508 504 6696 -4160 258 9843 END
START -1568 476 6640 -3802 345 9979 END
START -1756 440 6448 -3401 438 10082 END
START -1860 476 6240 -2978 484 10165 END
START -1800 568 6192 -2471 549 10286 END
START -2024 520 6252 -2017 588 10383 END
START -2372 704 6256 -1539 596 10536 END
START -2352 716 6548 -1074 605 10706 END
START -2808 736 6744 -660 561 10824 END
START -2984 692 6852 -288 539 10959 END
START -3188 788 6964 74 509 11073 END
START -3468 784 7080 386 465 11168 END
START -3604 684 7212 636 461 11250 END
START -3948 668 7388 842 421 11298 END
START -4204 792 7532 1073 312 11326 END
START -4412 644 7524 1288 281 11348 END
START -4704 472 7776 1523 165 11338 END
START -4928 412 7968 1758 75 11312 END
START -5168 372 7976 2005 -76 11256 END
START -5324 356 7992 2251 -173 11210 END
START -5572 220 8204 2488 -348 11159 END
START -5692 280 8220 2697 -477 11081 END
START -5716 164 8060 2911 -686 11000 END
START -5796 -16 7932 3140 -828 10942 END
START -5836 -104 7964 3360 -912 10854 END
START -5940 -60 7820 3617 -1008 10727 END
START -5964 -204 7856 3883 -1091 10638 END
START -6024 -128 7816 4152 -1093 10511 END
START -6160 -120 7728 4425 -1113 10372 END
START -6112 -44 7640 4713 -1013 10252 END
START -6068 -100 7572 4962 -865 10175 END
START -6084 -72 7388 5175 -673 10104 END
START -6328 32 7572 5398 -399 10050 END
START -6544 -40 7744 5574 -156 10038 END
START -6848 -204 7716 5703 44 9997 END
START -7068 -220 7868 5868 237 9980 END
START -7560 -240 8008 5997 444 9889 END
START -7924 -444 8224 6157 534 9816 END
START -8324 -540 8516 6391 629 9669 END
START -8656 -608 8644 6633 686 9506 END
START -9132 -676 8756 6913 718 9335 END
START -9608 -864 9208 7149 645 9121 END
START -9868 -888 9524 7452 576 8927 END
START -10308 -1080 9792 7748 377 8690 END
START -10532 -1192 9784 7973 157 8414 END
START -10836 -1200 10024 8286 -19 8131 END
START -11012 -1424 10236 8534 -248 7851 END
START -11040 -1464 10288 8802 -481 7524 END
START -11280 -1584 10188 9034 -683 7221 END
START -11336 -1716 10368 9335 -821 6880 END
START -11364 -1788 10412 9545 -954 6569 END
START -11304 -1600 10476 9810 -1053 6265 END
START -11344 -1780 10376 10028 -1084 5960 END
START -11400 -1688 10692 10242 -1073 5690 END
START -11444 -1768 10872 10459 -1060 5382 END
START -11532 -1692 11072 10681 -1001 5161 END
START -11676 -1680 11416 10860 -1005 4884 END
START -11944 -1584 11820 11032 -999 4625 END
START -12076 -1708 12176 11216 -1117 4357 END
START -12396 -1860 12468 11355 -1259 4135 END
START -12592 -1656 12692 11561 -1349 3896 END
START -12740 -1784 12936 11709 -1513 3625 END
START -13040 -1760 13176 11646 -1660 3359 END
START -13244 -1796 13380 12074 -1787 3100 END
START -13356 -1776 13524 12156 -1947 2829 END
START -13552 -1760 13732 12161 -2051 2531 END
START -13764 -1804 13880 12124 -2141 2254 END
START -14128 -1992 14148 12308 -2230 1963 END
START -14392 -2024 14436 12555 -2367 1642 END
START -14628 -2040 14924 12704 -2528 1278 END
START -14900 -2056 15048 12853 -2732 897 END
START -15032 -2104 15156 12884 -2942 462 END
START -15396 -2064 15668 12946 -3150 12 END
START -15624 -2144 15944 13066 -3373 -449 END
START -15732 -2064 16388 13203 -3633 -927 END
START -15752 -2176 16640 13377 -3854 -1399 END
START -15780 -2084 16980 13483 -4060 -1885 END
START -15592 -2132 17192 13593 -4238 -2370 END
START -15512 -2232 17756 13653 -4451 -2877 END
START -15352 -2172 18088 13611 -4562 -3377 END
START -15136 -2208 18452 13579 -4739 -3927 END
START -14828 -2200 18776 13482 -4902 -4448 END
START -14604 -2176 19156 13376 -4954 -4920 END
START -14008 -1888 19552 13270 -4923 -5425 END
START -13668 -1828 19872 13115 -4850 -5853 END
START -13152 -1572 20168 12914 -4726 -6257 END
START -12680 -1372 20512 12613 -4506 -6608 END
START -12228 -1112 20920 12426 -4308 -6893 END
START -12024 -832 21480 11984 -4020 -7188 END
START -11832 -728 21904 11623 -3762 -7384 END
START -11752 -700 22292 11138 -3546 -7590 END
START -11644 -660 22492 10739 -3331 -7812 END
START -11468 -700 23052 10345 -3124 -8073 END
START -11480 -756 23232 9969 -2922 -8327 END
START -11420 -804 23492 9641 -2744 -8634 END
START -11300 -904 23788 9272 -2589 -8926 END
START -11060 -980 23988 8953 -2446 -9244 END
START -10964 -1020 24024 8635 -2251 -9620 END
START -10776 -800 24208 8315 -2093 -9974 END
START -10664 -560 24416 8007 -1940 -10308 END
START -10300 -360 24616 7674 -1769 -10610 END
START -10004 -280 24852 7366 -1557 -10858 END
START -9628 -108 25104 7000 -1304 -11111 END
START -9232 116 25544 6637 -1077 -11262 END
START -8968 128 25636 6178 -813 -11413 END
START -8640 228 26076 5715 -675 -11537 END
START -8556 348 26204 5243 -528 -11705 END
START -8336 360 26652 4737 -470 -11880 END
START -8088 444 26884 4296 -463 -11991 END
START -7920 332 27416 3896 -502 -12146 END
START -7732 448 27560 3499 -601 -12283 END
START -7552 728 27664 3176 -728 -12395 END
START -7420 984 28024 2813 -869 -12440 END
START -7080 1244 27880 2425 -1019 -12477 END
START -6872 1508 27936 2050 -1160 -12521 END
START -6424 1596 27964 1663 -1275 -12478 END
START -6252 1636 27940 1299 -1370 -12481 END
START -5832 1712 27688 924 -1396 -12478 END
START -5560 1816 27836 586 -1423 -12450 END
START -5252 1908 27720 195 -1510 -12441 END
START -4908 2064 27816 -191 -1529 -12445 END
START -4516 2252 27812 -631 -1540 -12392 END
START -4084 2668 27664 -1154 -1514 -12386 END
START -3652 2764 27668 -1692 -1484 -12293 END
START -3284 3108 27444 -2297 -1428 -12172 END
START -2880 3168 27112 -2871 -1395 -12014 END
START -2484 3264 27120 -3423 -1280 -11847 END
START -2284 3216 27028 -3967 -1223 -11630 END
START -1996 3388 26664 -4440 -1189 -11461 END
START -1672 3488 26480 -4928 -1185 -11297 END
START -1296 3692 26252 -5351 -1137 -11095 END
START -916 3756 25884 -5754 -1083 -10886 END
START -604 3788 25588 -6133 -980 -10647 END
START -416 3964 25488 -6520 -857 -10402 END
START -36 4024 25148 -6943 -724 -10158 END
START 248 3916 25000 -7358 -534 -9898 END
START 432 3992 24744 -7827 -369 -9675 END
START 676 4004 24584 -8314 -216 -9414 END
START 820 3868 24456 -8772 -38 -9203 END
START 1044 3768 24236 -9234 86 -9020 END
START 1152 3712 24076 -9675 161 -8802 END
START 1312 3668 23784 -10058 229 -8619 END
START 1412 3656 23412 -10435 258 -8419 END
START 1440 3604 23264 -10785 265 -8203 END
START 1556 3508 22696 -11018 249 -7981 END
START 1612 3456 22040 -11201 189 -7798 END
START 1796 3320 21576 -11294 167 -7572 END
START 1964 3092 20976 -11356 217 -7382 END
START 2000 3020 20556 -11374 205 -7168 END
START 2092 3052 20172 -11400 269 -6937 END
START 2176 2960 19760 -11399 322 -6720 END
START 2264 2848 19440 -11398 396 -6469 END
START 2372 2700 19224 -11483 494 -6247 END
START 2488 2740 18828 -11575 619 -6016 END
START 2420 2732 18536 -11712 693 -5839 END
START 2520 2644 18408 -11933 775 -5645 END
START 2504 2532 18252 -12115 923 -5430 END
START 2404 2292 17880 -12377 1042 -5248 END
START 2360 2136 17580 -12539 1217 -5062 END
START 2272 2240 17216 -12770 1401 -4847 END
START 2124 2312 16740 -13026 1621 -4686 END
START 1996 2496 16484 -13251 1770 -4487 END
START 1928 2500 16140 -13406 1923 -4308 END
START 1772 2376 15988 -13609 1948 -4090 END
START 1596 2064 15676 -13720 1962 -3895 END
START 1400 1964 15360 -13842 1957 -3658 END
START 1340 1740 14852 -13886 1936 -3436 END
START 1272 1692 14328 -13907 1858 -3207 END
START 1004 1672 13784 -13873 1802 -3014 END
START 976 1600 13308 -13844 1743 -2835 END
START 764 1576 12784 -13752 1713 -2640 END
START 860 1484 12044 -13652 1780 -2398 END
START 736 1536 11644 -13563 1823 -2215 END
START 612 1504 11212 -13448 1865 -1960 END
START 504 1336 10764 -13277 1906 -1754 END
START 232 1124 10484 -13080 1854 -1528 END
START 196 808 10244 -12840 1826 -1361 END
START 0 632 9848 -12491 1717 -1178 END
START -112 348 9676 -12164 1551 -1041 END
START -332 276 9520 -11781 1349 -948 END
START -448 208 9112 -11374 1087 -863 END
START -588 104 8772 -10991 847 -761 END
START -616 16 8380 -10549 619 -694 END
START -692 -8 8108 -10180 483 -674 END
START -760 -96 7820 -9740 266 -601 END
START -872 4 7432 -9307 147 -534 END
START -972 -112 7268 -8936 -18 -541 END
START -796 -132 6928 -8543 -118 -485 END
START -800 -124 6772 -8114 -140 -493 END
START -736 -224 6376 -7747 -150 -469 END
START -516 -108 6308 -7423 -156 -461 END
START -540 -148 6176 -7074 -76 -468 END
START -476 -108 5800 -6776 -66 -432 END
START -516 80 5908 -6572 23 -367 END
START -320 296 5624 -6408 117 -351 END
START -212 352 5628 -6275 174 -266 END
START -24 416 5580 -6110 309 -194 END
START -120 588 5408 -5998 377 -58 END
START 104 612 5396 -5869 512 45 END
START 216 680 5356 -5732 563 193 END
START 148 868 5256 -5569 689 366 END
START 8 984 5168 -5397 746 566 END
START 4 976 5024 -5168 783 717 END
START 12 904 4832 -4926 866 912 END
START 8 1032 4752 -4738 933 1042 END
START 100 1184 4452 -4482 1048 1250 END
START -92 1264 4220 -4323 1130 1396 END
START -132 1368 4172 -4049 1286 1550 END
START -112 1392 3880 -3838 1405 1692 END
START -216 1332 3764 -3599 1589 1847 END
START -292 1500 3624 -3399 1714 1996 END
START -324 1376 3444 -3156 1861 2149 END
START -504 1532 3552 -2878 1944 2255 END
START -828 1376 3708 -2617 1993 2390 END
START -952 1368 3652 -2335 1960 2543 END
START -1112 1360 3664 -1959 1850 2640 END
START -1444 1372 3504 -1645 1809 2730 END
START -1516 1408 3424 -1260 1683 2790 END
START -1632 1396 3392 -838 1513 2888 END
START -1736 1356 3280 -437 1361 2946 END
START -1796 1520 3168 38 1243 3065 END
START -1812 1628 3120 457 1112 3144 END
START -1928 1680 3148 934 984 3276 END
START -2052 1696 2956 1396 843 3399 END
START -2220 1700 3104 1836 705 3590 END
START -2208 1684 3116 2261 592 3697 END
START -2300 1724 3216 2673 486 3869 END
START -2408 1752 2936 3026 397 3931 END
START -2640 1648 3024 3419 310 4012 END
START -2740 1672 2884 3788 255 4058 END
START -2916 1660 2804 4140 260 4108 END
START -3144 1640 2724 4477 266 4148 END
START -3312 1716 2680 4849 229 4148 END
START -3484 1580 2836 5187 259 4147 END
START -3612 1444 2788 5589 312 4125 END
START -3780 1312 2796 5925 355 4089 END
START -3980 1500 2996 6273 410 4058 END
START -3980 1564 2900 6626 436 3969 END
START -4212 1532 3008 6951 441 3913 END
START -4440 1624 3120 7260 504 3873 END
START -4504 1552 3288 7557 541 3801 END
START -4580 1496 3384 7918 568 3699 END
START -4600 1664 3596 8204 649 3626 END
START -4736 1512 3576 8488 716 3533 END
START -4656 1616 3688 8779 806 3445 END
START -4752 1592 3608 9078 914 3325 END
START -4704 1696 3856 9349 1007 3247 END
START -4712 1528 4124 9615 1153 3160 END
START -4764 1660 4152 9861 1276 3100 END
START -4716 1776 4316 10082 1387 2976 END
START -4680 2100 4252 10323 1555 2876 END
START -4612 2332 4400 10513 1726 2753 END
START -4492 2472 4480 10715 1972 2663 END
START -4524 2588 4696 10906 2173 2595 END
START -4584 2852 5000 11065 2452 2498 END
START -4660 3108 5348 11267 2581 2452 END
START -4684 3304 5676 11484 2725 2377 END
START -4852 3620 6260 11667 2765 2359 END
START -4868 3732 6624 12178 2769 2311 END
START -4944 4100 7156 12191 2651 2278 END
START -4940 4368 7584 12784 2446 2296 END
START -5020 4572 8068 13008 2199 2331 END
START -4972 4916 8568 13402 1931 2428 END
START -4932 5176 8796 13713 1604 2541 END
START -5144 5652 8952 14021 1275 2770 END
START -4972 5748 9376 14350 958 2947 END
START -5076 5980 9620 14671 619 3181 END
START -5252 6172 9972 15025 302 3427 END
START -5232 6160 10308 15360 4 3665 END
START -5264 6264 10452 15610 -205 3890 END
START -5308 6188 10772 15880 -365 4097 END
START -5504 6240 11036 16090 -491 4246 END
START -5648 6160 11436 16244 -594 4404 END
START -5804 6128 11712 16289 -591 4495 END
START -6000 6068 12056 16378 -624 4531 END
START -6248 5728 12396 16414 -599 4585 END
START -6256 5748 12680 16351 -644 4559 END
START -6444 5616 12940 16366 -638 4511 END
START -6468 5504 12996 16258 -600 4399 END
START -6508 5460 12944 16138 -461 4282 END
START -6480 5520 13124 16083 -327 4111 END
START -6488 5572 13336 16017 -138 3966 END
START -6636 5644 13380 15981 42 3808 END
START -6584 5776 13484 15969 193 3678 END
START -6552 5828 13544 15979 418 3579 END
START -6600 5828 13780 15968 620 3462 END
START -6668 5996 14188 15969 771 3358 END
START -6756 6104 14284 15946 862 3302 END
START -6884 6168 14412 15986 929 3255 END
START -6936 6212 14460 16019 981 3210 END
START -7000 6192 14772 16099 1064 3110 END
START -7160 6092 14936 16199 1076 3076 END
START -7220 5812 15248 16386 1101 2985 END
START -7440 5888 15584 16573 1050 2889 END
START -7620 5852 16040 16789 999 2785 END
START -7696 5832 16452 16977 825 2707 END
START -7868 5672 17132 17122 695 2584 END
START -7976 5632 17608 17231 501 2414 END
START -7828 5712 18072 17303 299 2317 END
START -7816 5904 18352 17287 158 2136 END
START -7644 5964 19104 17259 -18 2039 END
START -7656 6008 19432 17187 -160 1935 END
START -7384 6036 19892 17138 -314 1850 END
START -7056 6204 20328 17036 -406 1765 END
START -6820 6340 20680 16889 -483 1662 END
START -6636 6472 20936 16707 -521 1582 END
START -6356 6552 21028 16502 -548 1497 END
START -5816 6752 21356 16283 -547 1433 END
START -5536 6916 21476 16032 -541 1406 END
START -5240 7112 21824 15725 -515 1444 END
START -4916 7364 22048 15435 -468 1481 END
START -4688 7508 22076 15153 -463 1559 END
START -4308 7556 22192 14868 -372 1591 END
START -4076 7692 22340 14608 -302 1651 END
START -3776 7748 22592 14345 -179 1699 END
START -3400 7680 22772 14092 -113 1780 END
START -3168 7776 23000 13792 4 1856 END
START -2948 7792 23100 13533 24 1912 END
START -2944 7924 23236 13212 96 2028 END
START -2480 7948 23444 12926 184 2130 END
START -2220 7884 23496 12588 323 2273 END
START -2084 7792 23380 12012 426 2412 END
START -1764 7828 23292 11871 567 2553 END
START -1556 7848 23320 11782 769 2727 END
START -1308 7840 23412 11357 988 2925 END
START -1232 7828 23380 11046 1176 3105 END
START -1260 7864 23672 10742 1358 3363 END
START -1300 7872 23544 10466 1583 3597 END
START -1300 7736 23816 10164 1727 3878 END
START -1408 7680 23740 9877 1873 4102 END
START -1604 7768 24016 9550 2026 4336 END
START -1708 7608 24092 9210 2080 4554 END
START -1664 7604 23996 8894 2227 4849 END
START -1848 7488 24176 8534 2350 5061 END
START -2196 7508 24448 8148 2363 5275 END
START -2524 7504 24656 7823 2384 5463 END
START -2916 7328 24744 7463 2307 5639 END
START -2992 7044 24844 7182 2237 5795 END
START -3404 6784 25216 6854 2096 5962 END
START -2788 7256 24048 6572 2029 5973 END
START -3900 6980 24876 6370 1804 6154 END
START -3656 6832 25180 6283 1543 6478 END
START -3540 6852 24964 6176 1304 6570 END
START -3668 7032 24540 5919 1027 6579 END
START -3536 6932 24680 5504 801 6622 END
START -3628 6768 24428 5132 619 6689 END
START -3292 6456 24464 4768 512 6797 END
START -3124 6344 24296 4465 414 6900 END
START -2836 6424 24000 4206 441 7056 END
START -2628 6412 23872 3913 587 7187 END
START -2300 6208 23516 3603 827 7321 END
START -2124 6100 23096 3196 1161 7361 END
START -1960 5860 22632 2723 1596 7467 END
START -1728 5680 22480 2255 2104 7505 END
START -1564 5600 22576 1737 2579 7515 END
START -1460 5292 22568 1242 3181 7501 END
START -1284 5208 22648 816 3677 7485 END
START -1212 5124 22692 352 4185 7460 END
START -1212 5268 22592 -81 4665 7432 END
START -1036 5472 22784 -490 5113 7429 END
START -892 5512 22872 -941 5495 7436 END
START -820 5540 23084 -1324 5826 7517 END
START -504 5456 23116 -1787 6131 7642 END
START -376 5384 23140 -2162 6418 7732 END
START -272 5292 23320 -2593 6674 7904 END
START -288 5296 23448 -2999 6880 8069 END
START -452 5408 23756 -3371 6983 8220 END
START -660 5496 23908 -3717 6932 8426 END
START -784 5500 24092 -4029 6784 8606 END
START -1220 5516 24332 -4319 6580 8940 END
START -1432 5532 24404 -4514 6303 9211 END
START -1752 5536 24368 -4648 5987 9587 END
START -2280 5648 24540 -4822 5587 9950 END
START -2856 5708 24480 -5022 5071 10349 END
START -3104 5672 24428 -5249 4610 10727 END
START -3644 5440 24364 -5505 4035 11131 END
START -4192 5172 24080 -5764 3537 11583 END
START -4516 5100 24140 -6017 2989 11932 END
START -4872 5048 23868 -6295 2460 12282 END
START -5436 4796 23536 -6548 1948 12887 END
START -5820 4536 23076 -6803 1533 12882 END
START -6168 4208 22564 -7069 1157 13100 END
START -6556 3896 21952 -7314 929 13206 END
START -6912 3588 21304 -7582 778 13292 END
START -7348 3128 20780 -7876 731 13243 END
START -7824 2952 20356 -8109 771 13067 END
START -8280 2648 19752 -8396 834 13107 END
START -8768 2240 19244 -8621 946 12632 END
START -9140 1896 19000 -8886 1089 12603 END
START -9456 1608 18468 -9078 1279 12078 END
START -9776 1404 18288 -9339 1417 11720 END
START -10092 1140 17796 -9541 1609 11216 END
START -10384 996 17572 -9763 1834 10732 END
START -10608 788 17060 -9992 2064 10243 END
START -10732 500 16772 -10199 2349 9694 END
START -10860 368 16192 -10387 2644 9121 END
START -11060 260 15860 -10545 2953 8567 END
START -11004 224 15492 -10764 3277 8007 END
START -11080 236 15412 -10970 3562 7436 END
START -10992 116 15108 -11115 3772 6945 END
START -10988 92 14960 -11295 3952 6495 END
START -11156 152 14772 -11448 4016 6107 END
START -11240 116 14704 -11493 4023 5753 END
START -11348 164 14596 -11577 3866 5454 END
START -11296 100 14332 -11527 3718 5236 END
START -11500 124 14324 -11466 3403 5002 END
START -11480 4 14092 -11398 3095 4817 END
START -11612 -8 13732 -11249 2700 4623 END
START -11620 -76 13564 -11168 2269 4456 END
START -11848 -140 13236 -11046 1823 4263 END
START -12020 -176 12868 -10895 1354 4057 END
START -11940 -284 12612 -10751 883 3916 END
START -12284 -300 12252 -10565 383 3684 END
START -12496 -520 11924 -10353 -88 3540 END
START -12612 -704 11492 -10072 -570 3341 END
START -12804 -780 11140 -9792 -1022 3122 END
START -12956 -984 10592 -9472 -1437 2845 END
START -12860 -1152 10268 -9158 -1765 2557 END
START -13044 -1208 9832 -8865 -2065 2205 END
START -13232 -1444 9672 -8582 -2368 1809 END
START -13332 -1480 9472 -8300 -2655 1354 END
START -13364 -1412 9260 -8048 -2920 880 END
START -13364 -1504 8968 -7747 -3141 398 END
START -13504 -1420 8820 -7394 -3295 -119 END
START -13292 -1296 8636 -7083 -3410 -570 END
START -13136 -972 8736 -6770 -3481 -1080 END
START -13116 -784 8456 -6465 -3450 -1521 END
START -12788 -548 8196 -6214 -3377 -1937 END
START -12776 -260 8220 -6000 -3217 -2326 END
START -12496 -184 8152 -5786 -3032 -2722 END
START -12472 228 8184 -5598 -2843 -3107 END
START -12492 352 8040 -5460 -2574 -3513 END
START -12368 628 7816 -5242 -2277 -3960 END
START -12396 648 7924 -5072 -1936 -4394 END
START -12404 636 8060 -4911 -1489 -4841 END
START -12396 692 8144 -4703 -1134 -5263 END
START -12360 804 8344 -4494 -763 -5757 END
START -12524 848 8404 -4316 -432 -6223 END
START -12668 1080 8764 -4128 -167 -6715 END
START -12756 1120 8852 -3873 25 -7231 END
START -12724 1216 9184 -3721 147 -7694 END
START -12872 1364 9544 -3473 202 -8199 END
START -12892 1588 9844 -3253 133 -8623 END
START -12812 1832 10212 -3112 4 -9003 END
START -12668 2032 10376 -2898 -119 -9366 END
START -12432 2032 10484 -2700 -440 -9704 END
START -12220 2220 10812 -2545 -703 -9986 END
START -12028 2532 10784 -2391 -1033 -10249 END
START -11720 2760 10896 -2174 -1437 -10424 END
START -11544 3024 10956 -1963 -1868 -10555 END
START -11480 3200 10956 -1668 -2301 -10646 END
START -11336 3392 10896 -1413 -2731 -10709 END
START -11152 3384 10720 -1026 -3153 -10759 END
START -11096 3520 10776 -694 -3578 -10848 END
START -11088 3428 10880 -332 -4052 -10903 END
START -11080 3492 10964 51 -4629 -10977 END
START -11240 3620 11012 417 -5325 -11032 END
START -11172 3496 11240 809 -5919 -11135 END
START -11188 3652 11112 1205 -6671 -11174 END
START -10944 3588 11268 1622 -7436 -11261 END
START -10892 3564 10908 2014 -8052 -11353 END
START -10764 3464 10760 2379 -8552 -11447 END
START -10576 3532 10260 2721 -8895 -11651 END
START -10428 3512 9612 2963 -8979 -11840 END
START -10180 3460 9180 3179 -8843 -12092 END
START -9808 3404 9064 3325 -8538 -12423 END
START -9844 3276 8584 3397 -8054 -12797 END
START -9792 3280 8604 3387 -7503 -13217 END
START -9556 3316 8392 3329 -6796 -13703 END
START -9524 3300 8380 3273 -5989 -14259 END
START -9244 3312 8396 3175 -5162 -14873 END
START -9344 3592 8620 3062 -4297 -15467 END
START -9176 3628 8864 2971 -3400 -16096 END
START -9092 3844 9344 2831 -2598 -16724 END
START -8948 3968 9648 2755 -1887 -17340 END
START -8832 4204 9980 2621 -1321 -17923 END
START -8540 4404 10624 2488 -885 -18533 END
START -8384 4876 11140 2322 -662 -19056 END
START -8092 5268 11500 2180 -532 -19499 END
START -7692 5716 11944 2108 -506 -19809 END
START -7200 6132 12484 2031 -486 -20070 END
START -6584 6760 12744 2071 -629 -20222 END
START -6112 7284 13152 2042 -733 -20256 END
START -5404 7748 13500 2058 -865 -20256 END
START -4700 8132 13828 1991 -1103 -20086 END
START -4084 8292 14172 1872 -1315 -19859 END
START -3496 8676 14140 1726 -1643 -19505 END
START -2788 8980 14212 1535 -1906 -19088 END
START -2200 9304 14336 1371 -2118 -18653 END
START -1768 9356 14432 1304 -2466 -18185 END
START -1508 9624 14748 1211 -2768 -17678 END
START -1032 9672 14720 1262 -3188 -17171 END
START -832 9820 14824 1359 -3527 -16645 END
START -604 10040 14948 1479 -3851 -16181 END
START -468 9856 15304 1594 -4214 -15650 END
START -160 9784 15524 1750 -4512 -15198 END
START 296 9752 15320 1885 -4817 -14715 END
START 440 9848 15772 1970 -5107 -14242 END
START 820 9832 15844 2057 -5415 -13773 END
START 1148 9972 15844 2069 -5578 -13364 END
START 1316 10120 15896 2095 -5695 -12859 END
START 1520 10228 15924 2026 -5692 -12409 END
START 1684 10264 16040 1973 -5668 -11947 END
START 1796 10428 16072 1905 -5564 -11515 END
START 1920 10372 16168 1757 -5380 -11088 END
START 2212 10348 16216 1617 -5123 -10623 END
START 2432 10248 16208 1418 -4801 -10241 END
START 2448 10064 16376 1199 -4405 -9880 END
START 2508 9824 16440 976 -4077 -9535 END
START 2412 9764 16356 746 -3715 -9272 END
START 2492 9680 16480 465 -3412 -9051 END
START 2300 9448 16816 213 -3111 -8796 END
START 2432 9264 16968 24 -2851 -8623 END