START -4200 840 12896 2279 -639 1413 END
START -3852 664 12804 2132 -1522 1251 END
START -2488 -544 9140 2181 -380 1210 END
START -3176 208 11276 2088 743 1070 END
START -3728 544 11756 1877 1649 825 END
START -4816 472 12576 1512 2180 506 END
START -5392 256 13144 1079 2538 41 END
START -5416 -48 13568 577 2879 -420 END
START -5316 -244 13824 56 3368 -942 END
START -5024 -660 13832 -336 3941 -1469 END
START -5080 -824 14004 -735 4553 -2160 END
START -5240 -676 14060 -1041 5135 -2868 END
START -5364 -488 14212 -1258 5594 -3644 END
START -5288 16 14360 -1424 6025 -4235 END
START -4992 184 14568 -1541 6413 -4790 END
START -4700 380 14652 -1634 6728 -5209 END
START -4496 332 14892 -1675 6997 -5454 END
START -3984 704 15332 -1673 7275 -5587 END
START -3664 1104 15488 -1605 7486 -5624 END
START -3316 1456 15928 -1527 7608 -5574 END
START -3116 1104 16260 -1384 7678 -5475 END
START -2896 1192 16508 -1161 7624 -5299 END
START -2724 1544 16984 -934 7486 -5062 END
START -2488 1820 17152 -595 7435 -4794 END
START -2300 2008 17612 -242 7260 -4454 END
START -2144 2316 18352 78 6960 -3958 END
START -2344 2452 19068 372 6493 -3393 END
START -2452 2636 19728 577 5796 -2795 END
START -2172 2352 20204 718 5035 -2082 END
START -2252 2432 20668 838 4113 -1386 END
START -2220 2524 21012 871 3196 -662 END
START -2168 2316 20992 928 2261 68 END
START -1984 2196 21012 1011 1381 775 END
START -1960 2008 20836 1069 541 1426 END
START -2064 1832 20612 1134 -241 2081 END
START -2208 1880 20076 1195 -959 2717 END
START -2532 1824 19772 1302 -1621 3272 END
START -2852 1852 19388 1461 -2154 3781 END
START -3028 1600 19008 1657 -2668 4284 END
START -3424 1072 18840 1892 -3054 4659 END
START -3824 488 18500 2195 -3407 4883 END
START -4268 8 18220 2437 -3654 4927 END
START -4640 -508 18204 2652 -3799 4860 END
START -4684 -1124 17996 2756 -3796 4604 END
START -4848 -1492 18052 2803 -3689 4290 END
START -5116 -1648 17832 2643 -3430 3755 END
START -5100 -1624 17760 2481 -2992 3161 END
START -5324 -1512 17664 2220 -2501 2575 END
START -5432 -1608 17624 1870 -1887 1895 END
START -5304 -1800 17824 1535 -1223 1238 END
START -5220 -1812 17924 1175 -539 508 END
START -4940 -1672 17904 802 163 -182 END
START -4808 -1960 17936 389 913 -807 END
START -4512 -1832 18352 -83 1584 -1414 END
START -4384 -1500 18512 -540 2207 -1919 END
START -4244 -1168 18964 -1061 2701 -2404 END
START -4036 -988 19336 -1522 3148 -2751 END
START -3668 -700 19420 -1926 3505 -3035 END
START -3432 -544 19528 -2289 3897 -3257 END
START -3360 -316 19804 -2597 4236 -3419 END
START -3252 -236 20112 -2904 4419 -3499 END
START -3256 -96 20392 -3206 4489 -3579 END
START -3264 152 20736 -3524 4423 -3543 END
START -3160 436 20824 -3814 4239 -3458 END
START -3020 564 21128 -3992 3942 -3268 END
START -2928 732 21240 -4130 3556 -3012 END
START -2784 732 21512 -4203 3030 -2666 END
START -2644 780 21672 -4237 2468 -2322 END
START -2692 904 21992 -4284 1752 -1923 END
START -2624 1052 22104 -4330 1017 -1529 END
START -2292 1064 22032 -4368 217 -1097 END
START -2112 976 22108 -4340 -532 -697 END
START -2024 1000 21792 -4315 -1218 -257 END
START -1924 964 21504 -4292 -1870 163 END
START -1832 920 21280 -4270 -2472 556 END
START -1640 772 20960 -4233 -2916 869 END
START -1396 656 20636 -4310 -3288 1171 END
START -1232 408 20372 -4441 -3494 1452 END
START -1072 344 20084 -4578 -3684 1637 END
START -1128 160 19952 -4785 -3762 1795 END
START -948 -32 19520 -4997 -3787 1880 END
START -776 -128 19444 -5276 -3670 1906 END
START -500 -172 18824 -5496 -3445 1877 END
START -412 -180 18680 -5763 -3193 1794 END
START -296 -144 18344 -6022 -2859 1769 END
START -228 44 18228 -6299 -2539 1706 END
START -36 128 18040 -6554 -2249 1657 END
START 28 268 18016 -6812 -2002 1666 END
START 204 168 17908 -7037 -1796 1625 END
START 260 176 17736 -7237 -1626 1622 END
START 292 160 17756 -7402 -1459 1633 END
START 552 232 17452 -7590 -1339 1645 END
START 640 260 17212 -7688 -1202 1670 END
START 932 444 17072 -7850 -1042 1703 END
START 1144 344 16848 -7959 -967 1777 END
START 1220 392 16572 -8067 -842 1861 END
START 1308 548 16368 -8154 -709 1990 END
START 1516 540 16032 -8272 -634 2095 END
START 1628 776 16048 -8354 -566 2285 END
START 1872 852 15816 -8425 -486 2471 END
START 2044 848 15776 -8543 -443 2668 END
START 2240 916 15544 -8658 -406 2866 END
START 2456 820 15328 -8757 -282 3048 END
START 2644 1128 15180 -8892 -216 3281 END
START 2748 1280 14920 -9028 -134 3531 END
START 2744 1372 14632 -9142 -12 3831 END
START 2864 1504 14424 -9249 72 4140 END
START 2812 1496 14012 -9370 175 4430 END
START 2868 1528 14040 -9494 269 4790 END
START 2808 1644 13856 -9613 364 5154 END
START 2620 1636 13712 -9716 388 5571 END
START 2616 1676 13720 -9805 431 5972 END
START 2248 1620 13788 -9840 372 6365 END
START 1956 1532 13796 -9834 273 6786 END
START 1516 1344 13816 -9803 46 7155 END
START 1176 1124 13904 -9769 -186 7512 END
START 800 984 13980 -9708 -534 7876 END
START 512 940 13908 -9747 -901 8149 END
START -16 908 13920 -9708 -1368 8455 END
START -452 752 13628 -9722 -1806 8675 END
START -776 480 13536 -9662 -2265 8931 END
START -792 404 13256 -9657 -2697 9135 END
START -1216 232 12828 -9631 -3074 9292 END
START -1136 312 12396 -9539 -3398 9441 END
START -1400 216 11828 -9486 -3657 9548 END
START -1432 144 11608 -9377 -3793 9653 END
START -1476 -44 10816 -9268 -3867 9756 END
START -1608 -40 10264 -9148 -3769 9797 END
START -1464 -300 9692 -8993 -3635 9817 END
START -1708 -280 9088 -8839 -3399 9810 END
START -1724 -420 8648 -8661 -3155 9802 END
START -1772 -344 8532 -8460 -2892 9757 END
START -1764 -372 8160 -8202 -2635 9746 END
START -1948 -480 8208 -7970 -2412 9698 END
START -1872 -388 8140 -7684 -2246 9614 END
START -1740 -568 8172 -7412 -2114 9544 END
START -1808 -428 8040 -7143 -1991 9438 END
START -1524 -328 8036 -6846 -1925 9409 END
START -1444 -136 7756 -6544 -1771 9357 END
START -1080 -136 7568 -6298 -1631 9427 END
START -780 -200 7448 -6047 -1403 9456 END
START -596 -256 7252 -5809 -1166 9591 END
START -516 -300 7236 -5583 -927 9633 END
START -400 -84 7404 -5372 -762 9740 END
START -348 -116 7320 -5139 -557 9821 END
START -340 12 7092 -4956 -351 9892 END
START -288 48 7092 -4728 -189 10055 END
START -304 40 7164 -4496 -44 10175 END
START -232 76 7352 -4215 144 10330 END
START -296 340 7076 -3964 324 10486 END
START -316 616 7024 -3742 490 10739 END
START -656 604 7096 -3477 619 11011 END
START -708 584 7108 -3211 736 11352 END
START -1132 796 7056 -2972 807 11672 END
START -1604 844 7044 -2678 803 11975 END
START -2036 972 7108 -2369 772 12230 END
START -2596 852 7388 -2045 739 12708 END
START -3076 736 7468 -1675 595 12912 END
START -3668 320 7304 -1336 442 12886 END
START -3956 124 7396 -960 236 13356 END
START -4464 -8 7380 -550 56 13486 END
START -5068 -240 7252 -129 -157 13587 END
START -5496 -724 7256 334 -316 13671 END
START -5956 -1004 7132 847 -490 13689 END
START -6292 -1196 7124 1324 -666 13652 END
START -6760 -1424 7204 1863 -773 13544 END
START -7244 -1748 6948 2342 -923 13450 END
START -7696 -1904 7204 2858 -977 13323 END
START -8072 -2100 7356 3273 -1078 12899 END
START -8376 -2240 7532 3714 -1087 13042 END
START -8704 -2500 7568 4088 -1138 12613 END
START -9032 -2796 7664 4401 -1138 12333 END
START -9364 -2836 8000 4691 -1196 11923 END
START -9712 -2900 7816 4965 -1204 11628 END
START -9912 -3084 7876 5169 -1192 11296 END
START -10036 -3048 7900 5456 -1176 10977 END
START -10372 -3168 7828 5727 -1085 10603 END
START -10520 -3300 7772 6019 -978 10299 END
START -10696 -3360 7956 6341 -793 9998 END
START -11024 -3500 7944 6703 -620 9673 END
START -11368 -3628 8024 7057 -470 9356 END
START -11604 -3772 8256 7372 -270 9011 END
START -12016 -3828 8576 7715 -196 8653 END
START -12420 -4020 8768 7990 -118 8289 END
START -12712 -4036 9108 8259 17 7896 END
START -12916 -4064 9260 8507 98 7478 END
START -13336 -4212 9664 8724 158 7074 END
START -13672 -4392 10064 8895 197 6698 END
START -14036 -4540 10456 9114 172 6247 END
START -14344 -4716 10884 9354 84 5830 END
START -14864 -4724 11292 9574 -104 5366 END
START -14988 -4788 11668 9835 -329 4931 END
START -15408 -4884 12068 10050 -553 4481 END
START -15796 -4852 12476 10248 -848 3992 END
START -16136 -4816 12844 10451 -1237 3551 END
START -16332 -4932 13172 10687 -1623 3064 END
START -16376 -5076 13272 10938 -2058 2631 END
START -16364 -5244 13504 11200 -2493 2218 END
START -16240 -5312 13744 11575 -2849 1761 END
START -16100 -5212 14056 11924 -3174 1362 END
START -16044 -5408 14332 12223 -3430 981 END
START -15988 -5380 14372 12209 -3666 657 END
START -16012 -5380 14700 12228 -3850 346 END
START -16032 -5432 14972 12554 -4035 -33 END
START -16044 -5480 15160 12683 -4132 -396 END
START -16248 -5608 15156 12779 -4209 -856 END
START -16236 -5840 15564 12873 -4229 -1419 END
START -16348 -6040 15744 12989 -4182 -1981 END
START -16416 -6088 16096 13081 -4097 -2663 END
START -16468 -5968 16364 13121 -4035 -3428 END
START -16480 -5900 16748 13092 -3860 -4134 END
START -16492 -5544 17116 13052 -3688 -4849 END
START -16376 -5332 17540 12932 -3509 -5597 END
START -16280 -5072 17944 12745 -3355 -6221 END
START -16088 -4816 18376 12492 -3136 -6802 END
START -15732 -4780 18824 12419 -2935 -7378 END
START -15632 -4816 19132 11964 -2756 -7928 END
START -15268 -4932 19992 11926 -2634 -8554 END
START -15020 -4940 20368 11433 -2422 -9182 END
START -14700 -4924 20960 11270 -2196 -9785 END
START -14500 -4780 21356 10860 -2084 -10367 END
START -13996 -4600 22152 10423 -1862 -11003 END
START -13552 -4632 22572 9922 -1702 -11578 END
START -13068 -4580 23044 9411 -1553 -12166 END
START -12548 -4452 23484 8855 -1381 -12625 END
START -11948 -4160 23860 8239 -1190 -13117 END
START -11520 -4084 24016 7694 -1082 -13493 END
START -11048 -3920 24296 7192 -955 -13848 END
START -10656 -3552 24760 6731 -895 -14168 END
START -10364 -3192 24932 6356 -845 -14421 END
START -9888 -2776 25200 6075 -793 -14598 END
START -9400 -2484 25584 5740 -860 -14712 END
START -9012 -2072 25844 5419 -965 -14753 END
START -8588 -1856 26284 5049 -1171 -14740 END
START -7908 -1464 26452 4666 -1295 -14677 END
START -7360 -1188 26648 4165 -1429 -14580 END
START -6888 -920 26732 3753 -1515 -14439 END
START -6440 -716 26972 3259 -1607 -14287 END
START -5996 -452 26676 2749 -1594 -14135 END
START -5604 -288 26952 2239 -1569 -13946 END
START -5292 -16 26724 1715 -1556 -13698 END
START -5008 24 26940 1219 -1529 -13567 END
START -4568 116 26660 694 -1489 -13414 END
START -4376 128 26656 170 -1455 -13321 END
START -4216 28 26568 -317 -1392 -13276 END
START -4124 -52 26592 -757 -1436 -13268 END
START -3852 -164 26580 -1202 -1411 -13256 END
START -3804 -244 26244 -1616 -1407 -13262 END
START -3676 -120 26160 -2020 -1462 -13320 END
START -3488 -132 25824 -2417 -1432 -13391 END
START -3392 -120 25692 -2797 -1357 -13501 END
START -2928 36 25268 -3223 -1303 -13645 END
START -2776 28 25112 -3620 -1206 -13659 END
START -2624 296 24756 -3968 -1080 -13776 END
START -2284 540 24552 -4363 -924 -13848 END
START -1968 704 24372 -4723 -761 -13931 END
START -1780 876 24032 -5126 -585 -13945 END
START -1376 1216 23748 -5565 -365 -13967 END
START -952 1488 23456 -6033 -100 -13991 END
START -656 1700 23232 -6507 214 -13932 END
START -80 1840 22728 -6977 576 -13899 END
START 192 1864 22644 -7499 976 -13793 END
START 540 1960 22496 -8011 1348 -13631 END
START 640 2064 22236 -8555 1692 -13488 END
START 796 2156 21912 -9082 1958 -13296 END
START 768 2136 21784 -9553 2148 -13073 END
START 924 2184 21660 -9962 2253 -12876 END
START 964 2176 21324 -10340 2276 -12645 END
START 972 2364 21188 -10629 2181 -12389 END
START 1180 2320 20936 -10901 2055 -12101 END
START 1372 2404 20284 -11150 1861 -11798 END
START 1636 2452 20116 -11351 1666 -11376 END
START 1952 2432 19620 -11524 1484 -10989 END
START 2204 2268 18756 -11664 1298 -10588 END
START 2340 2200 18340 -11740 1119 -10160 END
START 2564 2164 17708 -11747 971 -9731 END
START 2632 2132 17292 -11731 816 -9317 END
START 2696 2300 16536 -11685 630 -8855 END
START 2632 2232 16272 -11644 450 -8353 END
START 2808 2216 15684 -11540 240 -7872 END
START 2824 2128 15008 -11405 6 -7377 END
START 2868 1840 14684 -11257 -169 -6970 END
START 2936 1632 14288 -11089 -482 -6475 END
START 2844 1524 13808 -10853 -668 -6038 END
START 2984 1584 13472 -10622 -988 -5579 END
START 2932 1592 12880 -10369 -1283 -5104 END
START 2980 1536 12632 -10143 -1510 -4615 END
START 2960 1500 12052 -9848 -1758 -4153 END
START 2952 1452 11500 -9555 -1946 -3683 END
START 3076 1396 11100 -9284 -2072 -3239 END
START 3004 1320 10272 -8917 -2040 -2812 END
START 2968 1256 9724 -8631 -1953 -2434 END
START 2868 1056 9236 -8302 -1795 -2087 END
START 2632 1120 8808 -8015 -1617 -1778 END
START 2456 932 8464 -7705 -1418 -1514 END
START 2300 856 8328 -7410 -1202 -1304 END
START 2084 808 8160 -7111 -994 -1101 END
START 1936 672 7880 -6859 -803 -977 END
START 1836 632 7824 -6616 -557 -846 END
START 1808 348 7600 -6386 -334 -766 END
START 1656 192 7404 -6181 -45 -700 END
START 1672 152 7280 -6016 158 -679 END
START 1640 148 7288 -5876 419 -630 END
START 1580 156 7312 -5781 699 -658 END
START 1648 304 7096 -5744 923 -612 END
START 1592 264 7336 -5699 1072 -584 END
START 1620 332 7068 -5696 1286 -496 END
START 1532 596 7064 -5683 1420 -398 END
START 1584 640 7156 -5637 1542 -272 END
START 1784 756 6976 -5604 1690 -131 END
START 1788 896 6848 -5558 1826 55 END
START 1684 984 6772 -5540 1912 246 END
START 1652 1148 6676 -5506 2073 450 END
START 1628 1212 6724 -5487 2204 676 END
START 1472 1192 6500 -5395 2342 881 END
START 1328 996 6460 -5336 2485 1083 END
START 1236 1168 6376 -5247 2536 1282 END
START 984 1104 6184 -5130 2576 1456 END
START 676 1132 5988 -4966 2665 1589 END
START 676 1104 5672 -4763 2687 1782 END
START 500 1252 5772 -4523 2747 1953 END
START 228 1164 5716 -4309 2722 2121 END
START 228 1168 5404 -3963 2681 2337 END
START 164 1052 5444 -3622 2660 2509 END
START 8 1080 5452 -3242 2602 2695 END
START -204 1196 5328 -2884 2518 2834 END
START -336 1136 5484 -2469 2373 2992 END
START -440 1144 5644 -2050 2184 3140 END
START -736 1244 5788 -1678 1987 3328 END
START -744 1328 5716 -1262 1759 3490 END
START -600 1396 5648 -849 1586 3672 END
START -640 1288 5484 -448 1395 3874 END
START -548 1276 5452 -69 1337 4038 END
START -600 1344 5324 332 1309 4204 END
START -576 1244 5280 729 1270 4348 END
START -612 1300 4992 1116 1347 4510 END
START -792 1296 4932 1512 1443 4629 END
START -784 1228 4988 1889 1563 4722 END
START -928 1328 5020 2214 1717 4836 END
START -1056 1140 5156 2553 1844 4933 END
START -1148 1164 5216 2809 1990 5004 END
START -1320 1252 5392 3034 2102 5054 END
START -1376 1156 5560 3183 2231 5083 END
START -1560 1232 5472 3386 2311 5128 END
START -1844 1216 5592 3513 2432 5166 END
START -1664 1356 5892 3657 2485 5216 END
START -1880 1364 5956 3813 2597 5225 END
START -2032 1300 5840 3961 2630 5222 END
START -2096 1360 5800 4092 2730 5214 END
START -2312 1248 5652 4256 2803 5194 END
START -2476 1196 5652 4437 2906 5135 END
START -2540 1244 5520 4656 2973 5066 END
START -2744 1240 5340 4923 3127 4968 END
START -2720 1220 5448 5186 3266 4846 END
START -2812 1172 5224 5450 3442 4687 END
START -2876 1200 5272 5708 3640 4558 END
START -3048 1308 5412 5976 3814 4432 END
START -3184 1380 5116 6216 3952 4288 END
START -3304 1328 5320 6422 4119 4126 END
START -3280 1404 5372 6650 4336 3970 END
START -3268 1456 5524 6927 4472 3865 END
START -3420 1520 5788 7215 4609 3746 END
START -3308 1716 6012 7492 4635 3605 END
START -3544 1952 6136 7699 4624 3539 END
START -3608 2116 6584 7975 4480 3477 END
START -3512 2500 6924 8184 4364 3522 END
START -3536 2584 7288 8451 4127 3544 END
START -3572 3036 7556 8671 3956 3624 END
START -3560 3100 7532 8928 3725 3714 END
START -3328 3180 7640 9173 3516 3859 END
START -3392 3400 7708 9462 3288 3973 END
START -3124 3368 7836 9766 3109 4096 END
START -3028 3568 7696 9997 2947 4301 END
START -2940 3756 7672 10270 2736 4497 END
START -2836 3928 7704 10552 2627 4696 END
START -2800 3868 7532 10856 2515 4916 END
START -2680 3884 7356 11149 2448 5141 END
START -2568 3868 7468 11429 2413 5373 END
START -2640 3952 7428 11977 2364 5568 END
START -2676 3972 7236 12283 2385 5772 END
START -2824 4144 7388 12329 2433 5930 END
START -3100 4088 7436 12856 2469 6075 END
START -3236 4172 7516 13196 2491 6183 END
START -3480 4104 7752 13579 2549 6332 END
START -3740 3912 8220 13939 2561 6450 END
START -4212 3812 8720 14309 2511 6591 END
START -4400 3832 8776 14679 2433 6634 END
START -5112 3816 9176 15032 2348 6660 END
START -5568 3640 9708 15363 2187 6614 END
START -5956 3528 10056 15766 2055 6502 END
START -6396 3556 10520 16096 1930 6302 END
START -6820 3404 11000 16461 1764 6091 END
START -6964 3352 11240 16798 1703 5779 END
START -7060 3428 11648 17058 1609 5492 END
START -7220 3488 12072 17163 1547 5083 END
START -7228 3608 12308 17276 1563 4718 END
START -7084 3732 12468 17327 1648 4280 END
START -6720 3996 12564 17300 1864 3875 END
START -6648 4452 12820 17228 2170 3463 END
START -6404 4892 12780 17084 2590 3125 END
START -6360 5072 13040 16879 3045 2823 END
START -6216 5568 13228 16756 3505 2596 END
START -5964 5968 13480 16550 4061 2410 END
START -5868 6120 13916 16368 4619 2282 END
START -5732 6296 14120 16177 5136 2198 END
START -5576 6400 14500 16026 5668 2183 END
START -5496 6492 14996 15869 6107 2219 END
START -5500 6584 15468 15701 6573 2288 END
START -5444 6828 16116 15569 6976 2437 END
START -5644 7060 16444 15437 7298 2569 END
START -5680 6944 17128 15260 7632 2763 END
START -5636 6812 17456 15105 7858 2878 END
START -5840 6708 17932 14881 8117 3054 END
START -6268 6564 18444 14688 8232 3243 END
START -6556 6584 18952 14509 8351 3488 END
START -6840 6356 19356 14359 8309 3738 END
START -7156 6144 19524 14246 8228 3957 END
START -7396 5868 19920 14196 8083 4148 END
START -7632 5620 20108 14154 7868 4290 END
START -7824 5440 20356 14178 7633 4360 END
START -8140 5496 20544 14229 7346 4481 END
START -8252 5548 20852 14314 6967 4594 END
START -8576 5440 21168 14430 6655 4718 END
START -8672 5104 21452 14521 6232 4858 END
START -8856 4916 21680 14658 5786 4822 END
START -8944 4672 22152 14746 5327 4766 END
START -9312 4784 22560 14854 4848 4632 END
START -9544 4708 22820 14907 4379 4482 END
START -9724 4792 23192 14918 3958 4330 END
START -9828 5076 23268 14953 3546 4139 END
START -9748 5308 23320 14892 3281 3943 END
START -9600 5468 23372 14868 3137 3757 END
START -9464 5880 23392 14760 3101 3590 END
START -9152 6204 23416 14605 3178 3445 END
START -8744 6224 23584 14351 3368 3259 END
START -8440 6404 23752 14035 3643 3043 END
START -8232 6604 23852 13597 4022 2884 END
START -7944 6896 24044 13061 4557 2785 END
START -7716 7264 24020 12466 5129 2668 END
START -7548 7760 24416 11966 5792 2661 END
START -7316 8276 23968 11113 6518 2655 END
START -7228 8364 24264 10309 7385 2737 END
START -7424 8332 24372 9621 8144 2906 END
START -7672 8356 24732 8883 8900 3154 END
START -8068 8328 24888 8193 9577 3376 END
START -8520 8040 25324 7508 10060 3558 END
START -8804 7540 25628 6878 10500 3676 END
START -8996 7316 25932 6397 10867 3757 END
START -9288 6908 26320 5995 11208 3822 END
START -9604 6644 26668 5659 11473 3889 END
START -10100 6464 27104 5380 11664 3968 END
START -10120 5856 27604 5085 11784 4026 END
START -9872 5080 28072 4735 11840 3969 END
START -10228 4648 28780 4314 11771 3883 END
START -10500 4276 29424 3775 11647 3869 END
START -10564 4108 29892 3241 11307 3837 END
START -10376 3936 30240 2582 10998 3868 END
START -10472 3536 30476 1946 10539 3954 END
START -10264 3224 30552 1269 10090 4079 END
START -10216 2832 30540 628 9606 4178 END
START -10132 2644 30648 -43 9010 4286 END
START -10064 2348 30524 -645 8353 4326 END
START -9932 2116 30104 -1227 7667 4408 END
START -9740 1956 29616 -1787 6926 4459 END
START -9420 1836 29044 -2305 6155 4552 END
START -9180 1724 28392 -2756 5436 4664 END
START -8720 1620 27380 -3130 4844 4823 END
START -8264 1708 26532 -3380 4337 4989 END
START -7764 1540 25764 -3575 3922 5206 END
START -7356 1548 25004 -3739 3647 5388 END
START -7096 1544 24344 -3905 3374 5585 END
START -6816 1432 24156 -4123 3181 5762 END
START -6488 1444 23680 -4367 2988 5904 END
START -6120 1516 22944 -4689 2938 6047 END
START -5820 1328 22444 -5074 2842 6183 END
START -5388 1468 22060 -5490 2957 6290 END
START -4944 1564 21416 -5931 3040 6440 END
START -4652 1548 20980 -6396 3166 6573 END
START -4424 1636 20492 -6834 3305 6703 END
START -4224 1760 20068 -7277 3456 6858 END
START -3940 1816 19908 -7681 3592 7038 END
START -3732 1880 19344 -8058 3660 7211 END
START -3464 2060 19120 -8419 3644 7556 END
START -3160 2128 19020 -8594 3551 7895 END
START -2972 2240 18496 -8700 3420 8191 END
START -2848 2408 18276 -8713 3287 8499 END
START -2616 2508 18096 -8656 3019 8854 END
START -2476 2764 17996 -8618 2788 9271 END
START -2404 2844 18252 -8465 2509 9800 END
START -2404 2928 18188 -8362 2140 10386 END
START -2072 2952 18184 -8185 1800 11026 END
START -2064 2980 18332 -8106 1413 11669 END
START -2044 3136 18272 -8023 964 12230 END
START -2084 3088 18208 -8005 672 12843 END
START -2076 3208 18252 -8055 366 13097 END
START -2132 3212 18028 -8183 94 13832 END
START -2348 3156 17780 -8341 -82 14249 END
START -2688 3092 17764 -8494 -253 14789 END
START -3296 2996 17584 -8620 -380 15245 END
START -3968 2680 17580 -8792 -574 15650 END
START -4788 2328 17772 -8861 -887 15975 END
START -5572 1712 17796 -8945 -1253 16263 END
START -6528 1368 17904 -8989 -1677 16457 END
START -7536 1192 17712 -9025 -2098 16555 END
START -8372 916 17716 -8987 -2617 16601 END
START -9276 580 17608 -8972 -3080 16603 END
START -9952 368 17556 -8935 -3652 16536 END
START -10684 -56 17572 -8949 -4195 16366 END
START -11428 -552 17268 -8970 -4777 16087 END
START -11904 -920 17124 -9004 -5279 15757 END
START -12612 -1376 16788 -9028 -5814 15383 END
START -13212 -1696 16728 -9043 -6243 14939 END
START -13604 -1848 16268 -9089 -6653 14401 END
START -14012 -1988 15908 -9206 -6876 13808 END
START -14240 -2076 15732 -9317 -6990 13127 END
START -14444 -2316 15572 -9474 -6984 12422 END
START -14636 -2432 15220 -9718 -6994 11793 END
START -14788 -2556 15272 -10022 -6885 11007 END
START -15012 -2616 14968 -10367 -6768 10197 END
START -15060 -2508 14720 -10741 -6592 9339 END
START -15080 -2236 14584 -11092 -6361 8518 END
START -15036 -2100 14396 -11400 -6081 7705 END
START -14896 -1852 14076 -11705 -5679 6903 END
START -14536 -1800 13952 -12059 -5252 6233 END
START -14528 -1556 13624 -12338 -4780 5649 END
START -14328 -1460 13456 -12664 -4240 5101 END
START -14140 -1364 13148 -12924 -3720 4605 END
START -14048 -1328 12704 -13176 -3208 4124 END
START -14008 -1316 12588 -13347 -2596 3607 END
START -14244 -1136 12516 -13429 -2012 3176 END
START -14340 -1124 12644 -13464 -1620 2753 END
START -14460 -1236 12832 -13483 -1172 2288 END
START -14744 -1396 12968 -13456 -976 1871 END
START -15280 -1328 13188 -13491 -900 1483 END
START -15764 -1320 13656 -13422 -980 1115 END
START -15952 -1476 13788 -13391 -1189 738 END
START -16272 -1668 13776 -13247 -1489 324 END
START -16444 -1776 13960 -13078 -1889 -123 END
START -16700 -1924 13912 -12813 -2342 -617 END
START -16856 -1956 13912 -12523 -2771 -1137 END
START -17092 -2096 13912 -12192 -3307 -1731 END
START -17184 -2232 13728 -11836 -3801 -2322 END
START -17072 -2200 13584 -11461 -4370 -2980 END
START -17236 -2380 13472 -11092 -4932 -3663 END
START -17180 -2252 13316 -10740 -5436 -4322 END
START -16964 -2148 13064 -10349 -6023 -4998 END
START -16888 -2164 12696 -9937 -6498 -5646 END
START -16560 -1992 12440 -9530 -7001 -6255 END
START -16460 -1756 12220 -9083 -7469 -6843 END
START -16180 -1656 11728 -8626 -7846 -7410 END
START -15724 -1220 11380 -8148 -8199 -7969 END
START -15560 -800 10988 -7712 -8462 -8498 END
START -15256 -316 10752 -7320 -8694 -8944 END
START -14888 216 10332 -6913 -8856 -9374 END
START -14276 596 10036 -6531 -8937 -9708 END
START -13820 792 9756 -6211 -8896 -10061 END
START -13344 948 9488 -5870 -8806 -10291 END
START -12832 1128 9236 -5620 -8627 -10579 END
START -12432 1256 8848 -5336 -8396 -10861 END
START -12044 1388 8488 -5107 -8120 -11132 END
START -11852 1624 8448 -4936 -7773 -11403 END
START -11532 1860 8228 -4784 -7432 -11642 END
START -11500 1948 8140 -4626 -7040 -11844 END
START -11388 2200 7816 -4520 -6561 -12047 END
START -11336 2236 7760 -4380 -6125 -12233 END
START -11212 2232 7712 -4241 -5651 -12436 END
START -11300 2156 7548 -4129 -5210 -12732 END
START -11312 1976 7480 -4010 -4756 -12995 END
START -11356 1724 7576 -3874 -4406 -13404 END
START -11744 1980 7268 -3777 -4086 -13699 END
START -11852 2120 7400 -3673 -3768 -14028 END
START -11784 2148 7200 -3556 -3407 -14319 END
START -11800 2104 6992 -3339 -3039 -14621 END
START -11892 2020 6988 -3173 -2762 -14936 END
START -11920 1816 7204 -2942 -2511 -15308 END
START -12148 1604 7308 -2651 -2400 -15753 END
START -12136 1504 7480 -2336 -2333 -16192 END
START -12200 1480 7500 -2003 -2422 -16662 END
START -12160 1336 7524 -1647 -2543 -17169 END
START -12176 1432 7476 -1288 -2772 -17639 END
START -12104 1508 7344 -902 -2990 -18103 END
START -12084 1556 7484 -491 -3301 -18509 END
START -11668 1720 7204 -58 -3612 -18881 END
START -11496 1952 6940 447 -3938 -19255 END
START -10948 2168 6812 949 -4245 -19542 END
START -10552 2516 6544 1418 -4461 -19804 END
START -10020 2940 6240 1865 -4675 -19962 END
START -9460 3364 6076 2315 -4775 -20065 END
START -8948 3660 5964 2686 -4779 -20099 END
START -8800 3940 5916 3056 -4839 -20078 END
START -8372 4100 5704 3359 -4806 -20028 END
START -8128 4504 5736 3731 -4919 -19955 END
START -7704 4600 5968 3980 -5042 -19824 END
START -7336 4416 5964 4348 -5182 -19630 END
START -6704 4284 5980 4726 -5286 -19462 END
START -6256 4288 5808 5179 -5344 -19209 END
START -5664 4400 5724 5624 -5390 -18948 END
START -5276 4444 5744 6060 -5387 -18675 END
START -4900 4620 5544 6455 -5404 -18316 END
START -4564 4692 5432 6872 -5359 -17925 END
START -4276 4656 5344 7172 -5268 -17580 END
START -3960 4512 5204 7477 -5117 -17228 END
START -3612 4312 5196 7807 -4816 -16934 END
START -3564 4224 5008 8105 -4417 -16734 END
START -3240 4144 5032 8407 -3939 -16575 END
START -3184 4104 4984 8707 -3410 -16495 END
START -3068 4080 5216 8998 -2737 -16434 END
START -2992 4116 5740 9253 -2098 -16416 END
START -2984 4084 6000 9416 -1403 -16377 END
START -3068 4228 6440 9526 -796 -16395 END
START -3232 4076 6904 9558 -178 -16418 END
START -3300 3876 7388 9562 314 -16495 END
START -3168 3964 7764 9501 871 -16605 END
START -3028 3936 8012 9507 1471 -16747 END
START -2864 3772 8400 9514 2093 -16934 END
START -2748 4048 8788 9554 2795 -17040 END
START -2744 4108 9608 9576 3388 -17166 END
START -2800 4140 10316 9615 3830 -17265 END
START -2804 3940 11216 9623 4154 -17276 END
START -2796 3956 11980 9658 4353 -17308 END
START -2844 4244 12700 9738 4445 -17342 END
START -3036 4476 13512 9798 4406 -17419 END
START -3060 4756 14080 9907 4290 -17407 END
START -3048 4872 14976 9961 4052 -17445 END
START -3056 4776 15368 10013 3800 -17467 END
START -2848 4916 15816 10079 3463 -17459 END
START -2668 5112 16512 10106 3126 -17499 END
START -2680 5440 16852 10158 2682 -17467 END
START -2476 5796 17224 10165 2312 -17400 END
START -2040 6148 17412 10149 2036 -17271 END
START -1856 6632 17852 10083 1785 -17126 END
START -1652 7084 17904 9999 1589 -16984 END
START -1460 7384 18484 9826 1435 -16792 END
START -1432 7764 18940 9690 1209 -16545 END
START -1464 8092 19424 9468 1008 -16257 END
START -1500 8764 19964 9322 733 -15970 END
START -1508 9144 20472 9123 448 -15675 END
START -1396 9368 20924 8943 85 -15313 END
START -1360 9576 21284 8717 -320 -14912 END
START -1176 9596 21824 8488 -671 -14425 END
START -1056 9628 22328 8229 -1073 -13851 END
START -1052 9464 22580 7956 -1446 -13286 END
START -1184 9444 23144 7612 -1937 -12695 END
START -1460 9484 23216 7267 -2322 -12135 END
START -1412 9232 23592 6886 -2701 -11655 END
START -1528 9356 23928 6468 -3043 -11323 END
START -1764 8720 24088 6072 -3423 -11097 END
START -1872 8548 23892 5650 -3610 -10924 END