START 2352 2852 8152 -4916 193 8199 END
START 1008 2556 9608 -4631 1033 8517 END
START -1056 2688 12236 -4407 2034 8810 END
START 264 2516 10544 -4224 1855 9116 END
START 1672 2272 8792 -4147 1866 9461 END
START 1012 2476 9104 -4029 2068 9779 END
START -160 2372 10324 -3925 2000 10174 END
START -372 2348 10068 -3823 1845 10536 END
START 268 2132 9452 -3652 1962 10845 END
START -316 2116 9848 -3551 2155 11147 END
START -248 2096 9456 -3379 2148 11417 END
START -404 2336 9124 -3244 2023 11647 END
START -1060 2364 9396 -3113 1912 11777 END
START -1424 2204 9408 -2981 1799 11858 END
START -1616 2052 9364 -2793 1610 12040 END
START -1664 1928 9032 -2647 1467 12125 END
START -1872 1864 8868 -2422 1441 12210 END
START -2076 1788 8916 -2177 1536 12407 END
START -2344 1804 8784 -1998 1524 12530 END
START -2680 1836 8756 -1811 1653 12714 END
START -2928 1964 8820 -1582 1842 12821 END
START -3144 2012 8544 -1471 1968 12878 END
START -3520 1968 8612 -1321 2120 12796 END
START -3728 1976 8692 -1232 2349 12769 END
START -3948 1768 8700 -1152 2510 12768 END
START -3964 1860 8668 -1096 2751 12803 END
START -4236 1860 8984 -1033 2939 12836 END
START -4464 1772 9080 -1008 3124 13212 END
START -4744 1956 9336 -969 3217 12853 END
START -4960 1872 9696 -916 3253 13273 END
START -5248 1740 9872 -943 3233 12992 END
START -5440 1548 10216 -892 3143 13197 END
START -5704 1560 10272 -859 2964 13289 END
START -5928 1648 10512 -814 2740 13297 END
START -6272 1536 10492 -761 2480 13330 END
START -6400 1648 10492 -667 2124 13291 END
START -6524 1512 10376 -561 1853 13287 END
START -6584 1560 10304 -413 1498 13272 END
START -6796 1684 10100 -268 1201 13286 END
START -6868 1908 10140 -115 850 13302 END
START -7112 1812 9944 47 559 13374 END
START -7148 1600 9748 180 324 13495 END
START -7184 1264 9416 367 123 13529 END
START -7368 972 9256 514 -41 13514 END
START -7344 556 8836 736 -125 13559 END
START -7416 296 8516 935 -74 13496 END
START -7468 120 8332 1168 86 13331 END
START -7700 -80 8272 1425 296 13233 END
START -7912 -228 8140 1713 545 13067 END
START -8204 -296 8336 1947 759 12798 END
START -8368 -324 8308 2167 1001 12644 END
START -8756 -528 8316 2408 1287 12516 END
START -8980 -572 8576 2563 1538 12162 END
START -9148 -672 8704 2710 1791 11903 END
START -9536 -620 8796 2829 1937 11652 END
START -9728 -772 9060 2887 2177 11305 END
START -9852 -864 9284 2950 2326 10992 END
START -9956 -976 9444 2972 2526 10663 END
START -10200 -1116 9760 2997 2626 10304 END
START -10292 -1128 9764 3011 2694 9949 END
START -10380 -1040 10040 3077 2701 9631 END
START -10432 -852 10276 3093 2723 9295 END
START -10696 -796 10416 3138 2632 9008 END
START -10648 -604 10552 3173 2571 8740 END
START -10740 -672 10764 3259 2368 8544 END
START -10488 -452 10828 3298 2141 8326 END
START -10680 -368 10784 3403 1912 8166 END
START -10616 -188 10888 3517 1640 7969 END
START -10596 -52 10936 3708 1326 7879 END
START -10532 -64 11000 3885 1077 7779 END
START -10520 180 11120 4101 752 7759 END
START -10648 192 10988 4337 478 7707 END
START -10640 312 11104 4549 236 7686 END
START -10712 368 10984 4748 -40 7685 END
START -10712 288 10932 4950 -220 7653 END
START -10768 256 10848 5110 -366 7612 END
START -10816 -20 10632 5299 -410 7560 END
START -10868 -276 10584 5455 -404 7536 END
START -10832 -464 10716 5625 -321 7492 END
START -11188 -632 10564 5800 -194 7458 END
START -11364 -844 10628 5949 -25 7439 END
START -11512 -1028 10584 6101 284 7304 END
START -11628 -1260 10560 6270 635 7139 END
START -11696 -1548 10632 6403 1120 6900 END
START -11956 -1680 10828 6512 1519 6611 END
START -12224 -1948 11040 6586 1956 6349 END
START -12456 -2008 11420 6598 2283 6004 END
START -12876 -1992 11832 6566 2551 5650 END
START -13156 -2076 12044 6539 2754 5314 END
START -13536 -2068 12628 6506 2940 4921 END
START -13680 -2152 12688 6448 3032 4524 END
START -14008 -2136 12996 6419 3056 4117 END
START -14336 -2240 13248 6379 2972 3647 END
START -14460 -2312 13352 6384 2914 3199 END
START -14600 -2156 13528 6453 2785 2771 END
START -14688 -2148 13680 6446 2662 2355 END
START -14804 -2012 13992 6485 2564 1969 END
START -14760 -1856 13932 6551 2428 1653 END
START -14696 -1904 14080 6589 2222 1354 END
START -14672 -1776 14384 6640 2000 1094 END
START -14860 -1776 14704 6709 1805 854 END
START -14700 -1756 14828 6783 1566 637 END
START -14720 -1712 14864 6844 1366 421 END
START -14640 -1616 15076 6867 1161 172 END
START -14528 -1536 15132 6930 995 -70 END
START -14424 -1604 15148 6998 858 -291 END
START -14164 -1696 15112 7038 823 -525 END
START -14168 -1724 15356 7033 813 -692 END
START -14004 -1616 15368 7026 834 -888 END
START -13980 -1592 15340 7018 850 -1072 END
START -14072 -1640 15512 6999 896 -1241 END
START -14092 -1640 15636 6971 1003 -1464 END
START -14176 -1656 15828 6888 1068 -1629 END
START -14236 -1884 16024 6805 1173 -1888 END
START -14576 -1876 16224 6728 1212 -2110 END
START -14504 -2032 16364 6670 1287 -2432 END
START -14488 -2108 16560 6574 1289 -2813 END
START -14524 -2096 16648 6487 1332 -3166 END
START -14364 -2048 16760 6478 1357 -3586 END
START -14412 -1952 16912 6422 1382 -3955 END
START -14264 -1832 16928 6420 1415 -4280 END
START -14196 -1844 16976 6333 1423 -4593 END
START -13960 -1564 17296 6337 1437 -4854 END
START -13868 -1444 17336 6255 1439 -5104 END
START -13712 -1372 17540 6226 1449 -5320 END
START -13724 -1324 17664 6180 1440 -5528 END
START -13672 -1352 17736 6128 1347 -5727 END
START -13544 -1292 18048 6091 1288 -5908 END
START -13432 -1220 18244 6053 1145 -6099 END
START -13376 -1164 18312 5982 1033 -6301 END
START -13072 -1136 18320 6013 875 -6515 END
START -12964 -1164 18396 5987 738 -6704 END
START -12772 -1048 18732 5953 595 -6901 END
START -12696 -1076 18832 5928 486 -7079 END
START -12344 -1076 18736 5918 376 -7210 END
START -12296 -1016 18772 5870 265 -7377 END
START -12140 -920 18748 5831 269 -7530 END
START -12000 -692 18656 5732 178 -7664 END
START -11720 -664 18852 5624 215 -7760 END
START -11496 -716 18908 5508 241 -7882 END
START -11552 -784 19012 5377 345 -8004 END
START -11268 -692 18944 5199 442 -8110 END
START -11108 -552 19124 4991 546 -8206 END
START -11140 -476 19056 4755 756 -8349 END
START -10908 -488 18920 4532 915 -8412 END
START -10732 -628 19132 4253 1099 -8516 END
START -10704 -752 19168 4032 1300 -8624 END
START -10640 -700 19444 3726 1553 -8744 END
START -10732 -612 19648 3446 1674 -8880 END
START -10732 -456 19904 3138 1673 -9037 END
START -10740 -564 20340 2868 1660 -9210 END
START -10648 -688 20452 2595 1515 -9429 END
START -10576 -708 20572 2347 1415 -9644 END
START -10444 -728 20744 2138 1165 -9836 END
START -10368 -696 20756 1954 952 -9993 END
START -10116 -588 20924 1784 751 -10212 END
START -9908 -440 20980 1660 463 -10356 END
START -9652 -416 21120 1459 261 -10488 END
START -9384 -324 21124 1301 31 -10608 END
START -9244 -180 21084 1147 -151 -10692 END
START -8968 -204 21100 995 -299 -10763 END
START -8760 -68 21228 809 -400 -10857 END
START -8492 -88 21000 588 -462 -10941 END
START -8368 56 20916 375 -481 -10968 END
START -8076 144 20776 133 -394 -10982 END
START -7720 272 20760 -124 -246 -10973 END
START -7572 304 20544 -390 -29 -10945 END
START -7352 280 20380 -614 254 -10893 END
START -7176 228 20024 -844 613 -10837 END
START -6924 128 19908 -1042 1034 -10788 END
START -6800 -152 19964 -1261 1522 -10741 END
START -6884 104 19852 -1462 1997 -10773 END
START -7056 104 19952 -1683 2392 -10777 END
START -7132 200 19968 -1903 2761 -10860 END
START -7156 120 20024 -2159 2993 -10951 END
START -7072 -4 20228 -2371 3216 -11074 END
START -7212 -60 20308 -2596 3427 -11157 END
START -6980 -116 20468 -2806 3509 -11232 END
START -6852 -80 20512 -3021 3648 -11331 END
START -6852 -144 20612 -3234 3646 -11401 END
START -6676 48 20472 -3413 3668 -11507 END
START -6364 32 20808 -3602 3618 -11588 END
START -6240 188 20672 -3796 3519 -11723 END
START -6072 332 20864 -3943 3322 -11785 END
START -5808 476 20764 -4120 3159 -11785 END
START -5480 496 20764 -4250 2913 -11768 END
START -5120 696 20512 -4389 2766 -11651 END
START -4800 888 20252 -4555 2588 -11504 END
START -4496 1140 20016 -4674 2483 -11339 END
START -4036 1412 19804 -4839 2388 -11117 END
START -3884 1752 19668 -4991 2397 -10886 END
START -3336 1772 19292 -5174 2404 -10559 END
START -3072 1860 18912 -5418 2568 -10177 END
START -2792 1832 18544 -5691 2732 -9771 END
START -2612 1664 18292 -5964 2990 -9334 END
START -2404 1640 17988 -6298 3347 -8908 END
START -2380 1468 17840 -6642 3672 -8520 END
START -2312 1268 17476 -6989 4095 -8169 END
START -2296 1084 17360 -7361 4425 -7919 END
START -2404 940 17116 -7694 4853 -7634 END
START -2360 752 16976 -8074 5239 -7455 END
START -2676 584 16704 -8426 5570 -7301 END
START -2700 428 16552 -8706 5876 -7223 END
START -3068 340 16552 -9012 6088 -7100 END
START -3412 484 16412 -9222 6163 -7076 END
START -3472 484 16316 -9461 6139 -6990 END
START -3716 388 15996 -9591 6064 -6966 END
START -3772 384 15680 -9709 5957 -6915 END
START -3932 388 15660 -9734 5760 -6839 END
START -3924 440 15172 -9707 5597 -6815 END
START -4004 384 14824 -9643 5361 -6756 END
START -4068 532 14732 -9519 5098 -6735 END
START -4176 656 14156 -9363 4871 -6667 END
START -4124 692 14040 -9159 4676 -6563 END
START -4132 924 13648 -8915 4446 -6448 END
START -3900 1020 13604 -8727 4216 -6244 END
START -3800 1036 13160 -8507 4073 -5988 END
START -3764 1132 12928 -8275 3956 -5737 END
START -3580 1272 12660 -8110 3818 -5475 END
START -3460 1248 12324 -7914 3764 -5141 END
START -3596 1536 12112 -7740 3616 -4861 END
START -3616 1664 11900 -7554 3510 -4539 END
START -3524 1744 11724 -7354 3406 -4204 END
START -3372 1660 11212 -7161 3425 -3812 END
START -3448 1608 10928 -6940 3526 -3364 END
START -3432 1464 10552 -6767 3699 -2924 END
START -3580 1524 10124 -6560 3938 -2487 END
START -3588 1456 9936 -6420 4253 -2078 END
START -3628 1568 9584 -6314 4607 -1743 END
START -3792 1460 9364 -6249 5082 -1430 END
START -3832 1356 9052 -6246 5550 -1132 END
START -3884 1212 8952 -6285 6069 -889 END
START -4224 1148 8768 -6362 6528 -653 END
START -4460 1004 8736 -6464 7032 -440 END
START -4680 1016 8364 -6542 7336 -260 END
START -5028 944 8284 -6592 7697 -136 END
START -5196 924 8168 -6653 7850 -52 END
START -5408 672 8132 -6613 7907 18 END
START -5584 644 7924 -6518 7950 -26 END
START -5696 476 7868 -6340 7901 -61 END
START -5932 548 7952 -6121 7724 -113 END
START -6072 560 7800 -5841 7358 -207 END
START -6116 716 7540 -5526 6869 -282 END
START -6068 832 7320 -5115 6319 -382 END
START -5904 988 7060 -4679 5748 -456 END
START -5736 1144 6972 -4185 5130 -526 END
START -5688 1292 6332 -3644 4564 -543 END
START -5424 1712 6080 -3107 3979 -515 END
START -5236 1984 5572 -2494 3447 -447 END
START -4912 2336 5100 -1925 3072 -314 END
START -4728 2404 4780 -1338 2748 -144 END
START -4428 2732 4328 -797 2535 92 END
START -4128 2948 4028 -279 2413 345 END
START -3952 3152 3712 173 2372 644 END
START -3768 3316 3524 619 2409 964 END
START -3652 3496 3120 992 2507 1238 END
START -3564 3624 3076 1357 2701 1569 END
START -3336 3776 3048 1644 2978 1887 END
START -3144 4060 3008 1921 3293 2205 END
START -3104 4408 2768 2118 3668 2526 END
START -2796 4596 2792 2318 4033 2876 END
START -2784 4648 2672 2447 4370 3215 END
START -2628 4552 2648 2553 4775 3601 END
START -2516 4516 2720 2679 5133 4025 END
START -2600 4652 2572 2751 5524 4439 END
START -2424 4716 2640 2878 5830 4838 END
START -2260 4808 2444 3044 6237 5226 END
START -2208 4836 2372 3271 6656 5656 END
START -2260 4972 2420 3560 7056 6057 END
START -2424 5052 2616 3861 7475 6512 END
START -2696 5156 2808 4217 7768 6975 END
START -2980 5156 3152 4552 8037 7395 END
START -3208 4980 3300 4898 8145 7815 END
START -3540 5096 3492 5271 8253 8220 END
START -3680 4980 3760 5635 8231 8598 END
START -3876 4952 4204 5985 8239 8897 END
START -4252 4940 4776 6314 8145 9188 END
START -4796 4820 5284 6627 8007 9439 END
START -5132 4548 5528 6906 7729 9629 END
START -5676 4356 6024 7113 7422 9771 END
START -5872 4352 6448 7296 7200 9801 END
START -6284 4380 6520 7409 6957 9768 END
START -6276 4504 6652 7457 6756 9689 END
START -6332 4484 6848 7441 6602 9646 END
START -6436 4436 6868 7384 6538 9662 END
START -6460 4508 6984 7276 6490 9717 END
START -6440 4480 6980 7207 6501 9821 END
START -6432 4824 7264 7136 6523 9954 END
START -6492 4992 7264 7077 6539 10141 END
START -6528 5168 7316 7072 6626 10357 END
START -6616 5648 7468 7087 6704 10618 END
START -6656 5848 7424 7093 6846 10948 END
START -6644 6004 7396 7101 7043 11331 END
START -6596 6356 7164 7132 7315 11741 END
START -6712 6380 7292 7125 7661 12276 END
START -6488 6276 7384 7094 7969 12659 END
START -6576 6180 7764 7098 8389 13066 END
START -6764 6240 7488 6978 8838 13715 END
START -7092 6360 8436 6890 9155 14165 END
START -7516 6444 8960 6777 9378 14679 END
START -7892 6408 9316 6730 9440 15107 END
START -8176 6244 9620 6618 9455 15549 END
START -8520 6268 9928 6588 9355 15940 END
START -8692 6244 10556 6494 9163 16284 END
START -8972 6416 10996 6469 8865 16611 END
START -9168 6396 11596 6437 8451 16925 END
START -9280 6292 11820 6407 7964 17188 END
START -9332 6216 11964 6371 7410 17451 END
START -9340 6156 11696 6320 6972 17684 END
START -9264 6168 11644 6335 6479 17949 END
START -9024 6056 11416 6311 6149 18100 END
START -9376 6244 11220 6328 5783 18317 END
START -9288 6216 11112 6353 5554 18606 END
START -9196 6208 10988 6414 5416 18847 END
START -9068 6252 11076 6453 5386 19048 END
START -9152 6448 11280 6486 5505 19271 END
START -9408 6724 11260 6481 5547 19359 END
START -9500 6900 11464 6427 5774 19543 END
START -9392 7016 11480 6358 6022 19671 END
START -9476 7048 11832 6193 6455 19823 END
START -9840 7156 12176 5923 6940 19925 END
START -10360 7180 12680 5586 7475 20000 END
START -11152 7044 13236 5126 7953 20139 END
START -11876 6944 13752 4552 8321 20153 END
START -12636 6892 14204 3954 8721 20142 END
START -13396 6888 14704 3290 9042 20019 END
START -13948 7000 15168 2605 9292 19796 END
START -14784 7076 15472 1893 9371 19491 END
START -15304 7028 15892 1221 9296 19204 END
START -15672 7092 16172 578 9163 18851 END
START -15836 7092 16412 81 8855 18532 END
START -16008 6944 16376 -390 8465 18222 END
START -15740 7116 16308 -810 8039 17945 END
START -15792 7144 16280 -1084 7425 17677 END
START -15428 7488 15928 -1308 6839 17372 END
START -14812 7672 15360 -1440 6242 17191 END
START -14216 7648 15208 -1504 5581 17027 END
START -13628 7584 14912 -1533 4934 16947 END
START -12928 7320 14744 -1496 4160 16914 END
START -12244 7112 14632 -1359 3379 16924 END
START -11348 6980 14488 -1239 2647 17003 END
START -10836 7168 14216 -1022 1960 17209 END
START -10372 7516 13988 -791 1309 17416 END
START -9904 8172 13888 -527 691 17724 END
START -9368 8816 13684 -346 157 18094 END
START -8636 9232 13400 -208 -288 18587 END
START -7996 9328 13276 -136 -550 19167 END
START -7628 9240 13272 -60 -710 19883 END
START -7296 9196 13244 -105 -767 20711 END
START -7212 9036 13492 -132 -784 21594 END
START -7352 9044 13628 -242 -803 22470 END
START -7484 8968 13892 -382 -840 23320 END
START -7664 9004 13816 -594 -877 24179 END
START -7908 8936 14120 -774 -944 24907 END
START -8212 8780 14472 -979 -1039 25594 END
START -8516 8624 14580 -1252 -1258 26260 END
START -8984 8152 14616 -1467 -1548 26733 END
START -9460 7688 14804 -1679 -1858 27185 END
START -10232 6904 15100 -1855 -2290 27471 END
START -11088 6072 15208 -1914 -2889 27546 END
START -12124 5140 15168 -1845 -3557 27444 END
START -12928 4196 15136 -1633 -4233 27055 END
START -13400 3676 15136 -1358 -4874 26536 END
START -13640 3244 15044 -1029 -5450 25812 END
START -13624 3024 14872 -751 -5850 25107 END
START -13480 2976 14628 -507 -6006 24372 END
START -13352 2900 14916 -365 -6135 23772 END
START -13136 3004 14964 -351 -6197 23193 END
START -12612 2984 15308 -460 -6142 22797 END
START -12344 3140 15260 -674 -5910 22469 END
START -12048 3292 15392 -1045 -5582 22257 END
START -11796 3268 15748 -1456 -5121 22043 END
START -11640 3240 16008 -2003 -4613 21866 END
START -11360 3164 16284 -2548 -4126 21696 END
START -11344 3268 16776 -3150 -3712 21508 END
START -11360 3344 17288 -3695 -3394 21350 END
START -11428 3356 18196 -4252 -3332 21223 END
START -11428 3228 18900 -4728 -3492 21122 END
START -11472 3356 19504 -5190 -3860 21006 END
START -11396 3372 20304 -5562 -4425 20898 END
START -11316 3360 20948 -5941 -5096 20924 END
START -11276 3236 21524 -6295 -5817 20908 END
START -11328 3068 21720 -6657 -6686 20898 END
START -11584 3208 21892 -7053 -7546 20882 END
START -11468 3204 21852 -7499 -8416 20783 END
START -11772 3040 21748 -7900 -9091 20669 END
START -12124 2684 21560 -8307 -9736 20450 END
START -12596 2640 21316 -8748 -10196 20159 END
START -13096 2560 20892 -9129 -10525 19818 END
START -13632 2284 20788 -9546 -10733 19418 END
START -14368 1920 20452 -9905 -10880 18879 END
START -14896 1444 20284 -10241 -11017 18268 END
START -15708 884 20068 -10638 -11130 17443 END
START -16220 488 19992 -10912 -11215 16576 END
START -16624 284 19520 -11225 -11292 15557 END
START -16768 104 19240 -11474 -11337 14510 END
START -16992 20 18912 -11750 -11367 13352 END
START -17076 -8 18508 -11956 -11395 12411 END
START -17100 336 18004 -12076 -11413 11192 END
START -17244 448 17628 -12136 -11412 10131 END
START -17004 524 17476 -12082 -11341 9107 END
START -16800 560 17204 -11984 -11181 8081 END
START -16652 552 16876 -11840 -10949 7169 END
START -16508 608 16676 -11743 -10697 6313 END
START -16316 816 16608 -11636 -10402 5504 END
START -16200 1064 16580 -11535 -10155 4739 END
START -16052 1304 16572 -11424 -9947 3994 END
START -15788 1480 16468 -11323 -9653 3296 END
START -15936 1840 16580 -11235 -9464 2630 END
START -15728 2092 16396 -11081 -9306 1936 END
START -15696 2552 16660 -10995 -9172 1356 END
START -15764 2676 16940 -10900 -9156 737 END
START -15940 2748 17248 -10806 -9193 171 END
START -16204 2796 17236 -10762 -9372 -387 END
START -16388 2980 17424 -10665 -9569 -974 END
START -16500 3012 17288 -10640 -9908 -1555 END
START -16608 3164 17044 -10581 -10216 -2263 END
START -16736 3208 17048 -10539 -10457 -2974 END
START -16800 3264 16868 -10451 -10794 -3696 END
START -16984 3236 16548 -10347 -11104 -4471 END
START -17076 3432 16284 -10238 -11389 -5230 END
START -17140 3468 16052 -10225 -11661 -6055 END
START -17216 3664 15660 -10229 -11966 -6927 END
START -17356 3988 15504 -10242 -12217 -7771 END
START -17424 4120 15268 -10360 -12498 -8670 END
START -17456 4472 14836 -10480 -12790 -9575 END
START -17480 4436 14584 -10595 -13007 -10407 END
START -17376 4372 13936 -10750 -13230 -11239 END
START -17168 4176 13268 -10811 -13327 -12067 END
START -17408 3972 12796 -10853 -13313 -12928 END
START -17448 3852 12184 -10884 -13301 -13862 END
START -17620 4184 11988 -10876 -13256 -14888 END
START -17928 4572 11584 -10877 -13334 -15934 END
START -18020 5320 11220 -10817 -13515 -17057 END
START -18128 5856 10976 -10703 -13767 -18115 END
START -17836 6460 10524 -10536 -13972 -19088 END
START -17548 6668 10004 -10375 -14293 -19870 END
START -17308 7024 9808 -10144 -14502 -20504 END
START -17012 7172 9416 -9854 -14814 -21029 END
START -16760 7736 8980 -9585 -15046 -21550 END
START -16392 8128 8560 -9262 -15215 -21964 END
START -15940 8324 8088 -9009 -15295 -22348 END
START -15356 8400 7260 -8723 -15263 -22740 END
START -14904 8344 6944 -8509 -15125 -23071 END
START -14636 8336 6352 -8297 -14902 -23368 END
START -14244 8236 5776 -8067 -14723 -23689 END
START -13996 8136 5432 -7806 -14453 -23995 END
START -13704 7732 5136 -7491 -14231 -24310 END
START -13528 7484 4884 -7052 -13948 -24558 END
START -13432 7356 4436 -6563 -13793 -24848 END
START -13392 7064 4116 -5951 -13543 -25111 END
START -13304 6884 3780 -5199 -13455 -25395 END
START -13380 6904 3532 -4416 -13401 -25663 END
START -13420 6808 3268 -3456 -13338 -25986 END
START -13412 6700 2888 -2473 -13291 -26294 END
START -13300 6408 2660 -1426 -13178 -26704 END
START -13296 5912 2432 -322 -13039 -27079 END
START -13076 5316 2368 703 -12839 -27455 END
START -13264 5672 2184 1772 -12649 -27877 END
START -13460 6440 1976 2741 -12449 -28342 END
START -13420 7360 1712 3628 -12166 -28848 END
START -13240 7896 1992 4496 -11826 -29410 END
START -12848 8492 2128 5152 -11578 -29950 END
START -12512 8672 2548 5723 -11347 -30352 END
START -12064 8708 2720 6245 -11025 -30580 END
START -11416 8860 2852 6740 -10608 -30717 END
START -10892 9376 3200 7177 -10210 -30702 END
START -10284 9848 3236 7612 -9755 -30586 END
START -9432 9972 3768 7982 -9215 -30385 END
START -8852 10104 4212 8355 -8655 -30125 END
START -8324 9836 4408 8635 -8185 -29838 END
START -7740 9628 4932 8925 -7670 -29499 END
START -7148 9352 5224 9099 -7206 -29194 END
START -6632 9088 5732 9284 -6655 -28868 END
START -6120 8872 5944 9383 -6179 -28567 END
START -5840 8712 6504 9521 -5673 -28289 END
START -5732 8704 6948 9644 -5300 -27912 END
START -5560 8408 7516 9828 -4980 -27587 END
START -5644 8260 8236 10083 -4697 -27178 END
START -5860 8052 8976 10335 -4596 -26813 END
START -6120 7776 9660 10661 -4670 -26437 END
START -6400 7328 10144 11059 -4793 -26112 END
START -6696 7308 10788 11424 -5015 -25875 END
START -6804 7408 11324 11963 -5346 -25771 END
START -6892 7372 11880 12135 -5765 -25791 END
START -6816 7336 12116 12488 -6205 -25842 END
START -6608 7248 12460 12760 -6714 -25902 END
START -6484 7248 12756 12963 -7173 -25977 END
START -6052 7992 12992 13128 -7590 -26065 END
START -5616 9648 13088 13263 -7753 -26149 END
START -5000 11152 13168 13252 -7874 -26216 END
START -4028 11856 13544 13125 -7856 -26104 END
START -2872 11784 13996 12813 -7615 -25703 END
START -1776 11252 14484 12278 -7253 -24947 END
START -1004 10988 14752 11857 -6860 -24062 END
START -484 10884 14900 11214 -6293 -23092 END
START -124 10824 14952 10596 -5740 -22247 END
START 156 10672 15064 9952 -5092 -21447 END
START 284 10168 15276 9400 -4427 -20793 END
START 36 9732 15656 8931 -3882 -20251 END
START -412 9616 16028 8632 -3513 -19800 END
START -852 9540 16096 8361 -3209 -19378 END
START -1144 9404 16416 8251 -3046 -19075 END
START -1284 9252 16832 8160 -2957 -18831 END
START -1356 8904 17028 8180 -2972 -18656 END
START -1480 8676 17376 8198 -3110 -18529 END
START -1540 8460 17580 8257 -3318 -18452 END
START -1456 8368 17764 8338 -3619 -18415 END
START -1304 8444 17724 8348 -3932 -18385 END
START -1012 8648 17904 8307 -4255 -18409 END
START -532 9000 17996 8151 -4503 -18393 END
START -192 9048 17912 8031 -4685 -18329 END
START -12 9184 18056 7769 -4879 -18160 END
START 508 9128 18076 7487 -4982 -17959 END
START 1084 9388 17756 7159 -4961 -17683 END
START 1552 9376 17620 6792 -4888 -17351 END
START 1956 9388 17632 6423 -4689 -17023 END
START 2372 9376 17348 6041 -4378 -16688 END
START 2732 9412 17276 5603 -4070 -16360 END
START 2964 9504 17068 5146 -3675 -16039 END
START 3236 9496 16828 4664 -3211 -15657 END
START 3432 9652 16588 4180 -2707 -15368 END
START 3572 9876 16380 3724 -2175 -15002 END
START 3656 9912 16168 3234 -1573 -14664 END
START 3864 10076 15900 2882 -945 -14295 END
START 4092 10200 15512 2516 -250 -13911 END
START 4192 10344 15580 2190 364 -13473 END
START 4280 10612 15484 1925 996 -13077 END
START 4360 11248 15480 1637 1563 -12638 END
START 4312 11904 15688 1435 1990 -12145 END
START 4516 12636 16028 1199 2241 -11577 END
START 4648 13156 16312 981 2358 -10938 END
START 4888 13388 16408 747 2398 -10206 END
START 5208 13408 16708 528 2398 -9284 END
START 5576 13280 16804 206 2336 -8264 END
START 5924 13096 17032 -29 2271 -7228 END
START 6052 12736 17048 -317 2152 -6192 END
START 6072 12396 17320 -638 1928 -5128 END
START 6032 11956 17304 -941 1683 -4104 END
START 5908 11568 17592 -1221 1453 -3204 END
START 5652 11180 17764 -1444 1186 -2317 END
START 5408 10872 17532 -1727 877 -1451 END
START 5048 10412 17324 -1952 659 -707 END