START 5988 4976 10592 -9150 -3843 3614 END
START 5900 4872 10308 -8963 -3455 3993 END
START 6024 4816 10184 -8790 -2987 4381 END
START 6044 4732 9896 -8636 -2632 4702 END
START 6192 4552 9620 -8527 -2215 5029 END
START 6252 4360 9304 -8421 -1667 5325 END
START 6152 4168 9160 -8320 -989 5616 END
START 6232 4036 9120 -8236 -378 5856 END
START 6156 3896 9156 -8204 253 6107 END
START 6048 3776 8948 -8185 817 6334 END
START 5936 3820 9028 -8187 1383 6548 END
START 5884 3656 9036 -8155 1902 6727 END
START 5584 3696 9080 -8142 2382 6887 END
START 5432 3636 9116 -8123 2785 7075 END
START 5144 3740 9204 -8092 3164 7214 END
START 5152 3864 9264 -8074 3431 7417 END
START 5080 4144 9408 -8071 3651 7605 END
START 4804 4252 9556 -8008 3802 7833 END
START 4604 4416 9768 -7982 3874 8142 END
START 4472 4496 10024 -7951 3824 8446 END
START 4400 4420 9736 -7875 3762 8797 END
START 4176 4352 9724 -7825 3665 9193 END
START 4136 4040 9744 -7709 3554 9621 END
START 3928 3776 9672 -7539 3383 10025 END
START 3720 3496 9508 -7327 3254 10386 END
START 3544 3412 9692 -7026 3060 10732 END
START 3064 3168 9508 -6660 2828 10991 END
START 2756 3116 9732 -6245 2559 11239 END
START 2308 3068 9604 -5778 2242 11406 END
START 1832 2904 9412 -5309 1911 11566 END
START 1404 2792 9404 -4824 1515 11711 END
START 1132 2608 8892 -4342 1199 11796 END
START 884 2364 8704 -3850 1003 11873 END
START 676 2356 8404 -3414 878 11940 END
START 396 2228 8136 -2992 783 11936 END
START 208 2200 7876 -2646 798 11979 END
START 148 2156 7764 -2356 834 11909 END
START -160 2128 7504 -2081 965 11864 END
START -208 2168 7412 -1859 1074 11779 END
START -296 2036 7384 -1675 1220 11714 END
START -632 1984 7500 -1477 1399 11611 END
START -792 1908 7540 -1299 1566 11547 END
START -872 2032 7500 -1130 1680 11500 END
START -1048 2152 7540 -966 1807 11410 END
START -1196 2444 7592 -822 1882 11358 END
START -1400 2632 7508 -697 1984 11305 END
START -1432 2760 7592 -584 2007 11261 END
START -1592 2768 7668 -514 1950 11253 END
START -1780 2936 7728 -427 1881 11264 END
START -1828 2932 7524 -335 1717 11300 END
START -1960 3140 7544 -209 1554 11353 END
START -1872 3156 7384 -90 1430 11409 END
START -1700 3204 7436 62 1313 11457 END
START -1700 3300 7304 225 1259 11569 END
START -1688 3148 6972 323 1196 11674 END
START -1556 3192 6884 517 1114 11805 END
START -1632 3224 6764 656 1155 11999 END
START -1604 3404 6532 819 1098 12167 END
START -1908 3460 6536 992 1097 12333 END
START -1880 3476 6360 1179 1069 12402 END
START -2004 3524 6220 1342 1009 12476 END
START -2156 3544 5952 1542 1033 12637 END
START -2344 3400 5708 1738 1015 12731 END
START -2432 3216 5564 1975 1005 12783 END
START -2688 3080 5480 2211 1069 12800 END
START -2860 3020 5312 2500 1110 12761 END
START -3196 2844 5428 2768 1147 12730 END
START -3480 2908 5296 3081 1101 12745 END
START -3684 2832 5472 3422 1068 12666 END
START -3920 2724 5276 3747 976 12509 END
START -4352 2632 5432 4143 846 12264 END
START -4592 2564 5452 4515 672 12016 END
START -4724 2504 5652 4853 450 11735 END
START -4880 2360 5696 5234 166 11451 END
START -4744 2320 5660 5564 -73 11145 END
START -4608 2200 5460 5909 -270 10847 END
START -4388 1996 5300 6219 -416 10555 END
START -4176 1940 5072 6493 -412 10291 END
START -3776 2004 4916 6779 -363 10065 END
START -3540 2180 4740 7016 -180 9885 END
START -3112 2324 4428 7220 116 9769 END
START -3000 2416 4576 7338 459 9719 END
START -2748 2584 4624 7451 840 9696 END
START -2736 2876 4648 7508 1171 9720 END
START -2516 2908 4660 7543 1556 9823 END
START -2440 3008 4704 7566 1910 9910 END
START -2464 3036 4924 7627 2302 10079 END
START -2564 2988 5320 7673 2637 10269 END
START -2532 2888 5340 7765 2943 10441 END
START -2676 2860 5616 7868 3231 10626 END
START -2964 2840 5948 7976 3497 10801 END
START -2964 2724 6412 8140 3694 11000 END
START -3372 2736 6832 8264 3834 11139 END
START -3596 2896 7196 8390 3828 11270 END
START -3940 2896 7608 8546 3720 11426 END
START -4288 2920 8140 8684 3551 11498 END
START -4564 2860 8276 8857 3282 11563 END
START -4624 2752 8636 9066 2982 11612 END
START -5016 2644 8928 9348 2628 11629 END
START -5116 2460 9316 9645 2213 11610 END
START -5624 2248 9496 9995 1722 11594 END
START -5824 2144 9964 10415 1204 11546 END
START -6112 2080 10056 10816 651 11462 END
START -6464 2112 10056 11235 141 11318 END
START -6424 1912 10188 11692 -283 11160 END
START -6520 2052 10092 11951 -581 10986 END
START -6800 1808 10124 12360 -784 10790 END
START -6600 1812 10108 12760 -860 10654 END
START -6672 1908 10204 13061 -779 10460 END
START -6924 1908 10292 13309 -666 10263 END
START -7064 1980 10368 13486 -450 10008 END
START -7272 2012 10608 13606 -248 9743 END
START -7356 2196 11220 13626 -41 9437 END
START -7568 2356 11356 13592 165 9080 END
START -7664 2448 11768 13487 285 8736 END
START -7644 2416 11816 13376 401 8329 END
START -7492 2432 12136 13202 503 7947 END
START -7180 2280 11920 13050 718 7603 END
START -6852 2204 11792 12907 1061 7256 END
START -6636 2132 11644 12778 1451 6962 END
START -6336 2112 11692 12671 2014 6648 END
START -6228 2196 11832 12588 2507 6412 END
START -6088 2440 11828 12456 3069 6234 END
START -6044 2628 12076 12307 3606 6145 END
START -5948 2572 12484 12460 4078 6171 END
START -6048 2644 12792 12244 4536 6326 END
START -6300 2616 13456 12525 4960 6552 END
START -6740 2520 13896 12627 5313 6851 END
START -7252 2676 14656 12753 5599 7105 END
START -7768 2580 15180 12888 5675 7304 END
START -8220 2488 15948 13035 5620 7470 END
START -8784 2352 16676 13144 5407 7512 END
START -9412 2032 17692 13223 5060 7427 END
START -10004 1688 18344 13297 4532 7245 END
START -10652 1512 19108 13378 3844 6959 END
START -11228 1356 19804 13452 3050 6587 END
START -11588 1148 20228 13545 2135 6097 END
START -11784 852 20504 13628 1223 5575 END
START -11964 548 20724 13723 347 4967 END
START -12052 620 20652 13811 -411 4353 END
START -12032 860 20480 13896 -1082 3634 END
START -11888 1136 20176 13965 -1497 2956 END
START -11440 1384 19776 13959 -1793 2234 END
START -11172 1708 19708 13952 -1906 1583 END
START -10928 1940 19680 13891 -1879 1086 END
START -10688 2152 19528 13781 -1698 683 END
START -10420 2376 19532 13642 -1399 381 END
START -10300 2656 19688 13469 -1043 206 END
START -10208 2572 19852 13281 -561 16 END
START -10356 2612 20008 13086 -140 -86 END
START -10404 2680 20588 12854 233 -185 END
START -10696 2556 21212 12645 531 -327 END
START -11012 2516 22044 12286 573 -511 END
START -11212 2284 22596 12207 511 -727 END
START -11264 1928 23408 11924 210 -1000 END
START -11492 1736 23940 11593 -187 -1225 END
START -11484 1432 23996 11360 -684 -1516 END
START -11364 1344 24152 11119 -1249 -1848 END
START -11324 1140 23904 10883 -1776 -2190 END
START -11248 1080 23724 10740 -2257 -2585 END
START -10972 1024 23352 10560 -2690 -2994 END
START -10760 1088 23168 10475 -2975 -3430 END
START -10464 1080 22816 10395 -3173 -3794 END
START -10184 1136 22476 10325 -3308 -4145 END
START -9960 1192 22256 10251 -3362 -4524 END
START -9784 1032 21916 10200 -3288 -4856 END
START -9492 1092 21792 10163 -3084 -5189 END
START -9344 1228 21728 10185 -2865 -5571 END
START -9296 1480 21932 10161 -2622 -5909 END
START -9344 1776 21980 10102 -2415 -6287 END
START -9612 2032 22152 10020 -2285 -6628 END
START -9736 2324 22508 9851 -2188 -7007 END
START -9812 2664 22620 9681 -2197 -7352 END
START -9944 2924 23064 9476 -2250 -7714 END
START -9980 2988 23412 9258 -2411 -8104 END
START -9792 3104 23676 9068 -2644 -8474 END
START -9712 2984 23864 8861 -2917 -8839 END
START -9584 2992 24112 8663 -3249 -9213 END
START -9464 2816 24280 8442 -3724 -9593 END
START -9172 2864 24484 8233 -4224 -9972 END
START -8864 2752 24260 8071 -4715 -10314 END
START -8480 2876 23980 7891 -5222 -10659 END
START -8060 2864 23684 7744 -5648 -11025 END
START -7840 3136 23524 7606 -6063 -11339 END
START -7244 3336 23104 7437 -6393 -11642 END
START -6804 3416 22440 7301 -6544 -11936 END
START -6252 3380 22332 7123 -6611 -12207 END
START -5764 3496 21776 6925 -6547 -12535 END
START -5208 3536 21424 6659 -6377 -12784 END
START -4464 3624 20908 6417 -6097 -13056 END
START -3844 3536 20636 6136 -5635 -13310 END
START -3216 3572 20212 5827 -5005 -13558 END
START -2608 3664 20084 5511 -4306 -13748 END
START -2172 3764 20068 5210 -3566 -13953 END
START -1828 3856 20300 4869 -2767 -14074 END
START -1452 3836 20480 4535 -2081 -14261 END
START -1188 4088 21076 4225 -1477 -14374 END
START -1008 4292 21516 3931 -1010 -14500 END
START -940 4472 22012 3616 -681 -14567 END
START -888 4620 22396 3379 -472 -14580 END
START -784 4812 22996 3158 -416 -14574 END
START -804 5092 23436 2949 -513 -14519 END
START -716 5236 23948 2770 -724 -14426 END
START -696 5544 24424 2637 -1058 -14308 END
START -724 5764 24824 2550 -1544 -14219 END
START -772 5940 25208 2515 -2000 -14097 END
START -576 6128 25392 2476 -2574 -13952 END
START -596 6336 25548 2490 -3090 -13822 END
START -176 6352 25516 2442 -3607 -13700 END
START -16 6372 25348 2355 -4097 -13541 END
START 352 6468 25424 2280 -4415 -13398 END
START 484 6460 25260 2165 -4796 -13224 END
START 672 6584 24860 1999 -5034 -13046 END
START 912 6724 24700 1820 -5109 -12891 END
START 1104 6944 24152 1592 -5031 -12755 END
START 1348 6992 23800 1286 -4769 -12644 END
START 1488 7124 23692 931 -4413 -12615 END
START 1660 7164 23564 464 -3985 -12580 END
START 1980 7184 23492 -12 -3456 -12568 END
START 2060 7320 23516 -594 -2907 -12587 END
START 2264 7356 23488 -1253 -2388 -12611 END
START 2388 7484 23404 -1909 -1846 -12687 END
START 2588 7492 23668 -2611 -1420 -12754 END
START 2652 7540 23672 -3253 -1090 -12877 END
START 2736 7592 23648 -3859 -836 -12928 END
START 2888 7676 23844 -4332 -590 -12951 END
START 3248 7776 23744 -4797 -399 -12965 END
START 3468 7920 23728 -5154 -256 -12899 END
START 3628 8116 23896 -5430 -189 -12794 END
START 3768 8316 23752 -5665 -154 -12659 END
START 4056 8488 23744 -5917 -175 -12450 END
START 4268 8696 23820 -6109 -277 -12243 END
START 4284 8888 23688 -6311 -446 -11970 END
START 4492 8984 23720 -6502 -694 -11667 END
START 4644 9076 23524 -6690 -935 -11339 END
START 4848 8956 23140 -6837 -1174 -10995 END
START 5156 9024 22900 -6953 -1369 -10647 END
START 5256 9048 22596 -7112 -1561 -10268 END
START 5376 9096 22456 -7208 -1736 -9866 END
START 5408 9052 22036 -7295 -1923 -9484 END
START 5464 9076 21808 -7368 -2108 -9119 END
START 5604 9028 21656 -7432 -2220 -8712 END
START 5684 8852 21272 -7481 -2319 -8329 END
START 5664 8928 20908 -7539 -2370 -7955 END
START 5672 9024 20768 -7569 -2430 -7562 END
START 5616 9164 20564 -7630 -2454 -7178 END
START 5576 9288 20420 -7726 -2466 -6826 END
START 5620 9360 20076 -7887 -2486 -6503 END
START 5456 9308 20056 -8057 -2456 -6137 END
START 5588 9468 19916 -8285 -2357 -5828 END
START 5680 9420 19416 -8555 -2263 -5503 END
START 5688 9392 19336 -8860 -2144 -5244 END
START 5704 9328 18980 -9192 -1984 -4994 END
START 5880 9372 18660 -9557 -1796 -4784 END
START 5984 9324 18376 -9908 -1588 -4552 END
START 6040 9500 18000 -10239 -1287 -4333 END
START 6200 9452 17588 -10616 -978 -4109 END
START 6208 9576 17196 -10974 -633 -3888 END
START 6524 9704 16860 -11341 -174 -3671 END
START 6688 9752 16476 -11710 300 -3428 END
START 6820 9788 16028 -12070 794 -3158 END
START 6964 9776 15828 -12450 1313 -2867 END
START 6928 9636 15552 -12808 1766 -2504 END
START 7020 9932 15336 -13110 2199 -2146 END
START 6928 9972 15200 -13376 2577 -1691 END
START 6676 10180 15072 -13588 2880 -1272 END
START 6468 10464 15004 -13750 3145 -710 END
START 6440 10532 14984 -13818 3301 -171 END
START 6264 10724 14696 -13903 3422 451 END
START 6120 10572 14488 -13936 3481 1097 END
START 5996 10452 14268 -13883 3536 1742 END
START 5744 10116 14212 -13819 3462 2417 END
START 5520 9760 14080 -13668 3357 3091 END
START 5260 9436 14036 -13472 3222 3735 END
START 4772 9236 13980 -13210 3009 4322 END
START 4656 8904 13580 -12933 2786 4915 END
START 4176 8708 13768 -12622 2477 5457 END
START 3640 8492 13768 -12330 2094 5937 END
START 3424 8420 13520 -12019 1698 6420 END
START 3012 8152 13508 -11725 1269 6873 END
START 2580 7968 13280 -11398 877 7295 END
START 2240 7664 13132 -11100 536 7680 END
START 1932 7356 12684 -10843 204 8066 END
START 1640 7288 12632 -10620 -57 8438 END
START 1268 7016 12332 -10388 -294 8758 END
START 760 6964 12056 -10206 -440 9090 END
START 236 6748 11756 -10058 -586 9359 END
START -224 6576 11636 -9913 -718 9599 END
START -780 6260 11324 -9769 -857 9856 END
START -1104 5980 11180 -9656 -922 9999 END
START -1448 5628 10820 -9566 -961 10178 END
START -1912 5288 10580 -9422 -912 10299 END
START -2388 4960 10496 -9333 -782 10385 END
START -2820 4480 10044 -9236 -604 10424 END
START -3376 4204 9792 -9125 -350 10429 END
START -3936 3840 9820 -9039 -53 10386 END
START -4388 3552 9708 -8938 148 10318 END
START -5212 3168 9924 -8889 333 10200 END
START -6000 2884 10032 -8819 456 10031 END
START -6840 2396 10076 -8712 537 9812 END
START -7624 2136 10280 -8606 519 9546 END
START -8380 1860 10676 -8493 380 9248 END
START -9084 1524 10544 -8348 232 8886 END
START -9700 1052 10712 -8148 41 8488 END
START -10228 864 10620 -7980 -151 8149 END
START -10536 480 10508 -7751 -343 7768 END
START -10892 288 10448 -7531 -491 7432 END
START -11024 176 10076 -7314 -619 7157 END
START -11376 40 10048 -7094 -669 6859 END
START -11772 -384 9500 -6878 -742 6600 END
START -11800 -696 9236 -6680 -685 6357 END
START -12180 -936 8488 -6478 -590 6074 END
START -12304 -1384 8196 -6248 -426 5773 END
START -12704 -1824 7836 -5949 -238 5417 END
START -12796 -2212 7516 -5602 -7 5003 END
START -13284 -2792 7440 -5220 169 4547 END
START -13652 -3264 7540 -4780 393 4097 END
START -13876 -3748 7660 -4315 533 3590 END
START -14104 -4048 7612 -3856 640 3089 END
START -14344 -4404 7704 -3352 683 2547 END
START -14640 -4708 8188 -2897 705 1993 END
START -14964 -5108 8568 -2439 582 1437 END
START -15296 -5404 8856 -1990 394 823 END
START -15584 -5656 9188 -1590 100 275 END
START -15724 -5988 9608 -1205 -223 -344 END
START -15924 -6236 9872 -904 -593 -1018 END
START -16276 -6464 10316 -609 -996 -1709 END
START -16280 -6704 10420 -339 -1418 -2465 END
START -16320 -6744 10580 -94 -1904 -3294 END
START -16348 -6896 10696 130 -2259 -4090 END
START -16180 -6824 10768 368 -2646 -4969 END
START -16004 -6928 10872 571 -2932 -5795 END
START -15912 -6912 10908 755 -3207 -6613 END
START -15720 -6732 10656 946 -3405 -7411 END
START -15384 -6512 10756 1102 -3537 -8256 END
START -15040 -6272 10908 1257 -3651 -9056 END
START -14812 -5880 10752 1419 -3688 -9828 END
START -14464 -5608 10848 1564 -3644 -10615 END
START -14004 -5348 11084 1699 -3614 -11424 END
START -13468 -5168 11284 1818 -3548 -12165 END
START -12968 -4920 11532 1924 -3423 -12871 END
START -12324 -4548 11764 1962 -3326 -13545 END
START -11752 -4188 12176 1990 -3218 -14170 END
START -11140 -3792 12568 1954 -3107 -14795 END
START -10552 -3348 12720 1884 -2937 -15319 END
START -9828 -2908 13004 1767 -2759 -15800 END
START -9228 -2484 13288 1652 -2568 -16218 END
START -8624 -2076 13740 1510 -2350 -16599 END
START -7948 -1512 13980 1325 -2126 -16892 END
START -7500 -1124 14396 1125 -1956 -17200 END
START -7024 -616 14896 907 -1830 -17458 END
START -6528 -52 15256 642 -1696 -17669 END
START -5864 392 15612 419 -1596 -17876 END
START -5144 752 15864 114 -1468 -18030 END
START -4588 1328 16000 -160 -1354 -18205 END
START -4320 1740 16188 -423 -1290 -18336 END
START -3736 2344 16588 -702 -1206 -18446 END
START -3204 2960 16676 -957 -1127 -18520 END
START -2608 3556 16844 -1203 -995 -18548 END
START -1856 3888 17056 -1411 -830 -18547 END
START -1296 4252 17224 -1676 -586 -18420 END
START -620 4504 17284 -1869 -359 -18320 END
START -180 4848 17396 -2101 -177 -18161 END
START 288 5280 17576 -2317 -33 -17989 END
START 564 5704 17744 -2557 71 -17799 END
START 1156 6252 17872 -2755 147 -17607 END
START 1544 6440 18240 -3008 165 -17349 END
START 1968 6984 18352 -3267 103 -17095 END
START 2212 7168 18400 -3527 -12 -16740 END
START 2464 7536 18528 -3775 -259 -16426 END
START 2964 7792 18496 -4038 -543 -16065 END
START 3492 8072 18216 -4290 -843 -15647 END
START 4008 8368 17808 -4488 -1112 -15214 END
START 4472 8544 17356 -4724 -1323 -14707 END
START 4884 8932 17008 -4900 -1483 -14092 END
START 5264 9244 16416 -5111 -1591 -13515 END
START 5720 9568 15812 -5313 -1615 -12870 END
START 6128 9712 15164 -5523 -1493 -12154 END
START 6672 9704 14468 -5765 -1342 -11444 END
START 7212 9848 13760 -6003 -994 -10706 END
START 7608 9916 13056 -6266 -591 -9965 END
START 7820 9984 12628 -6526 -102 -9249 END
START 8064 10008 12088 -6794 492 -8401 END
START 8084 10012 11728 -7055 985 -7626 END
START 8016 9740 11308 -7347 1500 -6827 END
START 7632 9552 11100 -7611 1957 -6111 END
START 7552 9328 10688 -7870 2414 -5405 END
START 7168 9208 10068 -8130 2778 -4812 END
START 6620 8944 9784 -8347 3021 -4305 END
START 6344 8548 9244 -8527 3199 -3853 END
START 5868 8304 8824 -8622 3337 -3517 END
START 5528 8004 8424 -8617 3352 -3195 END
START 5112 7824 7760 -8580 3266 -2935 END
START 5088 7724 7196 -8440 3241 -2686 END
START 4672 7592 6528 -8247 3119 -2429 END
START 4624 7348 6076 -7982 3032 -2195 END
START 4296 7124 5556 -7625 2837 -1947 END
START 3804 7096 4972 -7215 2628 -1713 END
START 3384 7224 4424 -6762 2335 -1491 END
START 3088 7340 4084 -6250 2023 -1271 END
START 2560 7308 3512 -5750 1630 -1017 END
START 2136 7176 2888 -5221 1217 -803 END
START 2016 6776 2092 -4615 872 -598 END
START 1868 6324 1272 -3987 604 -445 END
START 1964 6072 744 -3290 417 -322 END
START 1976 5712 -128 -2602 319 -240 END
START 2196 5552 -768 -1832 346 -235 END
START 2332 5376 -1408 -1075 456 -168 END
START 2368 5372 -1724 -306 656 -133 END
START 2676 5532 -2272 455 955 -28 END
START 2968 5556 -2740 1175 1376 143 END
START 3208 5568 -2980 1846 1822 332 END
START 3440 5484 -3312 2502 2340 632 END
START 3588 5424 -3144 3065 2861 951 END
START 3632 5388 -3212 3634 3394 1356 END
START 3900 5304 -3192 4183 3895 1880 END
START 3876 5176 -2908 4715 4468 2435 END
START 3684 4920 -2664 5210 5036 3070 END
START 3368 4760 -2316 5707 5559 3692 END
START 3132 4600 -1864 6194 5982 4251 END
START 2904 4296 -1136 6670 6273 4780 END
START 2444 4140 -636 7128 6447 5257 END
START 2080 3900 68 7600 6520 5706 END
START 1764 3800 312 7982 6461 6132 END
START 1552 3644 712 8393 6347 6567 END
START 1268 3536 1144 8790 6229 6974 END
START 992 3568 1324 9208 6076 7413 END
START 656 3432 1680 9671 5890 7829 END
START 76 3384 1988 10183 5756 8152 END
START -488 3252 2376 10826 5518 8410 END
START -860 3068 2740 11457 5266 8642 END
START -1520 2944 3216 12327 4924 8749 END
START -2120 2852 3544 13011 4607 8782 END
START -2652 2940 4272 13822 4285 8734 END
START -3036 2824 4868 14580 3904 8622 END
START -3456 2672 5276 15242 3624 8462 END
START -3704 2664 5748 15941 3399 8291 END
START -3928 2648 5904 16499 3244 8059 END
START -4076 2640 6480 16990 3194 7804 END
START -4200 2816 6708 17391 3321 7506 END
START -4180 3056 7312 17760 3573 7215 END
START -4192 3188 7676 17993 3923 6862 END
START -4032 3392 8324 18194 4304 6536 END
START -4012 3420 8752 18325 4749 6252 END
START -3820 3504 9704 18319 5204 5927 END
START -3624 3524 10696 18296 5618 5678 END
START -3580 3544 11700 18149 6009 5495 END
START -3496 3720 12596 18008 6253 5373 END
START -3476 3840 13932 17812 6438 5358 END
START -3428 4068 15132 17597 6474 5382 END
START -3380 4200 16188 17371 6405 5514 END
START -3724 4320 17196 17152 6203 5705 END
START -3656 4212 17976 16928 5880 5892 END
START -3684 4160 18960 16751 5468 6063 END
START -3912 4080 19632 16606 4948 6221 END
START -3936 4268 20248 16459 4394 6352 END
START -4176 4340 20860 16366 3727 6481 END
START -4136 4408 21400 16278 3074 6595 END
START -4300 4604 21548 16248 2451 6774 END
START -4388 4888 21928 16248 1849 6917 END
START -4264 4968 22156 16300 1360 7077 END
START -4360 4944 22564 16324 979 7256 END
START -4412 4984 22920 16367 673 7387 END
START -4488 4908 22984 16420 431 7510 END
START -4584 4744 23472 16442 363 7648 END
START -4712 4636 23952 16404 301 7711 END
START -4904 4400 24612 16339 321 7774 END
START -5044 4396 24940 16187 349 7758 END
START -5412 4156 25692 15935 419 7748 END
START -5556 4020 26204 15571 419 7708 END
START -5728 3840 26952 15183 441 7609 END
START -6112 3652 27708 14665 457 7454 END
START -6476 3448 28260 14103 407 7248 END
START -6936 3384 28848 13498 337 7042 END
START -7096 3148 29224 12867 213 6767 END
START -7316 2772 29520 12198 89 6450 END
START -7516 2664 29936 11544 -39 6108 END
START -7472 2376 30052 10911 -104 5744 END
START -7584 2332 30024 10272 -130 5328 END
START -7580 2232 29900 9580 -212 4880 END
START -7532 2208 29748 8904 -202 4439 END
START -7380 2244 29684 8283 -187 3998 END
START -7264 2328 29336 7660 -120 3567 END
START -7020 2384 29108 7039 -25 3133 END
START -7012 2556 28820 6546 93 2747 END
START -6728 2788 28448 6059 242 2351 END
START -6640 2780 28508 5679 362 2074 END
START -6540 2936 28320 5372 428 1836 END
START -6208 3092 28356 5056 517 1643 END
START -5952 3244 28120 4766 626 1456 END
START -5916 3192 28168 4437 717 1279 END
START -5696 3380 28208 4136 812 1150 END
START -5500 3536 28336 3812 935 1026 END
START -5484 3784 28240 3530 1008 1023 END
START -5360 4088 28360 3215 1120 1005 END
START -5276 4192 28264 2880 1203 968 END
START -5312 4476 28556 2490 1245 989 END
START -5144 4672 28500 2096 1250 1021 END
START -5312 4508 28644 1675 1279 1027 END
START -5344 4544 28380 1203 1173 1028 END
START -5376 4552 28172 695 1138 1032 END
START -5304 4564 28304 226 1037 988 END
START -5524 4448 27992 -265 928 932 END
START -5560 4368 27784 -697 776 856 END
START -5724 4456 27456 -1095 612 802 END
START -5860 4408 27188 -1466 390 682 END
START -5960 4312 26936 -1805 96 611 END
START -5944 4224 26452 -2098 -224 501 END
START -5992 4260 26332 -2356 -591 391 END
START -5832 4268 26008 -2530 -887 299 END
START -5772 4292 25340 -2661 -1207 208 END
START -5676 4184 25244 -2746 -1476 97 END