START 920 2168 14776 3375 -363 -5492 END
START 1352 3328 15880 2758 -220 -5374 END
START 1468 3964 16692 2083 -188 -5084 END
START 1680 3880 17160 1300 -428 -4635 END
START 1968 3680 17552 484 -658 -4072 END
START 2564 3316 17516 -257 -931 -3409 END
START 3000 2976 17152 -896 -1038 -2759 END
START 3416 2788 16764 -1307 -1032 -2193 END
START 3808 2508 16316 -1653 -771 -1750 END
START 4164 2352 15668 -1825 -500 -1452 END
START 3904 2320 15200 -1902 -339 -1373 END
START 3640 2488 14636 -1818 -225 -1432 END
START 3616 3016 14140 -1697 -135 -1615 END
START 4088 3360 13656 -1455 133 -1723 END
START 4380 3408 13392 -1259 451 -1784 END
START 4588 3652 13200 -1168 839 -1627 END
START 4712 3888 13332 -1123 1113 -1409 END
START 5120 4008 13524 -1100 1379 -1105 END
START 5512 3892 13564 -1066 1592 -770 END
START 5832 3992 13856 -1075 1728 -459 END
START 5732 4080 14232 -1017 1731 -101 END
START 5896 4060 14356 -960 1696 263 END
START 5900 3848 14220 -860 1654 599 END
START 5864 3764 14248 -686 1581 873 END
START 5420 3800 14496 -538 1364 1125 END
START 5068 3964 14444 -342 1074 1360 END
START 4584 4072 14580 -106 644 1581 END
START 4400 4208 14588 101 168 1753 END
START 4164 4184 14708 376 -391 1928 END
START 4008 4300 14416 657 -931 2102 END
START 3908 4668 14048 969 -1413 2251 END
START 4000 5080 13348 1210 -1779 2443 END
START 4148 5332 13112 1385 -2025 2662 END
START 4152 5500 12592 1399 -2226 2994 END
START 4388 5720 12284 1362 -2277 3352 END
START 4572 5868 11920 1242 -2270 3711 END
START 4612 6076 11284 1171 -2099 4146 END
START 4864 6128 10836 1038 -1826 4527 END
START 4868 6260 10428 907 -1447 4978 END
START 4816 6768 9992 688 -929 5475 END
START 4556 7032 9540 471 -482 5908 END
START 4288 7080 9396 263 5 6380 END
START 4000 7032 9428 130 361 6842 END
START 3540 6900 9428 0 711 7342 END
START 3136 6932 9732 -98 865 7798 END
START 2524 6948 9780 -152 877 8199 END
START 2172 6824 9952 -275 794 8550 END
START 1756 6668 10116 -327 663 8878 END
START 1436 6492 10052 -401 531 9156 END
START 1096 6388 9932 -433 303 9444 END
START 636 6260 9380 -450 140 9686 END
START 624 6192 8828 -401 74 9916 END
START 252 5844 8156 -287 68 10121 END
START -40 5628 7864 -165 134 10315 END
START -320 5260 7236 75 226 10401 END
START -624 4800 6512 311 442 10488 END
START -656 4572 5964 649 708 10511 END
START -1176 4392 5868 1013 1118 10513 END
START -1540 4568 6144 1362 1375 10526 END
START -2072 4636 6432 1652 1550 10509 END
START -2380 4640 6608 1869 1529 10556 END
START -2460 4324 7048 2069 1421 10546 END
START -2732 4064 7224 2300 1237 10616 END
START -2892 3836 7308 2607 993 10634 END
START -2976 3608 7504 2949 717 10632 END
START -3168 3584 7568 3310 398 10644 END
START -3452 3408 7416 3637 110 10633 END
START -3336 3304 7232 4003 -187 10645 END
START -3484 3396 7192 4334 -375 10630 END
START -3284 3356 6972 4645 -521 10614 END
START -3196 3240 6540 4882 -556 10599 END
START -3156 3412 6508 5085 -458 10613 END
START -3068 3728 6316 5264 -303 10578 END
START -2796 3684 6048 5387 -50 10571 END
START -2624 3752 5848 5473 389 10565 END
START -2672 3944 5668 5480 718 10556 END
START -2524 4172 5796 5461 1201 10558 END
START -2608 4172 5604 5439 1671 10623 END
START -2620 4120 5848 5414 2216 10704 END
START -2832 4116 5948 5393 2715 10774 END
START -3060 4316 5988 5389 3252 10822 END
START -3340 4276 6160 5413 3754 10861 END
START -3636 4344 6364 5418 4290 10896 END
START -3700 4352 6688 5459 4722 10933 END
START -4144 4668 7324 5477 5079 10958 END
START -4660 4752 8076 5515 5191 10990 END
START -5168 5008 8832 5557 5120 11043 END
START -5460 5004 9372 5635 4906 11096 END
START -5864 5060 9784 5791 4648 11185 END
START -6324 5088 10188 5998 4274 11246 END
START -6536 5328 10380 6242 3856 11304 END
START -6828 5212 10548 6556 3438 11332 END
START -7140 5228 10724 6860 3027 11373 END
START -7136 5208 10908 7215 2557 11404 END
START -6992 5148 10824 7568 2123 11475 END
START -6908 5108 10968 7934 1830 11543 END
START -6924 5180 10916 8306 1579 11581 END
START -6748 5044 10936 8655 1340 11581 END
START -6740 4936 10836 8919 1130 11574 END
START -6664 4872 10900 9149 959 11542 END
START -6504 4616 10680 9379 938 11492 END
START -6332 4464 10672 9575 1026 11380 END
START -6320 4424 10608 9755 1163 11267 END
START -6416 4552 10388 9921 1380 11104 END
START -6320 4704 10440 10012 1666 10983 END
START -6236 4872 10504 10036 1993 10837 END
START -6412 5176 10540 10046 2336 10731 END
START -6404 5172 10904 9996 2705 10665 END
START -6564 5280 10772 9970 3047 10597 END
START -6904 5440 11052 9967 3477 10552 END
START -7208 5344 11412 10011 3843 10501 END
START -7584 5384 11716 10060 4178 10417 END
START -8164 5372 12092 10114 4452 10368 END
START -8564 5244 12664 10190 4654 10234 END
START -9236 5332 13096 10268 4760 10133 END
START -9716 5356 13448 10330 4763 9976 END
START -10160 5324 13860 10377 4751 9811 END
START -10600 5164 14348 10457 4677 9677 END
START -11028 5040 14660 10566 4509 9511 END
START -11396 4920 14996 10640 4255 9311 END
START -11540 4800 15244 10812 3978 9111 END
START -11744 4456 15532 10954 3710 8832 END
START -11692 4408 15704 11115 3441 8563 END
START -11588 4104 15860 11188 3182 8316 END
START -11568 4080 16280 11245 2879 8027 END
START -11484 3920 16328 11333 2484 7726 END
START -11352 3856 16580 11310 2081 7423 END
START -11152 3676 16516 11444 1742 7110 END
START -10944 3652 16528 11546 1451 6777 END
START -10660 3652 16444 11698 1211 6510 END
START -10448 3720 16288 11788 1045 6242 END
START -10340 3884 16208 11798 890 5985 END
START -10176 3884 16224 11989 763 5749 END
START -9976 4012 16056 12044 752 5588 END
START -9780 4100 16216 12119 813 5394 END
START -10056 4268 16352 12216 791 5269 END
START -10224 4556 16472 12166 770 5112 END
START -10540 4840 16964 12323 754 5013 END
START -10832 4792 16808 12487 657 4892 END
START -11248 4680 17232 12673 590 4753 END
START -11580 4848 17468 12763 499 4561 END
START -11836 4904 17704 12907 388 4284 END
START -12040 4920 17916 12971 316 4018 END
START -12284 5000 18172 12957 214 3718 END
START -12620 5028 18280 12960 121 3397 END
START -12728 5096 18436 12870 60 3061 END
START -12704 5016 18436 12772 35 2666 END
START -12644 4652 18356 12636 70 2240 END
START -12572 4476 18604 12534 122 1783 END
START -12388 4292 18720 12501 99 1314 END
START -12364 4164 18716 12295 168 795 END
START -12116 4128 18716 12266 148 292 END
START -11892 4168 18768 12053 213 -237 END
START -11600 4168 18724 11966 239 -751 END
START -11156 4136 18700 11800 315 -1181 END
START -10640 4112 18544 11639 449 -1645 END
START -10300 4224 18424 11468 611 -1995 END
START -10044 4420 18412 11299 829 -2309 END
START -9948 4488 18260 11240 1041 -2593 END
START -9668 4568 18260 11208 1213 -2830 END
START -9612 4752 18432 11200 1362 -3012 END
START -9628 4844 18576 11242 1483 -3164 END
START -9628 4984 18964 11317 1458 -3197 END
START -9692 5120 19392 11402 1423 -3278 END
START -9876 5304 19700 11435 1189 -3270 END
START -10088 5420 20156 11558 956 -3324 END
START -10228 5500 20604 11639 605 -3356 END
START -10444 5404 20804 11736 258 -3436 END
START -10644 5500 21188 11979 -55 -3555 END
START -10784 5432 21424 12103 -491 -3672 END
START -10888 5608 21704 12160 -937 -3836 END
START -10888 5752 22056 12132 -1463 -3938 END
START -10632 5732 22248 12033 -1885 -4114 END
START -10604 5644 22280 11870 -2279 -4234 END
START -10332 5628 22156 11646 -2568 -4390 END
START -10372 5464 21928 11471 -2771 -4572 END
START -10268 5404 22152 11332 -2878 -4849 END
START -10172 5128 21992 11126 -3049 -5139 END
START -10024 5044 21912 10949 -3118 -5476 END
START -9856 4784 21912 10678 -3107 -5857 END
START -9600 4692 22104 10442 -3121 -6214 END
START -9300 4708 21976 10200 -3162 -6578 END
START -8960 4604 21892 9954 -3085 -6924 END
START -8484 4528 21712 9733 -3062 -7236 END
START -8020 4484 21640 9502 -2916 -7511 END
START -7660 4468 21608 9238 -2717 -7767 END
START -7352 4436 21556 9018 -2536 -7994 END
START -6888 4500 21660 8725 -2294 -8167 END
START -6836 4500 21704 8430 -2064 -8362 END
START -6548 4496 21624 8128 -1872 -8478 END
START -6428 4696 21640 7869 -1686 -8642 END
START -6352 4568 21660 7653 -1493 -8751 END
START -6260 4692 21876 7424 -1294 -8852 END
START -6344 4884 22112 7226 -1201 -8953 END
START -6400 4976 22180 7037 -1162 -9053 END
START -6412 4996 22624 6824 -1240 -9080 END
START -6460 5152 22716 6615 -1343 -9162 END
START -6580 5232 23056 6366 -1517 -9216 END
START -6676 5296 23232 6157 -1754 -9315 END
START -6636 5288 23372 5965 -1995 -9360 END
START -6556 5248 23424 5763 -2267 -9442 END
START -6544 5168 23596 5594 -2487 -9498 END
START -6396 5048 23384 5430 -2693 -9604 END
START -6212 4952 23352 5257 -2890 -9712 END
START -5980 4788 23388 5085 -3032 -9829 END
START -5752 4708 23392 4876 -3167 -10018 END
START -5480 4536 23136 4675 -3262 -10140 END
START -5180 4580 23100 4402 -3267 -10285 END
START -4568 4484 23240 4081 -3261 -10361 END
START -4236 4572 23176 3744 -3239 -10473 END
START -4020 4756 23180 3357 -3204 -10499 END
START -3692 4776 22964 2950 -3140 -10564 END
START -3320 4648 23080 2549 -3098 -10573 END
START -3068 4468 22980 2191 -3002 -10585 END
START -2624 4488 22904 1862 -2827 -10622 END
START -2460 4380 22712 1588 -2739 -10619 END
START -2344 4492 22740 1357 -2588 -10620 END
START -2260 4556 22916 1138 -2442 -10587 END
START -2088 4580 23084 869 -2390 -10518 END
START -2084 4728 23016 624 -2321 -10425 END
START -1912 4880 23080 399 -2329 -10328 END
START -1868 4900 23304 197 -2314 -10219 END
START -1720 4904 23164 -37 -2310 -10103 END
START -1620 4900 23332 -239 -2315 -9991 END
START -1320 4716 23540 -528 -2247 -9892 END
START -1060 4648 23396 -803 -2181 -9817 END
START -956 4732 23408 -1146 -2072 -9736 END
START -756 4692 23360 -1490 -1940 -9695 END
START -596 4872 23572 -1872 -1815 -9595 END
START -468 4800 23648 -2284 -1731 -9530 END
START -240 4856 23740 -2672 -1558 -9439 END
START -144 5040 23836 -3095 -1405 -9373 END
START -12 5060 23680 -3563 -1266 -9299 END
START 336 5116 23596 -3976 -1049 -9284 END
START 468 5032 23816 -4387 -814 -9247 END
START 624 5096 23704 -4773 -628 -9182 END
START 672 5196 23820 -5207 -465 -9161 END
START 772 5372 24000 -5598 -425 -9063 END
START 736 5576 24132 -5987 -422 -9004 END
START 908 5644 24120 -6342 -413 -8887 END
START 1096 5756 24100 -6637 -466 -8717 END
START 1120 5720 24316 -6938 -593 -8543 END
START 1232 5836 24336 -7197 -752 -8359 END
START 1440 5896 24212 -7423 -1001 -8149 END
START 1544 5916 24180 -7614 -1219 -7963 END
START 1500 6008 24084 -7786 -1469 -7711 END
START 1496 6216 24052 -7938 -1702 -7469 END
START 1460 6308 24076 -8062 -1987 -7172 END
START 1484 6372 23960 -8233 -2238 -6893 END
START 1608 6384 24032 -8354 -2453 -6595 END
START 1500 6336 23808 -8532 -2683 -6301 END
START 1520 6416 23988 -8743 -2874 -6022 END
START 1548 6280 23728 -8983 -3084 -5801 END
START 1512 6312 23436 -9258 -3270 -5549 END
START 1620 6172 23448 -9510 -3479 -5338 END
START 1660 6136 23160 -9793 -3603 -5173 END
START 1656 6164 22764 -10027 -3682 -4996 END
START 1860 6160 22600 -10290 -3765 -4831 END
START 1776 6368 22288 -10564 -3826 -4662 END
START 2024 6288 22048 -10836 -3773 -4523 END
START 2080 6420 21616 -11111 -3707 -4344 END
START 2136 6512 21344 -11431 -3623 -4208 END
START 2372 6516 20972 -11749 -3493 -4105 END
START 2448 6468 20744 -12024 -3350 -3971 END
START 2580 6344 20684 -12306 -3135 -3901 END
START 2744 6176 20484 -12609 -2996 -3820 END
START 2788 6228 20248 -12852 -2872 -3777 END
START 2980 6428 19932 -13087 -2782 -3731 END
START 3112 6372 19912 -13307 -2726 -3642 END
START 3240 6600 19724 -13529 -2729 -3518 END
START 3328 6656 19452 -13695 -2743 -3374 END
START 3436 6640 19320 -13839 -2838 -3150 END
START 3552 6744 18868 -13980 -2882 -2946 END
START 3672 6800 18580 -14065 -2943 -2746 END
START 3956 6800 18308 -14165 -3021 -2502 END
START 4188 6844 17896 -14291 -3063 -2273 END
START 4344 6988 17676 -14410 -3103 -1964 END
START 4460 7060 17248 -14543 -3147 -1717 END
START 4700 7112 16896 -14698 -3141 -1408 END
START 4812 7036 16720 -14851 -3188 -1119 END
START 4816 7136 16396 -14943 -3242 -805 END
START 4896 7044 16244 -15015 -3293 -477 END
START 4752 7044 16180 -15046 -3411 -123 END
START 4864 7096 15696 -15036 -3504 241 END
START 4752 7112 15372 -14922 -3547 614 END
START 4808 7084 15248 -14807 -3656 1005 END
START 4772 6956 15024 -14644 -3772 1432 END
START 4600 6864 14704 -14509 -3896 1854 END
START 4548 7100 14424 -14360 -3998 2269 END
START 4416 7140 14252 -14245 -4139 2669 END
START 4128 6956 14064 -14106 -4341 3073 END
START 4060 6916 14032 -13962 -4502 3473 END
START 3848 6776 14016 -13776 -4723 3866 END
START 3680 6708 13768 -13624 -4943 4252 END
START 3568 6456 13664 -13435 -5120 4605 END
START 3324 6508 13264 -13257 -5306 4943 END
START 3088 6556 13280 -13101 -5404 5225 END
START 2900 6256 12824 -12942 -5464 5470 END
START 2772 6084 12708 -12804 -5515 5719 END
START 2448 5792 12424 -12667 -5504 5916 END
START 2316 5652 12156 -12536 -5463 6045 END
START 2156 5520 11788 -12407 -5349 6119 END
START 2056 5316 11592 -12236 -5152 6154 END
START 1980 5176 11588 -12119 -4935 6153 END
START 1936 5028 11284 -11984 -4803 6129 END
START 1832 5140 11168 -11928 -4545 6061 END
START 1704 5112 11284 -11807 -4394 6014 END
START 1612 5220 11192 -11729 -4255 5990 END
START 1548 5244 11016 -11618 -4134 5935 END
START 1332 5464 11092 -11551 -4031 5977 END
START 1240 5388 10988 -11406 -3992 6007 END
START 1348 5364 10788 -11366 -3887 6070 END
START 1364 5396 10724 -11238 -3741 6209 END
START 1368 5492 10620 -11141 -3623 6291 END
START 1308 5456 10580 -11044 -3519 6391 END
START 1236 5348 10352 -10906 -3432 6556 END
START 1052 5304 10152 -10788 -3407 6687 END
START 960 5296 10068 -10644 -3312 6866 END
START 876 5220 9804 -10475 -3185 6995 END
START 576 5332 9516 -10280 -3049 7091 END
START 576 5300 9428 -10107 -2866 7199 END
START 256 5316 9304 -9911 -2708 7323 END
START -64 5268 9272 -9684 -2508 7431 END
START -384 5128 9444 -9515 -2438 7542 END
START -652 5168 9400 -9351 -2348 7688 END
START -804 5160 9500 -9163 -2365 7801 END
START -1160 4928 9632 -8934 -2304 7919 END
START -1544 4652 9724 -8698 -2289 8032 END
START -2092 4548 9724 -8428 -2296 8078 END
START -2456 4344 9660 -8175 -2347 8127 END
START -2896 4224 9744 -7915 -2395 8151 END
START -3228 4200 9740 -7697 -2456 8129 END
START -3556 3976 9712 -7471 -2451 8129 END
START -3832 3908 9408 -7319 -2415 8118 END
START -4048 3888 9248 -7175 -2320 8103 END
START -4312 3800 9168 -7041 -2243 8098 END
START -4652 3624 9132 -6920 -2053 8076 END
START -4860 3492 8952 -6821 -1915 8069 END
START -5376 3364 9076 -6680 -1754 8065 END
START -5760 3284 8908 -6563 -1543 8033 END
START -6008 3000 9144 -6463 -1357 8000 END
START -6480 2724 9052 -6339 -1158 7999 END
START -6996 2484 9052 -6272 -992 7953 END
START -7540 2424 9156 -6188 -827 7886 END
START -7972 2148 9344 -6088 -651 7852 END
START -8464 1828 9264 -6032 -547 7759 END
START -9084 1548 9392 -5945 -455 7632 END
START -9360 1352 9376 -5836 -379 7511 END
START -9880 1112 9128 -5704 -291 7321 END
START -10388 716 9220 -5536 -218 7128 END
START -10960 480 9092 -5338 -128 6895 END
START -11648 148 9036 -5151 -84 6642 END
START -12224 -76 8904 -4934 -3 6361 END
START -12872 -392 8648 -4707 -7 6058 END
START -13376 -556 8540 -4432 69 5761 END
START -13928 -720 8392 -4159 119 5450 END
START -14728 -872 8448 -3840 173 5110 END
START -15476 -1136 8280 -3533 249 4848 END
START -16004 -1372 8524 -3178 273 4487 END
START -16888 -1868 8808 -2899 268 4245 END
START -17660 -2460 9220 -2556 254 3951 END
START -18520 -3024 9544 -2204 141 3556 END
START -19172 -3528 9844 -1867 -26 3110 END
START -19860 -4044 10184 -1545 -240 2517 END
START -20268 -4368 10376 -1265 -562 1818 END
START -20688 -4840 10644 -1042 -890 989 END
START -20960 -5064 10832 -854 -1237 66 END
START -21172 -5344 11088 -695 -1519 -882 END
START -20988 -5532 11044 -567 -1760 -1897 END
START -20672 -5568 11068 -482 -1873 -2974 END
START -20116 -5380 10988 -388 -1896 -3947 END
START -19428 -5004 11024 -376 -1831 -4885 END
START -18792 -4436 10828 -355 -1655 -5651 END
START -17948 -4028 10752 -382 -1395 -6307 END
START -17276 -3396 10760 -495 -1012 -6786 END
START -16600 -3028 10660 -632 -614 -7149 END
START -15992 -2688 10884 -735 -185 -7459 END
START -15444 -2648 11192 -854 146 -7676 END
START -15016 -2620 11188 -921 514 -7875 END
START -14600 -2740 11336 -957 849 -8089 END
START -14324 -2828 11604 -976 1111 -8273 END
START -14232 -2820 11748 -950 1283 -8480 END
START -13860 -3032 11616 -914 1398 -8647 END
START -13528 -3088 11296 -843 1503 -8829 END
START -13332 -3252 11408 -675 1608 -9030 END
START -13108 -3296 11140 -476 1782 -9220 END
START -12852 -3224 11196 -231 1865 -9445 END
START -12504 -3072 10996 102 2019 -9693 END
START -11992 -3052 11160 398 2227 -9964 END
START -11624 -3088 11580 690 2377 -10222 END
START -11200 -2948 12272 910 2418 -10505 END
START -10800 -2532 12680 1087 2269 -10812 END
START -10460 -2328 13312 1263 2071 -11091 END
START -9724 -2168 13604 1365 1808 -11389 END
START -8984 -1952 13724 1512 1529 -11674 END
START -8416 -1576 14164 1684 1244 -11936 END
START -7768 -1200 14356 1899 841 -12185 END
START -7104 -640 14768 2075 325 -12369 END
START -6228 -72 14740 2288 -213 -12538 END
START -5632 348 14588 2535 -679 -12687 END
START -4552 836 14660 2801 -1088 -12751 END
START -3532 1328 14456 3086 -1453 -12782 END
START -2524 2032 14316 3363 -1678 -12738 END
START -1432 2744 14260 3560 -1791 -12637 END
START -436 3224 14116 3681 -1825 -12425 END
START 788 3528 13860 3729 -1637 -12219 END
START 1852 3848 13700 3712 -1395 -11942 END
START 2876 4264 13696 3602 -996 -11684 END
START 3832 4544 13776 3422 -552 -11439 END
START 4704 4848 13668 3173 -30 -11255 END
START 5492 5148 13604 2854 518 -11032 END
START 6212 5468 13676 2499 1088 -10830 END
START 7056 5596 13396 2110 1701 -10576 END
START 7808 5804 13356 1727 2391 -10283 END
START 8392 6076 13312 1364 3038 -9920 END
START 8808 6288 13472 1041 3625 -9556 END
START 9136 6472 13704 722 4090 -9104 END
START 9564 6548 14072 443 4345 -8641 END
START 9760 6560 14144 262 4477 -8171 END
START 9776 6728 14092 133 4559 -7647 END
START 9992 6820 14188 118 4482 -7136 END
START 9880 6896 14316 149 4355 -6535 END
START 9896 6744 14428 278 4212 -5944 END
START 9832 6752 14508 503 3940 -5345 END
START 9420 6484 14568 677 3579 -4719 END
START 9308 6144 14668 918 3156 -4199 END
START 9100 5924 14652 1116 2720 -3759 END
START 8976 5672 14492 1280 2310 -3326 END
START 8876 5508 14336 1463 1944 -2961 END
START 8796 5444 14020 1516 1565 -2558 END
START 8512 5264 13668 1570 1347 -2215 END
START 8272 5036 13180 1597 1230 -1889 END
START 8080 4988 12764 1584 1141 -1576 END
START 7804 4780 12276 1618 1086 -1301 END
START 7356 4660 11932 1675 1131 -1013 END
START 7060 4468 11652 1726 1118 -775 END
START 6700 4408 11580 1802 1104 -537 END
START 6352 4440 11452 1863 1096 -283 END
START 5960 4300 11272 1909 1036 -53 END
START 5644 4196 11036 1929 1010 222 END
START 5468 4192 10756 1964 957 487 END
START 4920 4104 10620 2014 943 731 END
START 4568 3984 10284 2066 948 986 END
START 4184 3844 9968 2120 901 1235 END
START 3848 3648 9732 2207 888 1463 END
START 3312 3560 9640 2254 915 1653 END
START 3124 3300 9392 2330 931 1815 END
START 2812 3268 8984 2365 973 1952 END
START 2368 3056 8536 2436 1054 2059 END
START 2148 2884 7956 2478 1174 2144 END
START 1836 2796 7516 2614 1398 2198 END
START 1404 2800 7128 2666 1687 2251 END
START 824 2624 6816 2767 1931 2279 END
START 540 2740 6592 2880 2252 2270 END
START -196 2544 6628 3000 2444 2247 END
START -496 2440 6648 3143 2641 2178 END
START -880 2160 6636 3281 2807 2046 END
START -1412 2120 6728 3430 2836 1926 END
START -1732 1980 6728 3564 2875 1778 END
START -1984 1908 6708 3724 2796 1602 END
START -2172 1972 6488 3898 2742 1493 END
START -2384 2168 6332 4063 2613 1408 END
START -2612 2420 6384 4324 2467 1314 END
START -3124 2344 6284 4599 2205 1227 END
START -3576 2408 6128 4985 1915 1178 END
START -3736 2352 5952 5382 1625 1081 END
START -4072 2448 5784 5821 1337 996 END
START -4224 2348 5624 6335 1037 887 END
START -4300 2364 5576 6826 700 757 END
START -4268 2272 5684 7278 392 622 END
START -4356 2352 5312 7751 166 482 END
START -4316 2380 5016 8227 -50 338 END
START -4144 2608 4956 8668 -166 188 END
START -4128 2688 4952 9067 -227 54 END
START -4036 2800 4900 9410 -314 -51 END
START -4024 3012 5184 9731 -337 -167 END
START -3888 3160 5280 10012 -455 -268 END
START -3908 3232 5388 10241 -590 -329 END
START -3724 3376 5388 10480 -689 -447 END
START -3536 3208 5420 10698 -747 -558 END
START -3344 3360 5360 10942 -847 -633 END
START -3312 3508 5500 11205 -904 -735 END
START -3152 3540 5528 11468 -949 -776 END
START -3016 3672 5208 11726 -1018 -842 END
START -2788 4020 5220 12056 -1085 -851 END
START -2432 3944 5100 12254 -1081 -841 END
START -2196 4064 5084 12620 -1093 -812 END
START -1992 4044 5056 12954 -1049 -775 END
START -2020 4184 5268 13342 -995 -722 END
START -1896 4320 5544 13729 -959 -696 END
START -1912 4432 5812 14094 -930 -671 END
START -2048 4568 6056 14429 -928 -658 END
START -2144 4632 6136 14729 -954 -623 END
START -2160 4768 6360 15078 -932 -622 END
START -2224 4784 6604 15381 -852 -693 END
START -2196 4780 6892 15750 -770 -725 END
START -2224 4868 6968 16059 -608 -835 END
START -2272 5084 7444 16407 -350 -952 END
START -2156 5300 8120 16738 -182 -1096 END
START -2132 5424 8560 16978 -35 -1181 END
START -1864 5716 8960 17173 135 -1266 END
START -1820 6084 9584 17378 333 -1343 END
START -1732 6488 10200 17505 526 -1358 END
START -1616 6748 10888 17644 725 -1337 END
START -1472 7028 11672 17753 875 -1280 END
START -1356 7156 12176 17848 995 -1224 END
START -1256 7292 13060 17939 1104 -1152 END
START -1100 7428 13616 18041 1252 -1053 END
START -952 7472 14192 18129 1302 -952 END
START -928 7748 14836 18115 1350 -850 END
START -828 7824 15448 18126 1425 -756 END
START -820 7864 15716 18125 1381 -649 END
START -680 7808 16184 18094 1429 -513 END
START -664 7720 16572 18058 1500 -402 END
START -576 7592 16936 18047 1574 -244 END
START -556 7528 17304 18017 1696 -98 END
START -468 7508 17748 17964 1816 46 END
START -440 7540 18368 17900 1960 150 END
START -556 7508 18928 17781 2125 329 END
START -576 7360 19352 17612 2238 486 END
START -804 7268 19832 17390 2384 604 END
START -936 7140 20104 17199 2518 755 END
START -1144 7068 20556 17050 2750 817 END
START -1308 7076 20568 16865 2993 872 END
START -1688 7180 21020 16721 3287 911 END
START -1992 7228 21404 16521 3565 932 END
START -2376 7272 21916 16343 3820 920 END
START -2716 7428 22680 16122 3971 910 END
START -3092 7512 23208 15896 4125 888 END
START -3196 7364 23668 15682 4263 886 END
START -3240 7660 24244 15431 4443 845 END
START -3392 7784 24912 15148 4587 862 END
START -3548 8048 25532 14851 4644 881 END
START -3728 8264 26368 14507 4542 935 END
START -3852 8276 27032 14084 4386 1031 END
START -3944 8352 27528 13711 4102 1129 END
START -3920 8184 27892 13335 3773 1284 END
START -3860 8164 28012 13006 3483 1385 END
START -4116 8220 28224 12837 3215 1530 END
START -4188 8284 28560 12706 2967 1680 END
START -4248 8108 29168 12642 2649 1779 END
START -4116 7868 29504 12656 2359 1863 END
START -3972 7884 29952 12730 2127 1893 END
START -3828 8148 30392 12839 1972 1932 END
START -3692 8264 31032 12832 1939 1954 END
START -3524 8376 31664 12787 2049 1965 END
START -3048 8412 32256 12586 2327 2016 END
START -2628 8464 32688 12268 2701 2067 END
START -2376 8596 32767 11700 3221 2114 END
START -2336 8540 32767 10985 3711 2142 END
START -2236 8504 32767 10097 4229 2167 END
START -2552 8568 32767 9128 4572 2176 END
START -2656 8612 32767 8035 4915 2216 END
START -2776 8544 32767 6891 5181 2274 END
START -3004 8496 32767 5655 5353 2345 END
START -3312 8240 32767 4465 5451 2398 END
START -3608 8184 32767 3142 5436 2478 END
START -3892 8216 32767 1895 5573 2591 END
START -4168 8088 32767 606 5603 2649 END
START -4616 7980 32767 -608 5680 2695 END
START -5180 7764 32767 -1803 5693 2712 END
START -5404 7480 32767 -2977 5686 2710 END
START -5812 6596 32767 -4105 5708 2718 END
START -6064 5968 32767 -5135 5598 2648 END
START -6708 5908 32740 -6033 5397 2441 END
START -7260 6040 31740 -6874 5011 2122 END
START -7652 5852 30796 -7655 4485 1700 END
START -7952 5376 30044 -8364 3703 1265 END
START -8196 4980 28984 -8996 2676 832 END
START -8224 4664 27816 -9511 1710 450 END
START -8136 4560 26728 -9881 662 66 END
START -7924 4372 25420 -10144 -337 -290 END
START -7620 4416 24196 -10383 -1372 -608 END
START -7500 4372 22856 -10517 -2364 -884 END
START -6976 4328 21364 -10582 -3327 -1074 END
START -6580 4236 20020 -10636 -4152 -1197 END
START -6132 4236 18792 -10621 -4847 -1300 END
START -5744 4196 17228 -10570 -5486 -1349 END