START -3288 1320 11504 -2395 3514 10087 END
START -6056 1528 16720 -2505 -64 9820 END
START -1160 1916 9092 -1818 936 9998 END
START -4680 1720 11728 -1339 1395 9993 END
START -4844 1404 11404 -865 959 10095 END
START -2816 1104 8784 -566 795 10150 END
START -2284 792 8212 -348 848 10263 END
START -2908 952 8692 -170 442 10355 END
START -2668 812 8484 -72 282 10428 END
START -3360 684 9192 -25 446 10549 END
START -3580 636 9564 -3 375 10626 END
START -3288 448 8996 -21 425 10704 END
START -3352 84 9384 -3 518 10770 END
START -3044 -424 8944 -55 499 10826 END
START -2696 -648 8520 0 550 10896 END
START -2756 -788 8420 87 737 10962 END
START -2744 -836 8400 239 840 10989 END
START -2980 -724 8596 403 986 10992 END
START -3356 -536 8672 583 1088 10955 END
START -3548 -452 8812 799 1131 10941 END
START -3528 -400 8868 971 1056 10947 END
START -3632 -452 8864 1212 1036 10926 END
START -3712 -480 8916 1443 972 10930 END
START -3804 -528 8904 1714 905 10991 END
START -4016 -496 9036 1952 892 11055 END
START -4300 -508 9256 2264 754 11132 END
START -4544 -340 9452 2586 712 11206 END
START -4752 -236 9396 2849 522 11320 END
START -4928 -108 9472 3160 471 11326 END
START -5192 84 9728 3389 371 11415 END
START -5308 -64 9680 3610 336 11431 END
START -5380 -180 9776 3797 381 11429 END
START -5608 -376 9756 3960 392 11472 END
START -5768 -496 9772 4064 467 11500 END
START -5872 -756 10004 4175 579 11498 END
START -6216 -820 9916 4231 712 11464 END
START -6508 -724 10068 4271 835 11461 END
START -6764 -784 10112 4302 926 11401 END
START -6868 -656 10188 4303 1042 11355 END
START -7168 -708 9972 4283 1152 11306 END
START -7468 -824 10320 4262 1214 11233 END
START -7468 -928 10248 4179 1313 11202 END
START -7688 -1144 10076 4124 1389 11164 END
START -7924 -1212 10288 4077 1473 11092 END
START -8116 -1148 10156 4042 1505 11016 END
START -8304 -1116 10224 3980 1496 10948 END
START -8468 -1008 10192 3947 1432 10873 END
START -8476 -1128 9936 3918 1378 10847 END
START -8616 -1184 9732 3928 1283 10800 END
START -8640 -1292 9688 3912 1152 10782 END
START -8632 -1484 9472 3956 1138 10780 END
START -8824 -1508 9076 4062 1082 10749 END
START -8844 -1532 8952 4250 1109 10774 END
START -9116 -1552 8916 4489 1144 10758 END
START -9368 -1364 8572 4786 1208 10714 END
START -9524 -1324 8540 5118 1238 10643 END
START -9812 -1304 8612 5450 1347 10598 END
START -10060 -1344 8768 5794 1389 10481 END
START -10336 -1468 8832 6157 1384 10397 END
START -10748 -1396 8896 6458 1304 10295 END
START -11172 -1288 9144 6833 1228 10132 END
START -11448 -1224 9204 7182 1154 10033 END
START -11736 -1188 9452 7528 1063 9876 END
START -12056 -1252 9676 7859 954 9719 END
START -12480 -1428 9956 8174 814 9538 END
START -12816 -1540 10156 8509 628 9310 END
START -12968 -1672 10208 8764 498 9072 END
START -13248 -1740 10248 9063 359 8808 END
START -13260 -1816 10332 9300 297 8530 END
START -13464 -2100 10316 9513 172 8216 END
START -13516 -2268 10536 9726 166 7932 END
START -13688 -2364 10552 9918 59 7617 END
START -13784 -2228 10704 10146 58 7304 END
START -13940 -2064 10728 10326 -11 6920 END
START -13988 -1964 10864 10514 -4 6648 END
START -14080 -2096 11008 10660 -23 6313 END
START -14060 -2172 11220 10827 -49 6056 END
START -13848 -2112 11120 10924 32 5784 END
START -13844 -2392 11300 11037 167 5585 END
START -13652 -2452 11352 11211 380 5324 END
START -13736 -2400 11448 11284 665 5066 END
START -13864 -2428 11648 11347 952 4798 END
START -13544 -2520 11716 11404 1259 4430 END
START -14468 -2120 12092 11468 1556 4026 END
START -14244 -2064 12400 11421 1758 3854 END
START -14336 -2136 12760 11390 1875 3571 END
START -14444 -2076 13088 11476 2035 3307 END
START -14640 -1984 13252 11387 2122 2985 END
START -14812 -2164 13476 11378 2187 2664 END
START -14828 -2264 13652 11539 2243 2272 END
START -15084 -2464 13808 11626 2252 1847 END
START -15140 -2732 14108 11786 2231 1383 END
START -15288 -2656 14472 11746 2141 909 END
START -15476 -2704 14968 12080 1983 409 END
START -15400 -2764 15064 12174 1790 -74 END
START -15456 -2668 15264 12183 1581 -522 END
START -15456 -2660 15568 12124 1295 -998 END
START -15352 -2596 15760 12169 1041 -1393 END
START -15216 -2560 15960 12654 822 -1781 END
START -15024 -2364 16052 12642 664 -2196 END
START -14692 -2180 15980 12757 572 -2518 END
START -14328 -1988 16196 12741 538 -2827 END
START -14204 -1844 16180 12860 576 -3131 END
START -13852 -1716 16572 12835 687 -3373 END
START -13624 -1460 16912 12878 761 -3596 END
START -13552 -1268 17128 12757 916 -3746 END
START -13280 -1124 17600 12669 1068 -3908 END
START -13240 -972 18108 12600 1214 -4035 END
START -13244 -960 18516 12378 1431 -4184 END
START -13284 -1036 19008 12257 1570 -4312 END
START -13380 -1240 19780 12006 1749 -4505 END
START -13396 -1384 20360 12022 1878 -4725 END
START -13476 -1376 20856 11902 2056 -5036 END
START -13464 -1576 21152 11420 2209 -5372 END
START -13652 -1740 21856 11114 2423 -5751 END
START -13652 -1912 22424 10685 2537 -6177 END
START -13844 -1996 22876 10242 2664 -6624 END
START -13804 -2240 23636 9733 2681 -7103 END
START -13672 -2348 23984 9252 2701 -7578 END
START -13400 -2396 24736 8682 2768 -8051 END
START -13212 -2596 25264 8088 2867 -8545 END
START -12904 -2608 26040 7410 2898 -9029 END
START -12600 -2524 26548 6670 2941 -9462 END
START -12376 -2400 27044 5857 2919 -9886 END
START -11900 -2148 27396 4983 2936 -10259 END
START -11524 -1716 27360 4075 2995 -10581 END
START -11284 -1384 27704 3133 3038 -10865 END
START -11036 -1200 27816 2250 3128 -11088 END
START -10776 -1024 27816 1441 3139 -11268 END
START -10396 -1044 27828 686 3214 -11445 END
START -10116 -828 27716 71 3301 -11554 END
START -9896 -660 27780 -481 3336 -11675 END
START -9604 -476 27684 -957 3349 -11771 END
START -9240 -436 27744 -1332 3329 -11847 END
START -9072 -356 27656 -1644 3219 -11897 END
START -8760 -188 27508 -1932 3107 -11893 END
START -8380 128 27660 -2154 2959 -11854 END
START -8240 164 27732 -2360 2695 -11795 END
START -7852 292 27604 -2588 2385 -11708 END
START -7628 284 27712 -2721 2097 -11600 END
START -7356 296 27688 -2913 1764 -11482 END
START -7064 188 27492 -3051 1434 -11325 END
START -6628 216 27212 -3175 1188 -11195 END
START -6436 132 27100 -3297 986 -11051 END
START -6100 0 26976 -3452 797 -10958 END
START -5808 60 26628 -3598 736 -10861 END
START -5664 84 26484 -3822 706 -10777 END
START -5448 88 26488 -4046 723 -10665 END
START -5488 140 26332 -4347 771 -10569 END
START -5360 168 26396 -4648 792 -10494 END
START -5096 280 26284 -5049 914 -10420 END
START -4988 208 26164 -5483 1056 -10363 END
START -4944 180 25920 -5924 1159 -10331 END
START -4744 220 25764 -6474 1408 -10325 END
START -4652 200 25816 -7002 1562 -10270 END
START -4372 212 25528 -7559 1767 -10297 END
START -4260 240 25400 -8063 1968 -10230 END
START -4080 284 25080 -8603 2192 -10163 END
START -3944 340 24700 -9124 2316 -10095 END
START -3780 208 24472 -9579 2458 -9993 END
START -3564 172 24072 -10068 2691 -9874 END
START -3376 216 23564 -10514 2852 -9757 END
START -3204 236 23184 -10938 3068 -9686 END
START -3020 -96 22656 -11341 3239 -9544 END
START -2768 -428 22256 -11675 3363 -9458 END
START -2652 -604 21768 -11955 3593 -9349 END
START -2712 -460 21480 -12167 3649 -9276 END
START -2720 -248 21060 -12326 3697 -9154 END
START -2872 156 20788 -12477 3614 -9051 END
START -2836 352 20364 -12537 3472 -8888 END
START -2752 728 19996 -12584 3264 -8649 END
START -2656 728 19456 -12583 3065 -8363 END
START -2692 728 18944 -12569 2920 -8062 END
START -2544 808 18216 -12537 2798 -7705 END
START -2396 944 17836 -12511 2745 -7310 END
START -2336 968 16816 -12516 2813 -6882 END
START -2384 1068 16544 -12462 2927 -6492 END
START -2336 1056 16004 -12493 3114 -6125 END
START -2516 984 15216 -12514 3318 -5763 END
START -2616 804 14728 -12554 3638 -5412 END
START -2696 680 14220 -12596 3999 -5118 END
START -3056 380 13596 -12649 4338 -4884 END
START -3068 200 13068 -12711 4767 -4688 END
START -3324 180 12516 -12759 5095 -4521 END
START -3424 -88 12080 -12793 5495 -4430 END
START -3564 4 11652 -12749 5844 -4351 END
START -3776 -248 11292 -12750 6154 -4340 END
START -4116 -476 11120 -12627 6303 -4366 END
START -4228 -464 11060 -12437 6369 -4357 END
START -4528 -524 10684 -12235 6367 -4386 END
START -4600 -512 10392 -11897 6194 -4390 END
START -4684 -560 10204 -11521 6030 -4359 END
START -4704 -480 9716 -11066 5798 -4363 END
START -4712 -360 9428 -10615 5533 -4303 END
START -4628 -264 8992 -10055 5301 -4263 END
START -4472 -244 8720 -9523 5150 -4221 END
START -4224 -244 8472 -9028 5022 -4120 END
START -4120 -188 8140 -8513 4941 -4036 END
START -4008 -132 7764 -8035 4957 -3927 END
START -3672 144 7772 -7591 4933 -3821 END
START -3664 300 7492 -7231 5031 -3689 END
START -3420 572 7196 -6924 5106 -3541 END
START -3324 796 7104 -6705 5144 -3354 END
START -3024 1064 6820 -6513 5221 -3140 END
START -2772 1116 6660 -6332 5351 -2898 END
START -2560 1140 6480 -6195 5473 -2644 END
START -2436 1260 6360 -6056 5556 -2426 END
START -2160 1248 6000 -5945 5696 -2142 END
START -2048 1352 6068 -5797 5780 -1925 END
START -1984 1640 5980 -5684 5793 -1653 END
START -1988 1676 6008 -5473 5731 -1435 END
START -1868 1756 5764 -5283 5623 -1154 END
START -1908 1896 5508 -5011 5509 -877 END
START -1744 1984 5388 -4746 5338 -527 END
START -1616 2072 5156 -4402 5164 -226 END
START -1568 2280 4996 -4060 4939 73 END
START -1788 2492 4940 -3678 4652 431 END
START -1728 2712 4504 -3229 4329 784 END
START -1764 3004 4512 -2774 3974 1142 END
START -1864 3268 4028 -2256 3651 1588 END
START -2036 3356 3816 -1698 3379 1958 END
START -2112 3396 3624 -1172 3162 2408 END
START -2128 3468 3164 -617 2909 2793 END
START -2420 3460 2988 -85 2697 3160 END
START -2480 3532 2824 417 2487 3462 END
START -2668 3444 2724 973 2234 3783 END
START -2968 3360 2800 1513 1975 3920 END
START -3064 3272 2780 2058 1686 4059 END
START -3308 3196 2920 2734 1385 4161 END
START -3652 3100 3248 3301 1057 4152 END
START -3924 3072 3420 3872 639 4137 END
START -4160 3084 3344 4380 245 4055 END
START -4188 3116 3160 4856 -109 3958 END
START -4104 3216 2916 5299 -379 3888 END
START -3992 3384 2800 5686 -529 3776 END
START -3932 3456 2696 6039 -593 3667 END
START -3664 3648 2376 6326 -581 3625 END
START -3556 3976 2148 6610 -450 3529 END
START -3248 4004 1776 6816 -245 3540 END
START -3052 4156 1856 7013 59 3537 END
START -2824 4308 1604 7165 484 3569 END
START -2400 4500 1320 7325 1022 3691 END
START -2236 4732 1372 7393 1574 3809 END
START -1948 5064 1448 7460 2148 4006 END
START -1892 5184 1644 7530 2702 4226 END
START -1744 5428 1864 7571 3225 4551 END
START -1812 5580 2072 7656 3693 4855 END
START -1480 5644 2304 7713 4076 5238 END
START -1668 5760 2624 7817 4415 5668 END
START -1736 5948 3012 7971 4536 6086 END
START -1936 5940 3472 8139 4702 6506 END
START -2028 5888 3908 8320 4701 6931 END
START -2072 5680 4352 8439 4650 7294 END
START -2024 5472 4632 8620 4611 7642 END
START -2192 5340 4880 8711 4550 8010 END
START -2444 5296 4924 8799 4616 8420 END
START -2600 5424 4976 8861 4571 8827 END
START -2788 5384 5548 8968 4464 9247 END
START -3040 5512 5780 9136 4282 9680 END
START -3520 5468 6064 9334 4125 10089 END
START -3916 5636 6336 9540 3820 10494 END
START -4152 5480 6460 9705 3537 10836 END
START -4504 5432 6616 9942 3206 11153 END
START -4812 5316 6584 10087 2890 11414 END
START -5080 5568 6264 10258 2704 11680 END
START -5336 5568 6056 10419 2527 11867 END
START -5500 5564 5644 10589 2439 12043 END
START -5756 5292 5300 10855 2476 12233 END
START -5840 5144 5420 11175 2546 12297 END
START -6212 5040 5212 11454 2599 12213 END
START -6392 5172 5188 11882 2703 12125 END
START -6780 4864 5624 12105 2750 12104 END
START -6920 5044 5964 12565 2801 12110 END
START -6940 5096 6384 13033 2745 11953 END
START -6912 5124 6692 13395 2757 11887 END
START -6792 5108 6744 13707 2763 11797 END
START -6944 5616 6908 13991 2909 11855 END
START -6864 5880 7064 14212 3074 12015 END
START -6772 6384 7480 14425 3216 12252 END
START -6580 6740 8068 14618 3377 12393 END
START -6644 7092 8404 14826 3505 12830 END
START -6632 7204 9024 14991 3654 12928 END
START -6788 7260 9764 15095 3707 13524 END
START -6728 7308 10256 15209 3740 13864 END
START -7504 7608 11204 15248 3624 14237 END
START -7452 7728 12092 15345 3314 14620 END
START -7504 7756 13108 15376 2901 14976 END
START -7516 7732 13840 15399 2500 15354 END
START -7708 7540 14588 15431 1992 15688 END
START -7680 7316 15444 15422 1408 16053 END
START -7880 7296 15952 15378 841 16338 END
START -8032 7268 16564 15262 279 16569 END
START -8172 7368 17072 15141 -367 16743 END
START -8304 7436 17656 14941 -973 16865 END
START -8404 7436 17972 14666 -1558 16980 END
START -8216 7412 18344 14379 -2087 17054 END
START -8328 7344 18668 14038 -2531 17164 END
START -8084 7292 18804 13711 -2850 17344 END
START -8116 7476 18816 13351 -3057 17523 END
START -8260 7748 18808 12887 -3061 17705 END
START -8180 8072 18664 12509 -3046 17868 END
START -8292 8376 18596 12034 -2922 18013 END
START -8132 8220 18660 11797 -2687 18139 END
START -7996 8132 18472 11175 -2366 18240 END
START -7716 7792 18336 10746 -1909 18402 END
START -7460 7608 18188 10304 -1340 18600 END
START -7424 7568 18208 9928 -758 18797 END
START -7364 7752 18384 9518 -181 19059 END
START -7456 7908 18544 9225 257 19265 END
START -7408 8276 18540 8895 699 19524 END
START -7352 8384 18972 8607 983 19777 END
START -7268 8336 19372 8321 1138 20000 END
START -7292 8188 20092 8124 1013 20218 END
START -7224 8084 20504 7978 811 20410 END
START -7112 7968 20856 7875 404 20569 END
START -7136 7880 21420 7839 -146 20712 END
START -6924 8120 22036 7841 -819 20879 END
START -6856 8588 22440 7862 -1558 21124 END
START -6740 9048 22852 7842 -2401 21470 END
START -6508 9340 22980 7854 -3255 21903 END
START -6296 9532 23276 7828 -4116 22486 END
START -6016 9624 23588 7737 -4943 23086 END
START -6052 9524 23752 7637 -5754 23692 END
START -6112 9420 23816 7495 -6469 24337 END
START -6076 9288 23948 7276 -7124 24887 END
START -6204 8964 23764 7039 -7685 25379 END
START -6420 8436 23660 6727 -8084 25735 END
START -6420 7868 23228 6393 -8358 25969 END
START -6740 7344 22960 6038 -8460 26139 END
START -6928 6984 22672 5671 -8351 26157 END
START -7112 6536 22340 5241 -8122 26054 END
START -7376 6140 22288 4787 -7776 25927 END
START -7508 5916 21860 4328 -7347 25698 END
START -7744 5660 21584 3802 -6743 25450 END
START -7988 5312 21268 3289 -6027 25170 END
START -8308 5264 21280 2704 -5264 24833 END
START -8380 5004 21040 2116 -4409 24456 END
START -8516 4896 20760 1465 -3526 24017 END
START -8612 4700 20872 835 -2704 23546 END
START -8932 4536 20912 167 -1908 23045 END
START -8960 4688 21100 -387 -1300 22605 END
START -9080 4596 21336 -899 -820 22181 END
START -9224 4772 21656 -1358 -448 21783 END
START -9420 4776 22112 -1744 -239 21504 END
START -9476 4852 22592 -1994 -331 21202 END
START -9984 5000 23192 -2226 -500 21015 END
START -10196 5164 23828 -2392 -949 20802 END
START -10332 5164 24376 -2595 -1486 20624 END
START -10352 5168 24868 -2737 -2162 20437 END
START -10356 4936 25412 -3017 -2912 20254 END
START -10328 4632 25856 -3349 -3761 20087 END
START -10332 4544 26024 -3786 -4592 19921 END
START -10368 4436 26512 -4324 -5425 19769 END
START -10548 4380 26584 -4902 -6134 19612 END
START -10896 4300 27220 -5557 -6932 19460 END
START -11328 4288 27300 -6251 -7638 19260 END
START -11828 3968 27176 -7006 -8368 18949 END
START -12220 3712 27140 -7745 -9083 18599 END
START -12900 3564 26920 -8438 -9630 18094 END
START -13380 3372 26684 -9221 -10206 17516 END
START -14012 3100 26384 -9968 -10734 16825 END
START -14640 2788 26016 -10652 -11251 16022 END
START -15044 2472 25708 -11402 -11785 15130 END
START -15640 2124 24924 -12078 -12220 14137 END
START -15716 2168 24152 -12706 -12668 12999 END
START -15952 2168 23348 -13297 -12936 12042 END
START -16124 2052 22380 -13733 -13153 10723 END
START -16176 2044 21596 -14027 -13190 9570 END
START -16268 1964 20508 -14250 -13152 8370 END
START -16304 2200 19848 -14283 -12991 7168 END
START -16304 2260 18876 -14223 -12888 6045 END
START -16360 2184 18304 -14098 -12582 5037 END
START -16080 2292 17868 -13939 -12302 3998 END
START -16176 2340 17368 -13722 -12026 3042 END
START -15948 2240 17048 -13541 -11719 2060 END
START -15852 2132 16840 -13334 -11504 1072 END
START -15780 2192 16588 -13166 -11275 77 END
START -15708 2472 16568 -12946 -11131 -900 END
START -15792 2712 16652 -12776 -11121 -1863 END
START -15784 3164 16620 -12634 -11174 -2860 END
START -15808 3508 16396 -12527 -11300 -3787 END
START -15664 3832 16428 -12424 -11481 -4674 END
START -15368 4016 16460 -12367 -11782 -5497 END
START -15224 4028 16324 -12318 -12061 -6339 END
START -15132 4092 16036 -12241 -12437 -7021 END
START -14972 4512 15760 -12213 -12701 -7789 END
START -14864 4956 15448 -12163 -13055 -8472 END
START -14704 5552 15148 -12132 -13288 -9220 END
START -14372 5704 14632 -12126 -13457 -9822 END
START -14264 5680 14356 -12175 -13688 -10427 END
START -14012 5728 14020 -12218 -13790 -10959 END
START -14032 5912 13512 -12289 -13888 -11527 END
START -13904 5992 12912 -12293 -13977 -12039 END
START -13872 6000 12196 -12257 -13993 -12613 END
START -13976 6120 11968 -12198 -13959 -13232 END
START -14364 5816 11660 -12114 -13793 -13807 END
START -14620 5704 10880 -11915 -13649 -14467 END
START -15112 5316 10400 -11767 -13433 -15184 END
START -15588 4988 9776 -11607 -13187 -15987 END
START -16056 4836 9128 -11475 -12924 -16889 END
START -16516 4760 8268 -11252 -12665 -17864 END
START -17212 4560 7844 -10952 -12530 -18965 END
START -17648 4256 7292 -10536 -12295 -20129 END
START -17992 3752 6812 -9981 -12220 -21363 END
START -18452 3496 6712 -9299 -12127 -22586 END
START -19020 3072 6620 -8538 -12237 -23911 END
START -19260 2432 6340 -7706 -12390 -25249 END
START -19580 2416 6280 -6703 -12716 -26772 END
START -19676 3464 6140 -5759 -13061 -28222 END
START -19628 4908 5844 -4790 -13569 -29652 END
START -19312 6084 6028 -3815 -14163 -31018 END
START -18556 6668 5916 -2966 -14693 -32094 END
START -17520 6896 5904 -2155 -15229 -32768 END
START -16500 7156 5776 -1465 -15608 -32768 END
START -15736 7652 5680 -857 -15867 -32768 END
START -14748 8192 5576 -287 -16068 -32768 END
START -13688 8988 5268 140 -16107 -32768 END
START -12664 9364 5072 480 -16062 -32768 END
START -11676 9560 5076 825 -15829 -32768 END
START -10808 9360 5164 1164 -15556 -32768 END
START -10160 9316 5168 1474 -15151 -32768 END
START -9672 9196 5348 1778 -14862 -32768 END
START -9360 8948 5232 2103 -14445 -32768 END
START -9068 8624 5348 2445 -14027 -32768 END
START -8880 8044 5536 2792 -13564 -32768 END
START -8772 7544 5660 3163 -13145 -32768 END
START -8704 7240 6088 3450 -12662 -32768 END
START -8532 7116 6016 3735 -12290 -32768 END
START -8232 7104 6244 4002 -11828 -32768 END
START -7792 6836 6492 4257 -11257 -32768 END
START -7408 6660 6656 4502 -10657 -32768 END
START -7060 6772 7156 4756 -9924 -32768 END
START -7036 6848 7560 4977 -9365 -32768 END
START -7088 7060 7972 5175 -8894 -32768 END
START -6748 7348 8276 5336 -8515 -32768 END
START -6688 8024 8668 5495 -8109 -32768 END
START -6252 9296 8764 5634 -7735 -32768 END
START -5672 10852 9120 5741 -7407 -32768 END
START -4808 12284 9712 5739 -7041 -32768 END
START -3660 13148 10048 5620 -6760 -32768 END
START -1992 13296 10528 5378 -6286 -32768 END
START -324 13376 11104 5043 -5836 -32768 END
START 996 13300 11540 4664 -5261 -31980 END
START 2316 13336 11480 4268 -4654 -30701 END
START 3424 13564 11776 3867 -4018 -29349 END
START 4120 13748 11952 3528 -3306 -28022 END
START 4692 13636 12304 3258 -2634 -26728 END
START 5032 13772 12736 3065 -2133 -25396 END
START 5304 13572 13024 2953 -1648 -24085 END
START 5628 13300 13376 2944 -1233 -22836 END
START 5764 13080 13668 2949 -855 -21677 END
START 5916 12940 13960 3017 -649 -20554 END
START 5732 12808 13964 3086 -469 -19624 END
START 5628 12732 14464 3253 -389 -18710 END
START 5500 12632 14900 3433 -433 -17866 END
START 4912 12316 15424 3650 -590 -17108 END
START 4696 12180 15620 3879 -726 -16405 END
START 4392 11932 15864 4112 -1003 -15821 END
START 4184 11728 16000 4308 -1235 -15328 END
START 4168 11380 16028 4464 -1403 -14911 END
START 4100 11048 16080 4569 -1442 -14605 END
START 4116 11036 15764 4608 -1354 -14353 END
START 3988 10676 15956 4564 -1161 -14156 END
START 4028 10496 15876 4524 -809 -13997 END
START 3940 10472 15696 4385 -342 -13826 END
START 4048 10464 15512 4193 175 -13673 END
START 4052 10460 15544 3956 806 -13549 END
START 4064 10416 15444 3661 1385 -13373 END
START 3940 10384 15656 3345 2022 -13222 END
START 3888 10352 15740 3018 2568 -13062 END
START 3784 10304 15848 2696 3015 -12966 END
START 3872 10340 16052 2343 3382 -12873 END
START 3696 10524 16232 2029 3673 -12698 END
START 3992 10592 16136 1689 4050 -12629 END
START 4152 10968 16188 1342 4396 -12518 END
START 4240 11456 16376 925 4629 -12431 END
START 4528 11924 16804 481 4913 -12185 END
START 4656 12080 16936 0 5053 -11906 END
START 4832 11992 17096 -538 5058 -11487 END
START 5200 11956 17356 -1107 4945 -10911 END
START 5304 12212 17416 -1673 4843 -10234 END
START 5464 12324 17428 -2229 4585 -9473 END
START 5576 12464 17368 -2733 4265 -8633 END
START 5796 12380 17032 -3147 3982 -7730 END
START 6000 12320 16764 -3498 3623 -6807 END
START 6112 11932 16740 -3705 3397 -5912 END
START 6156 11720 16312 -3892 3075 -4988 END
START 6160 11508 16348 -3981 2798 -4063 END
START 5884 11208 16132 -4056 2469 -3192 END