START -1188 -1896 9376 -2782 -260 290 END
START -6852 -928 16504 -3112 -1693 111 END
START -3912 -3232 3836 -3065 -186 80 END
START 2180 -2216 900 -2956 266 -28 END
START 1108 -2116 2852 -2815 1655 -159 END
START -2276 -2248 6268 -2710 2536 -387 END
START -2456 -1784 6580 -2610 2765 -513 END
START -1040 -1448 5212 -2479 3431 -637 END
START -564 -1408 5280 -2362 4111 -698 END
START -720 -1412 5796 -2233 4437 -695 END
START -308 -1296 5768 -2127 4809 -614 END
START -804 -1068 6416 -2063 5452 -470 END
START -1036 -784 6828 -2050 5867 -339 END
START -940 -392 7028 -2033 6003 -182 END
START -788 -292 7184 -2014 6059 -27 END
START -936 -116 7716 -2022 5921 171 END
START -964 8 8080 -1939 5580 362 END
START -1136 52 8468 -1925 5183 609 END
START -1084 16 8756 -1868 4714 859 END
START -1200 -236 8968 -1767 4144 1106 END
START -1200 -184 9024 -1570 3567 1375 END
START -1412 -76 8980 -1448 2876 1607 END
START -1440 128 8676 -1217 2174 1828 END
START -1432 312 8524 -994 1491 1982 END
START -1576 452 8252 -720 905 2094 END
START -1620 516 8012 -491 287 2204 END
START -1664 548 7652 -172 -226 2256 END
START -1812 420 7616 111 -757 2317 END
START -1912 288 7256 427 -1251 2338 END
START -1860 352 6972 727 -1662 2342 END
START -1868 212 6876 1118 -2012 2297 END
START -1940 248 6592 1418 -2270 2208 END
START -1924 232 6160 1758 -2460 2093 END
START -1876 280 5908 2061 -2578 1934 END
START -1776 356 5424 2313 -2581 1740 END
START -1628 388 4896 2515 -2540 1531 END
START -1436 296 4660 2673 -2281 1325 END
START -1356 228 4308 2859 -2052 1082 END
START -1248 48 3888 2975 -1715 855 END
START -1072 152 3764 3091 -1306 673 END
START -872 108 3500 3278 -805 457 END
START -760 92 3280 3440 -266 293 END
START -572 92 3108 3689 293 142 END
START -544 172 3232 3925 823 -8 END
START -364 396 3364 4168 1397 -54 END
START -216 628 3684 4442 1937 -144 END
START -80 836 4052 4659 2336 -105 END
START -64 976 4272 4967 2722 -63 END
START -12 1336 4780 5136 3006 83 END
START 20 1580 5188 5310 3178 259 END
START 24 1644 5456 5464 3296 501 END
START -24 1740 6024 5613 3321 786 END
START -36 1688 6292 5752 3278 1100 END
START -96 1648 6680 5870 3218 1451 END
START -136 1680 7208 5990 3045 1756 END
START -236 1684 7372 6103 2852 2044 END
START -604 1592 7712 6204 2577 2379 END
START -952 1428 8120 6279 2220 2673 END
START -1192 1288 8480 6424 1866 2950 END
START -1624 1032 8652 6513 1492 3182 END
START -2048 804 8596 6656 1135 3374 END
START -2264 488 8712 6731 648 3502 END
START -2492 276 8660 6884 363 3547 END
START -2884 184 8572 7039 -2 3515 END
START -3184 -120 8752 7228 -207 3430 END
START -3460 -312 8696 7394 -480 3270 END
START -3736 -424 8656 7646 -751 3108 END
START -4196 -480 8564 7816 -897 2925 END
START -4344 -672 8416 7968 -1046 2627 END
START -4376 -776 8512 8098 -1181 2304 END
START -4252 -1104 7924 8220 -1259 1919 END
START -4020 -1268 7636 8293 -1147 1518 END
START -3692 -1388 7328 8393 -895 1089 END
START -3476 -1284 7032 8474 -555 739 END
START -3220 -1152 6964 8604 -143 393 END
START -3008 -944 7100 8735 396 147 END
START -2860 -816 7132 8913 921 -56 END
START -2832 -560 7448 9102 1433 -140 END
START -2612 -400 7872 9277 1933 -195 END
START -2632 -384 8332 9447 2405 -175 END
START -2560 -48 8700 9620 2757 -140 END
START -2640 160 9072 9758 3113 -150 END
START -2520 424 9560 9873 3336 -128 END
START -2552 392 10296 9918 3516 -77 END
START -2404 376 10664 10015 3582 63 END
START -2316 352 11448 10115 3608 197 END
START -2312 352 11772 10200 3655 359 END
START -2460 564 12436 10283 3540 541 END
START -2636 732 12920 10406 3277 711 END
START -2776 764 13620 10489 2971 888 END
START -2908 624 14052 10582 2495 1013 END
START -3040 416 14608 10690 2006 1097 END
START -3264 268 15216 10841 1438 1157 END
START -3320 104 15380 10870 876 1173 END
START -3328 4 15600 10955 268 1080 END
START -3312 -12 15552 11005 -232 1045 END
START -3316 20 15468 11013 -693 922 END
START -3264 44 15556 11075 -995 837 END
START -3232 64 15400 11097 -1331 754 END
START -3076 144 15048 11124 -1553 704 END
START -2904 152 14976 11120 -1665 650 END
START -2844 116 14932 11128 -1680 599 END
START -2776 216 14728 11097 -1618 517 END
START -2648 360 14632 11089 -1523 400 END
START -2656 284 14356 11113 -1351 321 END
START -2548 192 14428 11189 -1052 206 END
START -2256 224 14480 11216 -689 128 END
START -2060 316 14520 11178 -308 96 END
START -1992 588 14440 11124 145 62 END
START -1840 884 14472 11072 582 53 END
START -1820 1064 14744 10945 1040 87 END
START -1752 1144 15104 10802 1459 140 END
START -1644 1040 15140 10635 1926 247 END
START -1604 920 15360 10522 2359 418 END
START -1540 820 15420 10358 2886 633 END
START -1492 692 15712 10300 3247 827 END
START -1552 692 15908 10221 3634 991 END
START -1708 708 16524 10196 3906 1175 END
START -1868 816 17172 10192 4121 1337 END
START -2148 824 17720 10151 4185 1532 END
START -2472 908 18188 10121 4104 1726 END
START -2688 980 18804 10081 3908 1876 END
START -3036 992 19348 10087 3596 2052 END
START -3264 948 19788 10020 3222 2170 END
START -3488 848 20132 9992 2642 2282 END
START -3768 688 20256 9978 2024 2280 END
START -3972 696 20472 10009 1405 2231 END
START -4092 588 20764 9993 748 2127 END
START -4276 584 20876 10036 46 1963 END
START -4484 584 20736 10060 -486 1781 END
START -4572 612 20616 10111 -1035 1575 END
START -4392 508 20596 10169 -1524 1304 END
START -4216 428 20340 10175 -1999 1026 END
START -4268 488 20292 10230 -2390 708 END
START -4208 592 20124 10190 -2764 413 END
START -3968 628 20060 10143 -3116 110 END
START -3764 816 19984 10148 -3417 -134 END
START -3516 996 19880 10037 -3687 -341 END
START -3240 1104 19660 9990 -3832 -477 END
START -2968 1268 19324 9932 -3952 -538 END
START -2628 1276 19036 9830 -3902 -539 END
START -2308 1252 18536 9695 -3794 -511 END
START -1864 1292 18128 9543 -3478 -491 END
START -1368 1428 17688 9365 -2994 -498 END
START -852 1640 17280 9176 -2301 -419 END
START -548 1628 16948 8986 -1551 -320 END
START -424 1624 16952 8729 -771 -156 END
START -284 1756 16788 8515 60 101 END
START -160 1864 16740 8221 963 374 END
START -124 2004 16780 7909 1803 676 END
START 24 2084 16672 7626 2627 993 END
START 0 2180 16700 7309 3354 1280 END
START -192 2128 16968 7089 4053 1581 END
START -440 2040 17412 6871 4555 1862 END
START -848 2044 17644 6754 4931 2182 END
START -1368 2100 18140 6706 5022 2417 END
START -1824 2024 18680 6726 4952 2649 END
START -2208 1892 19252 6827 4670 2835 END
START -2644 1700 19708 6951 4207 2940 END
START -3076 1356 20088 7171 3598 3065 END
START -3756 1232 20476 7459 2940 3137 END
START -4220 1184 20808 7760 2063 3112 END
START -4624 988 21032 8100 1240 3063 END
START -4912 972 21116 8455 351 2887 END
START -5204 844 21084 8720 -458 2658 END
START -5248 556 21148 8999 -1305 2389 END
START -5464 292 20744 9181 -2038 2013 END
START -5564 12 20536 9300 -2576 1586 END
START -5508 -160 20180 9305 -3048 1087 END
START -5412 -284 20048 9234 -3360 507 END
START -5128 -208 19448 9106 -3507 -79 END
START -4992 -160 19460 8907 -3511 -603 END
START -4624 160 19136 8680 -3517 -1131 END
START -4252 448 18768 8445 -3378 -1512 END
START -4020 968 18528 8291 -3215 -1807 END
START -3316 1088 18108 8116 -2893 -2058 END
START -2732 1084 17700 8033 -2484 -2183 END
START -2052 1036 17484 7906 -1821 -2265 END
START -1656 1056 17480 7857 -1051 -2283 END
START -1228 1412 17396 7813 -201 -2226 END
START -820 1900 17576 7688 640 -2146 END
START -804 2404 17744 7550 1431 -1995 END
START -484 2804 18264 7321 2206 -1706 END
START -528 2976 18736 6959 2823 -1429 END
START -376 3276 19044 6652 3344 -1029 END
START -276 3372 19360 6262 3831 -660 END
START -360 3320 19560 5881 4177 -236 END
START -232 3284 19732 5487 4547 152 END
START -276 3232 19700 5124 4912 504 END
START -248 3168 19856 4753 5185 915 END
START -352 3160 19900 4436 5485 1283 END
START -552 2980 19920 4089 5687 1689 END
START -940 3100 19952 3786 5764 2026 END
START -1272 3040 20036 3502 5682 2328 END
START -1784 2796 20228 3287 5401 2592 END
START -2280 2520 19988 3206 5030 2764 END
START -2616 2036 20388 3214 4505 2854 END
START -3108 1536 20600 3378 3860 2801 END
START -3644 1052 20788 3627 3001 2655 END
START -4204 920 20920 4032 2054 2388 END
START -4396 672 20920 4498 990 2024 END
START -4500 568 20700 5032 47 1627 END
START -4464 488 20432 5604 -793 1213 END
START -4200 584 19884 6063 -1526 752 END
START -4096 900 19836 6361 -2055 361 END
START -3672 1060 19520 6510 -2379 -5 END
START -3452 1256 19432 6507 -2438 -274 END
START -3032 1488 19408 6403 -2296 -492 END
START -2564 1780 19396 6192 -1965 -585 END
START -2356 2176 19476 5882 -1516 -631 END
START -2208 2340 19692 5538 -1043 -627 END
START -2060 2628 19860 5100 -573 -545 END
START -1932 2828 20196 4653 -84 -443 END
START -1720 2808 20304 4204 418 -291 END
START -1412 2936 20660 3738 857 -129 END
START -1536 3108 20780 3298 1196 46 END
START -1612 3240 21228 2868 1445 201 END
START -1776 3184 21504 2511 1459 440 END
START -1996 3260 21568 2189 1379 632 END
START -1968 3040 21548 1946 1127 809 END
START -1992 2832 21468 1800 882 900 END
START -2132 2620 21284 1687 565 1001 END
START -2112 2464 20892 1636 235 1065 END
START -2200 2416 20452 1598 -53 1103 END
START -2104 2420 20212 1586 -330 1130 END
START -2144 2416 19644 1592 -577 1133 END
START -2232 2448 19040 1596 -772 1099 END
START -2100 2424 18904 1639 -895 1113 END
START -1996 2344 18620 1635 -1011 1106 END
START -1940 2256 18364 1640 -1071 1074 END
START -1856 2320 17932 1687 -1016 1067 END
START -1796 2236 17840 1647 -932 1093 END
START -1872 2216 17764 1641 -829 1054 END
START -1732 2428 17560 1605 -646 1109 END
START -1808 2504 17504 1515 -467 1097 END
START -1704 2388 17344 1470 -214 1157 END
START -1644 2400 17496 1384 66 1152 END
START -1616 2416 17596 1327 337 1201 END
START -1704 2376 17904 1295 609 1241 END
START -1948 2572 18136 1235 810 1276 END
START -2172 2484 18564 1197 983 1325 END
START -2484 2420 18972 1165 1059 1375 END
START -2620 2240 19456 1081 1108 1365 END
START -2940 2220 19924 1026 1058 1387 END
START -3192 2156 20468 865 932 1302 END
START -3512 2160 20788 703 714 1204 END
START -3420 2000 20968 576 506 1099 END
START -3404 1980 21224 387 357 964 END
START -3488 1896 21292 216 186 833 END
START -3652 2044 21200 72 28 700 END
START -3600 2036 21276 -99 -66 604 END
START -3428 2128 21192 -227 -97 493 END
START -3384 2236 20988 -389 -108 430 END
START -3244 2284 20940 -636 -66 351 END
START -3076 2212 20872 -815 28 269 END
START -3052 2272 20580 -1081 131 219 END
START -2848 2332 20432 -1343 238 191 END
START -2704 2404 20448 -1641 356 160 END
START -2528 2484 20256 -1868 513 167 END
START -2364 2456 20248 -2155 659 203 END
START -2376 2444 20248 -2360 742 212 END
START -2344 2384 20412 -2558 792 291 END
START -2460 2252 20260 -2711 857 321 END
START -2316 2148 20296 -2853 889 375 END
START -2420 2196 20400 -2981 865 422 END
START -2392 2236 20376 -3068 857 468 END
START -2332 2228 20416 -3160 818 496 END
START -2292 2252 20424 -3235 780 570 END
START -2320 2132 20680 -3342 757 611 END
START -2408 2164 20716 -3433 742 680 END
START -2392 2172 20796 -3566 744 726 END
START -2380 2040 21076 -3731 780 762 END
START -2512 1932 21288 -3906 775 803 END
START -2612 1952 21508 -4110 722 814 END
START -2648 1908 21636 -4327 646 847 END
START -2676 1884 21640 -4519 635 821 END
START -2700 1952 21768 -4737 580 882 END
START -2616 2016 21800 -4900 595 894 END
START -2560 2004 21848 -5108 616 960 END
START -2596 1920 22096 -5248 603 979 END
START -2744 1928 22012 -5399 624 1037 END
START -2832 1912 22228 -5559 482 1074 END
START -2812 1884 22176 -5748 441 1081 END
START -2876 1812 22036 -5923 355 1117 END
START -2908 1780 21820 -6180 374 1094 END
START -3004 1780 21860 -6371 397 1056 END
START -2940 1524 21740 -6587 433 1013 END
START -3120 1548 21348 -6788 479 951 END
START -3052 1420 21108 -6961 514 930 END
START -2940 1420 21188 -7102 718 804 END
START -2800 1356 20828 -7212 879 746 END
START -2824 1416 20420 -7344 1131 699 END
START -2804 1428 20428 -7470 1314 676 END
START -2824 1600 20352 -7611 1479 676 END
START -2628 1652 20224 -7692 1590 694 END
START -2760 1612 20072 -7769 1687 762 END
START -2752 1612 20216 -7834 1770 803 END
START -2836 1468 20120 -7902 1815 814 END
START -2884 1440 20320 -7893 1843 864 END
START -2860 1280 20412 -7889 1810 896 END
START -3068 1352 20636 -7925 1741 898 END
START -3104 1492 20804 -7980 1549 907 END
START -3388 1492 21084 -8015 1292 906 END
START -3512 1348 21464 -8107 987 889 END
START -3536 1300 21532 -8198 645 900 END
START -3684 1360 21376 -8325 301 841 END
START -3732 1156 21724 -8398 -66 814 END
START -3792 1148 21420 -8448 -364 757 END
START -3876 1228 21376 -8509 -705 712 END
START -3796 1368 21312 -8526 -1039 660 END
START -3860 1248 21400 -8546 -1336 573 END
START -3836 1164 21100 -8593 -1575 501 END
START -3972 1208 21008 -8679 -1751 383 END
START -3824 1276 20672 -8753 -1929 312 END
START -3796 1332 20224 -8884 -2054 173 END
START -3768 1292 20116 -9025 -2044 86 END
START -3696 1208 20252 -9183 -2092 -20 END
START -3680 1252 19852 -9338 -2057 -81 END
START -3616 1308 19684 -9474 -2031 -186 END
START -3572 1332 19352 -9660 -2008 -259 END
START -3564 1280 19304 -9827 -1951 -335 END
START -3596 1188 19092 -9945 -1910 -437 END
START -3492 1176 18732 -10010 -1815 -549 END
START -3412 1068 18660 -10028 -1688 -609 END
START -3364 1096 18536 -10084 -1636 -703 END
START -3260 984 18476 -10047 -1544 -730 END
START -3264 1088 18376 -10079 -1474 -759 END
START -3368 1200 18036 -10127 -1417 -757 END
START -3432 1008 18188 -10142 -1416 -787 END
START -3444 1068 17996 -10159 -1437 -784 END
START -3416 872 17748 -10202 -1426 -741 END
START -3512 740 17640 -10157 -1396 -779 END
START -3592 800 17244 -10182 -1316 -812 END
START -3696 564 17256 -10192 -1304 -886 END
START -3652 604 16900 -10194 -1274 -963 END
START -3944 488 16848 -10231 -1261 -1059 END
START -3936 508 16648 -10221 -1235 -1177 END
START -4108 476 16628 -10235 -1284 -1294 END
START -3940 452 16532 -10217 -1368 -1351 END
START -4148 376 16456 -10182 -1493 -1429 END
START -4132 504 16320 -10093 -1625 -1497 END
START -4152 516 16416 -9942 -1861 -1511 END
START -4212 608 16372 -9819 -2041 -1485 END
START -4300 616 16100 -9635 -2276 -1538 END
START -4336 672 16104 -9480 -2510 -1553 END
START -4460 528 15896 -9340 -2726 -1564 END
START -4444 452 15740 -9200 -3007 -1604 END
START -4576 396 15504 -9097 -3183 -1650 END
START -4548 308 15180 -8968 -3360 -1748 END
START -4692 344 14792 -8895 -3419 -1759 END
START -4664 308 14876 -8865 -3515 -1855 END
START -4804 252 14428 -8815 -3589 -1950 END
START -4844 224 14368 -8785 -3632 -2033 END
START -4696 56 13992 -8720 -3709 -2140 END
START -4632 -4 13812 -8696 -3660 -2222 END
START -4784 -212 13268 -8645 -3597 -2355 END
START -4820 -216 13108 -8616 -3466 -2480 END
START -4940 -276 12812 -8595 -3379 -2587 END
START -5072 -284 12672 -8532 -3248 -2759 END
START -5200 -332 12196 -8496 -3085 -2926 END
START -5220 -568 11968 -8419 -2912 -3118 END
START -5328 -656 11564 -8363 -2707 -3344 END
START -5292 -900 11544 -8323 -2465 -3602 END
START -5276 -1084 11212 -8202 -2190 -3916 END
START -5368 -1032 10844 -8120 -1879 -4247 END
START -5300 -980 10840 -8067 -1625 -4598 END
START -5332 -796 10628 -7994 -1386 -4915 END
START -5216 -716 10604 -7845 -1151 -5159 END
START -5024 -480 10468 -7722 -963 -5401 END
START -5016 -472 10492 -7578 -851 -5651 END
START -4944 -380 10240 -7462 -665 -5822 END
START -4844 -388 10296 -7359 -571 -5989 END
START -4596 -192 10136 -7208 -437 -6114 END
START -4580 -172 10044 -7089 -429 -6245 END
START -4428 -268 10200 -6962 -431 -6377 END
START -4388 -132 10236 -6786 -509 -6447 END
START -4260 -156 10084 -6598 -694 -6577 END
START -4216 32 10204 -6338 -860 -6689 END
START -4140 104 10184 -6052 -1040 -6788 END
START -3888 300 10156 -5728 -1258 -6807 END
START -3748 252 10240 -5406 -1426 -6828 END
START -3644 392 10124 -5104 -1573 -6789 END
START -3428 516 9996 -4826 -1711 -6723 END
START -3228 464 9932 -4606 -1761 -6667 END
START -3244 596 9804 -4403 -1812 -6550 END
START -3160 548 9688 -4260 -1758 -6475 END
START -3068 604 9836 -4132 -1678 -6377 END
START -3048 672 9476 -4073 -1554 -6261 END
START -2992 692 9428 -3983 -1397 -6212 END
START -2916 660 9364 -3957 -1181 -6115 END
START -2920 536 9236 -3923 -995 -6043 END
START -2940 436 9244 -3930 -731 -5955 END
START -2984 408 9224 -3920 -470 -5934 END
START -3136 352 9028 -3881 -227 -5903 END
START -3104 264 8972 -3855 72 -5951 END
START -3192 228 8732 -3832 287 -5987 END
START -3356 272 8876 -3769 479 -6069 END
START -3432 236 8736 -3625 683 -6160 END
START -3528 208 8988 -3513 782 -6325 END
START -3660 80 8912 -3268 879 -6497 END
START -3836 -4 9120 -3019 948 -6747 END
START -3740 -68 9100 -2734 953 -7026 END
START -3676 -80 9296 -2459 957 -7323 END
START -3696 -12 9256 -2192 1024 -7627 END
START -3468 48 9160 -1933 1032 -7932 END
START -3192 248 8968 -1677 1131 -8224 END
START -2760 488 9232 -1458 1286 -8455 END
START -2576 744 9244 -1215 1401 -8664 END
START -2336 912 9480 -1015 1439 -8780 END
START -2036 1160 9720 -855 1496 -8859 END
START -1776 1280 9744 -615 1512 -8872 END
START -1616 1368 9972 -444 1543 -8830 END
START -1200 1592 9984 -236 1507 -8702 END
START -876 1752 10192 -96 1478 -8569 END
START -664 1832 10460 14 1485 -8346 END
START -332 1908 10548 89 1490 -8074 END
START -12 2024 10612 110 1510 -7798 END
START 212 2220 10496 71 1563 -7450 END
START 224 2328 10612 33 1641 -7066 END
START 452 2412 10616 -76 1673 -6718 END
START 436 2484 10648 -154 1705 -6274 END
START 620 2476 10744 -305 1751 -5885 END
START 580 2360 10572 -413 1825 -5498 END
START 592 2316 10360 -514 1880 -5116 END
START 556 2268 10244 -563 1973 -4754 END
START 592 2188 9948 -679 2109 -4386 END
START 524 2168 9716 -707 2279 -4144 END
START 348 2032 9368 -723 2489 -3879 END
START 336 1920 9092 -720 2716 -3661 END
START 144 1948 8904 -672 2900 -3467 END
START -104 1852 8708 -631 3151 -3314 END
START -172 1772 8804 -493 3384 -3164 END
START -320 1576 8768 -348 3488 -3061 END
START -604 1416 8800 -189 3660 -3003 END
START -768 1388 8888 4 3738 -2957 END
START -952 1288 8920 174 3696 -2971 END
START -972 1148 8988 398 3674 -3037 END
START -1156 1224 9276 559 3554 -3101 END
START -1336 1120 9092 764 3437 -3194 END
START -1348 1172 9196 1041 3218 -3298 END
START -1420 1208 9376 1304 2976 -3445 END
START -1320 1132 9292 1587 2674 -3564 END
START -1260 1164 9208 1876 2432 -3716 END
START -1240 1268 9112 2159 2179 -3888 END
START -1080 1200 9132 2488 2002 -4073 END
START -796 1372 8856 2803 1895 -4182 END
START -616 1416 8600 3053 1866 -4283 END
START -104 1496 8804 3321 1902 -4299 END
START 160 1524 8804 3530 1946 -4316 END
START 280 1856 8980 3726 1947 -4260 END
START 432 2072 8972 3902 1980 -4157 END
START 644 2160 9092 4030 2076 -4032 END
START 932 2412 9108 4149 2238 -3874 END
START 1284 2444 9228 4214 2545 -3655 END
START 1500 2656 9308 4273 2835 -3382 END
START 1688 2908 9448 4304 3215 -3116 END
START 1828 2888 9536 4255 3579 -2745 END
START 2048 2832 9864 4226 3995 -2420 END
START 1940 2888 10076 4151 4290 -2058 END
START 2044 2936 10504 4038 4550 -1641 END
START 1724 2780 10732 3931 4742 -1255 END
START 1632 2824 11212 3797 4775 -877 END
START 1472 2740 11500 3698 4788 -531 END
START 1344 2612 11528 3593 4787 -223 END
START 1004 2384 11860 3438 4618 64 END
START 876 2248 11724 3323 4472 276 END
START 460 2088 11544 3298 4256 418 END
START 308 1960 11320 3272 4052 502 END
START 212 1808 11284 3303 3883 504 END
START -20 1596 11044 3373 3670 491 END
START -164 1492 10876 3537 3499 482 END
START -188 1472 10724 3683 3342 414 END
START -360 1372 10548 3879 3154 341 END
START -368 1168 10288 4092 3051 281 END
START -440 1284 10196 4286 2921 256 END
START -372 1316 10056 4465 2882 164 END
START -264 1328 9736 4668 2896 80 END
START -284 1184 9676 4828 2949 -6 END
START -324 1244 9764 5064 2987 -102 END
START -344 1220 9888 5258 3066 -144 END
START -232 1236 9868 5483 3173 -187 END
START -352 1268 10076 5721 3232 -245 END
START -280 1316 10308 5924 3343 -236 END
START -220 1496 10604 6120 3455 -264 END
START -176 1360 10900 6256 3565 -247 END
START -300 1528 11184 6386 3650 -257 END
START -216 1540 11568 6467 3692 -217 END
START -240 1616 11952 6547 3641 -197 END
START -236 1752 12288 6594 3562 -179 END
START -308 1764 12592 6626 3433 -125 END
START -136 1796 12836 6705 3386 -87 END
START -60 1784 13172 6750 3303 -37 END
START -68 1816 13268 6852 3176 54 END
START -40 1808 13564 6878 3079 152 END
START 208 2072 13720 6905 2875 287 END
START 256 2152 14040 6893 2782 408 END
START 496 2384 14028 6772 2705 515 END
START 656 2496 14044 6696 2669 663 END
START 840 2532 13872 6590 2631 845 END
START 1080 2660 13832 6467 2678 1017 END
START 1260 2560 13564 6330 2732 1315 END
START 1376 2412 13668 6258 2833 1565 END
START 1488 2484 13692 6190 2969 1878 END
START 1388 2508 13568 6147 3121 2210 END
START 1384 2556 13616 6100 3319 2537 END
START 1244 2512 13624 6113 3427 2802 END
START 1192 2324 13588 6038 3579 3127 END
START 956 2328 13652 5995 3738 3326 END
START 864 2220 13876 5948 3868 3572 END
START 544 2184 14072 5843 3914 3771 END
START 304 2308 13988 5794 3930 3947 END
START 48 2124 14256 5780 3879 4060 END
START -260 1992 14420 5730 3901 4122 END
START -456 1928 14492 5755 3888 4162 END
START -704 1700 14792 5800 3919 4110 END
START -1052 1532 14984 5850 3888 4048 END
START -940 1412 15052 5942 3895 3980 END
START -1392 1392 15368 6060 3849 3879 END
START -1640 1476 15888 6135 3749 3782 END
START -1980 1656 16476 6261 3564 3696 END
START -2172 1684 17208 6370 3314 3611 END
START -2456 1780 17760 6457 2977 3555 END
START -2504 1668 18436 6544 2577 3443 END
START -2684 1520 18892 6570 2137 3334 END
START -2844 1560 19296 6566 1626 3236 END
START -2872 1560 19608 6540 1142 3085 END
START -2856 1740 19804 6484 579 2983 END
START -2704 1828 19984 6353 74 2850 END
START -2732 1788 19804 6190 -336 2721 END
START -2540 1880 19916 5991 -865 2602 END
START -2372 1932 19632 5783 -1306 2529 END
START -2040 1916 19276 5586 -1700 2495 END
START -1712 1936 18600 5407 -2099 2465 END
START -1284 1876 18136 5214 -2400 2511 END
START -780 1676 17208 5143 -2578 2575 END
START -580 1716 16428 5081 -2575 2647 END
START -240 1908 15732 5054 -2532 2824 END
START 184 1984 15140 5051 -2326 3006 END
START 440 2116 14532 5060 -2014 3235 END
START 564 1996 14008 5083 -1615 3598 END
START 656 2084 13924 5092 -1221 3961 END
START 496 1948 13728 5083 -754 4366 END
START 356 1872 13644 5075 -298 4767 END
START 68 1864 13796 5090 170 5103 END
START -424 1768 14064 5091 581 5467 END
START -872 1636 14180 5075 1014 5723 END
START -1432 1364 14648 5046 1306 5967 END
START -1824 1192 15024 4985 1553 6155 END
START -2312 932 15472 4973 1684 6300 END
START -3016 612 16152 4969 1675 6373 END
START -3584 244 16640 5039 1579 6342 END
START -4216 -156 17012 5177 1331 6276 END
START -4856 -148 17480 5335 1075 6128 END
START -5412 -308 17840 5520 662 5923 END
START -5744 -436 18184 5669 257 5631 END
START -6264 -496 18420 5807 -195 5396 END
START -6460 -432 18664 5849 -611 5021 END
START -6492 -404 18664 5844 -1014 4698 END
START -6888 -616 18680 5825 -1356 4247 END
START -6988 -784 18588 5742 -1738 3821 END
START -7004 -888 18524 5660 -1972 3341 END
START -7012 -952 18728 5542 -2218 2921 END
START -6888 -908 18212 5418 -2392 2455 END
START -6616 -736 17804 5313 -2502 2036 END
START -6352 -780 17288 5167 -2510 1681 END
START -5828 -552 16896 5103 -2387 1313 END
START -5480 -580 16584 5050 -2223 1081 END
START -5152 -376 16300 5002 -1990 894 END
START -5000 -356 16084 5022 -1661 776 END
START -4912 -268 15960 5073 -1409 736 END
START -4664 -132 16016 5130 -1185 730 END
START -4332 24 16060 5169 -999 743 END
START -4184 -24 16016 5180 -810 756 END
START -4144 -68 16036 5241 -666 769 END
START -3976 -148 16300 5246 -531 809 END
START -3824 -200 16192 5279 -365 816 END
START -3704 60 16188 5286 -272 886 END
START -3588 364 16088 5304 -77 914 END
START -3408 456 16472 5313 75 1016 END
START -3308 744 16600 5354 195 1121 END
START -3396 904 16608 5365 354 1306 END
START -3356 860 17200 5493 451 1513 END
START -3388 960 17516 5581 552 1724 END
START -3640 864 17852 5732 643 1914 END
START -3876 764 18568 5882 636 2042 END
START -4232 624 18888 6007 664 2174 END
START -4560 556 19528 6039 598 2208 END
START -4704 472 19784 6059 554 2181 END
START -5140 608 20260 5972 431 2107 END
START -5292 628 20688 5840 365 2058 END
START -5484 768 20764 5631 275 1944 END
START -5900 796 21304 5425 246 1880 END
START -6240 780 21780 5191 92 1827 END
START -6400 940 21908 4983 -16 1798 END
START -6712 748 22112 4748 -216 1697 END
START -6944 664 22000 4496 -358 1619 END
START -6984 504 22140 4257 -508 1535 END
START -7284 128 21916 4122 -594 1441 END
START -7420 152 21900 3901 -694 1297 END
START -7616 48 21612 3700 -777 1124 END
START -7532 -92 21204 3478 -759 969 END
START -7736 -180 21236 3256 -747 818 END
START -7808 -348 20840 3010 -742 644 END
START -8076 -204 20784 2844 -673 526 END
START -8052 -492 20688 2705 -553 430 END
START -8288 -628 20160 2609 -446 393 END
START -8536 -736 20132 2506 -320 323 END
START -8656 -712 19780 2405 -152 261 END
START -8888 -796 19580 2221 11 171 END
START -9152 -924 19468 2017 306 55 END
START -9372 -1080 19268 1793 564 -86 END
START -9696 -1116 19060 1570 905 -223 END
START -10072 -996 19300 1280 1170 -398 END
START -10568 -1128 19640 1102 1329 -606 END
START -10948 -1228 20080 877 1271 -850 END
START -11912 -1352 20632 734 1051 -1154 END
START -12508 -1588 21236 608 565 -1557 END
START -12832 -1840 21376 586 -47 -2029 END
START -13296 -2088 21600 618 -816 -2538 END
START -13708 -2324 21984 672 -1693 -3210 END
START -13852 -2484 22116 796 -2674 -3843 END
START -14192 -2572 21960 894 -3710 -4551 END
START -14292 -2620 21792 1063 -4764 -5223 END
START -14180 -2552 21292 1242 -5770 -5913 END
START -13892 -2392 21116 1428 -6574 -6558 END
START -13768 -2200 20256 1495 -7205 -7192 END
START -13332 -1860 20056 1537 -7707 -7822 END
START -12864 -1588 19532 1492 -8077 -8395 END
START -12336 -1156 19060 1350 -8271 -8929 END
START -11956 -764 18736 1106 -8431 -9348 END
START -11576 -516 18340 857 -8441 -9678 END
START -11088 -128 18128 609 -8498 -9909 END
START -10648 -20 17872 303 -8443 -10087 END
START -10256 124 17452 19 -8453 -10228 END
START -10072 172 17196 -290 -8424 -10326 END
START -9568 460 16608 -620 -8321 -10467 END
START -9296 576 15908 -885 -8136 -10571 END
START -8860 904 15376 -1151 -7864 -10720 END
START -8728 940 14608 -1359 -7592 -10823 END
START -8424 1380 14060 -1528 -7246 -10975 END
START -8136 1528 13788 -1611 -6846 -11098 END
START -7828 1660 13500 -1633 -6437 -11268 END
START -7504 1700 13244 -1578 -6163 -11458 END
START -7080 1760 13160 -1467 -5828 -11639 END
START -6796 1860 12812 -1318 -5575 -11892 END
START -6376 1952 12952 -1075 -5391 -12133 END
START -6084 2324 12996 -818 -5271 -12467 END
START -5708 2476 13180 -476 -5178 -12810 END
START -5308 2840 13308 -107 -5229 -13157 END
START -4844 3140 13596 325 -5279 -13562 END
START -4168 3432 13944 744 -5421 -13938 END
START -3440 3868 13968 1175 -5566 -14297 END
START -2576 4348 14276 1562 -5687 -14598 END
START -1592 4628 14456 1886 -5783 -14855 END
START -612 5240 14516 2148 -5866 -15010 END
START 624 5828 14484 2283 -5787 -15043 END
START 1896 6668 14484 2321 -5592 -14967 END
START 3352 7300 14512 2235 -5168 -14734 END
START 4360 7920 14496 2092 -4546 -14362 END
START 5548 8344 14572 1818 -3941 -13847 END
START 6664 8792 14808 1507 -3218 -13165 END
START 7500 9172 15032 1171 -2486 -12371 END
START 8076 9612 15480 801 -1846 -11435 END
START 8432 9968 15932 424 -1230 -10422 END
START 8884 10060 16148 58 -781 -9335 END
START 8988 10228 16348 -259 -429 -8320 END
START 9132 10020 16632 -596 -46 -7237 END
START 9040 9588 16688 -864 220 -6266 END
START 8812 9436 16592 -1139 436 -5367 END
START 8740 9048 16556 -1331 667 -4488 END
START 8608 8824 16412 -1578 866 -3757 END
START 8084 8520 16364 -1775 1046 -3109 END
START 7944 8348 16276 -1953 1237 -2487 END
START 7516 8216 16260 -2136 1400 -1901 END
START 7092 8200 16100 -2212 1497 -1355 END
START 6732 7936 15944 -2317 1462 -859 END
START 6364 7760 15712 -2436 1598 -390 END
START 6176 7464 15352 -2491 1623 -21 END
START 5776 7100 14972 -2508 1703 257 END
START 5596 6860 14880 -2527 1850 545 END
START 5120 6628 14952 -2487 1995 713 END
START 4716 6416 14804 -2395 2146 845 END
START 4148 6108 14940 -2242 2222 964 END
START 3636 5872 15176 -2086 2272 1053 END
START 3164 5532 15484 -1955 2227 1070 END
START 2788 5360 15520 -1848 2179 1093 END
START 2480 5100 15724 -1786 2152 1025 END
START 2228 4836 15980 -1800 2061 940 END
START 1908 4644 15956 -1831 2033 782 END
START 1732 4576 16152 -1912 1927 658 END
START 1496 4400 16104 -1983 1850 470 END
START 1272 4336 16224 -2084 1725 329 END
START 1116 4160 16436 -2199 1523 124 END
START 1052 4172 16348 -2256 1368 18 END
START 992 4080 16360 -2373 1174 -107 END
START 1000 3928 16308 -2393 976 -211 END
START 1048 4048 16460 -2487 810 -277 END
START 1024 3968 16148 -2483 613 -343 END
START 924 4060 16096 -2588 420 -380 END
START 980 4072 15952 -2614 248 -421 END
START 1092 4188 15688 -2691 78 -474 END
START 1144 4228 15528 -2695 -40 -490 END
START 1292 4204 15220 -2760 -146 -450 END
START 1332 4332 15000 -2752 -179 -416 END
START 1340 4200 14876 -2760 -196 -343 END
START 1288 4272 14764 -2737 -249 -269 END
START 1392 4444 14496 -2711 -237 -148 END
START 1328 4260 14344 -2673 -174 -19 END
START 1404 4356 14172 -2681 -153 40 END
START 1208 4512 13812 -2688 -60 176 END
START 1092 4468 13756 -2673 36 253 END
START 1092 4368 13404 -2693 146 317 END
START 968 4452 13284 -2688 200 399 END
START 824 4324 13136 -2684 369 491 END