START -2076 4736 10348 -2703 5274 2137 END
START -2428 4784 10508 -2644 5414 2359 END
START -2968 4568 10912 -2557 5369 2512 END
START -3312 3976 11284 -2504 5117 2535 END
START -3476 3764 11320 -2551 4798 2469 END
START -3412 3852 11384 -2605 4568 2329 END
START -3588 4312 11368 -2763 4341 2062 END
START -3728 4536 10888 -2941 4068 1857 END
START -3680 4448 10684 -3106 3886 1621 END
START -3512 4224 10400 -3284 3803 1462 END
START -3592 4376 9720 -3384 3831 1333 END
START -3676 4336 9028 -3451 3851 1124 END
START -3920 4232 8172 -3485 3925 874 END
START -3844 4120 7740 -3412 4116 517 END
START -3892 3972 7056 -3267 4344 148 END
START -3716 3680 6908 -3082 4593 -276 END
START -3584 3160 6404 -2819 4825 -703 END
START -3436 2944 6212 -2496 5006 -1145 END
START -3364 2868 6220 -2196 5040 -1552 END
START -3332 2872 6388 -1892 5000 -1952 END
START -3148 3104 6364 -1634 4883 -2226 END
START -2908 3296 6796 -1400 4694 -2472 END
START -2544 3656 6780 -1204 4489 -2634 END
START -2292 4012 6600 -1033 4268 -2709 END
START -1884 4556 6212 -859 4026 -2754 END
START -1524 4772 6272 -718 3894 -2681 END
START -1120 4824 6112 -597 3745 -2531 END
START -712 5164 6000 -540 3581 -2297 END
START -364 5440 5924 -463 3454 -1992 END
START -152 5660 5704 -372 3318 -1640 END
START -64 6048 5808 -283 3193 -1263 END
START -112 6212 5632 -175 3011 -791 END
START -256 6288 5496 -32 2773 -260 END
START -192 6148 5404 81 2497 232 END
START -288 6012 5564 233 2141 739 END
START -456 5644 5576 410 1676 1275 END
START -600 5308 5456 648 1195 1685 END
START -692 5116 5244 955 719 2101 END
START -1040 4732 5052 1318 267 2446 END
START -1492 4600 4796 1734 -219 2743 END
START -1908 4440 4528 2156 -703 2961 END
START -2424 4128 4244 2549 -1205 3140 END
START -2768 3788 3712 3028 -1672 3219 END
START -3244 3612 3240 3489 -2125 3214 END
START -3556 3536 3064 4022 -2531 3151 END
START -3612 3276 2600 4572 -2857 3045 END
START -3540 3160 2152 5215 -3001 2880 END
START -3404 3036 1916 5707 -3042 2649 END
START -3344 2992 1516 6117 -2950 2419 END
START -3088 3036 1548 6439 -2780 2168 END
START -2784 3184 1424 6718 -2474 1925 END
START -2576 3104 1476 6883 -2148 1672 END
START -2400 3108 1360 7034 -1686 1427 END
START -2272 3048 1436 7121 -1264 1140 END
START -2208 3012 1440 7228 -773 816 END
START -1988 2980 1348 7323 -250 476 END
START -1904 3028 1248 7441 292 129 END
START -1764 3124 1344 7539 747 -168 END
START -1768 3420 1664 7646 1166 -460 END
START -1740 3760 1844 7742 1623 -756 END
START -1492 3932 2060 7873 1962 -959 END
START -1496 4420 2476 7986 2316 -1157 END
START -1280 4580 2728 8165 2597 -1258 END
START -1204 4828 3048 8269 2830 -1326 END
START -1336 5220 3668 8410 2983 -1302 END
START -1544 5560 4180 8530 3059 -1246 END
START -1604 5884 4508 8665 3029 -1159 END
START -1928 6216 4804 8869 2949 -1049 END
START -2108 6268 5460 9062 2784 -970 END
START -2356 6488 6056 9256 2481 -872 END
START -2584 6344 6216 9489 2142 -798 END
START -2600 6504 6560 9791 1647 -701 END
START -2608 6676 6768 10138 1208 -621 END
START -2552 6864 6740 10534 805 -491 END
START -2340 7120 7012 10947 439 -380 END
START -2528 7456 7288 11283 69 -241 END
START -2472 7588 7672 11607 -325 -83 END
START -2408 7596 7944 11797 -637 59 END
START -2232 7660 8392 12077 -891 146 END
START -1904 7636 8680 12142 -1106 226 END
START -1644 7844 8556 12111 -1153 283 END
START -1436 8204 8508 12081 -1092 331 END
START -1268 8400 8400 12072 -944 401 END
START -1320 8336 8460 12079 -654 444 END
START -1492 8208 8500 12074 -324 450 END
START -1756 8200 8576 12082 52 355 END
START -2080 8188 8780 12121 433 181 END
START -2440 8164 9064 12104 841 -30 END
START -2692 8280 9352 12118 1189 -251 END
START -3020 8360 9928 12153 1504 -489 END
START -3256 8480 10468 12180 1797 -698 END
START -3348 8668 11124 12371 2030 -920 END
START -3556 8820 11812 12227 2168 -1069 END
START -3544 8972 12336 12294 2255 -1213 END
START -3648 9196 12856 12323 2314 -1296 END
START -3552 9240 13108 12149 2399 -1353 END
START -3340 9412 13148 12219 2597 -1369 END
START -3600 9484 13308 12354 2902 -1418 END
START -3556 9448 13648 12116 3232 -1510 END
START -3568 9340 13972 12047 3630 -1607 END
START -3428 9140 14488 12022 4115 -1727 END
START -3564 9120 14996 11920 4587 -1868 END
START -3692 8864 15424 11602 5026 -2093 END
START -3432 8668 15964 11400 5573 -2351 END
START -3260 8500 16332 11129 6068 -2619 END
START -3116 8384 16764 10917 6561 -2891 END
START -3080 8416 17128 10704 6956 -3111 END
START -2940 8468 17716 10564 7094 -3231 END
START -2940 8620 18724 10562 6989 -3263 END
START -2932 8780 19496 10719 6490 -3130 END
START -2904 9060 20208 11085 5796 -2869 END
START -2632 9444 20756 11503 4782 -2462 END
START -2508 9600 21284 12146 3743 -1925 END
START -2400 9980 21772 12558 2485 -1264 END
START -2204 10508 22340 13228 1188 -543 END
START -1972 10800 22864 13755 -129 316 END
START -1456 10864 22944 14154 -1271 1180 END
START -1224 10936 23224 14486 -2334 2129 END
START -1072 10984 23152 14703 -3221 3068 END
START -1260 10920 22972 14799 -3935 4058 END
START -1460 10588 22856 14862 -4290 4857 END
START -1900 10192 22644 14849 -4389 5490 END
START -2676 9664 22796 14769 -4455 5919 END
START -3276 9172 22884 14598 -4444 6211 END
START -4076 8568 23136 14301 -4396 6276 END
START -4744 8080 23336 13931 -4278 6248 END
START -5416 7484 23408 13508 -4111 6083 END
START -5880 6820 23560 13012 -3860 5735 END
START -6472 6244 23688 12506 -3565 5334 END
START -6876 5748 23536 12089 -3186 4690 END
START -7272 5460 23528 11464 -2770 3992 END
START -7356 5172 23596 10920 -2326 3227 END
START -7512 4932 23536 10296 -1895 2425 END
START -7460 4972 23800 9689 -1554 1636 END
START -6956 4852 23464 9094 -1169 931 END
START -6536 4808 23208 8514 -651 252 END
START -6092 4836 22936 7974 -137 -378 END
START -5768 5024 22816 7479 363 -976 END
START -5404 5180 22736 6997 738 -1475 END
START -4984 5356 22644 6642 1089 -1870 END
START -4744 5748 22852 6384 1318 -2222 END
START -4444 6052 23368 6260 1339 -2353 END
START -4352 6288 23452 6174 1171 -2413 END
START -4028 6568 23676 6225 843 -2322 END
START -3792 7020 24124 6344 363 -2135 END
START -3744 7208 24516 6569 -302 -1813 END
START -3596 7688 24844 6770 -998 -1337 END
START -3340 7792 24648 6977 -1775 -947 END
START -3140 8048 24580 7077 -2487 -456 END
START -3056 8240 24468 7232 -3150 128 END
START -3024 8216 24236 7387 -3768 662 END
START -2928 8140 23720 7550 -4284 1137 END
START -2856 7912 23660 7622 -4631 1501 END
START -2920 7688 23464 7642 -4900 1825 END
START -2988 7540 23372 7567 -5069 2055 END
START -3304 7340 23552 7485 -5239 2225 END
START -3264 7116 23568 7340 -5496 2323 END
START -3328 6860 23208 7163 -5588 2431 END
START -3204 6568 22976 6964 -5589 2397 END
START -2824 6448 22456 6699 -5408 2320 END
START -2332 6364 21920 6411 -5017 2134 END
START -1948 6280 21460 6100 -4383 1961 END
START -1656 6408 21180 5775 -3702 1745 END
START -1576 6608 20980 5416 -2941 1536 END
START -1592 6476 21088 5041 -2153 1335 END
START -1760 6432 21316 4648 -1399 1143 END
START -1800 6292 21780 4236 -742 920 END
START -1896 6124 22216 3845 -163 640 END
START -1864 6104 22268 3419 322 398 END
START -1824 6080 22536 3072 784 108 END
START -1584 6152 22668 2693 1247 -118 END
START -1640 6264 22784 2384 1635 -303 END
START -1552 6392 22980 2076 1994 -397 END
START -1768 6704 23336 1792 2282 -483 END
START -1796 6876 23404 1523 2482 -519 END
START -1820 6764 23832 1328 2567 -529 END
START -1948 6956 23984 1173 2604 -543 END
START -2024 6888 24496 1070 2540 -529 END
START -2128 7012 24852 944 2361 -459 END
START -2108 7104 25192 860 2013 -339 END
START -2192 7312 25372 784 1586 -217 END
START -2040 7368 25764 737 1147 -77 END
START -1960 7592 25592 720 747 105 END
START -1752 7860 25572 696 438 310 END
START -1532 8212 25552 635 198 603 END
START -1400 8308 25448 490 18 826 END
START -1504 8584 25532 277 -50 1080 END
START -1500 8688 25776 -14 -52 1296 END
START -1568 8888 26020 -384 -65 1459 END
START -1648 8792 26248 -830 -12 1595 END
START -1796 8668 26640 -1307 31 1668 END
START -1972 8688 26752 -1821 23 1767 END
START -2100 8692 26756 -2413 -67 1821 END
START -1976 8836 26508 -2942 1 1894 END
START -2304 8876 26120 -3488 43 1915 END
START -2280 8740 25652 -3950 172 1930 END
START -2296 8660 25080 -4407 427 1918 END
START -2376 8660 24516 -4845 706 1866 END
START -2368 8460 24292 -5214 980 1792 END
START -2588 8472 24192 -5575 1170 1721 END
START -2748 8320 24068 -5909 1334 1625 END
START -2712 8192 23956 -6191 1434 1531 END
START -2976 8128 23956 -6418 1471 1418 END
START -2980 8132 23824 -6649 1452 1315 END
START -3080 8180 23780 -6845 1400 1232 END
START -2988 8156 23552 -7043 1356 1161 END
START -3024 8112 23460 -7240 1303 1102 END
START -3044 8096 23308 -7496 1308 1046 END
START -3160 7944 23216 -7745 1333 972 END
START -3120 7696 22924 -7981 1267 871 END
START -3192 7672 22676 -8207 1267 760 END
START -3228 7528 22648 -8441 1289 616 END
START -3324 7468 22376 -8632 1319 519 END
START -3524 7396 22348 -8835 1297 364 END
START -3524 7320 22376 -9070 1171 281 END
START -3604 7252 22412 -9246 1015 149 END
START -3548 7252 22376 -9459 770 56 END
START -3484 7188 22240 -9662 486 8 END
START -3372 7368 21800 -9811 201 -17 END
START -3132 7372 21456 -9901 -39 -12 END
START -3096 7420 20980 -9991 -217 -22 END
START -2884 7356 20676 -10010 -386 16 END
START -2700 7532 20324 -10114 -575 103 END
START -2672 7652 19928 -10211 -681 221 END
START -2520 7576 19872 -10289 -821 297 END
START -2664 7560 19344 -10385 -935 399 END
START -2652 7536 19440 -10462 -1075 511 END
START -2724 7460 18988 -10539 -1228 584 END
START -2672 7512 18540 -10640 -1347 682 END
START -2588 7388 18340 -10742 -1489 748 END
START -2656 7296 17968 -10859 -1582 775 END
START -2480 7208 17652 -10954 -1664 819 END
START -2368 7124 17156 -11068 -1682 774 END
START -2384 7188 16768 -11185 -1716 701 END
START -2344 7288 16284 -11298 -1692 693 END
START -2224 7248 15944 -11399 -1617 686 END
START -2056 7268 15524 -11493 -1573 715 END
START -2112 7112 15212 -11606 -1463 711 END
START -2096 7108 14800 -11672 -1466 668 END
START -2224 6964 14508 -11709 -1413 625 END
START -2196 6720 14020 -11716 -1451 587 END
START -2172 6700 13472 -11688 -1346 492 END
START -2232 6692 13240 -11596 -1369 415 END
START -2172 6640 12636 -11452 -1358 347 END
START -2068 6472 12176 -11295 -1319 278 END
START -2236 6548 11756 -11091 -1279 210 END
START -2256 6344 11748 -10885 -1378 78 END
START -2312 6312 11568 -10656 -1587 1 END
START -2348 6128 11500 -10406 -1766 -99 END
START -2204 6156 11040 -10134 -2008 -195 END
START -2136 6136 10536 -9867 -2164 -286 END
START -1736 6260 10384 -9597 -2302 -342 END
START -1416 6368 10032 -9375 -2393 -364 END
START -1100 6496 9676 -9172 -2427 -371 END
START -808 6716 9348 -8976 -2473 -260 END
START -616 6796 9144 -8825 -2475 -155 END
START -352 6664 8916 -8637 -2462 -21 END
START -140 6680 8688 -8532 -2486 147 END
START -204 6680 8572 -8413 -2492 294 END
START -236 6668 8160 -8259 -2537 427 END
START -156 6444 8064 -8100 -2594 556 END
START -76 6444 7884 -7934 -2651 616 END
START 36 6320 7724 -7697 -2720 718 END
START 328 6316 7456 -7531 -2718 833 END
START 312 6428 7120 -7331 -2745 937 END
START 564 6480 6868 -7147 -2681 1035 END
START 676 6516 6500 -6954 -2600 1166 END
START 768 6556 6304 -6757 -2506 1277 END
START 976 6600 5972 -6526 -2357 1434 END
START 892 6672 5952 -6323 -2168 1542 END
START 956 6756 5688 -6162 -1984 1672 END
START 932 6812 5876 -5998 -1762 1775 END
START 712 6792 5864 -5896 -1645 1876 END
START 764 6652 5948 -5786 -1477 1970 END
START 604 6632 6028 -5715 -1301 2049 END
START 348 6600 6040 -5548 -1237 2113 END
START 88 6640 6076 -5418 -1069 2146 END
START -100 6604 6068 -5300 -1026 2147 END
START -148 6388 5924 -5161 -936 2145 END
START -384 6316 5676 -5019 -835 2106 END
START -516 6316 5452 -4823 -688 2075 END
START -676 6188 5204 -4607 -525 2012 END
START -756 6044 4956 -4323 -276 1920 END
START -1036 5956 5036 -4071 -53 1816 END
START -1200 5972 5016 -3824 195 1678 END
START -1300 5888 5236 -3563 435 1568 END
START -1312 5912 5492 -3337 634 1406 END
START -1416 5880 5592 -3164 822 1263 END
START -1416 6068 5836 -2988 1026 1156 END
START -1536 6100 6144 -2870 1172 1094 END
START -1592 6356 6476 -2761 1298 1045 END
START -1696 6436 6532 -2692 1374 1079 END
START -1832 6704 6868 -2603 1414 1123 END
START -2008 6788 7060 -2488 1452 1243 END
START -2136 6820 7168 -2322 1394 1362 END
START -2328 6724 7232 -2098 1362 1519 END
START -2636 6800 7484 -1858 1330 1657 END
START -2824 6720 7580 -1625 1214 1814 END
START -3144 6728 7680 -1371 1126 2009 END
START -3268 6668 7800 -1065 981 2175 END
START -3720 6696 7876 -786 791 2374 END
START -4212 6604 7972 -510 659 2565 END
START -4560 6528 8236 -223 545 2668 END
START -4872 6284 8352 11 419 2764 END
START -5272 6224 8644 177 409 2826 END
START -5484 6032 8804 337 419 2861 END
START -6028 5844 9000 421 436 2843 END
START -6416 5660 9204 460 501 2848 END
START -6936 5348 9564 510 617 2804 END
START -7388 5100 9776 484 745 2694 END
START -7760 4888 9944 444 876 2545 END
START -8568 4568 10176 341 936 2340 END
START -9052 4124 10328 308 1031 2114 END
START -9520 3972 10616 297 1116 1780 END
START -9916 3640 11100 304 1140 1459 END
START -10364 3348 11120 297 1132 1052 END
START -10600 3084 11188 361 1183 657 END
START -10784 3000 11228 394 1168 207 END
START -10952 2912 11232 467 1255 -171 END
START -10996 2852 11344 512 1271 -600 END
START -11068 2720 11252 548 1351 -988 END
START -11192 2624 11376 588 1491 -1364 END
START -11404 2536 11428 645 1629 -1771 END
START -11260 2332 11544 743 1777 -2160 END
START -11288 2436 11676 740 1957 -2542 END
START -11472 2372 11828 765 2147 -2891 END
START -11536 2352 11964 752 2303 -3237 END
START -11500 2452 12200 740 2418 -3527 END
START -11708 2636 12732 752 2424 -3773 END
START -11688 2624 12940 777 2372 -4007 END
START -11836 2788 13176 792 2218 -4112 END
START -11960 2844 13308 863 2035 -4231 END
START -11832 2980 13460 885 1832 -4321 END
START -11876 3008 13692 954 1631 -4372 END
START -12088 3044 13588 1001 1379 -4455 END
START -12096 2820 13712 1036 1191 -4552 END
START -12228 2852 13700 1053 1022 -4645 END
START -12380 2644 13692 1077 832 -4797 END
START -12472 2692 13596 1135 756 -4993 END
START -12624 2488 13396 1153 632 -5216 END
START -12656 2284 13776 1190 522 -5500 END
START -12636 2200 13532 1221 459 -5811 END
START -12532 2084 13580 1226 372 -6161 END
START -12480 2012 13472 1251 319 -6538 END
START -12336 2048 13272 1308 343 -6905 END
START -12240 1956 13224 1358 347 -7228 END
START -12288 1900 13036 1427 341 -7565 END
START -12276 2020 13120 1510 363 -7921 END
START -12176 1896 13332 1582 316 -8298 END
START -12048 1948 13476 1625 254 -8657 END
START -11812 2032 13496 1655 160 -9034 END
START -11520 2272 13584 1738 116 -9493 END
START -11304 2252 13560 1794 33 -9853 END
START -10892 2364 13596 1843 -87 -10114 END
START -10636 2632 13544 1850 -140 -10405 END
START -10376 2752 13480 1900 -239 -10676 END
START -9996 2912 13444 1987 -289 -10904 END
START -9600 3220 13492 2062 -301 -11065 END
START -9148 3364 13280 2170 -360 -11354 END
START -8896 3452 13256 2196 -329 -11579 END
START -8604 3500 13228 2253 -323 -11731 END
START -8376 3836 13272 2293 -268 -11963 END
START -8080 3748 13184 2353 -230 -12099 END
START -7664 3904 13396 2397 -218 -12255 END
START -7416 4108 13544 2438 -268 -12404 END
START -7024 4276 13656 2521 -277 -12533 END
START -6660 4448 13600 2591 -387 -12671 END
START -6236 4576 13632 2683 -464 -12739 END
START -5760 4844 13844 2749 -550 -12810 END
START -5188 5120 13924 2840 -613 -12848 END
START -4676 5284 13868 2945 -720 -12853 END
START -4288 5588 13968 3032 -804 -12838 END
START -3896 5752 14112 3110 -863 -12787 END
START -3440 6092 14108 3230 -911 -12757 END
START -2852 6200 14344 3292 -1030 -12661 END
START -2480 6408 14372 3342 -1131 -12607 END
START -1732 6732 14360 3412 -1293 -12387 END
START -1196 6724 14620 3448 -1442 -12244 END
START -644 6984 14644 3458 -1482 -12122 END
START -288 7112 14548 3453 -1551 -12045 END
START 176 7336 14736 3426 -1618 -11942 END
START 792 7420 14368 3432 -1701 -11868 END
START 1472 7668 14320 3420 -1716 -11763 END
START 1880 7908 14468 3464 -1697 -11643 END
START 2376 8240 14504 3482 -1620 -11545 END
START 3004 8720 14388 3478 -1539 -11405 END
START 3600 8920 14500 3454 -1403 -11243 END
START 4088 9272 14576 3416 -1287 -11003 END
START 4580 9656 14720 3382 -1165 -10780 END
START 5160 9784 14964 3354 -1053 -10535 END
START 5644 10096 15304 3360 -999 -10238 END
START 6092 10304 15444 3354 -997 -9948 END
START 6636 10524 15776 3343 -1047 -9590 END
START 7104 10900 16000 3381 -1076 -9217 END
START 7636 11248 16312 3362 -1094 -8782 END
START 8096 11492 16504 3335 -1133 -8309 END
START 8356 11676 16720 3275 -1136 -7838 END
START 8764 11936 16984 3153 -1116 -7333 END
START 9064 12120 17000 2994 -1085 -6779 END
START 9316 12056 17280 2835 -995 -6237 END
START 9552 12348 17488 2605 -899 -5696 END
START 9632 12320 17812 2386 -783 -5134 END
START 9808 12284 17952 2094 -633 -4636 END
START 9976 12360 18172 1787 -435 -4123 END
START 10064 12332 18252 1461 -199 -3634 END
START 10040 12352 18232 1095 69 -3209 END
START 10056 12404 18404 730 397 -2727 END
START 9772 12676 18616 361 724 -2335 END
START 9588 12512 18792 54 1009 -1936 END
START 9352 12304 18968 -224 1279 -1557 END
START 9092 12388 19388 -434 1415 -1204 END
START 8456 12412 19748 -580 1403 -872 END
START 8272 12388 20296 -692 1273 -523 END
START 8036 12172 20332 -751 1020 -144 END
START 7960 12124 20612 -756 736 255 END
START 7820 11904 20636 -679 392 678 END
START 7360 11472 20724 -579 99 1067 END
START 7200 11116 20788 -480 -237 1429 END
START 6988 10440 20960 -362 -512 1707 END
START 6828 9896 21244 -247 -793 1963 END
START 6696 9520 21496 -148 -1034 2166 END
START 6368 9356 21780 -145 -1165 2389 END
START 6268 9392 21976 -212 -1274 2634 END
START 5988 9236 22140 -280 -1316 2898 END
START 5924 8952 22392 -430 -1260 3146 END
START 5612 8556 22584 -624 -1124 3343 END
START 5408 8196 22800 -791 -904 3571 END
START 4888 7636 23292 -990 -690 3759 END
START 4492 7220 23416 -1238 -392 3909 END
START 3780 6696 24020 -1491 -144 4007 END
START 3304 6324 24516 -1791 91 4085 END
START 2812 6064 24936 -2168 324 4115 END
START 2508 5808 25268 -2611 521 4108 END
START 1928 5632 25704 -3073 776 4151 END
START 1480 5200 26044 -3591 915 4146 END
START 1084 4920 26240 -4126 1143 4090 END
START 592 4616 26396 -4663 1296 4050 END
START 24 4516 26616 -5232 1489 3978 END
START -520 4288 26680 -5802 1668 3920 END
START -1124 3992 26872 -6408 1751 3826 END
START -1496 3624 26928 -6963 1766 3714 END
START -1956 3448 26796 -7416 1810 3620 END
START -2356 3144 26928 -7804 1763 3502 END
START -2620 2948 26852 -8157 1718 3375 END
START -2900 2784 26808 -8482 1590 3286 END
START -3256 2752 26776 -8803 1395 3233 END
START -3484 2584 26768 -9036 1271 3190 END
START -3880 2528 26508 -9248 1009 3143 END
START -3924 2224 26492 -9412 702 3095 END
START -4252 1968 26352 -9576 402 3044 END
START -4316 1628 26292 -9693 59 3000 END
START -4400 1508 26048 -9835 -286 2880 END
START -4396 1452 25796 -9969 -569 2769 END
START -4520 1340 25424 -10081 -850 2659 END
START -4336 1220 24804 -10211 -1001 2551 END
START -4068 1052 24332 -10340 -1048 2412 END
START -4300 1032 23868 -10413 -1129 2216 END
START -4236 1252 23024 -10470 -928 2139 END
START -4032 1064 23332 -10611 -820 2062 END
START -4404 964 23000 -10753 -769 1939 END
START -4504 1096 22968 -10883 -755 1731 END
START -4596 904 22932 -11061 -765 1561 END
START -4856 828 22688 -11195 -782 1311 END
START -4852 1056 22572 -11387 -902 1112 END
START -4724 1004 22404 -11536 -941 916 END
START -4588 1276 21932 -11714 -978 789 END
START -4448 1436 21352 -11890 -936 642 END
START -4128 1844 21028 -12052 -837 571 END
START -3868 1928 20468 -12290 -701 515 END
START -3552 2068 20144 -12586 -559 510 END
START -3228 2120 19808 -12851 -350 462 END
START -3016 2144 19576 -13175 -70 468 END
START -2792 2188 18896 -13420 141 456 END
START -2728 2204 18576 -13667 332 481 END
START -2848 2236 18324 -13848 474 505 END
START -2776 2124 17952 -13992 531 563 END
START -2860 1948 17848 -14124 561 612 END
START -2836 1904 17652 -14261 477 607 END
START -3000 1936 17112 -14351 413 659 END
START -2988 1824 16768 -14438 313 650 END
START -3072 1688 16116 -14460 168 612 END
START -3096 1644 15656 -14428 40 556 END
START -3112 1548 15096 -14332 -114 509 END
START -3256 1484 14476 -14199 -256 471 END
START -3336 1380 14068 -14020 -395 449 END
START -3372 1440 13460 -13779 -509 393 END
START -3324 1328 12844 -13516 -601 333 END
START -3320 1436 12280 -13224 -651 240 END
START -3352 1404 11752 -12970 -636 152 END
START -3156 1468 11348 -12719 -656 65 END
START -3184 1400 10984 -12469 -626 -42 END
START -3080 1512 10656 -12211 -590 -159 END
START -2808 1740 10304 -12009 -495 -250 END
START -2624 1840 9916 -11869 -377 -352 END
START -2504 1988 9736 -11693 -286 -433 END
START -2392 2048 9576 -11628 -156 -465 END
START -2188 1996 9320 -11527 22 -502 END
START -2260 2000 9152 -11406 117 -530 END
START -2192 2072 8968 -11297 169 -525 END
START -2284 1952 8856 -11167 215 -557 END
START -2268 1836 8624 -11028 208 -606 END
START -2096 1792 8400 -10894 136 -657 END
START -2196 1880 8036 -10712 28 -702 END
START -2132 1964 7932 -10538 -105 -739 END
START -2020 1904 7520 -10329 -291 -676 END
START -1856 2048 7096 -10105 -445 -623 END
START -1608 2312 6716 -9887 -613 -481 END
START -1472 2360 6364 -9645 -735 -350 END
START -1316 2516 5976 -9395 -904 -131 END
START -1060 2592 5672 -9125 -1044 28 END
START -1008 2672 5492 -8882 -1144 263 END
START -860 2624 5248 -8637 -1261 465 END
START -1036 2544 4940 -8355 -1389 694 END
START -1056 2512 4732 -8013 -1566 897 END
START -1116 2448 4348 -7752 -1688 1096 END
START -1224 2500 4088 -7439 -1737 1298 END
START -1404 2484 3524 -7148 -1838 1442 END
START -1416 2496 3304 -6844 -1831 1639 END
START -1592 2460 3024 -6569 -1877 1759 END
START -1696 2380 2888 -6306 -1891 1901 END
START -1896 2392 2640 -6074 -1884 2016 END
START -1948 2348 2188 -5838 -1866 2066 END
START -2140 2244 1920 -5642 -1802 2152 END
START -2252 2364 1620 -5405 -1683 2171 END
START -2304 2408 1176 -5118 -1578 2164 END
START -2272 2432 1052 -4862 -1467 2137 END
START -2348 2216 900 -4537 -1327 2106 END
START -2152 2044 828 -4286 -1238 2116 END
START -2316 2068 680 -3974 -1178 2091 END
START -2244 2144 624 -3709 -1172 2095 END
START -2152 1988 380 -3400 -1152 2075 END
START -2008 1956 160 -3078 -1189 2100 END
START -1852 1792 16 -2719 -1195 2095 END
START -1828 1804 -308 -2332 -1206 2179 END
START -1820 1892 -612 -1932 -1175 2207 END
START -1756 1728 -936 -1494 -1126 2266 END
START -1808 1736 -1368 -1050 -968 2302 END
START -1908 1584 -1712 -577 -821 2326 END
START -2140 1360 -1592 -124 -674 2297 END
START -2280 1120 -1580 360 -625 2216 END
START -2552 1028 -1688 862 -487 2082 END
START -2944 1148 -1612 1377 -447 1950 END
START -3356 1264 -1596 1851 -441 1800 END
START -3792 1332 -1576 2312 -481 1678 END
START -3900 1320 -1508 2689 -568 1543 END
START -3912 1084 -1488 3060 -675 1422 END
START -4024 1024 -1732 3472 -680 1258 END
START -4048 1188 -1768 3820 -732 1126 END
START -3960 1244 -2072 4219 -639 906 END
START -3876 1396 -2432 4506 -435 692 END
START -3832 1464 -2588 4788 -218 474 END
START -3808 1660 -2680 5106 62 259 END
START -3664 1892 -2640 5353 402 62 END
START -3712 2048 -2672 5667 686 -78 END
START -3724 2068 -2500 5985 928 -215 END
START -3724 2216 -2324 6317 1157 -321 END
START -3756 2120 -2140 6673 1266 -448 END
START -3748 2100 -2012 7061 1343 -591 END
START -3660 2204 -1644 7486 1340 -669 END
START -3624 2436 -1480 7939 1284 -735 END
START -3648 2692 -1536 8426 1200 -775 END
START -3564 2852 -1512 8948 1052 -790 END
START -3580 3120 -1344 9488 975 -747 END
START -3584 3416 -944 9998 809 -681 END
START -3496 3640 -768 10489 639 -608 END
START -3388 3932 -472 10938 511 -486 END
START -3340 4148 -220 11370 362 -342 END
START -3148 4276 -144 11676 230 -195 END
START -3024 4592 16 12167 179 -39 END
START -2896 4896 284 12344 170 161 END
START -3044 5104 472 12779 193 342 END
START -3176 5436 904 13038 213 506 END
START -3260 5640 1116 13304 297 672 END
START -3284 5688 1460 13579 392 823 END
START -3572 5968 1992 13824 449 937 END
START -3788 6040 2436 14084 442 1050 END
START -4112 6284 3036 14344 411 1091 END
START -4480 6436 3684 14655 314 1163 END
START -4744 6552 3852 14956 158 1174 END
START -5180 6720 4360 15231 64 1194 END
START -5420 6812 4896 15509 -45 1076 END
START -5824 6704 5180 15782 -189 917 END
START -5908 6696 5676 15962 -268 635 END
START -6004 6688 6024 16196 -317 289 END
START -5972 6688 6320 16383 -258 -99 END
START -5816 6860 6776 16528 -148 -454 END
START -5528 7112 7024 16598 31 -789 END
START -5292 7256 7292 16620 207 -1127 END
START -4908 7488 7448 16594 597 -1444 END
START -4536 7932 7844 16579 1011 -1693 END
START -4132 8148 7928 16537 1520 -1940 END
START -3872 8384 8216 16490 2070 -2134 END
START -3904 8612 9044 16470 2607 -2249 END
START -3708 8900 9580 16401 3059 -2353 END
START -3720 9060 10444 16333 3381 -2394 END
START -3628 9284 11392 16299 3630 -2432 END
START -3604 9664 12300 16252 3692 -2387 END
START -3692 9956 13112 16238 3638 -2291 END
START -3620 10468 14004 16233 3522 -2143 END
START -3376 10916 14712 16185 3265 -1967 END
START -3176 11228 15316 16203 2958 -1650 END
START -2960 11492 15760 16195 2544 -1274 END
START -2956 11656 16196 16183 2116 -861 END
START -2940 11952 16436 16266 1656 -448 END
START -2860 12060 16532 16332 1174 46 END
START -2780 12180 16932 16399 679 485 END
START -2756 12244 16844 16449 208 987 END
START -2312 11764 16756 16453 -131 1369 END
START -2148 11284 16624 16539 -321 1789 END
START -2028 10600 16808 16620 -457 2125 END
START -2024 10148 16956 16730 -540 2360 END
START -1992 9660 17276 16812 -571 2570 END
START -2076 9224 17796 16856 -561 2700 END
START -2128 8680 17760 16827 -471 2726 END
START -2340 8324 18288 16760 -400 2644 END
START -2368 8040 18552 16656 -268 2500 END
START -2488 7780 18732 16527 -111 2354 END
START -2520 7520 19076 16418 111 2149 END
START -2548 7376 19296 16316 317 1880 END
START -2540 7196 19800 16153 629 1565 END
START -2448 7192 20184 15970 899 1222 END
START -2744 7308 20660 15713 1170 889 END
START -2704 7540 21124 15415 1520 581 END
START -2760 7776 21852 15013 1760 254 END
START -2940 8040 22676 14628 1930 -24 END
START -3144 8336 23268 14280 2005 -264 END
START -3220 8464 23668 13973 1966 -449 END
START -3496 8696 24376 13695 1754 -624 END
START -3708 9124 24924 13475 1438 -686 END
START -3804 9384 25344 13294 1090 -724 END
START -3656 9512 25632 13112 613 -729 END
START -3668 9632 25940 12938 122 -665 END
START -3668 9912 26008 12813 -413 -561 END
START -3600 9944 26056 12652 -950 -400 END
START -3512 9900 26096 12528 -1383 -258 END
START -3340 9836 26160 12487 -1858 -60 END
START -3336 9696 26076 12176 -2253 81 END
START -3228 9524 25972 12048 -2614 200 END
START -3172 9288 25992 11893 -2876 316 END
START -3044 8880 26028 11784 -3133 378 END
START -2648 8424 25972 11461 -3219 417 END
START -2520 8020 25936 11139 -3251 402 END
START -2372 7828 26104 10786 -3228 313 END
START -2516 7876 26204 10325 -3170 220 END
START -2504 7848 25976 9836 -3062 78 END
START -2524 7864 25896 9403 -3008 -65 END
START -2472 7872 25724 8909 -2924 -181 END
START -2512 7756 25584 8470 -2846 -359 END
START -2408 7836 25300 8083 -2772 -505 END
START -2420 7868 25256 7724 -2745 -655 END
START -2344 7904 24952 7455 -2736 -777 END
START -2280 7924 24524 7176 -2678 -920 END
START -2056 8004 24272 6965 -2619 -1019 END
START -1976 8000 24148 6712 -2536 -1158 END
START -2068 8088 24100 6484 -2565 -1237 END
START -2064 8016 23828 6288 -2645 -1321 END
START -1832 8024 23644 6091 -2758 -1401 END
START -1684 8048 23484 5931 -2789 -1393 END
START -1476 8148 23464 5794 -2917 -1384 END
START -1340 8168 23452 5634 -3023 -1361 END