START -4244 524 13692 -155 1499 638 END
START -1144 340 7420 -447 245 715 END
START -1220 8 10004 -539 1551 858 END
START -1676 -68 11536 -795 2243 932 END
START -2848 -544 12972 -1075 2722 938 END
START -3672 -832 13824 -1306 2796 914 END
START -4052 -960 14148 -1550 2765 932 END
START -4264 -916 14080 -1717 2675 876 END
START -4704 -980 14256 -1870 2559 863 END
START -5004 -1032 14520 -1949 2338 768 END
START -5024 -1116 14468 -1961 1990 620 END
START -4716 -1128 14216 -1962 1712 367 END
START -4172 -1340 14012 -1935 1546 135 END
START -3456 -1592 13796 -1890 1476 -90 END
START -2996 -1728 13644 -1830 1570 -235 END
START -2608 -1360 13468 -1772 1694 -295 END
START -2300 -1020 13436 -1801 1916 -214 END
START -2232 -540 13284 -1885 2148 -12 END
START -2012 -316 13356 -1967 2420 231 END
START -2012 -244 13432 -2076 2583 508 END
START -1876 -432 13568 -2168 2755 795 END
START -1968 -796 13676 -2126 2876 1016 END
START -2200 -1108 13760 -2036 2993 1231 END
START -2508 -1416 14272 -1823 2956 1334 END
START -2780 -1536 14544 -1499 2832 1372 END
START -3420 -1648 14900 -1121 2497 1400 END
START -4188 -1764 15304 -798 2020 1412 END
START -4784 -1892 15620 -514 1435 1297 END
START -5136 -2184 15768 -302 750 1176 END
START -5352 -2268 15712 -113 165 963 END
START -5396 -2704 15452 90 -347 667 END
START -5368 -2980 15148 316 -705 436 END
START -5216 -3208 14984 557 -945 114 END
START -5116 -3080 14952 824 -1096 -173 END
START -4844 -2936 14648 1029 -1120 -486 END
START -4544 -2784 14468 1165 -970 -725 END
START -4192 -2588 14272 1170 -736 -912 END
START -3924 -2512 14224 1065 -480 -1079 END
START -3912 -2432 14528 902 -144 -1192 END
START -3644 -2328 14844 690 167 -1292 END
START -3660 -2308 15044 509 417 -1326 END
START -3536 -2228 15308 300 638 -1354 END
START -3592 -2096 15708 85 799 -1312 END
START -3624 -1732 16160 -153 867 -1159 END
START -3692 -1716 16360 -417 818 -1030 END
START -3560 -1840 16376 -661 820 -788 END
START -3552 -2004 16392 -863 817 -574 END
START -3512 -2124 16336 -1063 820 -410 END
START -3308 -2140 16084 -1222 847 -239 END
START -3356 -2316 15824 -1352 932 -84 END
START -3388 -2380 15500 -1470 1045 9 END
START -3296 -2536 15368 -1531 1224 144 END
START -3448 -2716 15156 -1593 1434 240 END
START -3680 -2592 14788 -1595 1646 333 END
START -3888 -2616 14872 -1542 1740 418 END
START -4144 -2776 15040 -1508 1813 489 END
START -4396 -3080 15096 -1448 1807 549 END
START -4656 -3092 15136 -1367 1699 482 END
START -4732 -3204 15020 -1281 1670 533 END
START -4904 -3316 14964 -1167 1590 444 END
START -4960 -3212 14832 -997 1508 422 END
START -5224 -3116 15008 -875 1340 342 END
START -5412 -3184 15092 -720 1139 334 END
START -5352 -3308 15104 -626 898 242 END
START -5388 -3404 15312 -521 630 206 END
START -5284 -3400 15240 -377 346 129 END
START -5252 -3456 15252 -288 74 4 END
START -5116 -3376 15104 -186 -169 -6 END
START -5088 -3332 14720 -83 -355 -51 END
START -4732 -3036 14700 46 -508 -18 END
START -4720 -2876 14612 155 -529 -22 END
START -4788 -2496 14388 218 -645 -13 END
START -4732 -2372 14252 216 -636 4 END
START -4668 -2448 14168 167 -696 -10 END
START -4708 -2428 14136 94 -792 24 END
START -4716 -2448 14272 26 -815 22 END
START -4696 -2632 14112 14 -884 -8 END
START -4680 -2648 13916 -20 -886 -68 END
START -4632 -2580 13840 9 -881 -131 END
START -4772 -2456 13476 7 -870 -243 END
START -4792 -2292 13360 -1 -828 -303 END
START -4856 -2164 13612 -52 -868 -359 END
START -4684 -2328 13296 -95 -805 -441 END
START -4616 -2208 13008 -123 -806 -541 END
START -4604 -2208 13004 -185 -733 -664 END
START -4468 -2060 12744 -232 -626 -781 END
START -4220 -1936 12340 -253 -521 -915 END
START -4076 -1772 12404 -310 -396 -935 END
START -4088 -1556 12208 -311 -312 -961 END
START -4040 -1612 12136 -338 -181 -999 END
START -3864 -1484 11840 -357 -141 -1016 END
START -3956 -1420 11800 -400 -111 -1031 END
START -3880 -1412 11600 -370 -114 -1041 END
START -3760 -1288 11224 -331 -51 -1070 END
START -3728 -1108 11044 -187 -77 -1087 END
START -3732 -952 10948 -29 -149 -1086 END
START -3656 -896 10816 142 -234 -1034 END
START -3588 -824 10460 302 -350 -1009 END
START -3568 -676 10424 500 -552 -921 END
START -3632 -708 10084 698 -750 -925 END
START -3568 -664 9792 963 -971 -858 END
START -3428 -616 9732 1208 -1125 -865 END
START -3320 -552 9360 1530 -1340 -857 END
START -3220 -556 9068 1805 -1563 -866 END
START -3100 -688 8780 2102 -1744 -886 END
START -2904 -668 8296 2395 -1893 -901 END
START -2772 -536 7996 2644 -1919 -983 END
START -2560 -424 7668 2955 -1972 -1023 END
START -2260 -216 7176 3234 -1972 -1044 END
START -1928 -248 6892 3517 -1888 -1100 END
START -1616 -144 6432 3810 -1799 -1132 END
START -1488 96 6332 4091 -1649 -1165 END
START -1408 200 6112 4366 -1577 -1127 END
START -1104 340 5892 4639 -1487 -1090 END
START -1036 488 5712 4983 -1489 -1046 END
START -916 676 5396 5312 -1356 -933 END
START -668 812 5008 5688 -1261 -821 END
START -664 1004 4900 6042 -1120 -721 END
START -456 1120 4700 6421 -1030 -598 END
START -532 1180 4584 6768 -969 -513 END
START -260 1208 4272 7062 -887 -427 END
START 68 1332 4104 7391 -796 -299 END
START 224 1524 3960 7741 -609 -215 END
START 168 1556 3812 8084 -455 -90 END
START 360 1860 3848 8505 -377 77 END
START 520 2092 3744 8839 -312 271 END
START 548 2368 3472 9225 -261 511 END
START 752 2576 3340 9586 -269 742 END
START 612 2776 3604 9955 -247 986 END
START 620 2916 3540 10346 -348 1288 END
START 824 3172 3564 10822 -477 1589 END
START 724 3220 3500 11224 -642 1931 END
START 720 3380 3564 11683 -893 2235 END
START 768 3432 3500 12303 -1161 2608 END
START 896 3640 3432 12586 -1407 2966 END
START 844 3820 3264 13183 -1694 3327 END
START 864 4012 3180 13710 -1989 3725 END
START 892 4096 2932 14276 -2289 4093 END
START 968 4128 2664 14878 -2490 4503 END
START 924 4080 2556 15526 -2642 4848 END
START 828 4096 2312 16161 -2724 5110 END
START 812 4136 2520 16765 -2732 5367 END
START 628 4012 2276 17339 -2651 5510 END
START 692 4128 2064 17843 -2563 5628 END
START 528 4192 2088 18329 -2284 5636 END
START 524 4184 2092 18784 -1946 5579 END
START 544 4324 2140 19167 -1404 5450 END
START 436 4380 2160 19524 -745 5264 END
START 480 4600 2488 19848 13 5016 END
START 348 5000 2868 20076 788 4749 END
START 140 5240 3480 20149 1624 4472 END
START -56 5592 4156 20142 2444 4227 END
START -336 5940 4792 20055 3341 3995 END
START -460 6292 5712 19874 4177 3735 END
START -672 6392 6200 19683 5053 3551 END
START -1016 6572 7208 19382 5805 3339 END
START -1476 6820 8240 19093 6514 3115 END
START -2140 7016 9228 18826 6936 2895 END
START -2524 7168 10196 18632 7321 2758 END
START -2788 7200 11120 18444 7484 2650 END
START -3176 7256 11884 18295 7472 2588 END
START -3416 7552 12516 18240 7410 2591 END
START -3536 7824 13048 18186 7336 2678 END
START -3596 7968 13440 18220 7192 2925 END
START -3800 8088 13900 18246 7049 3167 END
START -4008 8092 14332 18345 6770 3441 END
START -4120 8020 14804 18470 6554 3808 END
START -4332 8272 15472 18654 6280 4107 END
START -4560 8088 16256 18832 5900 4481 END
START -4956 8044 16964 19097 5531 4853 END
START -5556 7852 18016 19388 5014 5245 END
START -5964 7772 18648 19624 4483 5589 END
START -6352 7596 19384 19847 3944 5883 END
START -6580 7480 19984 20058 3561 6041 END
START -7040 7272 20596 20158 3173 6146 END
START -7372 7076 21396 20156 2782 6206 END
START -7740 6728 22124 20090 2471 6221 END
START -8232 6556 22888 19976 2154 6165 END
START -8556 6464 23668 19782 1933 6087 END
START -8932 6300 24252 19552 1731 5896 END
START -9188 6080 24820 19285 1639 5720 END
START -9632 5880 25536 18949 1556 5517 END
START -9996 5788 26104 18589 1546 5191 END
START -10344 5652 26816 18184 1629 4836 END
START -10704 5568 27624 17641 1706 4398 END
START -10780 5528 28132 17027 1928 3897 END
START -11172 5468 28740 16322 2083 3416 END
START -11316 5328 29664 15509 2333 2881 END
START -11704 5236 30616 14734 2426 2361 END
START -11952 5272 31500 14028 2539 1865 END
START -12032 5248 32148 13251 2546 1337 END
START -12124 5100 32572 12505 2517 847 END
START -12128 5060 32767 11772 2552 356 END
START -12020 5092 32767 10940 2545 10 END
START -11660 5336 32767 10257 2465 -335 END
START -11532 5480 32767 9538 2453 -606 END
START -11520 5332 32767 8913 2409 -709 END
START -11380 5388 32767 8412 2193 -751 END
START -11308 5488 32767 7924 2018 -798 END
START -11036 5500 32767 7436 1718 -863 END
START -10704 5428 32767 6979 1456 -938 END
START -10772 5392 32767 6444 1090 -955 END
START -10472 5372 32767 5867 855 -955 END
START -10128 5404 32767 5202 489 -895 END
START -10008 5428 32767 4531 233 -766 END
START -9640 5464 32767 3832 -7 -593 END
START -9388 5328 32767 3126 -346 -415 END
START -9168 5112 32767 2398 -626 -255 END
START -9044 4760 32767 1660 -880 -160 END
START -9076 4640 32767 966 -1089 -59 END
START -8952 4464 32767 357 -1352 0 END
START -8756 4460 32767 -195 -1492 59 END
START -8692 4256 32767 -720 -1612 78 END
START -8572 4116 32767 -1191 -1729 123 END
START -8572 4064 32767 -1760 -1876 66 END
START -8420 3976 32767 -2289 -2006 12 END
START -8316 3836 32767 -2832 -2072 -54 END
START -8076 3684 32700 -3427 -2087 -135 END
START -8036 3740 32032 -4003 -2089 -224 END
START -7820 3612 31580 -4626 -2058 -318 END
START -7792 3756 30760 -5262 -1958 -428 END
START -7640 3688 30012 -5924 -1832 -554 END
START -7592 3784 29356 -6590 -1667 -715 END
START -7524 3564 28424 -7208 -1462 -877 END
START -7552 3404 27844 -7816 -1245 -1065 END
START -7528 3236 27168 -8315 -1033 -1261 END
START -7640 3112 26480 -8784 -843 -1524 END
START -7664 3032 25912 -9241 -654 -1781 END
START -7720 3068 25416 -9628 -537 -2028 END
START -7676 3180 24796 -10069 -442 -2278 END
START -7556 3120 24384 -10456 -374 -2539 END
START -7448 3188 23948 -10830 -316 -2755 END
START -7268 3120 23208 -11201 -252 -2951 END
START -7020 3096 22784 -11505 -266 -3136 END
START -6972 3268 22072 -11780 -192 -3265 END
START -6872 3508 21744 -12061 -163 -3343 END
START -6800 3752 21208 -12219 -142 -3406 END
START -6716 3976 20832 -12371 -218 -3394 END
START -6672 4108 20536 -12563 -328 -3330 END
START -6628 4084 20048 -12640 -544 -3247 END
START -6528 4068 19588 -12709 -741 -3183 END
START -6436 4152 19336 -12668 -1005 -3100 END
START -6260 4016 18920 -12535 -1304 -2997 END
START -6268 3912 18372 -12401 -1530 -2889 END
START -6040 4040 18016 -12172 -1801 -2782 END
START -6064 3904 17544 -11969 -2017 -2663 END
START -5960 3952 17340 -11786 -2269 -2517 END
START -6040 3604 17256 -11526 -2509 -2328 END
START -5972 3572 17060 -11289 -2746 -2202 END
START -5988 3380 16816 -11038 -3015 -2104 END
START -6020 3264 16908 -10784 -3280 -2036 END
START -6072 3004 16624 -10583 -3493 -2017 END
START -5868 2888 16336 -10442 -3631 -2095 END
START -5976 2916 16240 -10426 -3724 -2196 END
START -6028 2916 15936 -10446 -3705 -2329 END
START -6048 3076 15628 -10583 -3671 -2470 END
START -6092 3396 15176 -10781 -3629 -2648 END
START -5880 3480 14928 -11005 -3480 -2793 END
START -5952 3348 14864 -11250 -3263 -2944 END
START -5776 3472 14608 -11518 -3108 -3056 END
START -5792 3248 14420 -11676 -2907 -3210 END
START -5904 3396 14088 -11843 -2706 -3429 END
START -6008 3264 13984 -11941 -2546 -3629 END
START -6108 3200 13648 -12015 -2386 -3829 END
START -6144 3196 13328 -12098 -2289 -4043 END
START -6268 3180 13000 -12142 -2183 -4236 END
START -6248 3036 12748 -12184 -2046 -4433 END
START -6284 2924 12564 -12170 -1937 -4629 END
START -6376 2780 12536 -12194 -1905 -4841 END
START -6492 2528 12168 -12144 -1854 -4989 END
START -6608 2528 11944 -12008 -1870 -5165 END
START -6748 2472 12064 -11883 -1920 -5324 END
START -6800 2372 11492 -11729 -2098 -5440 END
START -7096 2260 11532 -11575 -2290 -5610 END
START -7220 2176 11364 -11355 -2483 -5670 END
START -7356 2060 10792 -11178 -2676 -5830 END
START -7392 1996 10416 -10964 -2834 -6003 END
START -7432 1820 10180 -10739 -2925 -6146 END
START -7416 1700 9908 -10468 -2988 -6338 END
START -7508 1496 9492 -10200 -3051 -6515 END
START -7484 1452 9300 -9926 -3161 -6700 END
START -7588 1512 9072 -9646 -3219 -6890 END
START -7616 1476 9048 -9382 -3324 -7047 END
START -7640 1384 8960 -9077 -3467 -7185 END
START -7644 1400 8872 -8764 -3628 -7375 END
START -7544 1160 8616 -8412 -3814 -7511 END
START -7568 1260 8524 -8077 -3985 -7683 END
START -7528 1200 8316 -7747 -4185 -7828 END
START -7388 1156 8032 -7413 -4397 -7990 END
START -7272 1300 7804 -7093 -4502 -8116 END
START -7160 1324 7548 -6767 -4585 -8259 END
START -6952 1360 7464 -6469 -4666 -8430 END
START -6848 1552 7344 -6202 -4697 -8562 END
START -6552 1536 6916 -5914 -4679 -8731 END
START -6376 1656 6956 -5677 -4660 -8854 END
START -6076 1704 6804 -5398 -4623 -8949 END
START -5900 1816 6588 -5176 -4545 -9027 END
START -5488 1924 6256 -4993 -4467 -9094 END
START -5120 1992 6224 -4758 -4292 -9154 END
START -5064 2080 6080 -4595 -4145 -9196 END
START -4944 2152 6000 -4442 -4031 -9263 END
START -4800 2176 6008 -4293 -3948 -9285 END
START -4540 2264 5876 -4128 -3788 -9318 END
START -4508 2172 5820 -3935 -3769 -9371 END
START -4284 2088 5576 -3638 -3702 -9434 END
START -4160 2092 5440 -3383 -3602 -9503 END
START -3904 2160 5432 -3096 -3573 -9551 END
START -3552 2176 5192 -2757 -3550 -9550 END
START -3464 2212 5068 -2394 -3541 -9558 END
START -3316 2492 5020 -2104 -3596 -9547 END
START -2952 2656 4864 -1701 -3590 -9456 END
START -2656 2728 4728 -1301 -3672 -9371 END
START -2428 2796 4708 -906 -3745 -9206 END
START -2024 2876 4604 -483 -3814 -9077 END
START -1772 2964 4352 -29 -3885 -8856 END
START -1628 3100 4164 428 -3896 -8690 END
START -1104 3260 3968 867 -3804 -8472 END
START -816 3316 3888 1348 -3665 -8289 END
START -456 3596 3772 1799 -3498 -8064 END
START -64 3720 3884 2176 -3258 -7831 END
START 196 3908 3880 2482 -3030 -7559 END
START 420 4016 4252 2730 -2848 -7261 END
START 584 3996 4356 2917 -2687 -7002 END
START 796 4268 4652 3103 -2569 -6714 END
START 1012 4308 4640 3324 -2430 -6438 END
START 1124 4336 4732 3540 -2309 -6118 END
START 1280 4300 4692 3806 -2174 -5834 END
START 1424 4336 4552 4103 -1995 -5565 END
START 1568 4276 4452 4431 -1788 -5333 END
START 1676 4376 4584 4748 -1568 -5087 END
START 1640 4568 4480 5021 -1294 -4898 END
START 1760 4644 4436 5297 -1058 -4674 END
START 1700 4672 4544 5594 -790 -4443 END
START 1616 4608 4672 5886 -521 -4244 END
START 1740 4676 4744 6143 -261 -4084 END
START 1628 4744 5072 6416 -8 -3936 END
START 1656 4660 5108 6643 157 -3850 END
START 1648 4784 5436 6871 465 -3755 END
START 1816 4876 5524 7090 698 -3673 END
START 1848 4876 5772 7329 957 -3621 END
START 1892 4948 6012 7513 1267 -3554 END
START 2112 5312 6344 7644 1506 -3453 END
START 2196 5536 6400 7783 1799 -3303 END
START 2324 5708 6692 7868 2070 -3114 END
START 2412 5860 6868 7963 2348 -2862 END
START 2512 6032 7084 8058 2595 -2612 END
START 2708 6240 7396 8196 2896 -2295 END
START 2636 6280 7428 8308 3128 -1940 END
START 2524 6352 7600 8518 3427 -1594 END
START 2412 6428 7900 8660 3612 -1254 END
START 2068 6548 8252 8808 3819 -894 END
START 1844 6768 8624 9003 3984 -528 END
START 1796 6736 8704 9173 4106 -208 END
START 1572 6964 9172 9283 4206 177 END
START 1436 6992 9576 9490 4261 536 END
START 1120 6900 9660 9687 4229 936 END
START 900 6928 10428 9841 4242 1279 END
START 620 6900 10740 10047 4205 1644 END
START 328 6768 10912 10197 4133 1993 END
START 52 6744 11280 10310 4061 2312 END
START -232 6716 11564 10376 3980 2602 END
START -424 6472 11844 10447 3899 2841 END
START -704 6476 11932 10449 3866 3024 END
START -872 6144 11984 10474 3880 3183 END
START -1192 5992 12268 10459 3903 3314 END
START -1576 5708 12328 10508 3950 3384 END
START -1824 5440 12316 10543 4048 3463 END
START -2208 5296 12468 10591 4159 3465 END
START -2600 5168 12652 10646 4257 3422 END
START -2996 4936 12780 10677 4387 3407 END
START -3152 4768 13160 10726 4450 3400 END
START -3432 4360 13440 10771 4510 3360 END
START -3792 4272 13708 10788 4566 3286 END
START -4108 4004 13820 10823 4562 3215 END
START -4180 3740 14084 10879 4582 3071 END
START -4540 3656 14332 10923 4573 2983 END
START -4728 3472 14536 10963 4622 2875 END
START -4964 3456 14696 10956 4668 2803 END
START -5116 3196 15068 10934 4675 2695 END
START -5184 3244 15216 10944 4715 2572 END
START -5452 3052 15564 10952 4722 2511 END
START -5576 2900 15620 10976 4761 2413 END
START -5940 2804 15968 10972 4720 2368 END
START -5984 2736 16140 10921 4730 2268 END
START -6176 2668 16376 10913 4663 2194 END
START -6568 2492 16664 10918 4635 2124 END
START -6900 2224 16936 10866 4544 2058 END
START -7128 2048 17292 10871 4460 1926 END
START -7512 1776 17540 10927 4293 1819 END
START -7924 1496 17772 11008 4081 1617 END
START -8220 1340 18024 11013 3888 1395 END
START -8472 1112 18332 11069 3695 1112 END
START -8696 1072 18472 11095 3474 856 END
START -8996 1048 18712 11041 3260 521 END
START -9124 1172 19052 10952 3066 257 END
START -9184 1044 19312 10865 2817 -14 END
START -9300 1052 19504 10768 2597 -320 END
START -9308 1052 19840 10624 2406 -626 END
START -9396 1112 19884 10506 2245 -952 END
START -9296 1256 20024 10364 2132 -1228 END
START -9332 1360 20148 10159 2086 -1547 END
START -9224 1468 20208 9990 2107 -1793 END
START -9320 1600 20392 9773 2114 -2154 END
START -9476 1724 20560 9513 2112 -2476 END
START -9500 1756 20780 9250 2100 -2813 END
START -9536 1668 20944 8948 2080 -3140 END
START -9564 1868 20996 8711 2041 -3526 END
START -9540 1792 21108 8501 1959 -3855 END
START -9528 1744 21176 8341 1866 -4266 END
START -9528 1864 21192 8204 1799 -4620 END
START -9420 2072 21432 8129 1640 -5024 END
START -9524 2300 21552 8057 1517 -5374 END
START -9460 2404 21696 7989 1272 -5741 END
START -9364 2568 22000 7915 1027 -6036 END
START -9344 2836 22044 7846 688 -6350 END
START -9192 3052 22400 7791 378 -6604 END
START -8992 3048 22352 7697 35 -6879 END
START -8772 3300 22612 7599 -279 -7102 END
START -8576 3536 22580 7477 -593 -7359 END
START -8336 3804 22672 7319 -892 -7537 END
START -8212 3992 22608 7184 -1186 -7715 END
START -7772 4132 22664 6976 -1424 -7943 END
START -7436 4380 22412 6781 -1541 -8089 END
START -7136 4508 22412 6544 -1639 -8238 END
START -6948 4808 22188 6338 -1713 -8347 END
START -6712 4956 22232 6081 -1751 -8436 END
START -6336 5180 22252 5806 -1717 -8532 END
START -6080 5252 22060 5553 -1740 -8614 END