START -3204 -424 13148 1144 255 -3359 END
START -3228 184 13884 968 -514 -3536 END
START -1988 -1424 10900 911 385 -3541 END
START -2000 -660 11780 755 1125 -3534 END
START -1992 -372 12288 582 1759 -3653 END
START -2100 -416 12700 422 2205 -3685 END
START -2076 -216 13032 271 2671 -3754 END
START -1748 -60 13236 121 3272 -3717 END
START -1700 4 13756 -86 3718 -3631 END
START -1816 148 13800 -335 4154 -3513 END
START -2020 476 14528 -645 4506 -3353 END
START -2400 708 15144 -1013 4651 -3206 END
START -2844 768 15728 -1382 4553 -2993 END
START -3016 804 16000 -1827 4341 -2744 END
START -3124 828 16052 -2229 4097 -2552 END
START -3152 852 16380 -2538 3734 -2295 END
START -2944 588 16344 -2744 3399 -2061 END
START -2972 292 16316 -2792 2986 -1836 END
START -2884 100 16372 -2765 2683 -1631 END
START -3048 -180 16132 -2590 2259 -1457 END
START -3176 -132 16168 -2362 1828 -1305 END
START -3064 -208 16120 -2035 1425 -1285 END
START -3444 -368 15856 -1731 968 -1242 END
START -3584 -564 15568 -1389 571 -1243 END
START -3524 -824 15324 -1005 177 -1355 END
START -3312 -992 15036 -636 -77 -1497 END
START -3168 -676 14800 -292 -233 -1684 END
START -2880 -560 14620 23 -272 -1824 END
START -2652 -228 14484 251 -213 -1945 END
START -2312 -200 14432 401 -81 -1970 END
START -2108 136 14624 440 93 -1921 END
START -2080 368 14628 400 272 -1830 END
START -1832 528 14724 176 458 -1694 END
START -1940 580 15000 -46 618 -1534 END
START -1908 788 15188 -287 708 -1365 END
START -2080 856 15268 -523 794 -1186 END
START -2108 636 15324 -704 894 -1001 END
START -2156 440 15300 -797 1007 -849 END
START -2284 484 15412 -907 1099 -673 END
START -2484 460 15424 -975 1118 -537 END
START -2764 256 15380 -1061 1072 -426 END
START -2832 188 15492 -1101 978 -312 END
START -2984 -8 15492 -1110 901 -257 END
START -2992 -228 15460 -1144 787 -227 END
START -3016 -368 15444 -1152 604 -215 END
START -3404 -488 15576 -1174 452 -181 END
START -3324 -780 15356 -1110 219 -219 END
START -3280 -952 15456 -1084 75 -237 END
START -3324 -896 15116 -1044 -34 -310 END
START -3416 -948 15400 -982 -214 -381 END
START -3552 -908 15132 -999 -370 -480 END
START -3404 -780 15296 -1013 -570 -562 END
START -3384 -768 15036 -979 -718 -602 END
START -3248 -796 14972 -963 -852 -615 END
START -2984 -700 14696 -893 -919 -616 END
START -3032 -652 14700 -858 -1021 -654 END
START -2840 -668 14428 -778 -1078 -660 END
START -2812 -556 14428 -706 -1152 -644 END
START -2632 -488 14132 -659 -1111 -621 END
START -2652 -452 14084 -665 -1137 -613 END
START -2712 -268 13904 -653 -1123 -597 END
START -2668 -240 13720 -696 -1080 -622 END
START -2656 -364 13492 -666 -980 -642 END
START -2652 -320 13448 -637 -886 -616 END
START -2620 -184 13272 -600 -722 -625 END
START -2612 -240 13056 -550 -568 -595 END
START -2784 -128 12924 -527 -390 -622 END
START -2660 -288 12948 -511 -236 -607 END
START -2656 -80 12876 -561 -110 -566 END
START -2640 4 12788 -515 94 -564 END
START -2740 -28 12676 -562 200 -535 END
START -2808 -40 12852 -600 296 -469 END
START -2788 0 12972 -630 390 -397 END
START -2916 0 12908 -668 389 -374 END
START -2872 -24 12932 -698 429 -304 END
START -2868 -76 12708 -689 393 -266 END
START -2848 104 12688 -690 416 -272 END
START -2988 188 12620 -691 425 -268 END
START -2884 268 12372 -653 347 -246 END
START -2892 396 12136 -645 332 -209 END
START -2832 468 12184 -625 266 -167 END
START -2820 516 11896 -620 241 -57 END
START -2792 616 11488 -559 202 -21 END
START -2884 720 11556 -536 157 35 END
START -2852 576 11472 -502 51 77 END
START -2900 356 11488 -461 -122 106 END
START -2972 264 11252 -356 -297 110 END
START -2816 356 10876 -241 -421 88 END
START -2776 444 10820 -134 -565 58 END
START -2604 340 10764 -10 -730 30 END
START -2628 408 10360 94 -856 35 END
START -2404 456 9992 203 -944 38 END
START -2332 540 9792 292 -989 12 END
START -2156 600 9400 432 -969 24 END
START -2172 804 9232 524 -946 63 END
START -2140 832 9112 644 -892 64 END
START -2140 816 8868 790 -849 59 END
START -1912 1000 8652 911 -795 44 END
START -1932 932 8484 1015 -784 29 END
START -1888 1104 8544 1144 -717 -2 END
START -1616 1216 8372 1324 -665 -36 END
START -1548 1512 8224 1431 -655 -10 END
START -1532 1548 7888 1570 -564 16 END
START -1304 1864 7932 1673 -498 86 END
START -1232 1856 7676 1780 -362 199 END
START -1228 1984 7324 1896 -222 300 END
START -1096 2004 7180 1990 -84 417 END
START -1116 2140 7044 2108 70 522 END
START -1048 2248 6824 2284 185 660 END
START -1020 2260 6548 2446 333 752 END
START -1064 2332 6392 2704 526 851 END
START -1192 2396 6248 2898 606 934 END
START -1236 2464 6396 3122 656 1024 END
START -1304 2452 6288 3395 688 1088 END
START -1388 2300 6216 3677 688 1186 END
START -1444 2376 6144 3985 596 1270 END
START -1640 2520 6048 4267 535 1336 END
START -1672 2468 6008 4657 453 1398 END
START -1708 2452 6144 5048 320 1440 END
START -1740 2472 5932 5390 197 1447 END
START -1936 2480 6000 5758 65 1458 END
START -2080 2420 6036 6065 -98 1465 END
START -2192 2580 6144 6398 -315 1450 END
START -2196 2532 6028 6747 -516 1378 END
START -2096 2596 6108 7090 -695 1357 END
START -2100 2648 6152 7407 -840 1294 END
START -2148 2832 5888 7768 -955 1235 END
START -2032 3048 5836 8098 -1006 1202 END
START -1936 3272 5728 8432 -1013 1161 END
START -1932 3568 5584 8705 -993 1158 END
START -1764 3712 5708 8981 -943 1213 END
START -1812 3812 5740 9224 -911 1235 END
START -1736 3888 5868 9453 -816 1264 END
START -1840 4004 5924 9746 -754 1288 END
START -1744 3924 6060 10001 -708 1336 END
START -1752 4044 6412 10306 -710 1324 END
START -1836 4056 6524 10549 -687 1365 END
START -1732 4160 6512 10817 -688 1388 END
START -1676 4212 6768 11025 -696 1454 END
START -1584 4292 6984 11196 -652 1486 END
START -1488 4472 7076 11345 -635 1556 END
START -1592 4604 7100 11480 -612 1668 END
START -1552 4632 7236 11644 -599 1758 END
START -1488 4820 7536 11816 -618 1867 END
START -1308 4808 7516 11691 -592 1958 END
START -1440 4996 7836 12182 -617 2060 END
START -1388 5200 8004 12142 -558 2196 END
START -1700 5288 8324 12538 -589 2310 END
START -1692 5308 8600 12784 -633 2419 END
START -1700 5280 8724 13016 -683 2532 END
START -1804 5348 9012 13227 -715 2610 END
START -1764 5556 9180 13417 -800 2657 END
START -1780 5564 9392 13575 -920 2679 END
START -2020 5888 9692 13796 -1017 2686 END
START -1852 6064 10064 13968 -1146 2761 END
START -1996 6252 10280 14181 -1209 2881 END
START -1784 6536 10328 14413 -1253 3019 END
START -2020 6688 10448 14615 -1233 3137 END
START -2116 6940 10692 14802 -1181 3262 END
START -2356 7060 11044 15001 -1082 3341 END
START -2540 7060 11272 15159 -994 3356 END
START -2604 6816 11700 15312 -912 3273 END
START -2736 6688 12156 15511 -803 3200 END
START -2940 6796 12448 15633 -650 3051 END
START -2984 6728 12816 15790 -538 2858 END
START -3068 6844 13240 15874 -355 2674 END
START -3108 6960 13776 15960 -227 2451 END
START -3032 7124 14456 15969 -101 2300 END
START -2948 7148 14936 15968 47 2130 END
START -2680 7320 15212 15888 305 1992 END
START -2392 7496 15900 15767 514 1877 END
START -2304 7704 16256 15607 797 1853 END
START -1944 7980 16608 15311 1110 1852 END
START -1684 7892 16960 14985 1428 1898 END
START -1716 8168 17220 14592 1762 1986 END
START -1384 8080 17748 14222 2093 2098 END
START -1336 8116 18032 13838 2379 2249 END
START -1468 7992 18356 13493 2631 2426 END
START -1420 7824 18660 13236 2812 2547 END
START -1384 7604 18828 12903 3002 2667 END
START -1544 7560 19260 12775 3092 2858 END
START -1664 7372 19516 12634 3136 3039 END
START -1932 7180 20004 12623 3115 3283 END
START -2056 7076 20296 12661 2979 3441 END
START -2340 6976 20252 12623 2867 3569 END
START -2664 6780 20904 12665 2681 3766 END
START -3304 6416 21596 12841 2295 4078 END
START -3612 6328 21928 13184 1893 4370 END
START -3720 6300 22096 13535 1401 4515 END
START -3920 5936 22412 13842 909 4577 END
START -4200 5812 22524 14111 515 4629 END
START -4272 5612 22848 14304 194 4650 END
START -4388 5552 22896 14451 -151 4688 END
START -4528 5544 23296 14547 -316 4691 END
START -4440 5488 23776 14584 -434 4699 END
START -4512 5456 24152 14497 -427 4652 END
START -4720 5284 24432 14377 -446 4659 END
START -4596 5368 24644 14108 -384 4598 END
START -4440 5176 24960 13749 -257 4552 END
START -4636 4964 25372 13347 -77 4410 END
START -4544 4864 25644 12813 113 4312 END
START -4600 4532 26008 12232 379 4183 END
START -4520 4484 26448 11826 520 4026 END
START -4816 4300 26660 11436 773 3870 END
START -4920 4312 26728 10971 987 3731 END
START -5188 4340 27180 10509 1229 3638 END
START -5392 4180 27428 10102 1361 3580 END
START -5504 4092 27732 9722 1517 3547 END
START -5632 3928 28044 9349 1632 3557 END
START -5944 3676 28432 9015 1628 3491 END
START -5996 3568 28460 8674 1545 3462 END
START -6236 3336 28728 8334 1453 3377 END
START -6272 3272 28812 8044 1326 3283 END
START -6340 3176 29152 7772 1216 3175 END
START -6656 3128 29100 7458 1071 3080 END
START -6732 3056 29376 7186 951 2981 END
START -6924 2940 29344 6884 837 2844 END
START -7132 2820 29588 6573 687 2692 END
START -7164 2700 29812 6220 538 2528 END
START -7284 2720 29964 5856 403 2296 END
START -7260 2700 30072 5464 289 2110 END
START -7152 2548 30160 5048 164 1869 END
START -7300 2632 30460 4660 -13 1623 END
START -7104 2556 30572 4154 -205 1355 END
START -6956 2532 30740 3654 -410 1117 END
START -6752 2600 30732 3124 -530 879 END
START -6472 2676 30544 2614 -694 665 END
START -6156 2760 30316 2108 -806 455 END
START -6140 2876 30192 1528 -871 242 END
START -5920 3156 30004 1083 -964 134 END
START -5932 3368 29676 550 -1010 52 END
START -5672 3516 29612 138 -1070 0 END
START -5676 3556 29356 -257 -1156 34 END
START -5504 3508 29268 -624 -1161 0 END
START -5544 3540 29216 -935 -1203 -57 END
START -5552 3672 28728 -1287 -1270 -115 END
START -5672 3824 28660 -1637 -1373 -213 END
START -5668 3860 28636 -1975 -1449 -316 END
START -5708 3856 28436 -2313 -1582 -379 END
START -5576 3864 28008 -2642 -1671 -501 END
START -5512 4036 27804 -2955 -1754 -591 END
START -5328 3956 27368 -3287 -1786 -679 END
START -5196 4048 27168 -3687 -1813 -779 END
START -4908 4184 26884 -4070 -1797 -897 END
START -5032 4316 26652 -4468 -1715 -978 END
START -4756 4284 26128 -4858 -1587 -1060 END
START -4768 4396 25828 -5242 -1504 -1149 END
START -4664 4276 25556 -5609 -1374 -1235 END
START -4460 4404 25300 -5972 -1290 -1326 END
START -4564 4216 24960 -6265 -1223 -1412 END
START -4448 4288 24888 -6571 -1134 -1525 END
START -4372 4188 24440 -6859 -1099 -1647 END
START -4288 4132 24092 -7117 -1018 -1772 END
START -4252 4224 23944 -7401 -1064 -1916 END
START -3896 4236 23652 -7692 -1077 -2059 END
START -3864 4368 23280 -7910 -1092 -2180 END
START -3788 4388 22788 -8181 -1045 -2290 END
START -3680 4428 22584 -8366 -1028 -2347 END
START -3540 4488 22244 -8550 -963 -2402 END
START -3344 4548 22032 -8806 -978 -2500 END
START -3280 4516 21828 -9013 -971 -2549 END
START -3068 4544 21304 -9261 -997 -2593 END
START -2984 4740 21240 -9541 -1063 -2685 END
START -2984 5016 20808 -9807 -1103 -2709 END
START -2948 5204 20484 -10084 -1216 -2730 END
START -2740 5468 20060 -10277 -1287 -2726 END
START -2692 5560 19640 -10439 -1343 -2632 END
START -2476 5640 19248 -10576 -1342 -2516 END
START -2332 5832 18784 -10672 -1370 -2367 END
START -2252 5932 18388 -10788 -1357 -2208 END
START -2196 5916 17880 -10866 -1357 -2060 END
START -2052 5840 17636 -10985 -1321 -1893 END
START -1880 5756 17216 -11072 -1273 -1764 END
START -1804 5728 17000 -11101 -1239 -1674 END
START -1804 5736 16720 -11140 -1181 -1590 END
START -1864 5736 16496 -11120 -1154 -1474 END
START -1740 5628 16060 -11114 -1196 -1386 END
START -1628 5528 16024 -11039 -1229 -1286 END
START -1740 5500 15804 -10943 -1246 -1185 END
START -1700 5404 15608 -10862 -1300 -1118 END
START -1696 5416 15412 -10745 -1388 -1051 END
START -1740 5336 15196 -10668 -1464 -1001 END
START -1552 5400 14900 -10597 -1579 -1001 END
START -1508 5324 14632 -10491 -1597 -955 END
START -1444 5308 14440 -10401 -1634 -933 END
START -1492 5320 14172 -10307 -1671 -929 END
START -1304 5308 13932 -10251 -1591 -926 END
START -1208 5348 13544 -10230 -1578 -909 END
START -1160 5356 13320 -10187 -1497 -898 END
START -992 5456 13100 -10171 -1381 -875 END
START -868 5364 12856 -10200 -1276 -856 END
START -868 5356 12592 -10163 -1176 -818 END
START -508 5284 12296 -10138 -1021 -830 END
START -524 5328 11952 -10139 -852 -804 END
START -272 5384 12044 -10128 -686 -821 END
START -200 5428 11644 -10079 -575 -760 END
START -212 5484 11652 -10028 -432 -733 END
START -108 5624 11724 -9984 -330 -660 END
START -32 5632 11304 -9918 -271 -588 END
START 208 5736 11440 -9845 -231 -484 END
START 28 5708 11220 -9764 -242 -341 END
START 304 5736 11044 -9659 -278 -214 END
START 452 5820 10864 -9531 -312 -62 END
START 628 5772 10620 -9422 -331 111 END
START 648 5716 10392 -9284 -348 291 END
START 992 5640 10408 -9088 -352 491 END
START 956 5768 10236 -8884 -358 730 END
START 1032 5740 9956 -8679 -392 935 END
START 1052 5860 9860 -8477 -452 1171 END
START 1064 5896 9684 -8306 -500 1424 END
START 1172 5744 9524 -8036 -558 1680 END
START 1132 5672 9512 -7793 -589 1967 END
START 1172 5504 9188 -7562 -677 2220 END
START 1108 5532 9092 -7319 -685 2405 END
START 1072 5492 8788 -7066 -675 2620 END
START 996 5656 8768 -6813 -661 2788 END
START 860 5364 8540 -6564 -606 2936 END
START 852 5344 8440 -6309 -526 3069 END
START 692 5308 8524 -6037 -427 3247 END
START 656 5296 8448 -5829 -331 3390 END
START 320 5244 8464 -5576 -252 3492 END
START 252 5084 8796 -5363 -189 3633 END
START -64 4928 8908 -5178 -160 3669 END
START -200 4648 8716 -4978 -83 3729 END
START -488 4668 8800 -4859 -35 3700 END
START -688 4480 8740 -4672 -7 3623 END
START -724 4476 8824 -4527 105 3560 END
START -976 4232 8912 -4397 207 3459 END
START -996 4240 8864 -4249 326 3388 END
START -1080 4192 8956 -4136 436 3334 END
START -1148 4232 9000 -4046 563 3247 END
START -1432 4324 9140 -3920 653 3215 END
START -1676 4276 9292 -3844 712 3175 END
START -1556 4336 9252 -3760 855 3130 END
START -1668 4368 9392 -3592 991 3130 END
START -1660 4212 9400 -3539 1120 3154 END
START -1752 4240 9544 -3471 1284 3158 END
START -1808 4272 9780 -3396 1389 3210 END
START -1948 4228 9792 -3337 1498 3280 END
START -1936 4148 9868 -3335 1632 3271 END
START -2028 4120 10128 -3317 1771 3328 END
START -2220 4216 10204 -3271 1841 3406 END
START -2344 4244 10212 -3231 1881 3418 END
START -2640 4044 10460 -3173 1942 3513 END
START -2736 4076 10508 -3146 1924 3582 END
START -3032 4104 10468 -3047 1973 3704 END
START -3232 3956 10720 -2974 1946 3770 END
START -3552 3888 10896 -2822 1901 3876 END
START -3936 3728 11080 -2658 1829 3932 END
START -4292 3508 11284 -2526 1769 3986 END
START -4676 3376 11328 -2352 1643 4001 END
START -5084 3196 11416 -2177 1472 3972 END
START -5376 3148 11392 -2005 1374 3926 END
START -5756 3052 11396 -1832 1263 3887 END
START -6180 2840 11620 -1620 1140 3839 END
START -6460 2720 11692 -1449 1042 3725 END
START -6780 2532 11720 -1281 920 3635 END
START -7140 2404 11760 -1113 812 3550 END
START -7300 2120 11916 -951 717 3388 END
START -7504 2064 11888 -837 663 3235 END
START -7520 1884 12128 -692 588 2999 END
START -7800 1772 12148 -618 527 2806 END
START -7916 1644 12180 -537 527 2625 END
START -8072 1536 12292 -486 525 2405 END
START -8460 1468 12392 -448 499 2194 END
START -8616 1292 12532 -399 438 1974 END
START -8952 1232 12664 -338 333 1769 END
START -9024 932 12708 -283 295 1484 END
START -9256 840 12752 -213 205 1243 END
START -9332 772 12700 -211 193 1021 END
START -9360 664 12712 -145 186 725 END
START -9492 668 12648 -116 194 485 END
START -9588 668 12680 -85 231 278 END
START -9544 656 12384 -35 263 12 END
START -9724 524 12636 -2 300 -187 END
START -9688 512 12708 74 405 -350 END
START -9760 448 12580 100 410 -535 END
START -9732 372 12684 140 478 -727 END
START -9884 352 12588 185 492 -933 END
START -9920 252 12796 209 517 -1098 END
START -10100 148 12984 277 496 -1279 END
START -10204 68 13060 294 462 -1459 END
START -10344 -92 13020 368 380 -1648 END
START -10380 -224 13128 486 303 -1816 END
START -10656 -252 13128 537 256 -2026 END
START -10820 -272 13156 646 119 -2193 END
START -10936 -420 13288 789 58 -2399 END
START -11116 -500 13312 900 -65 -2622 END
START -11172 -540 13388 982 -132 -2866 END
START -11328 -584 13216 1123 -222 -3083 END
START -11340 -752 13400 1240 -272 -3359 END
START -11400 -864 13180 1360 -314 -3655 END
START -11552 -928 13268 1471 -372 -3972 END
START -11512 -888 13392 1567 -401 -4280 END
START -11512 -1056 13236 1597 -452 -4623 END
START -11544 -968 13340 1625 -447 -5014 END
START -11448 -952 13192 1643 -486 -5379 END
START -11472 -972 13120 1655 -454 -5768 END
START -11656 -944 13148 1686 -429 -6176 END
START -11624 -1020 13120 1767 -390 -6546 END
START -11744 -948 13124 1776 -382 -7026 END
START -11652 -984 12988 1812 -369 -7453 END
START -11692 -988 13140 1881 -364 -7884 END
START -11568 -952 13076 1935 -309 -8343 END
START -11232 -896 13136 2015 -351 -8809 END
START -11124 -648 13164 2074 -348 -9233 END
START -10956 -496 13296 2199 -425 -9666 END
START -10816 -356 13360 2311 -506 -10020 END
START -10488 -216 13140 2469 -675 -10394 END
START -10080 -60 13340 2617 -794 -10672 END
START -9872 224 13192 2779 -905 -10977 END
START -9332 436 12988 2887 -994 -11236 END
START -8980 752 12884 3034 -1040 -11438 END
START -8468 1104 12612 3101 -1025 -11589 END
START -7940 1332 12728 3222 -989 -11716 END
START -7516 1592 12612 3272 -953 -11801 END
START -6944 1744 12712 3334 -849 -11824 END
START -6628 1960 12788 3366 -723 -11851 END
START -6068 2128 12688 3388 -683 -11884 END
START -5652 2276 12664 3376 -547 -11885 END
START -5168 2376 12692 3374 -434 -11903 END
START -5040 2664 12712 3365 -349 -11842 END
START -4728 2720 12712 3412 -261 -11753 END
START -4372 2976 12968 3431 -209 -11696 END
START -4024 3044 12840 3524 -192 -11655 END
START -3608 3108 12944 3653 -136 -11562 END
START -3516 2932 12984 3824 -59 -11512 END
START -3012 3004 13152 4012 -52 -11442 END
START -2624 3056 13196 4221 26 -11394 END
START -2376 3296 13308 4370 24 -11364 END
START -2096 3540 13384 4526 23 -11330 END
START -1864 3664 13632 4659 -34 -11242 END
START -1540 3928 13548 4787 -55 -11148 END
START -1044 4084 13780 4956 -67 -11068 END
START -708 4256 13984 5086 -44 -10975 END
START -376 4544 13932 5205 11 -10809 END
START -124 4600 14160 5299 65 -10660 END
START 252 4928 14440 5379 96 -10463 END
START 508 5140 14572 5494 170 -10303 END
START 684 5244 15152 5574 212 -10057 END
START 996 5356 15668 5637 242 -9840 END
START 1056 5548 16132 5689 235 -9664 END
START 1208 5616 16740 5663 133 -9455 END
START 1356 5564 16936 5653 44 -9296 END
START 1488 5828 17304 5598 -60 -9136 END
START 1736 5864 17720 5499 -137 -9007 END
START 2028 5900 17952 5375 -199 -8898 END
START 2132 5980 18416 5185 -300 -8822 END
START 2356 6140 18544 5017 -318 -8710 END
START 2612 6192 18704 4788 -299 -8588 END
START 2896 6340 18892 4538 -248 -8474 END
START 3028 6500 19020 4229 -155 -8315 END
START 3220 6664 19064 3886 -74 -8168 END
START 3704 6736 19248 3557 96 -7964 END
START 3952 6812 19532 3208 239 -7786 END
START 4236 6968 19880 2849 405 -7629 END
START 4420 6912 19900 2448 536 -7396 END
START 4716 7104 20164 2058 673 -7109 END
START 4852 7172 20536 1630 716 -6831 END
START 4904 7108 20668 1268 763 -6536 END
START 5048 7200 20592 946 763 -6162 END
START 5144 7176 20748 601 689 -5760 END
START 5260 7332 20656 310 689 -5354 END
START 5316 7192 20644 110 585 -4916 END
START 5316 7084 20520 -112 498 -4537 END
START 5432 6892 20428 -229 425 -4119 END
START 5456 6664 20584 -332 313 -3749 END
START 5280 6512 20416 -335 229 -3377 END
START 5208 6348 20364 -394 14 -3047 END
START 4924 6220 20276 -360 -99 -2690 END
START 4828 6020 20388 -346 -256 -2354 END
START 4592 5828 20324 -349 -400 -2024 END
START 4492 5680 20244 -310 -550 -1749 END
START 4168 5568 20232 -321 -678 -1485 END
START 3908 5360 20124 -276 -812 -1253 END
START 3628 5000 20380 -227 -1041 -1064 END
START 3388 4792 20444 -155 -1281 -892 END
START 3204 4548 20660 -63 -1470 -767 END
START 3156 4376 20676 5 -1700 -628 END
START 3068 4280 20868 76 -1801 -506 END
START 3008 4172 20848 68 -1974 -418 END
START 2844 4044 20752 21 -2035 -325 END
START 2868 3992 21012 -70 -2076 -203 END
START 2968 3948 20956 -197 -2071 -72 END
START 2868 3840 20888 -392 -1943 38 END
START 3008 3692 20876 -650 -1861 172 END
START 2944 3576 20888 -887 -1650 235 END
START 2936 3448 20952 -1113 -1389 291 END
START 2916 3304 20992 -1413 -1140 386 END
START 2904 3228 21148 -1733 -822 460 END
START 2688 3272 21252 -2098 -534 552 END
START 2612 3176 21220 -2436 -282 622 END
START 2636 3100 21280 -2852 68 718 END
START 2656 3032 21476 -3259 387 822 END
START 2480 3004 21528 -3617 679 936 END
START 2288 2988 21684 -3995 963 1066 END
START 1992 2884 21872 -4334 1182 1149 END
START 1756 2880 22280 -4586 1317 1301 END
START 1340 2540 22356 -4833 1441 1475 END
START 1136 2416 22464 -5012 1454 1587 END
START 872 2264 22660 -5163 1441 1747 END
START 664 2060 22836 -5293 1381 1918 END
START 312 1748 22968 -5377 1291 2042 END
START 36 1656 23360 -5487 1119 2213 END
START -332 1572 23684 -5601 954 2388 END
START -656 1476 23792 -5722 739 2548 END
START -1240 1320 24028 -5800 465 2756 END
START -1408 1164 24124 -5882 238 2922 END
START -1736 844 24120 -5975 -24 3089 END
START -2072 712 24312 -6065 -299 3227 END
START -2340 572 24212 -6164 -472 3381 END
START -2688 356 24352 -6310 -666 3475 END
START -3080 84 24172 -6441 -859 3536 END
START -3476 -36 24384 -6645 -1030 3592 END
START -3748 -272 24312 -6848 -1197 3579 END
START -4016 -396 24288 -7045 -1345 3483 END
START -4272 -624 24228 -7263 -1473 3390 END
START -4564 -792 24060 -7448 -1577 3227 END
START -4668 -884 23736 -7645 -1670 3036 END
START -4868 -908 23668 -7837 -1704 2806 END
START -4872 -1012 23404 -8057 -1686 2567 END
START -4848 -1016 23084 -8295 -1623 2312 END
START -4964 -996 22892 -8527 -1526 2064 END
START -4880 -876 22784 -8733 -1386 1826 END
START -4912 -760 22752 -9044 -1263 1566 END
START -4920 -472 22448 -9309 -1056 1379 END
START -4836 -420 22272 -9588 -867 1198 END
START -4696 -288 22132 -9868 -709 1068 END
START -4780 -160 21956 -10147 -494 988 END
START -4712 -252 21848 -10420 -355 854 END
START -4768 -320 22112 -10678 -306 787 END
START -4664 -172 22112 -10912 -269 703 END
START -4864 -164 21916 -11140 -307 610 END
START -4896 -84 21700 -11313 -354 566 END
START -4972 -12 21428 -11488 -509 500 END
START -4856 8 21104 -11564 -575 453 END
START -5004 60 21008 -11699 -706 391 END
START -5060 -244 20692 -11760 -770 302 END
START -5088 -176 20528 -11771 -875 216 END
START -4960 -188 19996 -11886 -948 133 END
START -4956 -232 19648 -11908 -957 3 END
START -4944 -208 19496 -12016 -1013 -144 END
START -4916 -200 19224 -12139 -1042 -335 END
START -4896 -160 18900 -12249 -1047 -512 END
START -4884 -172 18884 -12399 -1129 -710 END
START -4904 -100 18356 -12506 -1117 -906 END
START -4788 -76 18084 -12631 -1156 -1051 END
START -4892 28 17752 -12722 -1186 -1225 END
START -4652 44 17464 -12812 -1216 -1371 END
START -4600 156 17172 -12899 -1315 -1518 END
START -4324 40 16808 -13041 -1338 -1593 END
START -4224 136 16276 -13155 -1340 -1727 END
START -4056 96 15876 -13244 -1369 -1815 END
START -3920 224 15460 -13333 -1331 -1918 END
START -3940 260 14888 -13369 -1300 -1989 END
START -3848 308 14404 -13394 -1266 -2051 END
START -4020 340 13928 -13329 -1217 -2065 END
START -3868 352 13632 -13259 -1188 -2142 END
START -3900 380 13208 -13121 -1174 -2200 END
START -3844 400 12952 -12954 -1215 -2271 END
START -3880 208 12676 -12747 -1240 -2310 END
START -3748 200 12428 -12565 -1372 -2426 END
START -3752 176 12056 -12328 -1429 -2490 END
START -3532 312 11796 -12149 -1574 -2564 END
START -3372 344 11396 -11942 -1678 -2634 END
START -3236 528 11300 -11787 -1817 -2650 END
START -3020 560 10876 -11611 -1925 -2688 END
START -2856 620 10520 -11469 -2075 -2667 END
START -2572 652 10088 -11305 -2157 -2598 END
START -2376 648 9816 -11156 -2219 -2561 END
START -2196 676 9452 -10965 -2276 -2547 END
START -2016 724 8888 -10777 -2322 -2474 END
START -1956 856 8752 -10535 -2370 -2439 END
START -1836 856 8504 -10276 -2397 -2340 END
START -1756 1012 8008 -10045 -2358 -2288 END
START -1468 1000 7804 -9747 -2329 -2160 END
START -1156 936 7668 -9483 -2288 -2041 END
START -1060 916 7384 -9273 -2178 -1918 END
START -1028 928 7188 -9064 -2118 -1758 END
START -940 1084 7064 -8926 -2039 -1668 END
START -760 996 6964 -8769 -1978 -1515 END
START -740 952 6772 -8641 -1921 -1358 END
START -484 984 6688 -8522 -1899 -1246 END
START -484 904 6532 -8361 -1861 -1130 END
START -496 876 6324 -8241 -1865 -1003 END
START -396 1068 6248 -8071 -1832 -841 END
START -436 1052 5888 -7949 -1807 -701 END
START -388 1068 5292 -7787 -1755 -561 END
START -388 1036 5096 -7635 -1686 -452 END
START -356 980 4688 -7489 -1601 -337 END
START -456 1020 4504 -7344 -1513 -285 END
START -496 816 4064 -7153 -1350 -214 END
START -544 840 3900 -6921 -1245 -214 END
START -484 716 3584 -6649 -999 -173 END
START -500 764 3064 -6384 -823 -193 END
START -592 584 2620 -6109 -587 -230 END
START -580 572 2436 -5812 -351 -287 END
START -624 512 2128 -5523 -97 -331 END
START -664 428 1840 -5267 168 -418 END
START -692 488 1624 -4950 449 -494 END
START -648 516 1500 -4666 727 -579 END
START -772 544 1252 -4310 1026 -650 END
START -896 448 1240 -4014 1256 -706 END
START -940 384 1284 -3652 1474 -749 END
START -888 444 1264 -3281 1651 -841 END
START -1036 352 1268 -2905 1851 -872 END
START -1116 260 1168 -2491 1948 -939 END
START -1112 276 1312 -2050 2052 -982 END
START -1184 312 1484 -1671 2093 -973 END
START -1220 188 1400 -1229 2160 -1005 END
START -1204 284 1504 -792 2160 -1001 END
START -1168 488 1664 -433 2136 -954 END
START -1184 548 1544 -24 2129 -927 END
START -1320 764 1720 328 2086 -823 END
START -1268 808 1808 705 2047 -723 END
START -1388 976 2128 1100 1926 -624 END
START -1292 964 2140 1500 1833 -509 END
START -1328 1044 2236 1890 1678 -372 END
START -1320 1088 2608 2281 1520 -244 END
START -1152 1088 2664 2608 1342 -92 END
START -1336 1276 2788 2971 1141 -28 END
START -1256 1404 2932 3305 932 149 END
START -1272 1492 2980 3645 729 316 END
START -1192 1524 3016 3945 556 428 END
START -1136 1496 2888 4300 459 622 END
START -1136 1640 2916 4602 378 730 END
START -1112 1536 2856 4941 353 887 END
START -1104 1728 2740 5212 327 975 END
START -1036 1700 2700 5489 395 1086 END
START -1024 1648 2744 5741 524 1171 END
START -1072 1564 2660 6019 625 1255 END
START -1168 1588 2576 6252 830 1313 END
START -1212 1596 2496 6487 1082 1386 END
START -1244 1772 2528 6703 1301 1396 END
START -1488 1696 2680 6995 1553 1448 END
START -1660 1552 2732 7317 1731 1438 END
START -1756 1552 2800 7592 1866 1458 END
START -1836 1496 2832 7896 2059 1425 END
START -1924 1544 2980 8269 2223 1378 END
START -1992 1348 3356 8617 2354 1280 END
START -2132 1292 3248 9005 2475 1271 END
START -2272 1356 3376 9368 2587 1178 END
START -2476 1428 3584 9739 2678 1096 END
START -2652 1620 3604 10125 2779 1008 END
START -2840 1524 3980 10503 2829 906 END
START -2872 1592 4144 10885 2870 848 END
START -2868 1764 4344 11259 2796 752 END
START -2852 1896 4644 11683 2788 687 END
START -2856 2016 4952 11942 2769 581 END
START -2748 2272 5064 12229 2715 597 END
START -2836 2548 5192 12550 2651 628 END
START -2636 2840 5580 12874 2601 675 END
START -2676 3016 5752 13170 2544 734 END
START -2704 3204 5940 13392 2490 823 END
START -2548 3352 6200 13630 2384 957 END
START -2548 3600 6292 13869 2288 1056 END
START -2504 3920 6692 14113 2156 1165 END
START -2608 4156 7000 14372 1947 1292 END
START -2504 4304 7352 14649 1748 1477 END
START -2452 4548 7184 14968 1462 1633 END
START -2368 4708 7332 15201 1155 1821 END
START -2452 5080 7404 15516 866 2043 END
START -2436 4728 7648 15829 499 2226 END
START -2404 4764 7444 16191 134 2483 END
START -2524 4800 7456 16586 -185 2726 END
START -2220 4920 7404 16985 -422 2943 END
START -2288 4768 7084 17387 -610 3098 END
START -2320 4724 7020 17836 -671 3209 END
START -2380 4556 6776 18266 -649 3261 END
START -2324 4508 6744 18657 -617 3338 END
START -2644 4580 6716 19038 -415 3318 END
START -2852 4756 6572 19383 -156 3238 END
START -3080 4772 6568 19770 104 3133 END
START -3436 4616 6952 20076 456 2954 END
START -3828 4604 7132 20451 800 2761 END
START -3804 4504 7732 20809 1104 2474 END
START -3868 4176 8168 21174 1431 2156 END
START -3816 4312 8884 21540 1692 1768 END
START -3976 4720 9636 21842 1928 1300 END
START -4164 5176 10592 22112 2060 966 END
START -4220 5748 11232 22368 2067 672 END
START -4436 6164 12316 22564 1961 489 END
START -4172 6336 12864 22780 1823 359 END
START -3844 6428 13704 22968 1721 320 END
START -3644 6596 14220 23094 1526 319 END
START -3432 6680 14844 23177 1380 332 END
START -3096 6844 15544 23135 1276 399 END
START -2992 7068 16152 23062 1159 513 END
START -2808 7308 16656 22914 1056 668 END
START -2892 7580 17152 22749 958 848 END
START -2924 7708 17672 22576 934 1016 END
START -2888 7764 18364 22462 833 1190 END
START -3088 7948 19032 22331 769 1330 END
START -3236 7900 19568 22218 624 1432 END
START -3172 7784 20352 22156 578 1481 END
START -3300 7956 20732 22020 567 1511 END
START -3280 8012 21320 21866 577 1505 END
START -3412 8264 22004 21609 629 1466 END
START -3408 8508 22800 21352 681 1385 END
START -3720 8672 23496 20887 743 1365 END
START -3800 8716 24244 20453 712 1325 END
START -3728 8708 24952 19950 706 1307 END
START -3952 8780 25720 19400 607 1246 END
START -4168 9104 26100 18858 535 1181 END
START -4028 9332 26612 18363 477 1075 END
START -4052 9500 27036 17766 479 1047 END
START -3892 9648 27308 17183 459 958 END
START -4236 9760 27340 16602 486 1112 END
START -4080 9844 27592 16078 590 1313 END
START -3868 9824 27692 15632 702 1557 END
START -3616 9564 27980 15241 769 1704 END
START -3340 9344 27716 14859 874 1754 END
START -3288 8976 27644 14482 1058 1716 END
START -3292 8620 27868 14134 1155 1701 END
START -3192 8292 27820 13728 1256 1681 END
START -3264 7952 27868 13299 1384 1596 END
START -3248 7812 27876 12911 1504 1549 END
START -3272 7716 27584 12409 1684 1420 END
START -3280 7552 27716 11909 1815 1347 END
START -3508 7564 27832 11844 1903 1293 END
START -3524 7576 27736 11268 1917 1250 END
START -3660 7472 27680 10880 2022 1233 END
START -3692 7404 27792 10437 2142 1201 END
START -3772 7288 27712 9967 2233 1192 END
START -3988 7136 27800 9488 2310 1212 END
START -4212 6952 27908 9071 2377 1183 END
START -4220 6768 28036 8637 2400 1163 END
START -4236 6572 28032 8266 2430 1170 END
START -4424 6360 28172 7915 2465 1164 END
START -4368 6164 28336 7594 2441 1192 END
START -4560 5992 28400 7218 2353 1209 END
START -4744 5768 28588 6901 2205 1256 END
START -4616 5584 28696 6576 1979 1283 END
START -4636 5364 28856 6318 1793 1290 END
START -4544 5180 28924 6032 1525 1250 END
START -4488 4980 29092 5864 1259 1223 END
START -4452 5008 28940 5692 961 1192 END
START -4320 4880 29020 5567 711 1153 END
START -4088 4928 28936 5395 536 1095 END
START -4096 4916 29096 5184 370 1046 END
START -3976 4924 29144 4976 224 991 END
START -3712 4760 29036 4677 94 975 END
START -3416 4816 29148 4358 41 953 END
START -3364 4904 28992 4008 32 879 END
START -3208 4892 29080 3646 59 800 END
START -3112 4860 29092 3218 53 711 END
START -3040 4836 29100 2785 115 676 END
START -2876 4924 29096 2360 96 569 END
START -2964 4948 29040 1929 80 448 END
START -2980 5128 29012 1539 93 354 END
START -2796 5156 28988 1080 120 240 END
START -2916 5352 28772 644 119 117 END
START -3024 5388 28696 186 134 6 END
START -2980 5512 28712 -246 121 -153 END
START -3176 5600 28500 -762 122 -305 END
START -3336 5704 28460 -1300 152 -462 END
START -3328 5936 28032 -1854 103 -671 END
START -3412 6172 27680 -2427 117 -869 END
START -3228 6328 27304 -2924 174 -1031 END
START -3304 6624 26936 -3460 264 -1281 END
START -3248 6948 26220 -4007 447 -1424 END
START -3340 7068 25960 -4529 625 -1576 END
START -3400 7316 25596 -5051 841 -1758 END
START -3380 7484 25136 -5538 1058 -1878 END
START -3488 7616 24696 -6006 1263 -2030 END
START -3648 7692 24604 -6450 1401 -2146 END
START -3612 7788 24120 -6856 1460 -2286 END
START -3540 7952 23724 -7193 1569 -2401 END
START -3696 8008 23252 -7557 1632 -2504 END
START -3704 8092 23192 -7802 1616 -2608 END
START -3672 8080 22860 -8092 1673 -2715 END
START -3660 8076 22616 -8373 1542 -2774 END
START -3632 8236 22316 -8621 1375 -2821 END
START -3576 8344 21904 -8909 1108 -2887 END