START -2900 -768 8480 -2418 1470 -221 END
START -952 444 8408 -2426 60 -436 END
START -956 -2352 52 -2181 315 -465 END
START 504 -1348 1572 -2007 -614 -560 END
START -2956 -1064 6124 -1733 -341 -726 END
START -4392 -728 7988 -1524 -881 -862 END
START -2920 -548 6212 -1234 -1343 -966 END
START -3792 -344 7400 -977 -1345 -1097 END
START -2792 -164 6348 -723 -1801 -1227 END
START -2208 -8 5728 -494 -2310 -1278 END
START -2636 60 6156 -288 -2431 -1358 END
START -2872 272 6236 -136 -2663 -1397 END
START -2280 492 5640 36 -2898 -1378 END
START -2328 624 5648 135 -2850 -1405 END
START -1764 888 4912 201 -2868 -1352 END
START -1256 1108 4208 266 -2809 -1330 END
START -984 1012 3852 240 -2613 -1237 END
START -812 888 3624 251 -2251 -1145 END
START -644 912 3052 275 -1961 -1021 END
START -496 884 2732 350 -1540 -902 END
START -168 680 2244 489 -893 -763 END
START 344 584 1864 666 -351 -581 END
START 464 552 1436 908 297 -427 END
START 520 444 1288 1229 956 -242 END
START 516 464 1108 1606 1578 -89 END
START 552 596 1152 2034 2216 49 END
START 340 628 1268 2462 2779 243 END
START 308 728 1168 2982 3208 425 END
START 236 916 1324 3508 3657 600 END
START 44 1080 1576 4070 4007 749 END
START -200 1192 1968 4657 4210 954 END
START -264 1072 2240 5279 4370 1111 END
START -460 1128 2600 5912 4353 1241 END
START -624 1248 2592 6513 4307 1314 END
START -780 1204 3100 7175 4208 1371 END
START -908 1144 3392 7831 4161 1405 END
START -1108 1272 3704 8520 4031 1471 END
START -1332 1188 3992 9160 3828 1514 END
START -1352 1208 4176 9753 3588 1511 END
START -1396 1236 4564 10350 3275 1486 END
START -1384 1248 4784 10874 2952 1440 END
START -1316 1288 5160 11328 2656 1358 END
START -1188 1408 5368 11789 2397 1273 END
START -1004 1432 5136 12164 2191 1194 END
START -840 1548 5144 12285 2080 1149 END
START -440 1936 5252 12684 2107 1182 END
START -316 2232 4912 12865 2284 1202 END
START -264 2576 5052 12962 2463 1294 END
START -252 2600 5128 13050 2693 1415 END
START -236 2696 5032 13060 2975 1565 END
START -176 2752 4952 13137 3330 1715 END
START -24 2684 4780 13185 3725 1928 END
START -56 2912 4924 13258 4165 2048 END
START -148 2904 5204 13376 4621 2266 END
START -228 2820 5164 13573 5052 2445 END
START -544 2800 5520 13820 5401 2637 END
START -688 2700 5764 14088 5701 2818 END
START -980 2712 5984 14384 5981 3003 END
START -1012 2436 6372 14729 6194 3142 END
START -1144 2272 6652 15103 6416 3278 END
START -1468 2236 7184 15496 6560 3322 END
START -1704 1980 7688 15849 6650 3437 END
START -2064 2044 8104 16244 6704 3461 END
START -2344 2192 8412 16564 6631 3496 END
START -2708 2112 9000 16837 6585 3554 END
START -2768 2220 9464 17162 6461 3566 END
START -2928 2136 9832 17350 6243 3516 END
START -3168 2128 10344 17570 6060 3458 END
START -3384 2036 10748 17780 5897 3414 END
START -3560 1980 11324 17953 5664 3322 END
START -3716 1916 11844 18178 5406 3281 END
START -3984 1964 12092 18337 5089 3168 END
START -3988 2092 12648 18501 4857 3103 END
START -3976 2092 13116 18709 4567 2986 END
START -4092 2104 13488 18863 4246 2819 END
START -4068 2128 13808 19004 3987 2655 END
START -3996 2220 13920 19233 3763 2527 END
START -3740 2340 14112 19402 3703 2336 END
START -3708 2452 14392 19613 3694 2214 END
START -3568 2512 14872 19780 3709 2081 END
START -3320 2532 15328 19965 3810 1989 END
START -3156 2612 15340 20175 3948 1931 END
START -2936 2856 15680 20360 4145 1870 END
START -2684 3204 15812 20411 4495 1869 END
START -2532 3408 16248 20488 4809 1884 END
START -2404 3516 16860 20482 5182 1966 END
START -2240 3556 17376 20445 5517 2068 END
START -2284 3508 17956 20349 5749 2156 END
START -2280 3460 18512 20193 6098 2313 END
START -2132 3520 19384 20061 6433 2497 END
START -2300 3676 19932 19787 6722 2680 END
START -2668 3744 20632 19554 6920 2869 END
START -3012 3872 21668 19245 7039 3086 END
START -3392 3792 22564 18942 7026 3272 END
START -3856 3736 23440 18666 6949 3437 END
START -4252 3692 24308 18399 6687 3588 END
START -4884 3592 25276 18167 6411 3717 END
START -5280 3296 26140 17900 5960 3830 END
START -5612 3048 26676 17689 5539 3812 END
START -5876 2684 27576 17484 5019 3810 END
START -6104 2352 28456 17258 4483 3717 END
START -6488 2028 29168 17084 3887 3607 END
START -7012 1740 29732 16978 3248 3453 END
START -7308 1468 30336 16873 2528 3358 END
START -7344 1472 30868 16704 1900 3222 END
START -7436 1304 31080 16526 1324 3079 END
START -7428 1136 31760 16317 730 2940 END
START -7504 968 31912 16226 224 2865 END
START -7448 848 32124 16019 -237 2669 END
START -7204 972 32268 15718 -652 2436 END
START -7048 936 32596 15346 -941 2225 END
START -6764 940 32732 14850 -1127 1983 END
START -6520 1200 32767 14217 -1193 1773 END
START -6208 1340 32767 13479 -1195 1581 END
START -5796 1464 32712 12478 -1034 1408 END
START -5600 1456 32767 11950 -807 1275 END
START -5464 1392 32767 10876 -473 1219 END
START -5400 1236 32767 9987 -119 1148 END
START -5240 1016 32767 9147 269 1121 END
START -5196 732 32767 8375 625 1118 END
START -5128 404 32767 7705 973 1095 END
START -5132 192 32767 6992 1349 1115 END
START -5064 -160 32767 6400 1679 1065 END
START -5316 -348 32767 5861 1930 1037 END
START -5420 -328 32767 5340 2055 983 END
START -5592 -388 32767 4849 2118 994 END
START -5876 -576 32767 4378 2074 953 END
START -6088 -696 32767 3887 1945 965 END
START -6188 -780 32767 3398 1663 930 END
START -6340 -800 32767 2880 1283 866 END
START -6468 -852 32767 2359 944 809 END
START -6636 -904 32767 1813 588 745 END
START -6612 -1068 32767 1255 206 584 END
START -6692 -968 32767 680 -153 434 END
START -6764 -972 32767 70 -478 319 END
START -6552 -940 32767 -552 -810 169 END
START -6488 -912 32767 -1227 -1053 37 END
START -6420 -740 32767 -1904 -1262 -46 END
START -6288 -756 32767 -2554 -1443 -158 END
START -6260 -664 32767 -3230 -1554 -259 END
START -6080 -700 32767 -3846 -1616 -361 END
START -6036 -592 32628 -4488 -1630 -471 END
START -5944 -520 32240 -5114 -1634 -533 END
START -5904 -328 31820 -5715 -1645 -600 END
START -6076 -584 31228 -6276 -1660 -632 END
START -6112 -596 30728 -6806 -1671 -699 END
START -6112 -688 30272 -7277 -1623 -776 END
START -6052 -632 29500 -7723 -1619 -843 END
START -6152 -660 29040 -8070 -1543 -957 END
START -6068 -732 28396 -8442 -1546 -1125 END
START -5980 -600 27956 -8800 -1458 -1266 END
START -5944 -688 27444 -9171 -1435 -1447 END
START -5964 -652 26776 -9527 -1432 -1593 END
START -5876 -632 26136 -9853 -1344 -1781 END
START -5680 -416 25788 -10211 -1294 -1947 END
START -5544 -368 25424 -10571 -1228 -2090 END
START -5432 4 24988 -10900 -1246 -2273 END
START -5288 124 24644 -11203 -1211 -2354 END
START -5068 384 24344 -11494 -1238 -2463 END
START -5028 456 23904 -11805 -1248 -2551 END
START -4820 668 23512 -12051 -1271 -2579 END
START -4700 964 23208 -12258 -1374 -2609 END
START -4588 1140 22840 -12501 -1515 -2567 END
START -4444 1360 22440 -12684 -1608 -2562 END
START -4304 1564 21988 -12872 -1790 -2495 END
START -4124 1644 21596 -12977 -1934 -2469 END
START -4052 1608 21036 -13092 -2059 -2379 END
START -3884 1660 20816 -13166 -2178 -2281 END
START -3804 1664 20248 -13215 -2268 -2180 END
START -3856 1664 19760 -13246 -2400 -2121 END
START -3920 1684 19412 -13261 -2536 -1987 END
START -3752 1648 18816 -13283 -2673 -1881 END
START -3648 1640 18240 -13286 -2692 -1790 END
START -3636 1612 18024 -13265 -2745 -1716 END
START -3588 1556 17428 -13239 -2757 -1651 END
START -3628 1468 16872 -13214 -2752 -1550 END
START -3712 1496 16488 -13201 -2673 -1514 END
START -3604 1360 16200 -13131 -2614 -1422 END
START -3680 1188 15924 -13103 -2467 -1403 END
START -3724 1252 15580 -13054 -2492 -1372 END
START -3896 1132 15428 -12969 -2410 -1345 END
START -3928 976 15228 -12896 -2434 -1367 END
START -4052 792 15012 -12816 -2400 -1378 END
START -4084 644 14968 -12767 -2338 -1394 END
START -4080 440 14444 -12670 -2315 -1438 END
START -4116 344 14300 -12595 -2278 -1541 END
START -4144 404 14320 -12513 -2261 -1618 END
START -4292 416 14264 -12476 -2232 -1717 END
START -4252 348 14196 -12374 -2289 -1847 END
START -4320 396 14308 -12332 -2403 -1988 END
START -4388 432 14192 -12292 -2522 -2142 END
START -4244 544 14156 -12287 -2670 -2287 END
START -4132 796 14092 -12181 -2836 -2403 END
START -3860 844 14044 -12142 -2981 -2534 END
START -3940 916 13796 -12111 -3144 -2604 END
START -3828 1116 13644 -12060 -3234 -2649 END
START -3760 1076 13312 -12018 -3398 -2705 END
START -3480 904 13060 -11943 -3473 -2749 END
START -3364 904 12712 -11790 -3592 -2773 END
START -3260 732 12548 -11721 -3693 -2783 END
START -2992 620 12348 -11532 -3695 -2812 END
START -2960 508 11820 -11403 -3677 -2828 END
START -2820 452 11788 -11229 -3687 -2841 END
START -2776 464 11568 -11085 -3705 -2818 END
START -2632 488 11340 -10938 -3686 -2801 END
START -2564 592 11088 -10743 -3673 -2827 END
START -2568 520 10768 -10607 -3637 -2848 END
START -2516 488 10488 -10431 -3579 -2806 END
START -2420 420 10336 -10257 -3448 -2792 END
START -2528 308 10008 -10095 -3344 -2765 END
START -2432 208 9804 -9960 -3193 -2750 END
START -2580 132 9816 -9804 -3048 -2719 END
START -2772 76 9444 -9632 -2853 -2718 END
START -2824 -80 9304 -9520 -2697 -2730 END
START -2816 -140 9104 -9365 -2492 -2732 END
START -2868 -320 9152 -9236 -2320 -2747 END
START -2816 -496 8680 -9129 -2062 -2794 END
START -2948 -536 8708 -9031 -1918 -2851 END
START -2972 -564 8524 -8947 -1711 -2930 END
START -3144 -860 8352 -8865 -1606 -2978 END
START -3168 -1020 8320 -8724 -1559 -3082 END
START -3192 -1228 8172 -8577 -1479 -3172 END
START -3380 -1436 8232 -8350 -1492 -3325 END
START -3440 -1504 8024 -8077 -1521 -3472 END
START -3736 -1700 8144 -7772 -1551 -3611 END
START -3760 -1664 8056 -7455 -1670 -3789 END
START -3788 -1704 7864 -7171 -1663 -3905 END
START -4032 -1788 7592 -6876 -1742 -4100 END
START -3984 -1972 7412 -6607 -1763 -4234 END
START -3980 -2240 7256 -6418 -1822 -4444 END
START -3984 -2360 7124 -6143 -1770 -4707 END
START -4096 -2124 6840 -5913 -1809 -4925 END
START -3924 -2108 6856 -5647 -1786 -5184 END
START -4068 -1972 6708 -5412 -1789 -5429 END
START -3896 -1804 6460 -5131 -1775 -5634 END
START -3912 -1588 6296 -4890 -1744 -5788 END
START -3520 -1496 5848 -4612 -1685 -5884 END
START -3440 -1496 5768 -4386 -1572 -5959 END
START -3316 -1376 5556 -4087 -1387 -6031 END
START -3140 -1360 5540 -3819 -1251 -6045 END
START -3080 -1344 5588 -3488 -1080 -6086 END
START -2840 -1292 5416 -3222 -893 -6092 END
START -2788 -1252 5188 -2975 -715 -6099 END
START -2592 -1084 5196 -2684 -530 -6079 END
START -2560 -996 5224 -2425 -407 -6063 END
START -2408 -888 5440 -2138 -292 -5977 END
START -2212 -828 5164 -1894 -165 -5922 END
START -1848 -916 5120 -1615 -24 -5852 END
START -1704 -948 5328 -1339 140 -5769 END
START -1620 -908 5240 -1053 317 -5690 END
START -1552 -664 5284 -775 453 -5611 END
START -1408 -612 5188 -438 588 -5540 END
START -1488 -468 5400 -229 615 -5482 END
START -1348 -416 5512 115 638 -5371 END
START -1272 -388 5536 353 615 -5295 END
START -1080 -452 5584 660 630 -5244 END
START -940 -340 5584 982 679 -5158 END
START -880 -268 5696 1271 683 -5082 END
START -728 -232 5692 1581 687 -5002 END
START -580 -288 5804 1869 691 -4957 END
START -496 -260 5836 2150 693 -4918 END
START -476 -180 6028 2462 651 -4896 END
START -384 -316 6128 2738 620 -4887 END
START -304 -328 6288 3019 593 -4884 END
START 20 -320 6376 3329 613 -4863 END
START 272 -196 6428 3565 649 -4887 END
START 468 -4 6676 3820 670 -4860 END
START 668 188 6660 4069 654 -4799 END
START 880 308 6872 4241 706 -4741 END
START 1016 284 6884 4449 682 -4652 END
START 1384 500 6944 4693 702 -4498 END
START 1620 484 6960 4933 745 -4358 END
START 1848 644 7188 5203 816 -4174 END
START 2032 832 7220 5525 905 -4000 END
START 2144 956 7212 5794 998 -3751 END
START 2356 1116 7460 6062 1096 -3517 END
START 2512 1148 7772 6317 1133 -3207 END
START 2644 1436 7876 6555 1257 -2913 END
START 2624 1740 7924 6759 1309 -2532 END
START 2744 1612 8164 6948 1386 -2213 END
START 2812 1660 8240 7143 1514 -1903 END
START 2868 1560 8440 7354 1683 -1593 END
START 2964 1480 8616 7537 1775 -1322 END
START 2844 1540 9012 7702 1927 -1041 END
START 2736 1544 9280 7853 2048 -734 END
START 2684 1616 9556 8011 2075 -472 END
START 2620 1560 9840 8127 2191 -224 END
START 2440 1472 10052 8272 2199 37 END
START 2104 1240 10376 8365 2199 275 END
START 2068 1152 10708 8464 2125 405 END
START 1760 884 10884 8572 2092 575 END
START 1568 748 11028 8643 2061 648 END
START 1368 512 11148 8766 2122 748 END
START 1232 504 11300 8828 2175 738 END
START 1096 540 11432 8843 2259 758 END
START 904 328 11424 8785 2309 736 END
START 848 376 11516 8747 2448 704 END
START 740 184 11648 8648 2563 638 END
START 528 156 11332 8564 2723 578 END
START 560 140 11328 8462 2956 495 END
START 580 180 11172 8370 3192 413 END
START 608 108 11124 8300 3544 326 END
START 500 252 11208 8264 3883 317 END
START 468 268 11504 8207 4174 281 END
START 556 340 11488 8213 4539 274 END
START 452 420 11780 8208 4797 320 END
START 328 540 11920 8239 5071 361 END
START 320 548 12076 8256 5262 412 END
START 160 564 12468 8293 5375 515 END
START 32 572 12548 8336 5414 598 END
START 20 648 12872 8373 5436 723 END
START -4 732 12992 8425 5458 875 END
START 44 848 13160 8477 5445 1013 END
START -20 648 13368 8515 5359 1218 END
START -136 484 13456 8569 5378 1413 END
START 8 572 13512 8637 5336 1728 END
START -20 572 13580 8643 5349 1954 END
START -152 520 13504 8648 5386 2248 END
START -320 568 13612 8686 5424 2532 END
START -444 636 13780 8652 5386 2825 END
START -764 480 13748 8645 5435 3052 END
START -936 368 13888 8623 5419 3258 END
START -1116 244 14024 8541 5346 3444 END
START -1380 36 14204 8455 5377 3508 END
START -1744 -408 14600 8434 5272 3577 END
START -2212 -572 14876 8404 5195 3670 END
START -2388 -832 15024 8417 4968 3711 END
START -2820 -1056 15164 8449 4796 3734 END
START -2984 -1100 15572 8452 4602 3738 END
START -3204 -1172 15688 8469 4454 3671 END
START -3600 -1400 16008 8571 4271 3527 END
START -3892 -1544 16108 8601 4029 3330 END
START -4216 -1868 16592 8731 3666 3077 END
START -4652 -2216 16920 8858 3352 2789 END
START -4888 -2344 17264 8988 3079 2431 END
START -5072 -2472 17524 9104 2790 2078 END
START -5268 -2332 17844 9196 2599 1783 END
START -5452 -2292 18232 9194 2513 1479 END
START -5748 -2316 18352 9210 2419 1245 END
START -5844 -2044 18724 9153 2434 1029 END
START -6028 -1900 19236 9013 2593 807 END
START -6320 -1780 19548 8799 2743 617 END
START -6512 -1600 20088 8528 2975 364 END
START -6652 -1544 20524 8216 3169 146 END
START -6768 -1568 21224 7830 3405 -139 END
START -6920 -1688 21660 7419 3524 -398 END
START -7132 -1640 22416 6983 3513 -718 END
START -7484 -1832 23288 6542 3465 -1042 END
START -7464 -1756 23772 6145 3270 -1382 END
START -7672 -1716 24276 5750 2986 -1726 END
START -7596 -1664 25052 5386 2580 -2055 END
START -7584 -1728 25608 5107 2064 -2422 END
START -7276 -1648 25780 4814 1596 -2785 END
START -7040 -1344 26428 4624 1022 -3066 END
START -6692 -1172 26792 4576 407 -3223 END
START -6208 -916 27220 4607 -245 -3338 END
START -5768 -520 27188 4595 -860 -3466 END
START -5436 -464 27144 4624 -1493 -3509 END
START -4852 -164 27424 4551 -2079 -3582 END
START -4312 -92 27420 4404 -2510 -3677 END
START -4040 -8 27372 4164 -3033 -3690 END
START -3488 48 27520 3810 -3329 -3728 END
START -2932 4 27292 3452 -3591 -3739 END
START -2628 56 27224 3071 -3722 -3758 END
START -2300 160 27152 2614 -3747 -3779 END
START -2024 176 26788 2145 -3675 -3737 END
START -1548 408 26500 1719 -3500 -3698 END
START -1212 560 26248 1278 -3151 -3616 END
START -876 644 25804 790 -2742 -3527 END
START -580 720 25724 302 -2253 -3405 END
START -360 808 25400 -196 -1737 -3274 END
START -128 1036 25232 -648 -1204 -3124 END
START -148 1140 25064 -1150 -686 -2928 END
START 136 1264 24728 -1598 -238 -2732 END
START 256 1300 24668 -2008 183 -2524 END
START 288 1328 24592 -2443 485 -2324 END
START 96 1296 24508 -2701 671 -2167 END
START -60 1308 24364 -2912 711 -1969 END
START -212 1360 24360 -3101 630 -1836 END
START -264 1348 24100 -3181 475 -1602 END
START -144 1496 23980 -3232 194 -1464 END
START -292 1336 23544 -3271 -57 -1252 END
START -160 1416 23180 -3241 -348 -1124 END
START -220 1340 22696 -3211 -675 -999 END
START -272 1240 22440 -3172 -1028 -879 END
START -256 1320 21984 -3126 -1436 -768 END
START -336 1348 21452 -3071 -1832 -689 END
START -308 1452 20736 -3026 -2185 -629 END
START -260 1424 20400 -3018 -2541 -522 END
START -72 1508 20012 -2941 -2813 -438 END
START 48 1624 19324 -2857 -3045 -358 END
START 228 1620 18900 -2800 -3297 -220 END
START 240 1636 18372 -2671 -3478 -99 END
START 300 1760 17976 -2566 -3569 93 END
START 368 1776 17604 -2483 -3620 191 END
START 144 1836 17072 -2390 -3670 415 END
START 88 2116 16668 -2306 -3683 548 END
START 172 2224 16452 -2184 -3673 729 END
START 92 2104 16164 -2151 -3632 877 END
START 72 2096 15972 -2127 -3575 1042 END
START -220 2120 15692 -2058 -3492 1193 END
START -324 2044 15636 -2068 -3398 1291 END
START -512 1944 15360 -2060 -3367 1447 END
START -692 1884 15148 -2044 -3358 1487 END
START -736 1832 15044 -2020 -3344 1558 END
START -880 1748 14824 -2067 -3289 1594 END
START -964 1688 14604 -2054 -3278 1599 END
START -868 1588 14516 -2051 -3197 1593 END
START -852 1488 14336 -2068 -3140 1601 END
START -924 1584 14052 -2037 -3067 1568 END
START -964 1548 13948 -1969 -2972 1589 END
START -1028 1620 13832 -1917 -2931 1591 END
START -1020 1576 13696 -1828 -2823 1631 END
START -980 1616 13496 -1736 -2733 1659 END
START -1148 1508 13384 -1626 -2645 1694 END
START -1160 1480 13180 -1467 -2631 1706 END
START -1044 1480 13380 -1256 -2619 1638 END
START -1044 1300 13116 -1018 -2606 1632 END