START -1504 -1168 14756 -3081 117 1681 END
START -1100 -448 15504 -2706 -1220 1354 END
START -1592 -2980 8844 -2108 -929 1233 END
START -1336 -2244 11120 -1653 -545 841 END
START -1536 -2160 11912 -1021 -88 364 END
START -1864 -2352 12004 -507 294 -84 END
START -2024 -2484 12252 -8 629 -613 END
START -1972 -2372 12440 439 963 -1049 END
START -1904 -2200 12384 819 1304 -1413 END
START -2196 -1860 12512 1082 1677 -1747 END
START -2224 -1584 12544 1284 1949 -1999 END
START -1828 -1440 12360 1405 2314 -2167 END
START -1324 -1180 12516 1472 2863 -2344 END
START -992 -1120 12680 1450 3295 -2490 END
START -840 -840 12888 1421 3872 -2671 END
START -496 -388 12932 1361 4333 -2758 END
START -412 76 13332 1239 4845 -2781 END
START -280 568 13660 1107 5253 -2759 END
START -300 760 14004 945 5693 -2572 END
START -64 856 14496 743 6000 -2385 END
START 96 896 14756 480 6248 -2101 END
START 100 1140 15124 160 6351 -1786 END
START 60 1456 15560 -215 6404 -1464 END
START -124 1648 15704 -556 6416 -1125 END
START -244 1776 15964 -921 6321 -728 END
START -388 1820 16132 -1224 6107 -438 END
START -628 2012 15968 -1466 5854 -15 END
START -808 1816 15832 -1671 5486 302 END
START -888 1536 15612 -1830 5110 632 END
START -1036 1168 15448 -1925 4772 955 END
START -1088 1008 15336 -1884 4363 1224 END
START -1460 836 15248 -1779 3940 1437 END
START -1788 416 15328 -1626 3407 1616 END
START -2132 216 15464 -1382 2798 1711 END
START -2448 -60 15400 -1221 2084 1749 END
START -2600 -320 15324 -952 1449 1826 END
START -2528 -516 15136 -784 874 1780 END
START -2332 -656 14808 -587 410 1779 END
START -2464 -956 14508 -391 129 1701 END
START -2316 -1152 13948 -256 -48 1619 END
START -2180 -1372 13728 -27 -21 1524 END
START -2040 -1708 13780 131 120 1397 END
START -2180 -1852 13836 312 232 1167 END
START -2316 -1668 13616 435 366 966 END
START -2224 -1580 13732 527 588 700 END
START -2212 -1408 13568 519 817 502 END
START -2468 -1184 13612 440 1070 268 END
START -2528 -1136 13480 380 1336 40 END
START -2644 -1112 13840 267 1582 -155 END
START -2480 -1296 14048 195 1794 -397 END
START -2460 -1412 14144 87 2011 -608 END
START -2432 -1480 14304 -22 2195 -902 END
START -2296 -1336 14776 -130 2382 -1133 END
START -2112 -1248 15008 -341 2435 -1360 END
START -2000 -820 15252 -571 2479 -1519 END
START -1916 -564 15332 -814 2453 -1604 END
START -1676 -328 15400 -1064 2360 -1568 END
START -1460 -180 15348 -1324 2287 -1495 END
START -1400 48 15368 -1572 2095 -1295 END
START -1376 272 15304 -1755 1913 -1073 END
START -1276 484 14884 -1803 1709 -761 END
START -1032 600 14632 -1805 1540 -450 END
START -968 504 14368 -1704 1345 -88 END
START -896 392 14328 -1582 1181 306 END
START -816 328 14160 -1371 987 699 END
START -888 148 14100 -1167 777 1063 END
START -1012 104 14124 -947 525 1375 END
START -1068 -36 14044 -778 232 1688 END
START -1420 -72 14140 -603 -61 1960 END
START -1468 -52 13992 -415 -407 2258 END
START -1488 -92 13916 -245 -677 2510 END
START -1548 -260 13624 -134 -953 2704 END
START -1688 -284 13476 18 -1045 2930 END
START -1832 -420 13032 147 -1104 3046 END
START -2016 -512 12816 222 -1100 3144 END
START -2340 -604 12408 286 -1055 3100 END
START -2620 -848 12216 345 -947 3050 END
START -2808 -892 12248 330 -867 2878 END
START -2924 -1160 12012 359 -717 2649 END
START -3196 -1272 11568 351 -560 2386 END
START -3456 -1428 11460 401 -334 1983 END
START -3492 -1620 11076 390 -117 1633 END
START -3464 -1760 10976 409 151 1161 END
START -3644 -1972 10624 470 399 679 END
START -3544 -1764 10576 457 653 217 END
START -3508 -1784 10400 482 868 -201 END
START -3428 -1584 10424 531 1077 -577 END
START -3388 -1356 10296 570 1315 -912 END
START -3228 -1108 9964 635 1596 -1195 END
START -3016 -880 9772 636 1898 -1421 END
START -2828 -772 9608 649 2215 -1652 END
START -2552 -696 9596 593 2603 -1857 END
START -2456 -396 9392 581 2912 -2051 END
START -2380 -168 9408 544 3184 -2171 END
START -2316 124 9524 537 3406 -2229 END
START -2116 432 9704 574 3448 -2229 END
START -2096 560 9844 589 3412 -2179 END
START -2184 820 9860 669 3251 -2069 END
START -2064 1124 9872 764 3019 -1899 END
START -1976 1424 9620 876 2727 -1660 END
START -1932 1576 9396 1009 2383 -1445 END
START -1696 1736 9308 1216 1916 -1185 END
START -1544 1856 8820 1473 1514 -869 END
START -1492 1980 8772 1784 1118 -585 END
START -1388 2240 8368 2142 713 -286 END
START -1228 2424 7856 2525 322 37 END
START -1156 2408 7612 2923 58 350 END
START -1104 2472 7212 3361 -213 654 END
START -1196 2552 6828 3761 -497 938 END
START -1184 2612 6500 4161 -673 1229 END
START -1212 2644 6000 4592 -754 1455 END
START -1256 2552 5760 4998 -813 1673 END
START -1384 2508 5548 5374 -777 1851 END
START -1536 2328 5572 5763 -751 1972 END
START -1696 2308 5368 6133 -711 2006 END
START -1772 2168 5236 6434 -549 1938 END
START -1812 2112 5392 6712 -458 1877 END
START -1872 2144 5392 6938 -314 1781 END
START -1988 2300 5348 7101 -175 1624 END
START -2072 2484 5236 7281 -57 1482 END
START -2204 2636 5304 7452 111 1389 END
START -2300 2900 5104 7658 257 1243 END
START -2292 2988 5108 7875 428 1129 END
START -2356 3056 5120 8109 589 1011 END
START -2332 3092 5128 8357 755 848 END
START -2192 3112 5340 8596 890 723 END
START -2212 3220 5440 8818 1127 559 END
START -1988 3232 5532 9055 1298 360 END
START -1864 3556 5620 9244 1499 188 END
START -1644 3672 5932 9477 1645 78 END
START -1444 3872 6152 9616 1806 -1 END
START -1232 4116 6360 9754 2011 -6 END
START -1256 4464 6604 9846 2211 7 END
START -988 4828 6772 9883 2327 45 END
START -872 4980 6992 9970 2450 176 END
START -656 5176 7372 9953 2521 321 END
START -480 5244 7500 9950 2576 485 END
START -408 5220 7636 9980 2546 719 END
START -428 5384 7812 10067 2462 986 END
START -440 5496 8052 10234 2277 1250 END
START -428 5456 8096 10454 2099 1543 END
START -580 5508 8232 10758 1909 1834 END
START -684 5524 8252 11119 1671 2122 END
START -944 5456 8136 11522 1491 2377 END
START -1028 5580 8152 12090 1208 2597 END
START -1116 5404 8216 12478 966 2811 END
START -1288 5452 8220 12891 808 2971 END
START -1600 5492 8368 13395 636 3064 END
START -1700 5472 8420 13805 579 3165 END
START -1736 5532 8556 14197 612 3234 END
START -1868 5556 8372 14547 674 3254 END
START -2064 5480 8600 14771 846 3265 END
START -2108 5644 8912 14945 976 3239 END
START -2280 5740 9352 15141 1146 3182 END
START -2536 5624 9948 15312 1269 3109 END
START -2740 5684 10612 15519 1411 3046 END
START -2856 5600 11140 15607 1547 2979 END
START -2896 5596 11636 15711 1591 2928 END
START -2960 5784 12252 15781 1660 2846 END
START -2988 5832 12844 15725 1662 2780 END
START -3068 5852 13340 15731 1652 2729 END
START -3164 5924 13892 15638 1633 2662 END
START -2960 5908 14468 15585 1662 2601 END
START -3000 5780 14784 15505 1669 2540 END
START -2896 5844 15368 15437 1655 2494 END
START -2872 5992 15780 15378 1644 2438 END
START -2736 6156 15796 15337 1645 2399 END
START -2700 6240 16160 15306 1590 2439 END
START -2644 6184 16492 15269 1594 2479 END
START -2656 6232 16532 15239 1593 2554 END
START -2516 6336 16940 15252 1558 2648 END
START -2584 6304 17304 15258 1597 2774 END
START -2512 6304 17816 15272 1581 2877 END
START -2624 6296 18152 15246 1559 3023 END
START -2880 6308 18664 15214 1472 3192 END
START -3088 6252 18992 15158 1385 3348 END
START -3204 6140 19540 15033 1270 3591 END
START -3568 6060 19948 14989 1066 3760 END
START -3780 5872 20356 14940 859 3931 END
START -4032 5680 20660 14889 684 4128 END
START -4328 5436 21276 14863 473 4228 END
START -4640 5184 21408 14784 264 4353 END
START -5056 5024 21992 14744 87 4385 END
START -5068 4928 22392 14747 -31 4452 END
START -5052 4748 22828 14655 -142 4420 END
START -5140 4712 23048 14513 -104 4346 END
START -5276 4472 23484 14336 -47 4261 END
START -5252 4168 23912 14157 128 4179 END
START -5420 4000 24648 13921 274 4099 END
START -5644 3736 25196 13688 374 3944 END
START -5704 3512 25928 13535 440 3741 END
START -5812 3120 26620 13224 434 3399 END
START -5916 3056 27312 12931 313 3088 END
START -5712 2928 27952 12586 131 2751 END
START -5652 3072 28516 12181 -103 2399 END
START -5500 3316 28768 11926 -322 2059 END
START -5484 3732 29136 11933 -598 1777 END
START -5224 3720 29800 11523 -783 1721 END
START -5120 3880 29988 11415 -1032 1686 END
START -4916 4276 30440 11332 -1207 1628 END
START -4872 4468 30824 11158 -1471 1545 END
START -4808 4744 31172 10964 -1673 1466 END
START -4844 4876 31668 10718 -1889 1400 END
START -4760 5016 32128 10408 -2128 1357 END
START -4908 5224 32492 10050 -2275 1345 END
START -4864 5552 32767 9671 -2423 1390 END
START -4940 5744 32767 9248 -2496 1455 END
START -4888 5888 32767 8726 -2532 1492 END
START -4968 5856 32767 8205 -2526 1517 END
START -4928 5756 32767 7544 -2418 1461 END
START -4884 5708 32767 6868 -2291 1420 END
START -4816 5636 32767 6107 -2070 1278 END
START -4848 5564 32767 5321 -1882 1161 END
START -4860 5460 32767 4454 -1611 997 END
START -4728 5452 32767 3564 -1409 823 END
START -4572 5316 32767 2691 -1095 607 END
START -4504 5268 32767 1774 -790 394 END
START -4276 5064 32767 824 -517 191 END
START -3952 5016 32767 -29 -71 12 END
START -3708 4916 32767 -898 275 -128 END
START -3740 4780 32767 -1748 667 -301 END
START -3604 4924 32767 -2480 1046 -424 END
START -3700 4912 32767 -3194 1297 -477 END
START -3724 4892 32767 -3803 1479 -553 END
START -3824 4876 32767 -4332 1514 -557 END
START -3780 4728 32672 -4804 1523 -570 END
START -3784 4728 32472 -5194 1471 -543 END
START -3796 4608 32404 -5531 1449 -526 END
START -3740 4460 31852 -5832 1342 -520 END
START -3876 4432 31604 -6114 1227 -427 END
START -3912 4432 31372 -6369 1138 -354 END
START -4064 4316 31164 -6575 987 -266 END
START -4204 4268 31088 -6769 807 -85 END
START -4408 4212 30916 -6994 641 27 END
START -4524 4160 30448 -7158 416 139 END
START -4740 4084 30460 -7348 186 272 END
START -5028 3992 30096 -7570 -98 292 END
START -5004 3752 29708 -7809 -310 335 END
START -5064 3568 29420 -8051 -489 306 END
START -5092 3508 29284 -8334 -649 268 END
START -5244 3232 28496 -8549 -713 189 END
START -5192 3152 28192 -8831 -700 110 END
START -5068 3048 27696 -9077 -641 -33 END
START -5004 3052 27120 -9339 -531 -209 END
START -5100 3108 26760 -9622 -336 -372 END
START -5108 3120 26208 -9931 -156 -578 END
START -4960 3112 25860 -10259 68 -817 END
START -4944 3260 25592 -10558 337 -995 END
START -4956 3212 25228 -10924 504 -1211 END
START -4848 3324 24792 -11265 714 -1406 END
START -4864 3444 24696 -11615 879 -1581 END
START -4780 3584 24216 -11914 1057 -1743 END
START -4652 3668 23840 -12201 1213 -1929 END
START -4452 3840 23432 -12476 1334 -2089 END
START -4468 3860 23004 -12799 1507 -2222 END
START -4536 4020 22572 -13064 1649 -2348 END
START -4412 3976 22300 -13296 1745 -2476 END
START -4456 3948 21972 -13525 1818 -2549 END
START -4480 4072 21660 -13743 1926 -2638 END
START -4432 4168 21320 -13883 1953 -2655 END
START -4560 4148 20908 -14027 1968 -2750 END
START -4436 4052 20704 -14155 2027 -2805 END
START -4656 4024 20336 -14244 1999 -2887 END
START -4572 3992 20096 -14282 1924 -2970 END
START -4704 3932 19928 -14324 1850 -3056 END
START -4956 4096 19596 -14325 1723 -3077 END
START -4884 4048 19204 -14352 1548 -3137 END
START -4856 4024 18904 -14338 1393 -3198 END
START -4884 4012 18652 -14329 1207 -3270 END
START -4964 3984 18204 -14272 984 -3321 END
START -4708 3872 17792 -14236 833 -3358 END
START -4676 3944 17376 -14223 682 -3468 END
START -4624 4008 17120 -14116 564 -3528 END
START -4548 3984 16668 -14032 437 -3584 END
START -4596 4064 16368 -13897 265 -3656 END
START -4480 4088 16156 -13780 72 -3735 END
START -4336 4008 15980 -13641 -112 -3802 END
START -3956 4136 15452 -13496 -192 -3905 END
START -3812 4160 15124 -13368 -272 -3969 END
START -3460 4364 14792 -13234 -244 -4046 END
START -3132 4676 14416 -13191 -184 -4031 END
START -2872 5084 14148 -13198 -81 -4019 END
START -2740 5396 13856 -13208 106 -3970 END
START -2516 5632 13432 -13332 313 -3861 END
START -2352 5816 13124 -13448 510 -3737 END
START -2140 5760 12848 -13627 685 -3662 END
START -2112 5872 12648 -13811 870 -3528 END
START -2020 5832 12480 -13985 1097 -3412 END
START -2116 5812 12052 -14133 1224 -3277 END
START -2064 5776 11520 -14240 1367 -3211 END
START -2200 5736 11232 -14214 1471 -3042 END
START -2676 5544 10928 -14108 1568 -2960 END
START -2504 5324 10440 -13972 1642 -2862 END
START -2772 5156 10104 -13733 1659 -2846 END
START -2940 5004 9992 -13441 1604 -2811 END
START -3068 4840 9516 -13117 1516 -2857 END
START -3072 4584 9452 -12761 1402 -2905 END
START -3104 4472 8940 -12415 1261 -2917 END
START -3028 4292 8776 -12066 1134 -2938 END
START -2936 4248 8584 -11686 961 -2986 END
START -2920 4212 8528 -11328 802 -2961 END
START -2948 4168 8300 -10961 574 -2942 END
START -2944 4116 8196 -10589 319 -2950 END
START -2884 4196 8048 -10245 0 -2952 END
START -2760 4084 7704 -9899 -223 -2924 END
START -2652 4116 7428 -9581 -454 -2937 END
START -2424 4084 6952 -9272 -701 -2895 END
START -2176 4024 6552 -8964 -876 -2836 END
START -2112 4012 6356 -8629 -890 -2850 END
START -1840 3756 6036 -8305 -973 -2804 END
START -1872 3492 5876 -8013 -933 -2797 END
START -1696 3432 5824 -7705 -927 -2755 END
START -1428 3444 5952 -7422 -924 -2746 END
START -1332 3384 5928 -7149 -847 -2767 END
START -1196 3480 5792 -6899 -753 -2772 END
START -1024 3596 5540 -6741 -702 -2727 END
START -844 3496 5348 -6597 -565 -2726 END
START -740 3676 5108 -6466 -372 -2662 END
START -680 3800 4956 -6313 -102 -2643 END
START -648 3800 4840 -6154 209 -2606 END
START -568 3900 4664 -5949 567 -2560 END
START -396 3912 4844 -5768 895 -2564 END
START -564 3776 4912 -5581 1225 -2562 END
START -632 3864 5004 -5387 1472 -2580 END
START -624 3928 5144 -5225 1695 -2586 END
START -728 3904 5488 -5087 1858 -2567 END
START -900 4016 5720 -4922 1944 -2474 END
START -1072 4008 5952 -4692 2003 -2393 END
START -1204 4116 6200 -4462 1928 -2263 END
START -1424 4072 6808 -4195 1794 -2150 END
START -1524 4140 7176 -3901 1570 -2041 END
START -1632 3968 7200 -3581 1337 -1905 END
START -1664 3916 7532 -3280 1013 -1808 END
START -1656 3828 7528 -2973 732 -1680 END
START -1580 3752 7660 -2687 426 -1565 END
START -1540 3508 7740 -2394 226 -1495 END
START -1324 3464 7916 -2141 -11 -1431 END
START -1244 3204 8004 -1881 -123 -1374 END
START -924 3180 8200 -1620 -278 -1306 END
START -844 3208 8356 -1395 -327 -1212 END
START -692 3136 8596 -1203 -459 -1125 END
START -600 3008 8960 -1066 -604 -1032 END
START -356 2976 9328 -947 -734 -891 END
START -44 2784 9656 -837 -909 -734 END
START 52 2720 9776 -726 -1092 -579 END
START 280 2692 9764 -593 -1342 -356 END
START 304 2604 9668 -452 -1475 -138 END
START 408 2532 9652 -271 -1576 141 END
START 636 2416 9712 -83 -1616 357 END
START 640 2380 9696 93 -1625 555 END
START 764 2252 9896 333 -1521 786 END
START 828 2140 10020 462 -1402 924 END
START 844 1888 10128 640 -1233 1041 END
START 780 1712 10264 712 -1034 1219 END
START 856 1568 10640 748 -786 1292 END
START 824 1420 11024 728 -571 1371 END
START 924 1196 11316 612 -355 1435 END
START 828 1160 11780 508 -113 1443 END
START 836 1012 12100 326 56 1427 END
START 828 892 12364 125 274 1414 END
START 864 848 12704 -47 463 1385 END
START 816 796 12864 -273 631 1346 END
START 792 808 13156 -413 729 1326 END
START 920 704 13196 -562 814 1324 END
START 860 708 13196 -661 886 1359 END
START 936 564 13328 -703 909 1418 END
START 828 456 13764 -686 931 1447 END
START 844 340 13804 -566 832 1478 END
START 796 324 14156 -395 731 1518 END
START 848 196 14444 -218 561 1492 END
START 760 -64 14576 39 340 1518 END
START 872 -12 14744 260 97 1497 END
START 884 0 15020 480 -187 1513 END
START 1116 -8 15220 668 -405 1486 END
START 1112 -72 15484 845 -695 1437 END
START 1268 28 15740 949 -955 1471 END
START 1452 156 16048 1039 -1223 1457 END
START 1636 284 16344 1066 -1548 1508 END
START 1964 404 16484 1098 -1766 1547 END
START 2320 672 16812 1115 -2043 1641 END
START 2272 716 16596 1064 -2198 1719 END
START 2660 956 16888 1032 -2382 1857 END
START 2996 1028 16936 981 -2534 1958 END
START 3164 1408 17084 915 -2587 2136 END
START 3300 1492 17056 821 -2697 2311 END
START 3652 1732 17224 757 -2732 2504 END
START 3912 1956 17060 630 -2732 2716 END
START 4068 2096 17384 488 -2716 2931 END
START 4420 2140 17472 357 -2667 3189 END
START 4332 2208 17536 200 -2657 3390 END
START 4484 2164 17500 25 -2550 3672 END
START 4528 2212 17444 -89 -2478 3886 END
START 4496 2276 17340 -262 -2369 4065 END
START 4548 2340 17344 -404 -2246 4246 END
START 4580 2440 17292 -544 -2115 4419 END
START 4544 2592 17244 -689 -1965 4543 END
START 4584 2672 17112 -825 -1867 4693 END
START 4448 2716 17260 -941 -1808 4806 END
START 4376 2808 17236 -1061 -1770 4964 END
START 4212 2960 17316 -1182 -1745 5096 END
START 4128 3192 17448 -1262 -1740 5253 END
START 4060 3136 17452 -1335 -1790 5447 END
START 3896 3164 17548 -1449 -1895 5619 END
START 3996 3248 17592 -1573 -1952 5853 END
START 3840 3224 17528 -1645 -2056 6064 END
START 3780 3352 17396 -1718 -2125 6337 END
START 3640 3368 17200 -1846 -2132 6621 END
START 3720 3592 17136 -1934 -2159 6882 END
START 3448 3576 17004 -2045 -2110 7205 END
START 3452 3604 16880 -2172 -2067 7534 END
START 3240 3624 16764 -2293 -2017 7869 END
START 3084 3624 16708 -2389 -1994 8240 END
START 2788 3580 16632 -2549 -1951 8606 END
START 2428 3540 16676 -2665 -1928 8974 END
START 2112 3504 16704 -2793 -1942 9392 END
START 1580 3392 16676 -2849 -1982 9728 END
START 1036 3384 16680 -2911 -2152 10166 END
START 612 3368 16500 -2948 -2259 10551 END
START -120 3164 16336 -2946 -2360 10870 END
START -608 3004 16264 -2959 -2479 11205 END
START -1296 2836 16080 -2909 -2564 11480 END
START -2000 2568 16028 -2890 -2765 11745 END
START -2724 2276 16040 -2793 -2922 11929 END
START -3476 2024 15848 -2707 -3110 12073 END
START -4180 1824 15876 -2599 -3221 12024 END
START -4916 1564 15828 -2501 -3499 12023 END
START -5600 1424 15808 -2436 -3695 12011 END
START -6104 1316 15624 -2364 -3833 11840 END
START -6768 1044 15136 -2283 -3909 11706 END
START -7164 800 14920 -2232 -3878 11497 END
START -7580 636 14608 -2174 -3690 11340 END
START -7960 484 14396 -2086 -3494 11090 END
START -8612 648 14280 -2038 -3254 10902 END
START -8472 312 14344 -2078 -2786 10711 END
START -8744 4 14376 -2162 -2463 10401 END
START -9452 48 14508 -2307 -2086 10116 END
START -10064 52 14508 -2423 -1693 9797 END
START -10444 -76 14728 -2606 -1403 9536 END
START -10968 -48 14984 -2801 -1119 9243 END
START -11520 -236 15080 -2976 -792 8920 END
START -11964 -268 15376 -3227 -560 8641 END
START -12292 -400 15276 -3467 -334 8300 END
START -12908 -532 15320 -3668 -175 7949 END
START -13320 -824 15328 -3878 -4 7598 END
START -13628 -936 15448 -3964 108 7251 END
START -14136 -1084 15256 -4064 191 6917 END
START -14572 -1372 15540 -4159 230 6533 END
START -14904 -1472 15560 -4276 178 6151 END
START -15232 -1780 15620 -4345 -11 5755 END
START -15488 -2232 15632 -4358 -159 5358 END
START -15672 -2540 15828 -4342 -459 4970 END
START -15680 -2872 15692 -4295 -804 4590 END
START -15888 -3172 15780 -4144 -1110 4201 END
START -15832 -3344 15424 -4011 -1432 3816 END
START -15908 -3560 15092 -3877 -1711 3437 END
START -15852 -3828 14728 -3726 -1931 3054 END
START -15856 -4048 14312 -3570 -2063 2695 END
START -15920 -4172 14028 -3450 -2174 2299 END
START -15812 -4348 13564 -3315 -2201 1877 END
START -15812 -4384 13300 -3115 -2191 1484 END
START -15684 -4512 12844 -2916 -2127 1064 END
START -15752 -4628 12668 -2677 -1983 663 END
START -15708 -4624 12516 -2438 -1840 247 END
START -15624 -4640 12316 -2177 -1724 -179 END
START -15660 -4680 12132 -1923 -1492 -613 END
START -15648 -4736 12224 -1633 -1333 -1066 END
START -15748 -4664 12364 -1409 -1179 -1535 END
START -15596 -4624 12684 -1163 -996 -1983 END
START -15608 -4516 12564 -974 -893 -2501 END
START -15368 -4344 12672 -898 -780 -2966 END
START -15300 -4444 12836 -793 -717 -3443 END
START -15088 -4064 12848 -726 -640 -3872 END
START -14736 -3832 12888 -672 -600 -4285 END
START -14564 -3504 12784 -595 -453 -4632 END
START -14192 -3392 12620 -518 -345 -4915 END
START -14120 -3164 12620 -484 -194 -5228 END
START -13684 -3056 12336 -370 16 -5440 END
START -13428 -2968 12448 -291 248 -5633 END
START -13352 -2792 12356 -183 507 -5833 END
START -13260 -2760 12448 -71 729 -6033 END
START -13140 -2692 12664 59 846 -6282 END
START -13240 -2716 12804 226 970 -6498 END
START -13024 -2668 12848 408 996 -6724 END
START -13048 -2532 13152 609 966 -6992 END
START -12920 -2392 13120 851 941 -7210 END
START -12776 -2428 13288 1037 862 -7457 END
START -12572 -2284 13360 1303 739 -7711 END
START -12284 -2328 13540 1511 616 -7949 END
START -12016 -2284 13664 1724 484 -8189 END
START -11828 -2156 13648 1908 425 -8406 END
START -11560 -2180 13604 2074 340 -8619 END
START -11220 -2168 13664 2205 313 -8835 END
START -10876 -1976 13512 2241 326 -9085 END
START -10512 -2000 13508 2301 355 -9306 END
START -10288 -1836 13388 2354 412 -9583 END
START -9988 -1768 13428 2401 512 -9813 END
START -9752 -1572 13412 2446 623 -10041 END
START -9304 -1404 13244 2516 704 -10305 END
START -9048 -1420 13316 2572 878 -10542 END
START -8800 -1232 13120 2659 1057 -10766 END
START -8316 -1192 12868 2702 1353 -10985 END
START -7864 -1112 12776 2756 1708 -11248 END
START -7612 -1072 12668 2785 2090 -11499 END
START -7556 -984 12652 2879 2462 -11744 END
START -7376 -936 12856 2923 2860 -11969 END
START -7060 -840 12956 2975 3099 -12173 END
START -6924 -800 13304 2996 3359 -12374 END
START -6740 -676 13516 2995 3417 -12588 END
START -6584 -612 13696 2970 3492 -12785 END
START -6224 -396 13928 2978 3513 -12989 END
START -5964 -356 14120 2965 3465 -13208 END
START -5632 -308 14192 2952 3387 -13368 END
START -5204 -248 14460 3026 3303 -13535 END
START -4928 -120 14464 3112 3163 -13675 END
START -4568 72 14456 3255 3047 -13784 END
START -4200 304 14396 3403 2880 -13888 END
START -3860 532 14528 3540 2844 -13927 END
START -3356 644 14420 3702 2727 -13928 END
START -2960 804 14588 3851 2661 -13883 END
START -2468 1016 14492 3991 2552 -13864 END
START -2064 1156 14480 4159 2477 -13736 END
START -1668 1388 14588 4242 2421 -13678 END
START -1296 1760 14600 4367 2350 -13493 END
START -1024 2064 14944 4445 2263 -13245 END
START -660 2448 15016 4429 2209 -12946 END
START -284 2716 15120 4430 2157 -12585 END
START -28 2668 15288 4407 2118 -12171 END
START 344 2640 15428 4333 2070 -11845 END
START 564 2652 15672 4299 2010 -11519 END
START 684 2512 16080 4191 1866 -11269 END
START 924 2408 16228 4119 1730 -11031 END
START 1084 2272 16292 4031 1573 -10812 END
START 1380 2292 16352 3931 1448 -10619 END
START 1484 2264 16428 3786 1297 -10395 END
START 1736 2212 16480 3641 1173 -10188 END
START 2020 2208 16344 3484 1074 -9985 END
START 2256 2016 16224 3341 1044 -9798 END
START 2400 1852 16372 3232 981 -9702 END
START 2652 1820 16140 3118 939 -9675 END
START 3068 1524 16296 3021 821 -9673 END
START 3228 1308 16280 2985 747 -9747 END
START 3584 1300 16448 2944 642 -9861 END
START 4024 1420 16240 2922 538 -9955 END
START 4268 1624 16280 2903 403 -10036 END
START 4772 1832 16216 2863 302 -10090 END
START 5292 2112 16196 2874 149 -10120 END
START 5768 2260 16152 2914 109 -10095 END
START 6132 2496 16228 2944 32 -10045 END
START 6608 2704 16288 2959 -39 -9942 END
START 7136 2944 16372 2992 -92 -9815 END
START 7576 3128 16484 3025 -178 -9605 END
START 8208 3376 16468 2983 -186 -9372 END
START 8656 3516 16728 2986 -199 -9112 END
START 9112 3924 16820 2961 -146 -8750 END
START 9652 4252 16956 2908 -54 -8353 END
START 9808 4508 17044 2777 63 -7914 END
START 10236 4808 16888 2580 241 -7410 END
START 10436 4920 17224 2416 412 -6851 END
START 10616 4836 17208 2173 604 -6282 END
START 10724 4720 17448 1985 735 -5769 END
START 10704 4500 17724 1809 845 -5207 END
START 10600 4188 18024 1656 913 -4762 END
START 10636 3984 18132 1468 957 -4328 END
START 10688 3844 18212 1273 949 -3968 END
START 10696 3796 18276 1091 923 -3588 END
START 10608 3872 18248 908 873 -3232 END
START 10488 3856 18200 748 808 -2865 END
START 10508 3900 18164 656 744 -2480 END
START 10436 3908 18076 569 688 -2111 END
START 10352 3996 17904 563 631 -1751 END
START 10352 3760 18080 577 495 -1341 END
START 10420 4060 17940 606 413 -952 END
START 10212 3988 18172 644 228 -585 END
START 10204 4072 18112 686 80 -168 END
START 10104 4236 18280 702 -101 234 END
START 10016 4284 18272 767 -289 691 END
START 10080 4296 18476 786 -469 1129 END
START 10028 4160 18416 783 -610 1598 END
START 9824 4088 18412 778 -792 2005 END
START 9756 4036 18420 736 -906 2398 END
START 9696 3960 18512 624 -944 2797 END
START 9484 3920 18440 540 -1009 3207 END
START 9296 3868 18504 373 -1023 3611 END
START 9120 3948 18272 224 -1005 4036 END
START 8884 3824 18268 60 -983 4455 END
START 8524 3536 18168 -110 -896 4834 END
START 8072 3384 18232 -258 -846 5180 END
START 7816 3192 18088 -358 -776 5533 END
START 7248 2988 17968 -471 -707 5770 END
START 6868 2820 18060 -597 -670 5979 END
START 6484 2544 18068 -711 -623 6151 END
START 6076 2408 17972 -814 -607 6289 END
START 5648 2328 18104 -975 -561 6406 END
START 5384 2152 17848 -1054 -537 6524 END
START 4948 2076 17788 -1201 -501 6650 END
START 4660 1928 17776 -1312 -455 6771 END
START 4256 1760 17712 -1462 -354 6888 END
START 3884 1608 17788 -1629 -283 6954 END
START 3536 1604 17748 -1778 -209 7029 END
START 3320 1432 17552 -1997 -81 7076 END
START 2876 1376 17652 -2190 1 7098 END
START 2672 1128 17796 -2377 94 7142 END
START 2420 1076 17676 -2544 195 7257 END
START 2008 972 17788 -2670 216 7326 END
START 1684 796 17732 -2836 242 7409 END
START 1332 840 18000 -2965 243 7501 END
START 988 636 17916 -3046 188 7610 END
START 656 580 18076 -3180 150 7720 END
START 664 600 18028 -3322 139 7860 END
START 280 508 18036 -3481 87 7987 END
START -168 268 18100 -3634 56 8103 END
START -476 304 18236 -3829 30 8212 END
START -828 292 18004 -4012 -72 8289 END
START -1192 152 18096 -4241 -98 8355 END
START -1532 52 18004 -4397 -160 8465 END
START -1956 -284 18164 -4558 -305 8483 END
START -2452 -372 18048 -4635 -422 8486 END
START -3004 -564 18000 -4735 -649 8519 END
START -3580 -748 17876 -4856 -779 8471 END
START -3932 -784 17588 -4904 -1016 8403 END
START -4104 -936 17648 -4992 -1158 8314 END
START -4364 -1020 17448 -5077 -1321 8145 END
START -4764 -1140 17216 -5206 -1499 7988 END
START -5032 -1068 17000 -5288 -1650 7895 END
START -5324 -1072 16632 -5320 -1752 7790 END
START -5480 -972 16432 -5274 -1819 7689 END
START -5784 -1044 16108 -5293 -1859 7583 END
START -6108 -1020 15856 -5203 -1918 7474 END
START -6324 -1436 15364 -5063 -1846 7358 END
START -6616 -1480 15072 -4995 -1898 7177 END
START -6880 -1596 14892 -4818 -1853 6978 END
START -7092 -1732 14660 -4670 -1816 6741 END
START -7260 -1752 14448 -4504 -1745 6492 END
START -7316 -1692 14056 -4342 -1621 6281 END
START -7556 -1832 13800 -4181 -1450 5995 END
START -7556 -1944 13596 -4050 -1267 5778 END
START -7596 -1928 13644 -3941 -1062 5543 END
START -7724 -2072 13396 -3811 -876 5282 END
START -7920 -2052 13360 -3715 -678 5053 END
START -7912 -2112 13316 -3648 -519 4796 END
START -8012 -2012 13200 -3594 -350 4547 END
START -8132 -1988 12972 -3532 -119 4267 END
START -8180 -2172 13092 -3482 42 4051 END
START -8228 -2216 12880 -3470 204 3783 END
START -8044 -2296 12712 -3474 405 3524 END
START -8048 -2252 12524 -3539 651 3256 END
START -8132 -2184 12404 -3576 901 2992 END
START -8096 -2240 12156 -3688 1210 2710 END
START -8076 -2304 12084 -3805 1453 2466 END
START -8108 -2272 11888 -3898 1767 2170 END
START -8160 -2272 11732 -4008 2025 1939 END
START -8068 -2316 11596 -4098 2262 1619 END
START -8320 -2184 11532 -4191 2445 1340 END
START -8332 -2268 11196 -4229 2586 1031 END
START -8356 -2076 10852 -4180 2709 740 END
START -8212 -2060 10716 -4096 2736 470 END
START -8184 -2068 10388 -3970 2710 251 END
START -8196 -1888 10280 -3716 2615 12 END
START -8108 -1852 10024 -3396 2503 -156 END
START -7880 -1816 9724 -3033 2388 -321 END
START -7724 -1772 9544 -2647 2221 -440 END
START -7548 -1688 9256 -2238 2107 -585 END
START -7408 -1568 9200 -1805 1900 -674 END
START -7236 -1404 9248 -1391 1647 -736 END
START -7128 -1324 9092 -975 1363 -772 END
START -7036 -1164 9268 -565 1056 -782 END
START -6720 -960 8988 -164 698 -764 END
START -6524 -816 8920 202 445 -760 END
START -6404 -668 8856 574 189 -693 END
START -6204 -540 8908 950 -91 -622 END
START -6068 -264 8660 1248 -349 -509 END
START -5768 -160 8564 1558 -507 -402 END
START -5656 -76 8260 1862 -690 -320 END
START -5484 76 8248 2104 -814 -244 END
START -5420 172 8092 2352 -855 -169 END
START -5208 296 7744 2563 -834 -112 END
START -4956 336 7488 2767 -697 -122 END
START -4756 428 7268 2895 -526 -111 END
START -4600 368 7176 3038 -251 -173 END
START -4504 360 7072 3110 -12 -240 END
START -4340 568 6888 3177 266 -333 END
START -4276 788 7032 3183 573 -440 END
START -4308 884 6924 3204 879 -527 END
START -4116 992 6880 3214 1138 -672 END
START -3912 1132 6888 3269 1467 -764 END
START -3836 1224 6720 3266 1808 -915 END
START -3696 1412 6700 3316 2115 -1006 END
START -3612 1544 6624 3339 2402 -1147 END
START -3536 1548 6636 3385 2666 -1287 END
START -3320 1692 6900 3404 2935 -1407 END
START -3216 1752 6740 3546 3119 -1504 END
START -3156 1824 6808 3651 3239 -1624 END
START -3124 1960 6896 3840 3379 -1701 END
START -3028 2156 7188 4020 3351 -1704 END
START -2920 2400 7060 4331 3353 -1699 END
START -2836 2628 7184 4546 3206 -1627 END
START -2760 2864 7156 4811 3079 -1563 END
START -2728 2932 7236 5102 2960 -1443 END
START -2648 3124 7448 5408 2761 -1294 END
START -2528 3348 7356 5737 2523 -1124 END
START -2608 3376 7552 6038 2294 -936 END
START -2664 3548 7692 6341 2029 -697 END
START -2560 3532 7916 6689 1695 -559 END
START -2472 3640 8084 6983 1406 -395 END
START -2588 3644 7952 7249 1090 -242 END
START -2536 3632 8052 7537 790 -62 END
START -2224 3616 8176 7764 584 84 END
START -2172 3716 7920 7958 441 185 END
START -1872 3836 7772 8148 393 282 END
START -1796 3844 7624 8250 388 372 END
START -1672 3976 7492 8349 468 473 END
START -1600 4048 7636 8444 574 571 END
START -1540 4076 7496 8478 710 644 END
START -1432 4128 7896 8577 851 716 END
START -1280 4136 7624 8692 1019 789 END
START -1272 4228 7380 8799 1235 830 END
START -1260 4192 7576 8957 1452 856 END
START -1120 4108 7528 9088 1702 858 END
START -1028 4032 7676 9313 1907 827 END
START -1124 4176 7760 9477 2042 779 END
START -1300 4196 8048 9705 2156 803 END
START -1172 4384 8180 9898 2192 830 END
START -1408 4460 8528 10110 2239 829 END
START -1556 4668 8668 10316 2243 914 END
START -1648 4848 8912 10534 2245 946 END
START -1732 4896 8964 10651 2215 970 END
START -1976 5104 9160 10813 2186 1000 END
START -1904 5112 9204 11041 2168 1049 END
START -1972 5168 9548 11324 2167 1091 END
START -1996 5000 9872 11541 2178 1167 END
START -2136 5112 10044 11903 2081 1230 END
START -2252 5020 10564 11822 1896 1324 END
START -2480 5140 10916 12101 1700 1448 END
START -2516 5296 11392 12124 1486 1518 END
START -2480 5236 11708 12240 1215 1653 END
START -2428 5308 11960 12551 996 1730 END
START -2344 5212 12332 12683 730 1830 END
START -2264 5140 12532 12824 529 1952 END
START -2256 5144 12804 12951 332 2084 END
START -2180 5164 13008 13064 134 2181 END
START -2196 4984 13056 13128 42 2278 END
START -2072 4996 13228 13166 -39 2361 END
START -2024 4912 13640 13248 -113 2436 END
START -2012 4764 13964 13321 -137 2502 END
START -2028 4864 14084 13391 -229 2577 END
START -1872 4956 14304 13387 -244 2679 END
START -1988 4784 14492 13454 -304 2741 END
START -1960 4888 14848 13454 -274 2821 END
START -1884 4868 14880 13453 -276 2879 END
START -2128 4776 14988 13379 -205 2907 END
START -2156 4756 15200 13342 -79 2952 END
START -2156 4780 15256 13263 129 2991 END
START -2400 4636 15516 13213 414 2976 END
START -2404 4392 15724 13120 738 2958 END
START -2536 4136 16132 13087 1071 2853 END
START -2504 4020 16512 13038 1343 2745 END
START -2728 3808 17076 12960 1623 2549 END
START -2916 3536 17788 12873 1820 2343 END
START -2960 3416 18132 12806 1919 2134 END
START -2952 3444 18484 12625 1988 1905 END
START -3304 3508 19056 12537 1972 1706 END
START -3344 3524 19580 12500 1917 1497 END
START -3536 3516 20120 12375 1807 1306 END
START -3600 3540 20552 12446 1637 1142 END
START -3468 3504 21148 12532 1436 980 END
START -3328 3692 21460 12168 1281 910 END
START -3068 3732 21816 12370 1116 759 END
START -3060 3988 22252 12191 953 756 END
START -2824 4068 22664 12033 819 768 END
START -2512 4252 22960 12025 719 768 END
START -2460 4308 23332 11975 633 836 END
START -2216 4372 23696 11781 603 914 END
START -2184 4460 24044 11539 577 1047 END
START -2312 4400 24456 11173 567 1185 END
START -2224 4376 24908 10886 525 1366 END
START -2344 4388 25484 10576 438 1518 END
START -2196 4448 25792 10198 406 1638 END
START -2036 4316 26176 9733 374 1688 END
START -2164 4264 26452 9279 383 1804 END
START -2124 4180 26728 8797 382 1932 END
START -2060 4072 26856 8371 501 2119 END
START -1980 4188 27132 7947 573 2266 END
START -2192 4064 27236 7536 648 2388 END
START -2360 3976 27600 7084 678 2481 END
START -2496 3924 27796 6651 717 2551 END
START -2804 3852 28056 6175 706 2580 END
START -3020 3752 28152 5773 605 2601 END
START -3444 3604 28188 5361 568 2596 END
START -3628 3548 28384 5017 422 2554 END
START -3836 3560 28436 4703 314 2500 END
START -3992 3528 28576 4419 164 2356 END
START -4028 3388 28540 4134 53 2298 END
START -4020 3468 28652 3857 -105 2124 END
START -4176 3444 28640 3601 -235 1997 END
START -4272 3456 28600 3280 -385 1834 END
START -4348 3440 28576 2950 -475 1694 END
START -4112 3452 28544 2605 -668 1441 END
START -4240 3512 28268 2202 -805 1290 END
START -3972 3496 28296 1860 -881 1035 END
START -3908 3600 28168 1434 -958 821 END
START -3668 3592 28060 1044 -1025 555 END
START -3364 3576 27872 663 -1017 374 END
START -3228 3708 27520 239 -1032 148 END
START -3024 3888 27380 -190 -1006 -57 END
START -2816 4032 27136 -640 -931 -235 END
START -2340 4224 26924 -1028 -886 -365 END
START -2336 4288 26888 -1412 -922 -518 END
START -1972 4464 26504 -1812 -884 -591 END
START -1652 4452 26188 -2156 -966 -691 END
START -1212 4652 25788 -2568 -1011 -793 END
START -896 4724 25552 -2909 -1068 -837 END
START -632 4932 25008 -3234 -1199 -844 END
START -204 5128 24820 -3519 -1287 -816 END
START 72 5352 24476 -3758 -1394 -760 END
START 324 5576 24224 -3995 -1483 -696 END
START 664 5716 23700 -4283 -1545 -606 END
START 1120 6064 23228 -4504 -1601 -500 END
START 1428 6220 22908 -4747 -1652 -376 END
START 1828 6452 22488 -4959 -1695 -200 END
START 2104 6684 21992 -5153 -1757 3 END
START 2516 6824 21580 -5356 -1729 195 END
START 3036 7036 21164 -5561 -1660 369 END
START 3280 7180 20756 -5729 -1587 554 END
START 3736 7532 20248 -5973 -1412 758 END
START 4100 7648 19864 -6205 -1256 983 END
START 4436 7832 19384 -6453 -1024 1226 END
START 4884 7968 19048 -6643 -798 1509 END
START 5212 8084 18576 -6882 -564 1790 END
START 5544 8084 18160 -6996 -338 2057 END
START 5876 8244 17824 -7185 -92 2307 END
START 6020 8256 17280 -7251 157 2587 END
START 6260 8400 17164 -7379 414 2846 END
START 6424 8404 16980 -7446 657 3182 END
START 6572 8440 16740 -7543 821 3554 END
START 6592 8592 16508 -7602 957 3923 END
START 6620 8668 16436 -7715 1049 4349 END
START 6772 8736 15968 -7791 1227 4827 END
START 6920 8860 15656 -7894 1331 5298 END
START 6996 8840 15376 -7992 1542 5781 END
START 7032 8820 15168 -8083 1717 6313 END
START 6980 8888 14936 -8142 1874 6852 END
START 6468 8884 14820 -8215 2053 7401 END
START 6416 8764 14620 -8229 2213 7930 END
START 6140 8744 14408 -8203 2263 8535 END
START 5732 8712 14268 -8169 2353 9036 END
START 5216 8696 14220 -8107 2358 9585 END
START 4776 8584 14192 -8011 2283 10066 END
START 4204 8496 14200 -7889 2254 10580 END
START 3632 8380 14020 -7799 2147 11008 END
START 3116 8184 14132 -7715 1991 11450 END
START 2564 8048 13884 -7630 1891 11836 END
START 2176 7872 13920 -7533 1733 12097 END
START 1600 7728 13648 -7409 1536 12431 END
START 1140 7696 13536 -7275 1439 12746 END
START 736 7552 13312 -7199 1339 12862 END
START 416 7412 13036 -7071 1291 12982 END
START -100 7336 12764 -6977 1301 13247 END
START -628 7204 12668 -6859 1395 13409 END
START -1164 7220 12772 -6768 1394 13630 END
START -1704 7112 12600 -6712 1464 13778 END
START -2292 7120 12528 -6646 1575 13973 END
START -2948 6908 12700 -6609 1695 14066 END
START -3500 6716 12724 -6598 1747 14217 END
START -4188 6492 12584 -6627 1796 14278 END
START -4780 6092 12872 -6631 1828 14297 END
START -5532 5980 12852 -6674 1808 14310 END
START -6124 5688 12872 -6651 1811 14232 END
START -6796 5344 12840 -6632 1753 14124 END
START -7444 5100 12708 -6580 1692 13986 END
START -8004 4784 12540 -6469 1654 13875 END
START -8736 4572 12440 -6375 1588 13627 END
START -9132 4348 12228 -6307 1551 13446 END
START -9704 4104 12100 -6181 1502 13216 END
START -10100 3880 11948 -6099 1510 12671 END
START -10488 3468 11900 -5933 1429 12598 END
START -10820 3224 11728 -5830 1452 12160 END
START -11240 3020 11560 -5699 1429 11803 END
START -11504 2708 11356 -5532 1458 11392 END
START -11732 2520 11192 -5370 1439 11022 END
START -12008 2500 11116 -5181 1464 10635 END
START -12208 2200 11100 -5027 1468 10272 END
START -12508 2188 11000 -4820 1474 9911 END
START -12772 2056 11024 -4596 1525 9575 END
START -13084 1920 10964 -4376 1493 9241 END
START -13536 1776 10932 -4109 1508 8929 END
START -13804 1776 11060 -3863 1475 8553 END
START -13972 1648 10936 -3620 1443 8228 END
START -14344 1540 11096 -3401 1408 7865 END
START -14520 1468 11236 -3221 1374 7474 END
START -14972 1208 11292 -3003 1355 7127 END
START -15440 1032 11564 -2845 1250 6775 END
START -16024 968 11764 -2627 1145 6392 END
START -16340 908 11828 -2469 1008 5939 END
START -16576 688 12024 -2303 852 5444 END
START -16936 456 12036 -2243 684 4920 END
START -17212 336 12064 -2169 532 4318 END
START -17352 224 12148 -2102 396 3728 END
START -17448 92 12052 -2008 290 3074 END
START -17576 20 12060 -1887 220 2469 END
START -17744 -48 12012 -1769 124 1844 END
START -17748 -120 11940 -1603 91 1205 END
START -17988 -104 12012 -1445 27 607 END
START -17912 -16 11868 -1255 -41 13 END
START -17952 -84 11952 -1075 -141 -634 END
START -17760 -120 12016 -870 -225 -1271 END
START -17588 -156 11972 -677 -334 -1896 END
START -17460 -204 12088 -528 -440 -2528 END
START -17308 -44 12144 -323 -543 -3145 END
START -16940 132 12128 -168 -675 -3694 END
START -16784 396 12140 27 -738 -4247 END
START -16704 480 12052 206 -866 -4806 END
START -16640 704 12104 359 -975 -5281 END
START -16500 656 12192 512 -1091 -5794 END
START -16476 740 12060 680 -1195 -6245 END
START -16220 640 12088 836 -1309 -6747 END
START -16000 684 12000 980 -1466 -7315 END
START -15992 716 11780 1184 -1532 -7852 END
START -15620 804 11632 1359 -1530 -8446 END
START -15348 1028 11496 1515 -1525 -9033 END
START -14964 1224 11112 1651 -1431 -9605 END
START -14708 1484 10788 1820 -1252 -10180 END
START -14468 1768 10564 1971 -988 -10682 END
START -14544 1920 10480 2165 -703 -11204 END
START -14456 1932 10432 2403 -361 -11771 END
START -14516 1876 10376 2698 -103 -12370 END
START -14572 1760 10656 3071 167 -13018 END
START -14300 1592 10980 3442 362 -13746 END
START -14244 1596 11140 3837 451 -14435 END
START -14012 1720 11536 4213 487 -15228 END
START -13568 1876 11736 4486 499 -15968 END
START -12964 2232 12328 4696 488 -16631 END
START -12612 2508 12832 4841 402 -17205 END
START -12304 2936 12928 4963 230 -17650 END
START -11732 3280 13244 5052 119 -18051 END
START -11328 3680 13280 5179 -86 -18314 END
START -11036 3892 13684 5335 -298 -18515 END
START -10688 4132 13828 5506 -644 -18654 END
START -10476 4160 13908 5707 -1016 -18787 END
START -10080 4292 14124 5949 -1489 -18886 END
START -9640 4232 14280 6207 -1948 -19026 END
START -8948 4384 14092 6458 -2371 -19092 END
START -8312 4696 13972 6675 -2702 -19142 END
START -7844 4908 13836 6795 -3000 -19145 END
START -7284 4952 13896 6903 -3291 -19110 END
START -6844 5204 13508 6984 -3412 -19020 END
START -6632 5312 13612 7001 -3537 -18932 END
START -6232 5268 13480 7034 -3643 -18904 END
START -6040 5380 13348 7058 -3691 -18883 END
START -5716 5348 13252 7140 -3757 -18900 END
START -5268 5420 12988 7166 -3680 -18945 END
START -4708 5580 13144 7226 -3576 -18997 END
START -4252 5604 13168 7262 -3400 -19030 END
START -3812 5804 13388 7285 -3221 -19058 END
START -3336 6156 13252 7142 -3053 -19042 END
START -2668 6384 13332 7049 -2807 -18977 END
START -2260 6480 13456 6871 -2524 -18930 END
START -1840 6576 13756 6700 -2298 -18829 END
START -1460 6676 13996 6505 -2150 -18708 END
START -984 6620 14192 6347 -2048 -18633 END
START -620 6756 14468 6214 -1944 -18584 END
START -272 6928 14632 6032 -1907 -18512 END
START 356 7124 14808 5833 -1939 -18421 END
START 504 7524 14944 5672 -1828 -18287 END
START 1404 7744 14760 5402 -1951 -18074 END
START 2128 7960 14776 5148 -2006 -17860 END
START 2652 8048 14636 4887 -2087 -17521 END
START 3068 8160 14768 4689 -2015 -17145 END
START 3744 8116 14824 4548 -1906 -16778 END
START 4324 7928 14476 4470 -1793 -16342 END
START 5060 7972 14592 4477 -1565 -15948 END
START 5692 8104 14692 4423 -1341 -15521 END
START 6208 8392 14820 4429 -1078 -15036 END
START 6604 8760 14984 4339 -757 -14500 END
START 6884 9224 15144 4192 -544 -13903 END
START 7084 9560 15152 3967 -383 -13267 END
START 7212 9912 15340 3715 -250 -12581 END
START 7448 10124 15336 3479 -161 -11827 END
START 7768 10360 15320 3261 -49 -11053 END
START 7892 10304 15496 3164 68 -10306 END
START 8116 10380 15432 3104 282 -9559 END
START 8108 10256 15636 3153 318 -8848 END
START 8180 10280 15992 3176 359 -8131 END
START 8108 10152 16204 3248 372 -7432 END
START 8020 10196 16324 3261 352 -6753 END
START 8056 10172 16404 3201 328 -6135 END
START 8044 10076 16420 3133 325 -5498 END
START 8112 10048 16592 3025 320 -4891 END
START 8044 10008 16384 2903 358 -4314 END
START 8016 9888 16580 2779 396 -3782 END
START 7888 9776 16540 2652 565 -3332 END
START 7824 9564 16604 2533 644 -2867 END
START 7688 9392 16916 2387 764 -2472 END
START 7364 9264 17096 2217 837 -2061 END
START 7156 9200 17156 1982 935 -1765 END
START 7048 9044 17308 1786 972 -1407 END
START 6784 8996 17412 1491 975 -1132 END
START 6508 8764 17540 1199 927 -827 END
START 6228 8732 17700 896 919 -528 END
START 6132 8760 17724 641 877 -237 END
START 5924 8580 17828 336 862 87 END
START 5696 8488 17896 72 784 419 END
START 5416 8392 17864 -209 690 705 END
START 4944 8384 17792 -441 604 1078 END
START 4692 8252 17968 -695 444 1365 END
START 4348 7948 17764 -908 327 1690 END
START 4088 7784 17524 -1103 208 1945 END
START 3716 7720 17448 -1271 118 2227 END
START 3428 7336 17512 -1422 -4 2488 END
START 3032 7000 17444 -1535 -115 2727 END
START 2668 6724 17388 -1675 -236 2908 END
START 2340 6388 17460 -1762 -393 3073 END
START 1912 6128 17368 -1862 -449 3251 END
START 1744 5832 17288 -1941 -544 3335 END
START 1640 5628 17340 -2009 -634 3391 END
START 1288 5288 17392 -2094 -735 3402 END
START 972 5032 17352 -2157 -808 3413 END
START 692 4936 17112 -2208 -869 3356 END
START 392 4668 17176 -2288 -940 3305 END
START 156 4436 17256 -2380 -961 3190 END
START -164 4324 17084 -2418 -987 3076 END
START -372 4016 17204 -2535 -1067 2971 END
START -444 3996 17172 -2619 -1054 2769 END
START -544 3908 17236 -2696 -1033 2591 END
START -676 3704 17344 -2792 -995 2429 END
START -1144 3640 17404 -2913 -988 2237 END
START -1424 3652 17360 -3045 -1036 2074 END
START -1724 3600 17208 -3169 -1054 1863 END