START -7716 524 8624 -5451 10040 2091 END
START -8312 788 9224 -5461 10340 1721 END
START -8804 1224 9768 -5418 10407 1422 END
START -9152 1720 9976 -5291 10100 1158 END
START -9180 2068 10748 -5099 9594 1038 END
START -9208 2328 11392 -4843 9092 994 END
START -9416 2280 11832 -4534 8387 1043 END
START -9536 2184 12432 -4196 7456 1204 END
START -9568 2036 12804 -3793 6443 1405 END
START -9884 1876 13152 -3335 5299 1624 END
START -9900 1636 13200 -2863 4241 1812 END
START -9980 1500 13052 -2369 3140 2035 END
START -9880 1272 12936 -1908 2274 2170 END
START -9892 1172 12548 -1467 1553 2329 END
START -9960 1052 12264 -1038 1035 2508 END
START -9932 856 11968 -740 647 2617 END
START -10180 632 11756 -568 412 2740 END
START -10400 424 11644 -508 314 2834 END
START -10744 212 11476 -480 273 2874 END
START -11076 -20 11204 -543 290 2828 END
START -11596 -172 11108 -627 420 2731 END
START -11992 -456 11056 -732 622 2574 END
START -12436 -716 10688 -826 816 2370 END
START -12824 -932 10756 -960 1097 2155 END
START -13176 -1128 10848 -1061 1438 1919 END
START -13440 -1288 10640 -1205 1710 1625 END
START -13944 -1460 10532 -1317 2046 1394 END
START -14168 -1540 10372 -1457 2296 1122 END
START -14544 -1872 10424 -1576 2500 835 END
START -14748 -2084 10608 -1678 2635 533 END
START -14864 -2308 10512 -1730 2692 231 END
START -14980 -2820 10536 -1729 2685 -139 END
START -15316 -3120 10540 -1661 2703 -519 END
START -15520 -3460 10512 -1495 2630 -988 END
START -15660 -3612 10412 -1300 2547 -1406 END
START -15980 -3728 10324 -1048 2380 -1892 END
START -16248 -3684 10624 -752 2144 -2372 END
START -16512 -3488 10508 -458 1802 -2853 END
START -16624 -3240 10496 -129 1443 -3291 END
START -16636 -3060 10604 142 1110 -3708 END
START -16508 -3148 10436 452 766 -4133 END
START -16376 -3216 10292 702 478 -4513 END
START -16200 -3276 10116 965 286 -4908 END
START -16136 -3256 9860 1225 162 -5284 END
START -16072 -3412 9744 1476 103 -5691 END
START -16144 -3376 9780 1784 9 -6154 END
START -16128 -3272 9688 2077 -40 -6610 END
START -16112 -3272 9588 2345 -116 -7132 END
START -15872 -3180 9696 2671 -185 -7622 END
START -15780 -3208 9676 2914 -251 -8067 END
START -15608 -3292 9576 3187 -231 -8571 END
START -15352 -3312 9436 3416 -184 -9049 END
START -15016 -3152 9316 3600 -58 -9595 END
START -14776 -3048 9060 3737 161 -10159 END
START -14328 -2748 8920 3873 390 -10719 END
START -14108 -2608 9024 3998 662 -11266 END
START -13840 -2416 9168 4150 911 -11807 END
START -13448 -2088 9416 4310 1151 -12348 END
START -13000 -1792 9788 4479 1370 -12793 END
START -12676 -1432 10392 4653 1467 -13206 END
START -12212 -1240 10756 4826 1531 -13589 END
START -11580 -1020 11308 4951 1477 -13978 END
START -11044 -988 11792 5074 1287 -14298 END
START -10548 -656 12348 5184 1045 -14612 END
START -9824 -316 12716 5285 759 -14905 END
START -9352 180 13088 5343 456 -15147 END
START -8564 584 13436 5395 126 -15294 END
START -8012 1120 13816 5422 -307 -15405 END
START -7392 1608 14080 5415 -712 -15416 END
START -6668 2052 14240 5392 -1176 -15318 END
START -6100 2596 14004 5349 -1515 -15176 END
START -5412 2816 13944 5325 -1848 -14936 END
START -4880 3088 13736 5327 -2121 -14718 END
START -4292 3392 13312 5338 -2216 -14419 END
START -3648 3500 13012 5365 -2225 -14195 END
START -2984 3708 12748 5393 -2045 -13915 END
START -2712 3788 12756 5400 -1796 -13683 END
START -2208 3880 12700 5412 -1511 -13429 END
START -1936 3840 12668 5375 -1199 -13212 END
START -1532 3676 12692 5390 -863 -12954 END
START -1136 3592 12732 5365 -457 -12766 END
START -664 3312 12852 5292 -47 -12583 END
START -536 3136 13180 5262 315 -12495 END
START -260 3052 13316 5223 689 -12467 END
START 172 3248 13300 5204 1085 -12471 END
START 496 3332 13312 5203 1557 -12432 END
START 912 3692 13384 5194 2047 -12417 END
START 1384 3756 13524 5165 2657 -12294 END
START 1772 3948 13704 5171 3162 -12118 END
START 1924 4088 14068 5146 3730 -11900 END
START 2200 4168 14344 5112 4243 -11661 END
START 2292 4084 14744 5018 4721 -11455 END
START 2396 3928 15204 4928 5120 -11307 END
START 2388 3964 15580 4790 5466 -11205 END
START 2360 4124 16144 4634 5714 -11182 END
START 2320 4084 16660 4497 5795 -11166 END
START 2180 4008 17448 4413 5675 -11193 END
START 2000 4128 18300 4357 5422 -11190 END
START 2088 4100 18780 4337 4899 -11192 END
START 2156 4120 19368 4413 4191 -11186 END
START 2400 4120 19584 4479 3397 -11196 END
START 2908 4108 19640 4621 2545 -11244 END
START 3628 4072 19344 4774 1826 -11267 END
START 4288 4236 19144 4916 1166 -11335 END
START 5040 4528 18748 5029 649 -11391 END
START 5888 4904 18524 5082 245 -11395 END
START 6532 5320 18204 5094 11 -11354 END
START 7548 6016 17892 5026 6 -11213 END
START 8576 6564 17528 4902 145 -11014 END
START 9544 7212 17000 4704 528 -10699 END
START 10624 7656 16584 4441 1087 -10306 END
START 11468 8188 16604 4120 1803 -9820 END
START 12244 8408 16620 3768 2619 -9294 END
START 13172 8616 16932 3328 3438 -8674 END
START 13568 8860 17116 2929 4277 -8011 END
START 13880 8972 17920 2512 4911 -7339 END
START 14148 9104 18472 2088 5404 -6607 END
START 14032 9044 19052 1706 5758 -5888 END
START 14212 9000 19564 1339 5891 -5089 END
START 14048 8800 20048 1072 5914 -4426 END
START 14224 8652 20636 815 5725 -3703 END
START 14192 8576 21068 628 5446 -2963 END
START 14000 8540 21340 496 5008 -2264 END
START 13788 8504 21404 385 4459 -1521 END
START 13680 8356 21412 340 3890 -810 END
START 13744 8176 21184 352 3363 -102 END
START 13836 8028 21004 418 2893 561 END
START 13704 7796 20584 464 2513 1188 END
START 13652 7584 20200 559 2286 1796 END
START 13580 7524 19880 603 2198 2331 END
START 13368 7168 19656 648 2230 2848 END
START 13160 6988 19728 646 2387 3353 END
START 12804 6996 19624 569 2552 3869 END
START 12452 6780 19812 392 2782 4373 END
START 11924 6696 20236 165 2931 4826 END
START 11708 6444 20556 -90 3084 5240 END
START 11192 6296 21112 -417 3167 5641 END
START 10704 6076 21280 -803 3161 6007 END
START 10328 5964 21744 -1185 3138 6442 END
START 9960 5620 22012 -1649 3058 6829 END
START 9620 5456 22400 -2078 2936 7187 END
START 9164 5168 22284 -2544 2745 7593 END
START 8872 5056 22432 -2932 2515 7920 END
START 8504 4924 22428 -3310 2215 8241 END
START 8112 4680 22340 -3641 1904 8565 END
START 7832 4576 22004 -3891 1645 8926 END
START 7568 4472 21928 -4111 1337 9245 END
START 7208 4344 21680 -4278 1032 9596 END
START 6904 4252 21480 -4466 750 10010 END
START 6596 4192 21092 -4662 499 10370 END
START 6520 4272 20908 -4815 245 10746 END
START 5908 4212 20708 -5031 -24 11140 END
START 5516 3960 20600 -5185 -268 11505 END
START 5096 3784 20416 -5327 -530 11862 END
START 4420 3400 20344 -5438 -845 12131 END
START 3856 3184 20304 -5453 -1120 12364 END
START 3272 2892 20340 -5435 -1392 12702 END
START 2800 2512 20296 -5377 -1699 12845 END
START 2128 2292 20316 -5288 -1935 12879 END
START 1564 2136 20348 -5220 -2150 12993 END
START 1064 1868 20160 -5171 -2356 13130 END
START 476 1620 20284 -5149 -2441 13155 END
START -84 1312 20228 -5211 -2553 12961 END
START -716 1148 20100 -5251 -2579 13061 END
START -1216 1004 20420 -5404 -2642 12775 END
START -1888 884 20472 -5502 -2751 12629 END
START -2464 404 20636 -5645 -2815 12448 END
START -2944 72 20860 -5828 -2970 12106 END
START -3376 -256 20888 -6002 -3068 11794 END
START -3752 -196 20776 -6201 -3168 11457 END
START -4124 -324 20764 -6429 -3231 11138 END
START -4504 -268 20668 -6681 -3330 10821 END
START -4756 -352 20312 -6955 -3370 10551 END
START -5196 -408 20080 -7200 -3429 10332 END
START -5400 -240 19884 -7444 -3472 10131 END
START -5764 -352 19908 -7709 -3490 9907 END
START -5940 -452 19448 -7925 -3500 9772 END
START -6176 -488 19076 -8115 -3505 9553 END
START -6564 -716 18776 -8299 -3547 9339 END
START -6688 -1100 18384 -8388 -3577 9078 END
START -7032 -1516 17976 -8503 -3678 8772 END
START -7176 -1704 17672 -8514 -3725 8441 END
START -7340 -1840 17156 -8462 -3840 8052 END
START -7372 -2120 16940 -8369 -3949 7682 END
START -7448 -2276 16860 -8259 -3972 7307 END
START -7644 -2356 16276 -8069 -4078 6944 END
START -7780 -2300 16196 -7924 -4141 6617 END
START -7764 -2220 15960 -7752 -4223 6298 END
START -7900 -2156 16068 -7618 -4303 5982 END
START -7960 -2128 15912 -7486 -4478 5731 END
START -7856 -1932 15688 -7372 -4693 5443 END
START -7888 -1928 15736 -7226 -4914 5214 END
START -7736 -1692 15492 -7100 -5094 4971 END
START -7596 -1584 15204 -6943 -5259 4814 END
START -7616 -1432 14860 -6777 -5388 4661 END
START -7432 -1344 14464 -6604 -5513 4556 END
START -7132 -1316 13848 -6451 -5508 4518 END
START -7064 -1336 13460 -6293 -5382 4438 END
START -6920 -1232 13172 -6165 -5266 4412 END
START -7028 -1180 12864 -6087 -5068 4405 END
START -7100 -1244 12492 -5973 -4877 4351 END
START -7124 -1232 12380 -5838 -4631 4291 END
START -7236 -1304 12184 -5723 -4403 4223 END
START -7388 -1356 12056 -5587 -4177 4160 END
START -7432 -1388 11760 -5546 -3949 4018 END
START -7496 -1384 11600 -5462 -3784 3867 END
START -7732 -1428 11472 -5450 -3613 3712 END
START -7612 -1612 11340 -5414 -3480 3532 END
START -7740 -1556 11264 -5360 -3432 3296 END
START -7884 -1600 11360 -5302 -3467 3140 END
START -7968 -1568 11012 -5205 -3580 2956 END
START -8056 -1580 10828 -5071 -3719 2792 END
START -8044 -1640 10392 -4896 -3872 2636 END
START -7984 -1592 10024 -4679 -3970 2476 END
START -7940 -1720 9508 -4415 -4045 2296 END
START -7868 -1820 8928 -4147 -4039 2065 END
START -7776 -1876 8516 -3884 -3943 1854 END
START -7616 -1772 7900 -3617 -3760 1643 END
START -7584 -1680 7508 -3380 -3513 1381 END
START -7380 -1564 7148 -3130 -3233 1126 END
START -7368 -1528 6996 -2937 -2995 895 END
START -7252 -1472 6524 -2758 -2702 646 END
START -7132 -1312 6240 -2579 -2401 452 END
START -6960 -1284 6200 -2387 -2132 236 END
START -6964 -1100 6264 -2196 -1882 33 END
START -6876 -1080 5992 -2045 -1663 -139 END
START -6704 -944 5892 -1792 -1452 -297 END
START -6508 -764 5584 -1598 -1245 -402 END
START -6208 -464 5424 -1381 -1068 -523 END
START -5972 -352 5488 -1187 -862 -632 END
START -5792 -160 5164 -977 -731 -713 END
START -5700 -40 5212 -811 -634 -727 END
START -5564 288 5020 -595 -538 -747 END
START -5328 376 5056 -401 -485 -759 END
START -5152 604 4944 -192 -499 -734 END
START -5080 720 5088 46 -622 -736 END
START -4912 864 4888 349 -690 -697 END
START -4720 1052 4864 653 -856 -678 END
START -4568 1224 4964 1026 -1049 -607 END
START -4424 1304 4780 1403 -1248 -476 END
START -4276 1224 4772 1799 -1443 -387 END
START -4224 1260 4652 2186 -1661 -292 END
START -4020 1480 4596 2592 -1852 -199 END
START -3880 1612 4460 2930 -2022 -110 END
START -3860 1848 4304 3298 -2190 6 END
START -3596 1984 4152 3606 -2262 61 END
START -3452 1992 4120 3894 -2284 139 END
START -3324 2156 3916 4149 -2234 224 END
START -3140 2208 3752 4299 -2064 322 END
START -2956 2388 3760 4443 -1831 409 END
START -2792 2496 3660 4533 -1580 460 END
START -2640 2548 3640 4609 -1295 517 END
START -2560 2476 3668 4670 -974 579 END
START -2632 2496 3584 4729 -656 588 END
START -2672 2248 3684 4744 -327 632 END
START -2488 2272 3808 4811 -10 606 END
START -2588 2224 3936 4863 270 577 END
START -2676 2256 3888 4935 530 563 END
START -2784 2312 4192 5020 805 503 END
START -2840 2400 4152 5188 1000 450 END
START -2976 2500 4060 5288 1235 455 END
START -2940 2480 4232 5462 1464 404 END
START -2980 2548 4300 5612 1645 403 END
START -2972 2496 4312 5787 1816 357 END
START -3036 2396 4544 5929 1990 325 END
START -3112 2420 4848 6134 2043 265 END
START -3120 2496 4988 6276 2126 252 END
START -3156 2612 5040 6489 2098 184 END
START -3112 2644 5244 6667 2017 158 END
START -3204 2760 5392 6910 1931 109 END
START -3088 2728 5552 7176 1759 113 END
START -3064 2692 5536 7420 1590 109 END
START -2912 2572 5600 7723 1436 130 END
START -2924 2444 5488 7978 1339 53 END
START -2644 2356 5296 8293 1217 10 END
START -2612 2220 5148 8552 1205 -57 END
START -2472 2372 5276 8865 1166 -195 END
START -2544 2444 5504 9183 1111 -333 END
START -2588 2684 5700 9461 1047 -463 END
START -2552 2880 5980 9753 893 -605 END
START -2452 3072 6280 10038 758 -751 END
START -2184 3188 6472 10339 666 -788 END
START -1764 3572 6484 10593 698 -786 END
START -1208 3928 6416 10826 899 -734 END
START -932 4336 6536 11034 1277 -606 END
START -740 4700 6700 11152 1722 -471 END
START -540 5012 7040 11237 2250 -243 END
START -580 5104 7612 11195 2779 -58 END
START -580 5236 8392 11145 3258 160 END
START -788 5408 8884 11024 3660 318 END
START -864 5664 9376 10882 4028 500 END
START -1028 5520 10164 10708 4283 668 END
START -1064 5480 10644 10589 4527 804 END
START -1096 5280 11088 10470 4683 955 END
START -992 5220 11528 10397 4828 1130 END
START -1104 5032 11788 10333 4977 1320 END
START -1180 5048 11752 10289 5026 1448 END
START -1040 5012 12028 10293 5143 1635 END
START -1208 4972 12300 10296 5220 1800 END
START -1360 4924 12508 10276 5224 1951 END
START -1588 4736 12596 10263 5180 2091 END
START -1784 4364 12688 10315 5132 2203 END
START -1992 4068 12808 10358 5097 2262 END
START -2228 3804 12888 10454 5052 2306 END
START -2400 3620 13056 10565 5064 2273 END
START -2748 3564 13248 10692 4972 2189 END
START -3224 3456 13684 10855 4806 2138 END
START -3540 3264 14040 11093 4509 2025 END
START -3760 3072 14624 11328 4169 1856 END
START -4040 2856 14880 11614 3803 1662 END
START -4412 2700 15260 12035 3407 1428 END
START -4500 2732 15816 12424 2973 1131 END
START -4744 2796 16220 12713 2550 863 END
START -4728 2880 16596 13079 2131 555 END
START -4828 3136 16992 13397 1708 282 END
START -4812 3420 17464 13659 1394 3 END
START -4492 3560 17856 13857 1116 -210 END
START -4392 3868 18344 13965 949 -430 END
START -3824 4304 18736 14009 803 -617 END
START -3664 4484 19012 13945 707 -752 END
START -3200 4836 19620 13755 676 -850 END
START -2752 5180 20004 13505 633 -876 END
START -2604 5628 20396 13195 619 -883 END
START -2004 5940 20692 12838 600 -771 END
START -1648 6308 20780 12515 682 -641 END
START -1196 6292 20952 11968 817 -467 END
START -556 6260 20752 11848 1067 -274 END
START -220 6188 20792 11406 1439 -8 END
START 36 6232 20792 11097 1774 275 END
START 172 6140 20796 10762 2170 545 END
START 204 6128 20804 10436 2561 864 END
START 132 6192 21080 10101 2941 1207 END
START -12 5940 21212 9835 3319 1536 END
START -308 5880 21280 9570 3661 1870 END
START -528 5624 21468 9363 4002 2166 END
START -956 5392 21616 9198 4385 2405 END
START -1344 5264 22108 8993 4705 2605 END
START -2048 4880 22260 8897 5035 2784 END
START -2232 4748 22640 8763 5192 2874 END
START -2988 4568 23156 8654 5302 2863 END
START -3740 4196 24024 8565 5222 2860 END
START -4500 4048 24644 8422 5037 2755 END
START -5032 3828 25136 8214 4750 2548 END
START -5708 3644 25720 8015 4352 2251 END
START -6052 3280 26400 7929 3901 1987 END
START -6408 3188 26512 7857 3350 1671 END
START -6568 3088 26812 7808 2755 1318 END
START -6588 2992 26860 7774 2167 959 END
START -6580 3068 26580 7705 1601 510 END
START -6584 2904 26476 7568 1042 104 END
START -6424 2900 26432 7456 504 -298 END
START -6320 2984 26172 7306 5 -659 END
START -5948 3088 25860 7181 -504 -1017 END
START -5608 3100 25520 7075 -922 -1374 END
START -5304 3232 25280 6968 -1255 -1727 END
START -4852 3332 24876 6868 -1503 -2072 END
START -4424 3500 24880 6763 -1752 -2370 END
START -3920 3700 24652 6605 -1957 -2609 END
START -3128 4128 24340 6425 -2060 -2781 END
START -2496 4668 24008 6160 -2026 -2886 END
START -1760 5136 23736 5880 -1819 -2913 END
START -1068 5628 23380 5566 -1574 -2817 END
START -332 6096 23328 5171 -1179 -2693 END
START 152 6432 23004 4759 -703 -2439 END
START 504 6580 23036 4324 -198 -2153 END
START 876 6896 23116 3855 385 -1826 END
START 1124 7068 23252 3405 911 -1474 END
START 1404 7212 23200 2934 1460 -1120 END
START 1328 7196 23520 2486 1899 -720 END
START 1272 7292 23696 2049 2280 -381 END
START 1208 7232 23864 1670 2507 -66 END
START 1080 7220 24088 1352 2640 206 END
START 988 7064 24168 1093 2627 437 END
START 764 6992 24440 883 2556 641 END
START 784 6948 24696 789 2371 823 END
START 640 6900 24764 694 2123 1004 END
START 572 6984 24752 645 1792 1167 END
START 660 6876 24628 599 1441 1305 END
START 624 6944 24588 603 1073 1418 END
START 744 6964 24648 529 716 1547 END
START 900 7156 24440 498 437 1660 END
START 900 7328 24592 407 51 1781 END
START 1024 7448 24260 325 -308 1941 END
START 1248 7392 24160 200 -577 2012 END
START 1352 7516 23824 87 -895 2158 END
START 1648 7448 23536 -40 -1108 2276 END
START 1872 7472 23264 -192 -1328 2377 END
START 2152 7448 23120 -320 -1526 2492 END
START 2444 7460 23088 -479 -1708 2599 END
START 2840 7524 22644 -629 -1868 2705 END
START 3360 7700 22408 -804 -1945 2868 END
START 3680 7876 22012 -965 -1982 3019 END
START 3836 8116 21648 -1154 -1946 3216 END
START 4372 8256 21460 -1358 -1848 3416 END
START 4892 8532 21052 -1633 -1675 3666 END
START 5436 8568 20616 -1868 -1360 3965 END
START 5876 8748 20176 -2121 -1007 4360 END
START 6480 9176 20024 -2415 -506 4797 END
START 6860 9380 19608 -2742 94 5264 END
START 6920 9744 19636 -3084 652 5840 END
START 6824 10016 19720 -3445 1195 6550 END
START 6876 10412 19760 -3790 1654 7269 END
START 6760 10416 19912 -4146 2083 7945 END
START 6512 10244 19824 -4573 2415 8609 END
START 6296 10016 19932 -4920 2633 9152 END
START 5896 9648 19916 -5224 2741 9665 END
START 5496 9568 19956 -5515 2668 10130 END
START 5288 9572 19864 -5762 2588 10602 END
START 5012 9516 19912 -6011 2423 11003 END
START 4676 9484 19800 -6209 2210 11423 END
START 4452 9400 19712 -6371 1971 11786 END
START 4248 9336 19284 -6516 1636 12108 END
START 3872 9156 18964 -6624 1315 12369 END
START 3736 9160 18716 -6621 1031 12744 END
START 3748 8920 18148 -6602 759 12911 END
START 3540 8716 17616 -6603 595 13014 END
START 3292 8772 17360 -6508 397 13264 END
START 2972 8596 16996 -6436 293 13428 END
START 2680 8564 16744 -6311 115 13679 END
START 2548 8496 16720 -6154 28 13845 END
START 2020 8464 16388 -6057 -83 14040 END
START 1908 8364 16168 -5912 -189 14218 END
START 1644 8280 15752 -5779 -145 14375 END
START 1324 8256 15752 -5693 -115 14535 END
START 1136 8084 15496 -5647 -11 14662 END
START 832 7892 15140 -5695 75 14695 END
START 564 7744 15412 -5766 209 14768 END
START 200 7752 15056 -5886 329 14735 END
START -88 7460 14832 -6022 438 14725 END
START -388 7336 14752 -6221 594 14637 END
START -628 7036 14568 -6373 769 14545 END
START -904 7028 14388 -6554 918 14474 END
START -1208 6836 14132 -6708 985 14372 END
START -1320 6804 13744 -6849 1095 14276 END
START -1628 6736 13448 -6969 1178 14191 END
START -1868 6740 13232 -7055 1258 14091 END
START -2244 6632 12904 -7097 1330 13988 END
START -2644 6564 12652 -7091 1398 13879 END
START -2964 6324 12292 -7039 1433 13720 END
START -3152 6468 11892 -6956 1555 13579 END
START -3280 6292 11416 -6840 1716 13428 END
START -3636 6384 11108 -6746 1958 13330 END
START -3880 6468 10928 -6570 2287 13220 END
START -4484 6732 10816 -6420 2566 13075 END
START -4856 6928 10980 -6248 2786 13131 END
START -5468 6856 11480 -6055 2903 13093 END
START -5868 6864 11732 -5890 2917 12975 END
START -6492 6808 12164 -5719 2868 13046 END
START -6784 6580 12344 -5558 2686 12923 END
START -7360 6436 12708 -5377 2420 12724 END
START -7628 6296 12960 -5200 2146 12690 END
START -8104 6252 13344 -5003 1764 12647 END
START -8580 6060 13400 -4825 1369 12546 END
START -9108 5796 13556 -4661 934 12283 END
START -9476 5612 13744 -4515 428 12139 END
START -9932 5368 13456 -4398 -16 11982 END
START -10212 5132 13444 -4310 -477 11777 END
START -10648 4608 13044 -4201 -940 11533 END
START -10940 4356 12696 -4123 -1370 11257 END
START -11348 4020 12436 -4005 -1781 10960 END
START -11628 3812 11844 -3902 -2191 10623 END
START -11752 3648 11252 -3757 -2457 10256 END
START -11956 3388 10600 -3544 -2562 9880 END
START -12272 3032 10112 -3329 -2581 9495 END
START -12504 2812 9352 -3068 -2481 9092 END
START -12596 2412 8900 -2822 -2204 8671 END
START -12816 2176 8320 -2574 -1869 8230 END
START -12860 2008 7772 -2309 -1345 7732 END
START -13208 1900 7324 -2089 -855 7255 END
START -13420 1752 7132 -1890 -211 6731 END
START -13700 1620 7156 -1693 411 6207 END
START -13808 1860 7024 -1484 1050 5764 END
START -14332 1976 7064 -1239 1710 5299 END
START -14600 2028 7368 -1036 2280 4890 END
START -14876 2052 7784 -789 2796 4450 END
START -15248 1968 8440 -587 3163 4065 END
START -15628 1884 8908 -362 3365 3634 END
START -16036 1780 9492 -202 3427 3248 END
START -16396 1660 10056 -18 3269 2815 END
START -16604 1740 10580 130 3009 2435 END
START -16840 1808 10976 333 2628 2008 END
START -17056 1712 11524 544 2215 1615 END
START -17312 1732 11872 721 1676 1253 END
START -17488 1548 12136 940 1191 940 END
START -17668 1356 12124 1112 731 607 END
START -17740 1368 12084 1269 235 277 END
START -17860 1284 12212 1357 -130 -78 END
START -18116 1304 12496 1440 -549 -446 END
START -18328 1224 12508 1438 -1021 -817 END
START -18444 1112 12720 1443 -1522 -1221 END
START -18584 1012 12676 1429 -2042 -1666 END
START -18800 968 12808 1432 -2549 -2113 END
START -18944 796 12440 1418 -2975 -2558 END
START -18856 716 12248 1474 -3378 -2997 END
START -18884 536 11816 1531 -3637 -3508 END
START -18908 412 11416 1630 -3864 -4046 END
START -18964 224 11108 1781 -3938 -4631 END
START -19064 192 10744 2000 -3976 -5221 END
START -19276 112 10368 2217 -3937 -5869 END
START -19424 -84 10308 2455 -3884 -6597 END
START -19492 -128 10168 2664 -3791 -7347 END
START -19436 -96 10120 2891 -3615 -8141 END
START -19468 -116 10032 3082 -3407 -8925 END
START -19256 48 10172 3275 -3214 -9742 END
START -19432 204 10336 3449 -3090 -10577 END
START -19360 480 10700 3618 -3035 -11407 END
START -19188 568 10728 3742 -2975 -12178 END
START -18928 808 10868 3892 -2918 -12973 END
START -18684 1032 10996 4047 -2918 -13788 END
START -18348 1296 11092 4234 -2884 -14581 END
START -18048 1652 11256 4420 -2902 -15293 END
START -17680 1944 11364 4659 -2935 -15982 END
START -17224 2276 11652 4899 -3040 -16584 END
START -16804 2612 11872 5099 -3194 -17140 END
START -16048 2960 12144 5285 -3317 -17580 END
START -15372 3364 12260 5419 -3397 -17972 END
START -14844 3732 12560 5479 -3499 -18346 END
START -14120 4148 12852 5454 -3633 -18658 END
START -13472 4516 12856 5362 -3712 -18925 END
START -12776 4940 12964 5241 -3791 -19168 END
START -12004 5176 13204 5058 -3858 -19440 END
START -11536 5648 13412 4907 -3947 -19607 END
START -10940 6016 13536 4753 -4068 -19821 END
START -10280 6480 13760 4654 -4269 -19964 END
START -9596 6776 13856 4575 -4482 -20066 END
START -9120 7044 13888 4566 -4785 -20143 END
START -8724 7436 14156 4618 -5121 -20173 END
START -8192 7592 14276 4778 -5571 -20176 END
START -7756 7832 14428 5004 -6094 -20207 END
START -7324 7916 14408 5282 -6658 -20193 END
START -6788 8052 14524 5585 -7174 -20206 END
START -6220 8316 14160 5858 -7695 -20194 END
START -5436 8460 13992 6117 -8116 -20239 END
START -4792 8672 13672 6351 -8462 -20292 END
START -4148 8736 13344 6541 -8694 -20342 END
START -3456 8932 13084 6696 -8793 -20359 END
START -2704 9072 12908 6888 -8758 -20356 END
START -1932 9304 12524 6976 -8570 -20380 END
START -1148 9476 11996 7047 -8238 -20356 END
START -236 9700 12020 7001 -7761 -20392 END
START 644 9896 11672 6943 -7195 -20365 END
START 1724 10248 11396 6772 -6466 -20347 END
START 2624 10700 11288 6611 -5649 -20286 END
START 3772 11168 11280 6337 -4739 -20170 END
START 4680 11472 11248 6102 -3697 -20013 END
START 5660 11848 11096 5795 -2609 -19720 END
START 6552 12296 11364 5562 -1479 -19382 END
START 7228 12676 11512 5284 -510 -18945 END
START 7768 12848 11944 5034 353 -18418 END
START 8128 13172 12308 4888 1122 -17895 END
START 8420 13316 12920 4783 1742 -17319 END
START 8664 13320 13424 4734 2242 -16720 END
START 8860 13376 14028 4795 2630 -16122 END
START 9196 13308 14752 4837 2841 -15471 END
START 9100 13040 15532 4894 2949 -14842 END
START 9132 13008 16228 4884 2884 -14196 END
START 9100 12948 16840 4866 2650 -13627 END
START 9148 12764 17372 4815 2389 -13035 END
START 9304 12608 17780 4748 2059 -12513 END
START 9204 12404 17996 4669 1784 -11992 END
START 9140 12396 18056 4508 1495 -11488 END
START 9192 12208 18068 4376 1276 -11062 END
START 9288 11980 17936 4180 1112 -10624 END
START 9436 11804 17712 3930 1020 -10212 END
START 9336 11676 17592 3681 1037 -9867 END
START 9280 11628 17380 3429 1084 -9580 END
START 9288 11372 17308 3137 1215 -9283 END
START 9232 11288 17136 2848 1279 -9045 END
START 9264 11140 17044 2609 1509 -8788 END
START 9224 11076 16900 2423 1670 -8585 END
START 9208 10860 16756 2245 1846 -8344 END
START 9256 10736 17024 2163 1981 -8140 END
START 9132 10768 17044 2055 2067 -7923 END
START 9008 10592 17164 1969 2203 -7711 END
START 9120 10528 17224 1880 2298 -7460 END
START 9132 10544 17312 1800 2458 -7252 END
START 9044 10464 17616 1650 2593 -7005 END
START 8868 10392 17864 1432 2747 -6778 END
START 8712 10372 18188 1176 2832 -6512 END
START 8664 10424 18580 874 2814 -6222 END
START 8368 10464 18900 556 2735 -5982 END
START 8016 10376 19084 266 2538 -5717 END
START 7888 10328 19204 -74 2232 -5450 END
START 7696 10252 19296 -295 1926 -5211 END
START 7644 10144 19212 -527 1566 -4934 END
START 7544 10028 19192 -648 1203 -4666 END
START 7300 9848 19020 -747 808 -4394 END
START 7268 9664 18964 -791 431 -4119 END
START 7052 9624 18852 -839 -24 -3821 END
START 6948 9536 18580 -881 -381 -3505 END
START 6856 9488 18392 -871 -752 -3166 END
START 6752 9408 18160 -886 -1121 -2784 END
START 6752 9244 17784 -924 -1430 -2390 END
START 6560 9232 17296 -962 -1646 -2027 END
START 6400 9108 17276 -989 -1865 -1663 END
START 6068 8820 16936 -1026 -2066 -1270 END
START 5984 8764 16972 -1025 -2212 -907 END
START 5788 8640 16820 -1090 -2349 -597 END
START 5580 8584 16828 -1169 -2508 -272 END
START 5408 8656 16700 -1262 -2587 61 END
START 5432 8712 16620 -1425 -2709 327 END
START 5268 8492 16372 -1635 -2788 636 END