START -440 -1236 14524 -2807 254 -295 END
START -52 -572 14832 -3262 -1938 -380 END
START 696 -748 12104 -3116 -767 -232 END
START -564 -1548 13060 -3138 -263 -159 END
START -840 -1524 12564 -3121 -217 -100 END
START 740 -1704 10416 -3068 36 -50 END
START 4 -1368 11116 -3028 510 -37 END
START -520 -1096 11760 -3048 862 34 END
START -556 -952 11420 -3100 874 95 END
START -616 -840 11064 -3189 939 181 END
START -724 -940 11204 -3270 1003 312 END
START -552 -1020 10512 -3311 939 449 END
START -236 -1132 10020 -3293 1108 584 END
START 208 -1316 9720 -3208 1272 695 END
START 84 -1328 9668 -3028 1589 773 END
START 12 -1292 9452 -2897 1802 901 END
START 4 -1232 9300 -2712 1916 947 END
START -76 -1244 9100 -2513 2103 1040 END
START -248 -1172 9052 -2299 2188 1121 END
START -452 -1140 9052 -2107 2249 1177 END
START -544 -1004 8836 -1851 2233 1224 END
START -628 -936 8848 -1633 2195 1269 END
START -556 -560 8796 -1411 2070 1320 END
START -464 -384 8484 -1126 2009 1387 END
START -552 -264 8360 -904 1896 1465 END
START -552 -196 8196 -576 1737 1561 END
START -616 -168 8240 -327 1567 1660 END
START -740 -108 8232 -14 1312 1755 END
START -744 56 8228 252 1069 1821 END
START -776 204 8000 566 735 1887 END
START -856 284 7920 817 446 1922 END
START -1028 356 7860 1102 78 1904 END
START -1012 612 7576 1374 -248 1928 END
START -968 792 7544 1635 -609 1910 END
START -1032 904 7168 1874 -988 1875 END
START -960 872 6756 2186 -1274 1845 END
START -720 972 6688 2481 -1518 1798 END
START -444 1124 5888 2875 -1620 1757 END
START -356 1428 5408 3255 -1645 1736 END
START -364 1812 4984 3673 -1609 1726 END
START -48 2196 4364 4035 -1493 1736 END
START 12 2520 3916 4421 -1367 1757 END
START 76 2712 3668 4778 -1136 1820 END
START 272 2960 3108 5168 -828 1871 END
START 480 3012 2760 5587 -446 1952 END
START 676 3176 2436 5993 -56 2011 END
START 788 3320 2116 6424 419 2107 END
START 776 3512 2096 6811 859 2157 END
START 804 3540 1880 7352 1343 2276 END
START 656 3600 2024 7794 1730 2372 END
START 628 3700 2072 8304 2008 2543 END
START 592 3712 2276 8826 2269 2719 END
START 552 3732 2268 9366 2422 2938 END
START 596 3756 2356 9986 2608 3187 END
START 396 3952 2764 10613 2811 3498 END
START 268 3928 2884 11209 2949 3805 END
START -148 3884 3592 11750 3013 4095 END
START -364 3904 3968 12339 2910 4464 END
START -664 3656 4384 13045 2800 4750 END
START -740 3248 4712 13655 2653 5004 END
START -1048 2964 5056 14240 2468 5245 END
START -1216 2764 5164 14768 2231 5433 END
START -1384 2696 5612 15307 2017 5613 END
START -1496 2412 5980 15847 1799 5743 END
START -1540 2188 6296 16268 1517 5880 END
START -1856 1976 6888 16739 1200 5987 END
START -1972 1820 7144 17201 871 6100 END
START -2112 1860 7328 17615 558 6278 END
START -2184 1892 7548 18033 289 6437 END
START -2292 1976 7668 18452 94 6610 END
START -2344 1992 7832 18855 -49 6819 END
START -2476 1908 7884 19296 -179 7068 END
START -2564 1704 8312 19703 -150 7281 END
START -2884 1588 8716 20107 -218 7463 END
START -3176 1432 8892 20512 -233 7634 END
START -3596 1264 9304 20875 -228 7725 END
START -4044 1060 9992 21258 -165 7797 END
START -4300 1240 10544 21574 -41 7789 END
START -4724 936 10620 21856 52 7752 END
START -5128 816 11092 22106 247 7696 END
START -5732 680 11788 22333 467 7628 END
START -5908 620 12212 22521 698 7556 END
START -6448 424 12800 22716 1015 7386 END
START -7148 304 13404 22837 1328 7183 END
START -7664 232 14156 22968 1627 6947 END
START -8452 188 15108 23028 1828 6672 END
START -9112 36 16016 23034 1971 6351 END
START -9744 -244 16888 23017 2073 5994 END
START -10356 -392 17744 22986 2105 5557 END
START -10720 -552 18372 22874 2181 5082 END
START -11280 -1012 19152 22806 2281 4555 END
START -11712 -1260 20036 22749 2383 3976 END
START -12100 -1332 20796 22624 2482 3352 END
START -12636 -1316 21432 22496 2610 2746 END
START -13036 -1264 22032 22278 2754 2123 END
START -13444 -1200 22744 21993 2874 1485 END
START -13716 -1052 23496 21733 3093 844 END
START -13888 -1048 24388 21333 3354 192 END
START -14380 -944 25256 20951 3601 -564 END
START -14500 -876 26136 20532 3827 -1279 END
START -14892 -712 26988 20015 4060 -2049 END
START -15156 -552 28020 19429 4248 -2824 END
START -15248 -424 29156 18802 4433 -3605 END
START -15236 -408 29972 18121 4603 -4427 END
START -15292 -240 30928 17375 4759 -5217 END
START -15076 144 31688 16644 4914 -6001 END
START -14856 704 32736 15788 5156 -6691 END
START -14620 1248 32767 14892 5341 -7357 END
START -14044 1616 32767 13856 5608 -7916 END
START -13736 2116 32767 12695 5880 -8482 END
START -13304 2408 32767 11551 6077 -8934 END
START -12924 2708 32767 10460 6238 -9345 END
START -12444 3140 32767 9294 6268 -9698 END
START -12124 3520 32767 8133 6270 -10009 END
START -11744 3900 32767 7034 6106 -10234 END
START -11356 4364 32767 6038 5890 -10452 END
START -10848 4736 32767 5116 5550 -10590 END
START -10584 5092 32767 4233 5149 -10661 END
START -10176 5392 32767 3470 4651 -10675 END
START -9820 5660 32767 2778 4036 -10636 END
START -9496 5884 32767 2147 3367 -10563 END
START -9228 6172 32767 1538 2626 -10483 END
START -8916 6352 32767 1053 1858 -10366 END
START -8532 6692 32767 590 1028 -10268 END
START -8072 6928 32767 154 196 -10141 END
START -7700 7152 32767 -245 -632 -10011 END
START -7376 7540 32767 -623 -1468 -9868 END
START -6748 7696 32767 -1041 -2257 -9689 END
START -6156 7888 32767 -1490 -2987 -9477 END
START -5412 8116 32767 -1947 -3567 -9245 END
START -4948 8184 32767 -2457 -3997 -8982 END
START -4224 8180 32767 -3006 -4251 -8730 END
START -3708 8336 32767 -3632 -4413 -8419 END
START -3248 8392 32767 -4350 -4520 -8094 END
START -2912 8632 32767 -5049 -4540 -7796 END
START -2384 8448 32767 -5848 -4489 -7464 END
START -2056 8332 32767 -6683 -4295 -7160 END
START -1672 8220 32767 -7465 -4042 -6832 END
START -1492 8244 32767 -8260 -3773 -6547 END
START -1368 8120 32704 -9007 -3440 -6251 END
START -1168 8008 32308 -9771 -3112 -5972 END
START -1320 7988 31640 -10469 -2798 -5698 END
START -1148 7696 31244 -11105 -2480 -5422 END
START -1256 7452 30748 -11679 -2221 -5189 END
START -1444 7288 30348 -12231 -1922 -4976 END
START -1568 7140 29600 -12676 -1750 -4849 END
START -1684 6824 29192 -13151 -1529 -4743 END
START -1600 6664 28604 -13498 -1318 -4664 END
START -1672 6612 27872 -13873 -1087 -4578 END
START -1868 6364 27576 -14231 -895 -4512 END
START -1936 6156 27048 -14585 -687 -4492 END
START -2044 6080 26592 -14944 -516 -4449 END
START -2156 5860 26124 -15272 -395 -4452 END
START -2300 5688 25752 -15580 -345 -4460 END
START -2308 5512 25480 -15873 -289 -4464 END
START -2304 5196 24916 -16131 -284 -4500 END
START -2308 5016 24592 -16403 -305 -4490 END
START -2264 4948 24096 -16655 -303 -4516 END
START -2176 4748 23628 -16879 -330 -4530 END
START -2084 4628 23120 -17118 -327 -4543 END
START -2108 4568 22924 -17304 -363 -4538 END
START -2184 4304 22320 -17509 -447 -4544 END
START -2068 4196 21836 -17621 -448 -4534 END
START -2072 3860 21304 -17724 -479 -4487 END
START -2060 3892 20648 -17771 -426 -4468 END
START -2084 3772 20472 -17794 -451 -4438 END
START -2188 3660 19856 -17820 -486 -4399 END
START -2228 3596 19624 -17761 -551 -4369 END
START -2184 3448 19052 -17737 -676 -4365 END
START -2252 3356 18908 -17682 -781 -4346 END
START -2228 3204 18672 -17578 -927 -4323 END
START -2204 3308 18324 -17521 -1076 -4320 END
START -2332 3160 17816 -17483 -1207 -4300 END
START -2232 3096 17728 -17391 -1452 -4299 END
START -2320 2952 17524 -17358 -1633 -4273 END
START -2360 2920 17340 -17309 -1937 -4306 END
START -2440 3056 17092 -17247 -2235 -4323 END
START -2396 3024 16808 -17189 -2545 -4295 END
START -2364 3008 16488 -17098 -2867 -4349 END
START -2352 2960 16292 -17036 -3159 -4295 END
START -2420 2944 15864 -16913 -3509 -4317 END
START -2476 2860 15824 -16872 -3823 -4356 END
START -2396 2932 15344 -16787 -4164 -4398 END
START -2372 2900 15024 -16710 -4482 -4398 END
START -2336 2816 14636 -16640 -4753 -4478 END
START -2216 2796 14200 -16597 -5016 -4537 END
START -2188 2912 13704 -16511 -5157 -4613 END
START -1880 2824 13476 -16460 -5365 -4691 END
START -1792 2824 13020 -16397 -5381 -4785 END
START -1516 2792 12460 -16298 -5439 -4894 END
START -1280 2836 11988 -16270 -5358 -4994 END
START -1260 2848 11676 -16190 -5234 -5068 END
START -912 2820 10956 -16127 -5063 -5191 END
START -760 2908 10552 -16051 -4860 -5307 END
START -604 3080 10408 -16011 -4645 -5385 END
START -388 3012 9856 -15925 -4435 -5473 END
START -260 2988 9572 -15842 -4159 -5523 END
START 0 3008 9352 -15722 -3909 -5585 END
START 284 3016 8992 -15585 -3608 -5625 END
START 476 3092 8896 -15450 -3397 -5651 END
START 608 3252 8604 -15344 -3216 -5653 END
START 760 3304 8612 -15202 -3065 -5643 END
START 1096 3392 8368 -15093 -2939 -5597 END
START 1144 3544 8084 -14969 -2790 -5525 END
START 1680 3692 8016 -14873 -2634 -5371 END
START 1808 3876 7832 -14773 -2444 -5211 END
START 2280 4060 7308 -14686 -2326 -5031 END
START 2560 4108 7252 -14549 -2098 -4761 END
START 2928 4268 7176 -14462 -1906 -4421 END
START 3308 4336 6888 -14325 -1690 -4109 END
START 3768 4568 6600 -14240 -1445 -3698 END
START 4296 4604 6256 -14134 -1130 -3288 END
START 4692 4652 6096 -14066 -777 -2776 END
START 5048 4832 5900 -14054 -338 -2277 END
START 5368 4812 5776 -14090 70 -1706 END
START 5452 4952 5560 -14122 408 -1159 END
START 5628 4932 5172 -14165 800 -531 END
START 6032 4936 4932 -14230 1201 91 END
START 6196 4836 4684 -14283 1624 800 END
START 6348 4620 4092 -14304 2124 1540 END
START 6408 4332 3656 -14261 2684 2262 END
START 6440 4388 3208 -14204 3245 3038 END
START 6424 4248 2780 -14089 3834 3839 END
START 6380 4152 2136 -13944 4515 4665 END
START 6172 4012 1696 -13770 5091 5479 END
START 5940 3956 1284 -13528 5796 6362 END
START 5724 3608 988 -13306 6463 7158 END
START 5368 3476 584 -13033 7136 7981 END
START 5208 3288 408 -12787 7703 8773 END
START 4788 3056 128 -12503 8285 9556 END
START 4364 2740 -44 -12189 8899 10343 END
START 4176 2600 -464 -11814 9406 11206 END
START 3784 2372 -804 -11387 9842 12084 END
START 3476 2124 -1296 -10897 10245 12993 END
START 3352 1988 -1568 -10286 10732 13797 END
START 3056 1988 -1972 -9553 11240 14763 END
START 2840 2044 -2220 -8804 11767 15682 END
START 2384 2024 -2388 -7951 12152 16699 END
START 1716 1816 -2340 -7030 12526 17782 END
START 1148 1552 -2100 -6003 12617 18788 END
START 168 1528 -1692 -4901 12659 19750 END
START -852 1240 -1004 -3726 12335 20591 END
START -2308 952 -44 -2414 11870 21233 END
START -3836 556 1056 -1066 11118 21808 END
START -5396 -104 2064 317 10026 22137 END
START -7228 -1104 3220 1598 8569 22349 END
START -8564 -1864 4180 2937 6899 22380 END
START -9388 -2456 4772 4273 5167 22181 END
START -10272 -3384 5524 5633 3267 21778 END
START -11608 -4316 6120 6956 1398 21241 END
START -12400 -5200 7092 8208 -444 20519 END
START -13340 -6028 7596 9415 -2247 19597 END
START -14168 -6896 8208 10429 -3873 18524 END
START -14988 -7676 8712 11347 -5461 17284 END
START -15612 -8520 9200 12131 -6829 15965 END
START -16248 -9232 9508 12330 -8036 14505 END
START -16460 -9956 9336 12835 -9031 12938 END
START -16448 -10488 9284 12983 -9750 11417 END
START -16172 -11104 8988 13016 -10168 9713 END
START -15692 -11328 8484 12877 -10139 7988 END
START -15344 -11464 8224 12652 -9720 6379 END
START -14736 -11336 7704 12163 -8905 4782 END
START -14124 -11064 7256 11990 -7681 3163 END
START -13696 -10732 7164 11514 -6255 1747 END
START -13220 -10280 6840 10976 -4597 432 END
START -12708 -9680 7108 10504 -2756 -829 END
START -12376 -9236 7344 10000 -851 -1986 END
START -12340 -8768 7824 9470 993 -3069 END
START -12256 -8164 8760 8974 2677 -3984 END
START -12388 -7620 9708 8470 4162 -4910 END
START -12728 -7220 10984 8031 5379 -5708 END
START -12912 -6716 12112 7616 6351 -6486 END
START -13012 -6416 13372 7248 7057 -7199 END
START -13164 -6220 14692 6942 7366 -7904 END
START -13368 -6008 16096 6746 7431 -8613 END
START -13612 -5696 17308 6639 7124 -9313 END
START -13460 -5504 18704 6576 6547 -10005 END
START -13540 -5140 19876 6508 5699 -10664 END
START -13352 -4952 20808 6526 4676 -11259 END
START -13116 -4672 21700 6466 3423 -11887 END
START -12564 -4132 22500 6422 2102 -12477 END
START -11864 -3612 23076 6352 831 -12992 END
START -11188 -2884 23232 6221 -393 -13360 END
START -10496 -2236 23572 6046 -1526 -13684 END
START -9684 -1320 23744 5784 -2669 -13893 END
START -8484 -612 23900 5504 -3674 -13963 END
START -7260 224 24040 5159 -4524 -13847 END
START -5932 1156 23840 4757 -5114 -13625 END
START -4648 1812 23684 4295 -5474 -13251 END
START -3072 2624 23720 3658 -5603 -12831 END
START -1772 3176 23448 2995 -5489 -12242 END
START -316 3780 23384 2192 -5192 -11603 END
START 952 4308 23560 1291 -4677 -10851 END
START 2188 4784 23804 222 -4029 -10022 END
START 3008 5220 23872 -899 -3375 -9155 END
START 3728 5580 23932 -2122 -2699 -8235 END
START 4436 5740 23972 -3463 -2008 -7242 END
START 4940 5788 23916 -4850 -1323 -6239 END
START 5396 5888 23536 -6102 -699 -5227 END
START 5796 5820 23100 -7307 -197 -4240 END
START 6128 5872 22616 -8476 452 -3134 END
START 6308 5936 22036 -9452 946 -2025 END
START 6424 5784 21000 -10297 1599 -861 END
START 6444 5944 19904 -10983 2188 305 END
START 6400 5708 18644 -11506 2889 1492 END
START 6452 5356 17328 -11872 3587 2685 END
START 6136 4776 16244 -12058 4401 3874 END
START 5640 4072 15096 -12136 5153 5036 END
START 5064 3508 14000 -12016 5932 6142 END
START 4356 2652 12944 -11786 6667 7172 END
START 3496 1692 12004 -11405 7284 8068 END
START 2400 600 11576 -10917 7782 8862 END
START 1408 -564 10932 -10359 8021 9429 END
START 280 -1504 10676 -9622 8117 9826 END
START -888 -2404 10604 -8835 8095 10084 END
START -2044 -3200 10412 -7944 7861 10210 END
START -3360 -3684 10828 -6968 7421 10230 END
START -4648 -4344 11112 -5975 6729 10155 END
START -5988 -4924 11508 -4941 5818 9984 END
START -7016 -5600 11672 -4017 4736 9718 END
START -7788 -6392 11844 -3032 3489 9349 END
START -8260 -6808 11992 -2141 2282 8885 END
START -9148 -7176 11900 -1246 1042 8303 END
START -9688 -7548 12192 -449 -237 7695 END
START -10088 -7712 11820 228 -1276 7096 END
START -10304 -8024 11504 812 -2181 6465 END
START -10272 -8220 11224 1327 -2889 5834 END
START -10256 -8196 10856 1678 -3381 5199 END
START -10332 -8024 10576 1968 -3729 4605 END
START -10316 -8088 10180 2133 -3888 4017 END
START -10288 -7944 9908 2220 -3910 3474 END
START -10116 -7940 9620 2348 -3873 2887 END
START -10064 -8092 9528 2419 -3776 2348 END
START -10104 -8080 9524 2558 -3608 1797 END
START -10280 -7980 9740 2705 -3494 1256 END
START -10328 -7748 9772 2881 -3448 683 END
START -10368 -7684 10120 3086 -3456 97 END
START -10168 -7616 10300 3303 -3440 -465 END
START -10036 -7556 10620 3542 -3462 -1073 END
START -9584 -7384 10804 3686 -3455 -1703 END
START -9156 -7020 11224 3864 -3394 -2239 END
START -8748 -6652 11032 3945 -3235 -2771 END
START -8156 -6112 11396 4009 -3039 -3285 END
START -7544 -5492 11764 4012 -2729 -3678 END
START -7000 -4768 12300 3934 -2330 -4063 END
START -6416 -4292 12504 3738 -1920 -4370 END
START -5876 -3708 13164 3478 -1595 -4643 END
START -5328 -3168 13552 3139 -1250 -4860 END
START -4732 -2676 14092 2804 -976 -5060 END
START -4168 -2272 14600 2434 -696 -5123 END
START -3764 -2100 15040 2087 -505 -5176 END
START -3224 -1752 15676 1725 -376 -5107 END
START -3004 -1292 16068 1389 -465 -5037 END
START -2516 -932 16740 1078 -676 -4840 END
START -2204 -412 16932 846 -910 -4625 END
START -1736 -132 17264 601 -1265 -4367 END
START -1444 160 17248 446 -1579 -4051 END
START -1148 424 17544 330 -1985 -3652 END
START -812 664 17296 219 -2391 -3200 END
START -524 860 17404 142 -2779 -2746 END
START -248 1020 17068 69 -3108 -2221 END
START 32 1108 16612 -14 -3421 -1610 END
START 240 1280 16352 -56 -3609 -1067 END
START 248 1264 16048 -117 -3765 -510 END
START 188 1192 15696 -149 -3836 88 END
START 116 1188 15532 -145 -3973 584 END
START 8 1048 14924 -152 -4074 1084 END
START -260 832 14736 -168 -4092 1511 END
START -476 572 14508 -93 -4180 1945 END
START -880 196 14284 -4 -4158 2261 END
START -1060 -76 14104 95 -4181 2534 END
START -1312 -452 13764 238 -4092 2782 END
START -1548 -656 13540 321 -3922 2971 END
START -1812 -964 13292 358 -3634 3036 END
START -2148 -1240 13092 392 -3356 3078 END
START -2540 -1384 12740 351 -3039 3081 END
START -2972 -1676 12704 287 -2712 2987 END
START -3248 -1988 12680 265 -2428 2908 END
START -3552 -2392 12532 166 -2060 2754 END
START -3780 -2480 12452 126 -1694 2550 END
START -4060 -2712 12480 38 -1264 2302 END
START -4340 -2904 12324 -31 -952 2039 END
START -4684 -3036 12612 -157 -528 1734 END
START -4844 -3212 12484 -289 -246 1452 END
START -4984 -3268 12684 -418 49 1165 END
START -5204 -3296 12820 -573 241 883 END
START -5360 -3408 12992 -705 399 662 END
START -5444 -3536 13016 -854 427 430 END
START -5488 -3588 12924 -908 466 195 END
START -5496 -3672 13080 -945 386 12 END
START -5452 -3836 13024 -952 371 -198 END
START -5404 -3824 12904 -907 307 -369 END
START -5256 -3896 12836 -810 254 -586 END
START -5220 -3904 12728 -690 201 -692 END
START -5064 -3852 12828 -553 203 -836 END
START -4980 -3776 12816 -414 126 -954 END
START -4976 -3728 12904 -279 47 -1037 END