START -10840 172 11416 -4050 903 218 END
START -10848 -520 11272 -4031 952 171 END
START -10904 -860 10840 -3933 1148 58 END
START -11016 -1208 10284 -3851 1416 -100 END
START -11228 -1372 9628 -3741 1818 -250 END
START -11536 -1524 9024 -3651 2245 -486 END
START -11756 -1472 8544 -3491 2718 -756 END
START -12252 -1676 8060 -3327 3242 -1059 END
START -12640 -1912 7540 -3076 3754 -1392 END
START -12948 -2200 7280 -2773 4242 -1765 END
START -13280 -2572 7000 -2417 4721 -2172 END
START -13624 -3044 7120 -2013 5107 -2637 END
START -13844 -3636 7132 -1585 5351 -3128 END
START -14140 -3984 7128 -1106 5533 -3623 END
START -14464 -4264 7440 -628 5627 -4171 END
START -14572 -4400 7852 -87 5653 -4730 END
START -14868 -4452 7972 417 5620 -5307 END
START -15148 -4452 8336 976 5470 -5943 END
START -15252 -4512 8796 1470 5196 -6542 END
START -15296 -4576 9080 1978 4852 -7181 END
START -15364 -4464 9660 2408 4503 -7718 END
START -15060 -4328 9888 2798 4058 -8228 END
START -14960 -4108 10216 3118 3609 -8658 END
START -14840 -3700 10464 3363 3137 -9050 END
START -14648 -3488 10464 3622 2767 -9385 END
START -14488 -3228 10764 3824 2438 -9697 END
START -14252 -3048 10908 3987 2107 -9981 END
START -14328 -3072 11056 4157 1773 -10231 END
START -14240 -2848 11240 4347 1501 -10519 END
START -14144 -2692 11276 4555 1286 -10831 END
START -14204 -2692 11468 4761 1108 -11114 END
START -14124 -2588 11840 4938 879 -11447 END
START -14160 -2468 11908 5132 595 -11801 END
START -14148 -2316 12216 5330 388 -12204 END
START -14008 -2120 12464 5457 82 -12656 END
START -13888 -1976 12896 5581 -242 -13111 END
START -13712 -1880 13320 5666 -699 -13544 END
START -13624 -1700 13852 5717 -1153 -14019 END
START -13344 -1476 14184 5724 -1759 -14511 END
START -13104 -1316 14412 5770 -2287 -15008 END
START -12728 -1168 14512 5796 -2765 -15496 END
START -11964 -868 14592 5859 -3202 -15997 END
START -11520 -620 14636 5901 -3655 -16467 END
START -10792 -200 14616 5978 -3989 -16892 END
START -9892 -16 14628 6027 -4316 -17268 END
START -9212 460 14644 6035 -4518 -17530 END
START -8568 728 14316 6012 -4604 -17712 END
START -7740 1524 14164 5973 -4522 -17790 END
START -6808 2008 14232 5885 -4342 -17802 END
START -6136 2412 14188 5751 -4087 -17723 END
START -5392 2528 14084 5557 -3815 -17581 END
START -4540 2564 14356 5350 -3527 -17423 END
START -3976 2824 14420 5057 -3160 -17218 END
START -3520 2940 14800 4803 -2873 -17019 END
START -2984 3244 15120 4506 -2614 -16754 END
START -2800 3356 15196 4184 -2475 -16553 END
START -2488 3528 15508 3892 -2478 -16345 END
START -2160 3604 15752 3627 -2601 -16139 END
START -1888 3724 15928 3432 -2743 -15938 END
START -1328 3812 15948 3292 -2981 -15718 END
START -864 3864 16024 3205 -3142 -15519 END
START -436 3840 15968 3186 -3367 -15312 END
START 28 4036 15848 3242 -3495 -15179 END
START 616 4208 15824 3320 -3636 -15001 END
START 1216 4576 15760 3470 -3723 -14772 END
START 1732 4884 15744 3653 -3744 -14492 END
START 2220 5372 15892 3846 -3704 -14153 END
START 2608 5488 16084 3948 -3710 -13756 END
START 2832 5628 16420 4054 -3750 -13328 END
START 3124 5844 16628 4109 -3853 -12991 END
START 3400 5808 16956 4121 -3921 -12669 END
START 3500 5660 17212 4115 -4065 -12429 END
START 3752 5444 17488 4059 -4253 -12243 END
START 4040 5120 17560 4012 -4341 -12093 END
START 4200 5004 17328 3917 -4431 -12025 END
START 4708 4780 17320 3779 -4360 -11977 END
START 5192 4772 17032 3635 -4201 -11939 END
START 5780 4940 16636 3448 -3816 -11925 END
START 6384 5328 16424 3219 -3329 -11876 END
START 7040 5616 16080 2921 -2829 -11781 END
START 7584 6000 15972 2594 -2235 -11614 END
START 8244 6300 15556 2255 -1533 -11411 END
START 8652 6492 15640 1936 -840 -11186 END
START 9304 6492 15380 1617 -106 -10887 END
START 9652 6440 15296 1366 480 -10582 END
START 10272 6452 15500 1147 1006 -10268 END
START 10704 6568 15824 996 1514 -9891 END
START 10976 6644 15844 897 1831 -9458 END
START 11372 6868 16188 819 2092 -9034 END
START 11648 7180 16216 770 2211 -8555 END
START 11992 7288 16424 711 2228 -8100 END
START 12368 7316 16388 676 2278 -7494 END
START 12752 7488 16496 648 2284 -6934 END
START 13144 7612 16336 627 2314 -6296 END
START 13488 7644 16432 615 2340 -5631 END
START 13760 7872 16608 598 2312 -4913 END
START 13988 7900 16868 576 2279 -4183 END
START 14256 8096 16780 511 2236 -3391 END
START 14504 8092 16856 522 2238 -2639 END
START 14504 8128 16864 436 2208 -1849 END
START 14696 8164 16764 404 2219 -1037 END
START 14768 7992 16696 358 2292 -279 END
START 14932 7812 16532 347 2393 537 END
START 14948 7784 16720 323 2526 1255 END
START 14864 7716 16776 255 2737 2086 END
START 14916 7512 16904 170 2946 2863 END
START 14772 7428 17004 19 3175 3702 END
START 14496 7400 17452 -192 3419 4454 END
START 14228 7496 17752 -451 3601 5267 END
START 13968 7244 17876 -817 3693 6040 END
START 13640 7044 17848 -1183 3864 6797 END
START 13296 6956 18088 -1631 3946 7545 END
START 12972 6740 18040 -2094 4121 8239 END
START 12304 6552 18016 -2450 4277 8868 END
START 11828 6264 17968 -2835 4477 9439 END
START 11300 6056 17928 -3179 4663 9981 END
START 10680 5596 17924 -3455 4846 10453 END
START 10120 5428 17816 -3710 5023 10882 END
START 9664 5100 17772 -3952 5242 11236 END
START 9264 4964 17760 -4171 5519 11550 END
START 8784 4776 17760 -4393 5749 11813 END
START 8320 4508 17920 -4607 5974 12079 END
START 7812 4316 17996 -4823 6165 12381 END
START 7128 4204 18420 -5012 6256 12594 END
START 6456 3892 18788 -5155 6226 12867 END
START 5788 3720 19252 -5299 6067 12925 END
START 5172 3476 19564 -5387 5776 13230 END
START 4448 3264 19948 -5484 5375 13281 END
START 4060 3152 20108 -5529 4828 13386 END
START 3548 2796 20592 -5566 4232 13496 END
START 3096 2556 20508 -5556 3596 13575 END
START 2628 2540 20448 -5542 3095 13668 END
START 2136 2520 20480 -5475 2656 13776 END
START 1304 2420 20684 -5406 2293 13848 END
START 600 2388 20804 -5361 1862 13933 END
START -140 2104 20944 -5348 1423 13943 END
START -956 1752 21252 -5333 1025 13899 END
START -1640 1404 21160 -5415 687 13782 END
START -2448 912 21260 -5544 460 13609 END
START -3064 444 21276 -5722 305 13365 END
START -3732 120 21460 -5956 132 13031 END
START -4480 -308 21488 -6228 6 12662 END
START -5176 -436 21384 -6535 -91 12144 END
START -5864 -684 21356 -6899 -155 11713 END
START -6072 -896 21124 -7259 -228 11229 END
START -6592 -1020 21008 -7682 -271 10717 END
START -7064 -1392 20900 -8079 -305 10181 END
START -7364 -1548 20528 -8481 -274 9689 END
START -7876 -1804 20468 -8857 -310 9159 END
START -8268 -2024 20388 -9256 -417 8640 END
START -8552 -2364 20092 -9586 -608 8085 END
START -8764 -2384 20056 -9838 -883 7595 END
START -8980 -2704 19788 -10059 -1202 7066 END
START -9080 -2708 19472 -10188 -1579 6600 END
START -9304 -2824 19440 -10280 -2001 6121 END
START -9356 -3004 19052 -10368 -2466 5671 END
START -9340 -3032 18508 -10506 -2913 5289 END
START -9312 -3016 17856 -10608 -3328 4909 END
START -9188 -2768 17044 -10777 -3636 4577 END
START -9008 -2568 16340 -10901 -3805 4292 END
START -8724 -2472 15628 -11051 -3867 4090 END
START -8564 -2440 14988 -11149 -3867 3921 END
START -8500 -2512 14104 -11237 -3757 3796 END
START -8384 -2540 13572 -11296 -3658 3709 END
START -8392 -2768 12952 -11314 -3572 3578 END
START -8192 -2908 12388 -11236 -3412 3485 END
START -8324 -2964 11600 -11163 -3205 3396 END
START -8228 -3112 11376 -11045 -3023 3249 END
START -8316 -3152 10624 -10857 -2803 3104 END
START -8360 -3148 10280 -10643 -2598 2989 END
START -8500 -3292 9608 -10399 -2387 2885 END
START -8844 -3420 9456 -10119 -2259 2720 END
START -9044 -3532 8924 -9786 -2082 2548 END
START -9132 -3720 8704 -9456 -2005 2355 END
START -9252 -3920 8544 -9139 -1922 2114 END
START -9308 -4168 8160 -8796 -1950 1850 END
START -9276 -4152 7916 -8462 -1994 1553 END
START -9384 -4148 7540 -8118 -2055 1324 END
START -9348 -3936 7212 -7766 -2122 1032 END
START -9068 -3912 6600 -7433 -2089 790 END
START -8924 -3916 6100 -7072 -2102 524 END
START -8744 -3888 5656 -6749 -2007 324 END
START -8580 -3912 4960 -6382 -1773 70 END
START -8372 -3804 4528 -6027 -1503 -84 END
START -8060 -3732 3788 -5708 -1098 -283 END
START -7832 -3652 3396 -5379 -633 -528 END
START -7784 -3412 3036 -5075 -171 -753 END
START -7644 -3544 2588 -4780 332 -972 END
START -7624 -3492 2480 -4472 793 -1193 END
START -7604 -3568 2396 -4171 1261 -1434 END
START -7220 -3400 1992 -3832 1784 -1691 END
START -6884 -3488 1960 -3499 2327 -1946 END
START -6768 -3216 1756 -3149 2792 -2153 END
START -6536 -2860 1852 -2841 3279 -2355 END
START -6360 -2632 1716 -2513 3651 -2463 END
START -6192 -2276 1728 -2159 3987 -2546 END
START -5768 -1964 1964 -1827 4285 -2588 END
START -5548 -1788 2016 -1479 4519 -2619 END
START -5388 -1324 2260 -1078 4663 -2586 END
START -5240 -1140 2564 -682 4669 -2543 END
START -5036 -852 2820 -272 4556 -2405 END
START -4964 -436 3292 154 4312 -2294 END
START -4952 -344 3360 609 3983 -2099 END
START -4956 -244 3728 1057 3510 -1850 END
START -4528 -164 3904 1547 3055 -1635 END
START -4420 -336 4032 2042 2570 -1400 END
START -4276 -232 4040 2563 2090 -1224 END
START -4108 -44 3984 3089 1554 -1022 END
START -4168 276 4140 3602 1192 -844 END
START -4132 368 3944 4056 801 -685 END
START -3944 684 3824 4494 512 -515 END
START -3976 872 3520 4835 292 -359 END
START -3708 1036 3360 5143 119 -216 END
START -3704 1132 3452 5357 13 -86 END
START -3628 1160 3188 5524 -106 -24 END
START -3596 1376 3348 5695 -194 55 END
START -3428 1488 2924 5830 -258 83 END
START -3268 1416 2932 5985 -295 125 END
START -3156 1560 2704 6154 -264 168 END
START -2948 1528 2592 6350 -198 178 END
START -2744 1764 2464 6585 -54 231 END
START -2708 1972 2148 6820 151 234 END
START -2392 2028 1900 7101 388 276 END
START -2356 2152 1968 7314 609 319 END
START -2060 2284 1920 7611 875 377 END
START -2032 2308 1932 7862 1072 449 END
START -1872 2520 1940 8169 1266 561 END
START -1708 2672 2028 8495 1426 656 END
START -1464 2780 2204 8835 1631 814 END
START -1272 2752 2116 9185 1825 982 END
START -1100 2968 2376 9532 2063 1174 END
START -1068 3132 2344 9897 2316 1380 END
START -964 3304 2424 10236 2564 1654 END
START -872 3492 2388 10508 2909 1935 END
START -768 3516 2684 10778 3230 2201 END
START -828 3596 2988 11026 3570 2507 END
START -888 3776 3300 11237 3845 2798 END
START -1248 3776 3724 11470 4063 3081 END
START -1632 3736 4088 11659 4186 3282 END
START -1900 3568 4716 11822 4153 3523 END
START -2096 3608 5356 12100 4013 3664 END
START -2460 3572 5664 12297 3834 3802 END
START -2712 3580 5964 12387 3594 3882 END
START -3020 3552 6320 12656 3323 3983 END
START -3328 3584 6492 12945 3056 4030 END
START -3628 3444 6588 13162 2809 4050 END
START -4020 3360 6668 13351 2583 4028 END
START -4100 3116 6548 13524 2418 3909 END
START -4256 2828 6720 13646 2351 3752 END
START -4340 2744 6816 13763 2374 3521 END
START -4416 2556 6796 13880 2521 3302 END
START -4448 2652 6784 14031 2623 3052 END
START -4464 2596 6928 14152 2911 2823 END
START -4436 2704 7024 14280 3226 2608 END
START -4412 2900 7260 14412 3580 2431 END
START -4516 2944 7552 14542 3978 2286 END
START -4608 3008 8036 14723 4323 2147 END
START -4652 3076 8132 14903 4584 1992 END
START -4696 3164 8688 15133 4871 1863 END
START -4712 3340 9336 15415 5035 1702 END
START -4960 3632 9976 15684 5153 1517 END
START -4980 3888 10584 16005 5220 1401 END
START -4824 4236 11184 16362 5252 1301 END
START -4888 4488 11908 16692 5251 1317 END
START -4912 4720 12912 17000 5237 1349 END
START -5044 4948 13596 17243 5192 1464 END
START -5188 5128 14292 17421 5105 1572 END
START -5216 5108 15208 17526 4942 1679 END
START -5272 5212 15980 17520 4722 1749 END
START -5428 5304 16580 17467 4487 1856 END
START -5424 5424 17396 17363 4269 1861 END
START -5496 5468 18052 17162 3992 1914 END
START -5652 5344 18760 16948 3646 1901 END
START -5608 5460 19136 16724 3302 1938 END
START -5780 5460 19232 16431 2994 1924 END
START -5888 5272 19456 16113 2631 1884 END
START -5864 5152 19604 15851 2372 1807 END
START -5928 4736 19676 15589 2217 1648 END
START -5900 4452 19480 15372 2136 1461 END
START -5940 4224 19536 15131 2174 1221 END
START -5928 4024 19404 14918 2245 970 END
START -5916 3996 19736 14743 2418 766 END
START -5820 4160 19568 14538 2647 531 END
START -5776 4364 19972 14346 2933 335 END
START -5648 4552 20152 14114 3224 195 END
START -5664 4688 20556 13921 3562 87 END
START -5744 4880 21112 13705 3821 -30 END
START -5744 4824 21584 13468 4097 -88 END
START -5672 4908 22008 13275 4314 -193 END
START -5660 4936 22464 13133 4540 -244 END
START -5636 5048 22988 12878 4765 -305 END
START -5656 5224 23512 12717 4928 -344 END
START -5672 5348 23868 12458 4992 -388 END
START -5792 5520 24524 12088 4960 -357 END
START -5712 5548 25076 11954 4802 -334 END
START -5656 5500 25308 11688 4710 -260 END
START -5668 5608 25724 11519 4461 -211 END
START -5768 5692 26196 11274 4172 -93 END
START -5884 5616 26484 11164 3768 -19 END
START -5968 5692 26700 11066 3297 36 END
START -6048 5756 27092 11007 2781 110 END
START -6112 5836 27088 10859 2238 197 END
START -5976 5840 27124 10654 1766 227 END
START -6160 5820 27256 10322 1337 255 END
START -6128 5924 27288 10037 980 283 END
START -6116 5844 27420 9781 620 301 END
START -6244 5856 27396 9540 299 310 END
START -6260 5780 27216 9342 -34 285 END
START -6248 5704 27460 9127 -385 216 END
START -6248 5560 27388 8879 -723 78 END
START -6396 5616 27428 8597 -1064 -99 END
START -6204 5388 27564 8236 -1499 -294 END
START -6252 5296 27416 7875 -1871 -516 END
START -5868 5416 27164 7526 -2197 -746 END
START -5684 5372 27052 7148 -2551 -986 END
START -5284 5444 26760 6811 -2844 -1187 END
START -4952 5528 26588 6538 -3055 -1401 END
START -4792 5476 26308 6237 -3205 -1526 END
START -4364 5524 25976 5980 -3344 -1656 END
START -3880 5564 25736 5685 -3377 -1720 END
START -3368 5552 25268 5348 -3339 -1790 END
START -2712 5788 24696 5024 -3215 -1800 END
START -2096 6140 24464 4667 -2975 -1755 END
START -1700 6372 24084 4340 -2694 -1655 END
START -1316 6612 23804 3991 -2434 -1460 END
START -968 6924 23556 3659 -2134 -1183 END
START -496 7088 23180 3377 -1741 -924 END
START -372 7312 22504 3118 -1303 -569 END
START 72 7368 22512 2867 -787 -228 END
START 244 7508 22272 2622 -263 132 END
START 436 7668 22172 2327 307 472 END
START 512 7700 22100 2031 831 853 END
START 460 7584 22028 1699 1331 1198 END
START 340 7696 22168 1365 1785 1547 END
START 180 7592 22320 1037 2132 1889 END
START -72 7692 22380 733 2416 2179 END
START -284 7556 22736 483 2576 2426 END
START -328 7452 22932 255 2588 2637 END
START -652 7372 23432 54 2477 2874 END
START -988 7212 23908 -105 2223 3017 END
START -1124 7140 23940 -243 1896 3185 END
START -1288 6980 24124 -371 1448 3300 END
START -1516 6976 24328 -478 933 3367 END
START -1420 6940 24476 -548 389 3462 END
START -1376 7068 24532 -648 -162 3515 END
START -1464 7080 24340 -775 -735 3573 END
START -1364 7160 24272 -901 -1311 3679 END
START -1076 7348 24048 -1032 -1885 3720 END
START -876 7396 23876 -1152 -2477 3804 END
START -572 7472 23292 -1255 -2919 3908 END
START -192 7520 23048 -1409 -3330 3983 END
START 296 7528 22524 -1530 -3625 4135 END
START 740 7604 22192 -1744 -3749 4281 END
START 1168 7808 21556 -1964 -3773 4462 END
START 1700 7932 21084 -2258 -3702 4668 END
START 2200 8124 20348 -2578 -3432 4889 END
START 2668 8320 19956 -2916 -3068 5173 END
START 3132 8532 19568 -3267 -2555 5497 END
START 3392 8688 19288 -3611 -1963 5859 END
START 3660 8932 19072 -3961 -1354 6282 END
START 3732 8972 18732 -4320 -669 6729 END
START 4020 9208 18696 -4670 -99 7198 END
START 3996 9356 18736 -5028 536 7635 END
START 4168 9380 18776 -5402 1041 8121 END
START 4196 9508 18716 -5771 1537 8569 END
START 4304 9576 18480 -6111 2035 9059 END
START 4200 9628 18472 -6485 2530 9553 END
START 4160 9680 18312 -6808 3041 10055 END
START 4052 9812 18512 -7130 3483 10550 END
START 3736 9796 18404 -7430 3827 11054 END
START 3572 9816 18500 -7698 4061 11585 END
START 3232 9788 18572 -7932 4167 12105 END
START 2816 9672 18548 -8160 4156 12667 END
START 2548 9624 18752 -8304 3993 13079 END
START 2244 9376 18812 -8465 3741 13466 END
START 1920 9160 19024 -8529 3334 13790 END
START 1540 8792 18840 -8559 2780 14130 END
START 1284 8736 18924 -8548 2163 14425 END
START 1060 8552 18892 -8497 1518 14682 END
START 760 8376 18768 -8432 769 14892 END
START 468 8244 18704 -8393 50 15055 END
START 252 8088 18512 -8334 -642 15251 END
START 132 7924 18036 -8313 -1223 15376 END
START -16 7756 17524 -8283 -1712 15474 END
START -180 7664 17092 -8337 -2022 15519 END
START -292 7532 16408 -8375 -2294 15516 END
START -416 7320 15920 -8465 -2332 15445 END
START -588 7040 15320 -8555 -2309 15351 END
START -704 6780 14836 -8675 -2104 15203 END
START -820 6732 14164 -8783 -1765 15017 END
START -944 6708 13768 -8898 -1366 14823 END
START -1000 6700 13020 -9026 -796 14625 END
START -1192 6680 12484 -9109 -201 14412 END
START -1184 6820 12124 -9144 515 14247 END
START -1252 6820 11768 -9175 1267 14077 END
START -1240 6828 11556 -9186 1955 13953 END
START -1392 6812 11280 -9160 2673 13838 END
START -1268 6680 11388 -9108 3360 13802 END
START -1268 6852 11000 -9013 3995 13762 END
START -1456 6928 11156 -8872 4542 13790 END
START -1648 7144 11256 -8778 5041 13838 END
START -1548 7248 11176 -8672 5531 13960 END
START -1576 7392 11088 -8591 6042 14115 END
START -1756 7440 11144 -8553 6529 14307 END
START -1976 7336 11472 -8548 6905 14550 END
START -2232 7372 11700 -8593 7145 14741 END
START -2736 7252 12092 -8622 7181 14941 END
START -3192 7024 12532 -8558 7086 15128 END
START -3728 6828 13024 -8510 6789 15336 END
START -4356 6756 13372 -8397 6297 15480 END
START -4908 6592 13760 -8240 5703 15595 END
START -5476 6516 14024 -8054 5001 15702 END
START -5908 6440 13968 -7801 4299 15818 END
START -6384 6352 14200 -7504 3532 15872 END
START -7040 6204 14200 -7211 2750 15975 END
START -7540 6084 14044 -6932 2077 16071 END
START -8080 5936 14000 -6676 1438 16100 END
START -8640 5676 13952 -6470 906 16105 END
START -9300 5440 13584 -6318 382 16055 END
START -9652 5148 13236 -6141 22 15920 END
START -10092 4792 12836 -5996 -219 15756 END
START -10484 4432 12488 -5868 -311 15484 END
START -11064 4148 12384 -5782 -366 15131 END
START -11608 3788 12120 -5737 -395 14727 END
START -12076 3604 11996 -5722 -323 14240 END
START -12512 3364 11852 -5709 -269 13711 END
START -12988 3024 11632 -5713 -210 13180 END
START -13480 2656 11708 -5727 -162 12612 END
START -14004 2456 11488 -5713 -89 11889 END
START -14244 2164 11212 -5702 -23 11207 END
START -14644 1968 11096 -5638 27 10474 END
START -14664 1904 10908 -5586 44 9796 END
START -14880 1828 10740 -5507 144 9149 END
START -14984 1732 10656 -5389 144 8599 END
START -15156 1628 10476 -5295 187 8067 END
START -15304 1592 10380 -5179 185 7568 END
START -15460 1648 10368 -5047 171 7157 END
START -15744 1400 10392 -4865 174 6733 END
START -16056 1264 10188 -4697 105 6331 END
START -16420 1104 10256 -4530 -7 5902 END
START -16764 888 10168 -4368 -185 5464 END
START -17048 736 10160 -4206 -317 5027 END
START -17260 564 9880 -4061 -478 4605 END
START -17588 340 9684 -3893 -603 4157 END
START -17964 80 9340 -3730 -648 3699 END
START -18348 -24 9212 -3580 -744 3265 END
START -18588 12 8680 -3413 -731 2788 END
START -18664 -52 8616 -3294 -693 2263 END
START -19088 -220 8452 -3150 -623 1788 END
START -19328 -356 8116 -2986 -529 1238 END
START -19592 -424 7920 -2835 -361 720 END
START -19916 -516 7804 -2654 -202 234 END
START -20136 -532 7752 -2481 -73 -288 END
START -20396 -796 7484 -2292 93 -836 END
START -20608 -796 7560 -2046 241 -1370 END
START -20888 -780 7464 -1853 368 -1969 END
START -21144 -1040 7520 -1599 467 -2544 END
START -21416 -1100 7388 -1398 495 -3161 END
START -21684 -1100 7396 -1160 478 -3841 END
START -21820 -1256 7344 -944 390 -4492 END
START -21856 -1344 7100 -692 296 -5130 END
START -22104 -1272 6940 -437 179 -5765 END
START -22284 -1528 6952 -114 12 -6393 END
START -22528 -1568 7188 246 -223 -6993 END
START -22628 -1716 7116 640 -582 -7674 END
START -22876 -1900 6960 1060 -936 -8365 END
START -22952 -2000 7012 1507 -1382 -9107 END
START -23004 -2204 6960 1988 -1890 -9955 END
START -23064 -2272 6816 2501 -2422 -10802 END
START -23176 -2304 6644 3040 -2970 -11722 END
START -22988 -2148 6360 3651 -3510 -12754 END
START -23028 -2052 6212 4239 -3912 -13745 END
START -22576 -1836 6124 4902 -4342 -14716 END
START -22196 -1456 5940 5526 -4630 -15713 END
START -21680 -1104 5936 6135 -4903 -16624 END
START -21052 -540 5856 6677 -5054 -17519 END
START -20660 -12 6084 7158 -5167 -18390 END
START -20040 428 6172 7597 -5383 -19196 END
START -19460 744 6416 7988 -5556 -19954 END
START -18928 1256 6652 8385 -5834 -20705 END
START -18300 1824 6876 8753 -6096 -21405 END
START -17572 2184 7008 9130 -6442 -22018 END
START -16844 2712 7344 9520 -6775 -22592 END
START -16116 3172 7276 9881 -7080 -23080 END
START -15404 3708 7436 10200 -7381 -23492 END
START -14828 4140 7300 10518 -7651 -23829 END
START -14092 4532 7388 10767 -7901 -24155 END
START -13200 4780 7556 10986 -8055 -24434 END
START -12216 4892 7432 11115 -8060 -24691 END
START -11276 4928 7172 11228 -7915 -25009 END
START -10572 5244 7184 11335 -7712 -25286 END
START -9688 5560 7252 11348 -7398 -25616 END
START -9000 6124 7604 11471 -7141 -25910 END
START -8188 6536 7688 11532 -6746 -26162 END
START -7240 7108 7980 11655 -6324 -26354 END
START -6592 8032 8208 11795 -5961 -26478 END
START -5916 8580 8576 11819 -5606 -26542 END
START -5200 9248 8912 12185 -5363 -26548 END
START -4560 9680 9616 12354 -5140 -26588 END
START -3768 9908 10156 12776 -5029 -26634 END
START -2996 10392 10340 13123 -4868 -26673 END
START -1736 10844 10560 13459 -4601 -26626 END
START -164 11844 11192 13754 -4151 -26552 END
START 1140 12700 11480 14018 -3523 -26322 END
START 2232 13664 11580 14150 -2717 -26019 END
START 3484 14580 11912 14169 -1721 -25583 END
START 4552 15284 12528 14123 -661 -25039 END
START 5704 16024 13340 13970 530 -24404 END
START 6620 16452 14136 13804 1763 -23659 END
START 7352 16980 14944 13511 2995 -22860 END
START 8192 17604 16096 13184 4100 -22049 END
START 8688 18036 17172 12822 5146 -21160 END
START 9232 18628 18668 12435 5990 -20246 END
START 9816 19012 20108 11884 6652 -19203 END
START 9980 19136 21424 11329 7084 -18113 END
START 10420 19284 22924 10735 7283 -16947 END
START 10616 19232 24236 10024 7262 -15711 END
START 10800 19236 25316 9267 6989 -14449 END
START 10968 19212 26392 8534 6566 -13202 END
START 11044 18884 27240 7826 5902 -11987 END
START 10960 18576 27796 7131 5152 -10790 END
START 10656 18268 28400 6482 4260 -9597 END
START 10412 17924 28816 5887 3313 -8513 END
START 10008 17436 28936 5337 2324 -7503 END
START 9608 17032 29100 4771 1313 -6557 END
START 9300 16716 28952 4229 274 -5719 END
START 9096 16344 28648 3735 -615 -4940 END
START 8952 15832 28180 3173 -1486 -4299 END
START 8844 15320 27792 2553 -2219 -3674 END
START 8516 14692 27344 1988 -2911 -3136 END
START 8268 14312 26768 1363 -3441 -2665 END
START 8244 13916 26128 770 -3853 -2193 END
START 8096 13416 25404 148 -4118 -1785 END
START 7796 13092 24692 -466 -4324 -1382 END
START 7732 12732 23864 -1035 -4403 -1055 END
START 7612 12352 23212 -1559 -4394 -748 END
START 7324 11984 22528 -2047 -4289 -486 END
START 7152 11552 21800 -2485 -4176 -206 END
START 6952 11104 21180 -2866 -3922 25 END
START 6784 10756 20652 -3175 -3736 284 END
START 6496 10380 20196 -3455 -3425 510 END
START 6220 9944 19676 -3649 -3177 759 END
START 5912 9552 19344 -3813 -2913 984 END
START 5632 9172 19024 -3970 -2647 1187 END
START 5144 8800 18892 -4036 -2439 1372 END
START 4732 8512 18748 -4098 -2305 1533 END
START 4284 8064 18716 -4122 -2225 1687 END
START 4128 7892 18472 -4121 -2225 1835 END
START 3696 7432 18612 -4099 -2261 1974 END
START 3236 6944 18592 -4055 -2357 2104 END
START 2932 6548 18616 -4002 -2493 2166 END
START 2492 6160 18456 -3903 -2681 2242 END
START 2136 5704 18524 -3775 -2857 2296 END