START -1780 2104 13904 -2472 44 -834 END
START -212 2072 5712 -2719 -800 -615 END
START -532 792 8640 -3135 -542 -187 END
START 68 1768 11108 -3385 236 314 END
START -524 2036 12220 -3592 599 840 END
START -1496 1956 12692 -3822 676 1401 END
START -2004 1556 13176 -3993 309 1957 END
START -2064 868 13200 -4054 -186 2528 END
START -1740 -180 13040 -3825 -349 2961 END
START -1456 -1300 13060 -3364 -262 3308 END
START -1384 -2336 13048 -2730 -105 3469 END
START -1684 -3168 13024 -1950 -9 3488 END
START -2060 -3564 13028 -1161 -36 3295 END
START -2148 -3816 13336 -305 -140 2967 END
START -2256 -3848 13332 520 -171 2536 END
START -2236 -3844 13592 1354 -212 1959 END
START -2520 -3736 13636 2087 -323 1381 END
START -2776 -3528 13616 2653 -515 787 END
START -2748 -3360 13564 3080 -616 268 END
START -2708 -3232 13604 3400 -662 -222 END
START -2448 -3136 13272 3667 -544 -632 END
START -2176 -3088 13356 3934 -321 -1017 END
START -1848 -2952 13132 4166 51 -1299 END
START -1460 -2728 12924 4396 505 -1573 END
START -1040 -2712 12804 4551 1279 -1753 END
START -752 -2344 12768 4672 2187 -1853 END
START -636 -1880 13008 4589 2958 -1901 END
START -448 -1208 13240 4454 3805 -1861 END
START -280 -852 13656 4175 4595 -1789 END
START -136 -248 14072 3831 5336 -1636 END
START 120 336 14376 3394 5965 -1471 END
START -68 952 15096 2944 6449 -1246 END
START -220 1536 15300 2389 6772 -984 END
START -304 1960 15572 1861 7056 -703 END
START -504 2468 16008 1354 7161 -331 END
START -1028 2684 16456 833 7058 27 END
START -1324 2800 16604 380 6763 475 END
START -2000 2784 17196 -98 6295 947 END
START -2656 2652 17420 -404 5604 1404 END
START -3008 2656 17620 -724 4738 1805 END
START -3616 2352 17880 -877 3645 2130 END
START -4004 1980 17860 -970 2438 2340 END
START -4272 1628 17704 -894 1316 2411 END
START -4640 968 17268 -771 269 2370 END
START -4696 424 16836 -579 -649 2286 END
START -4764 8 16480 -328 -1478 2133 END
START -4956 -104 16008 -81 -2089 1920 END
START -4932 -172 15672 181 -2605 1666 END
START -4780 -228 15412 334 -3072 1414 END
START -4692 -480 15008 464 -3353 1213 END
START -4324 -840 14732 501 -3522 1025 END
START -4004 -1128 14124 474 -3535 822 END
START -3688 -1396 14112 450 -3415 549 END
START -3432 -1620 13692 438 -3218 257 END
START -3104 -1864 13420 433 -2910 -66 END
START -2776 -2048 13108 459 -2460 -414 END
START -2736 -2024 12972 571 -1903 -808 END
START -2704 -1984 12884 580 -1310 -1130 END
START -2572 -1944 12748 660 -687 -1467 END
START -2452 -1788 12900 657 -26 -1759 END
START -2640 -1564 13220 539 583 -1994 END
START -2616 -1308 13336 396 1132 -2179 END
START -2728 -1084 13752 120 1537 -2384 END
START -2852 -960 13976 -208 1789 -2524 END
START -2696 -912 14132 -581 1910 -2648 END
START -2612 -1028 14208 -881 2015 -2817 END
START -2568 -852 14208 -1111 2033 -2894 END
START -2420 -836 13944 -1303 2070 -2988 END
START -2356 -724 13820 -1395 2086 -3045 END
START -2328 -676 13480 -1428 2142 -3088 END
START -2360 -480 13140 -1392 2244 -3099 END
START -2208 -316 13076 -1269 2253 -3078 END
START -2232 88 12856 -1153 2187 -3000 END
START -2324 276 12680 -977 2085 -2884 END
START -2320 456 12744 -798 1871 -2731 END
START -2312 516 12856 -556 1495 -2542 END
START -2324 780 12720 -271 1178 -2359 END
START -2300 776 12676 -27 758 -2100 END
START -2268 1048 12652 250 353 -1876 END
START -2132 988 12656 534 -115 -1638 END
START -2112 1172 12480 867 -579 -1357 END
START -2184 1240 12260 1130 -1093 -1115 END
START -2148 1212 12264 1421 -1594 -839 END
START -2084 1256 11860 1705 -2031 -654 END
START -1880 1284 11484 1981 -2415 -439 END
START -1908 1244 11244 2233 -2639 -279 END
START -1724 1392 10876 2444 -2867 -171 END
START -1876 1428 10300 2617 -3039 -66 END
START -1704 1496 10044 2721 -3077 26 END
START -1716 1620 9792 2863 -3026 82 END
START -1792 1624 9460 2902 -2967 110 END
START -1560 1624 8936 2961 -2843 139 END
START -1532 1528 8756 3002 -2661 80 END
START -1408 1716 8364 3096 -2421 14 END
START -1496 1724 8212 3137 -2164 -84 END
START -1348 1744 8080 3160 -1943 -175 END
START -1328 1784 8012 3181 -1699 -287 END
START -1360 1892 7768 3237 -1491 -416 END
START -1312 2064 7896 3265 -1271 -498 END
START -1216 2212 7712 3313 -1126 -579 END
START -1216 2336 7552 3328 -995 -661 END
START -1092 2368 7356 3392 -838 -713 END
START -1000 2328 7348 3440 -725 -777 END
START -748 2380 7028 3513 -508 -832 END
START -716 2240 6872 3587 -357 -868 END
START -608 2340 6628 3686 -174 -921 END
START -500 2316 6444 3816 105 -940 END
START -476 2396 6320 3982 339 -964 END
START -368 2456 6052 4113 593 -975 END
START -488 2460 6264 4296 885 -922 END
START -344 2596 5992 4420 1103 -928 END
START -636 2748 6380 4561 1255 -876 END
START -732 2928 6440 4741 1327 -824 END
START -816 3160 6488 4846 1360 -781 END
START -896 3420 6908 5079 1239 -736 END
START -952 3580 7276 5243 1103 -620 END
START -1084 3540 7396 5460 844 -510 END
START -1032 3600 7192 5615 586 -392 END
START -1052 3536 7372 5876 228 -208 END
START -1120 3732 7248 6097 -60 -87 END
START -1136 3672 7024 6345 -333 66 END
START -904 3876 6840 6646 -560 190 END
START -860 3856 6600 6881 -697 335 END
START -832 3860 6340 7123 -756 418 END
START -704 3884 6252 7414 -833 539 END
START -676 3868 5988 7691 -826 630 END
START -580 3916 6152 8001 -802 761 END
START -740 4016 5956 8318 -768 859 END
START -772 4048 5812 8646 -626 972 END
START -920 4100 5784 8908 -543 1100 END
START -764 4092 5572 9203 -352 1173 END
START -840 4240 5424 9461 -123 1317 END
START -844 4252 5320 9672 287 1366 END
START -792 4180 4880 9875 783 1435 END
START -732 4220 4572 10056 1420 1451 END
START -796 4080 4588 10221 2223 1389 END
START -636 3860 4416 10328 3125 1378 END
START -648 3808 4596 10433 4133 1258 END
START -612 3800 4672 10544 5227 1136 END
START -612 3840 4916 10563 6381 1000 END
START -632 4084 5468 10577 7544 900 END
START -948 4264 5856 10553 8755 830 END
START -1380 4204 6536 10455 9728 705 END
START -1760 4224 7220 10365 10624 634 END
START -2040 3968 8016 10221 11453 518 END
START -2380 3732 8692 10119 12113 415 END
START -2680 3540 9076 9991 12608 173 END
START -2984 3440 10016 9958 12735 -6 END
START -3176 3424 10820 10010 12896 -221 END
START -3304 3556 11836 10157 12589 -504 END
START -3308 3696 12808 10462 12036 -691 END
START -3440 3864 13808 10798 11385 -862 END
START -3224 4084 14720 11247 10522 -942 END
START -3148 4472 15696 11625 9506 -838 END
START -2848 4860 16496 12256 8475 -706 END
START -2468 5088 17220 12548 7366 -369 END
START -2264 5556 17708 13089 6200 14 END
START -1880 5784 18152 13539 5049 549 END
START -1596 6008 18616 13928 3982 1104 END
START -1372 5996 18704 14343 2997 1766 END
START -1268 5980 19096 14780 2154 2412 END
START -1148 6004 19212 15192 1528 3122 END
START -1208 6016 19388 15567 1196 3775 END
START -1428 5900 19764 15944 988 4480 END
START -1668 5776 20208 16304 938 5068 END
START -2016 5748 20848 16531 996 5617 END
START -2588 5828 21408 16714 1143 6152 END
START -3252 5660 21872 16767 1313 6598 END
START -3500 5608 22300 16693 1626 6799 END
START -4068 5524 22672 16440 2046 6831 END
START -4936 5300 23500 16028 2479 6795 END
START -5816 5008 24488 15622 2851 6695 END
START -6800 4592 25644 15181 3102 6572 END
START -7416 4300 26492 14761 3324 6294 END
START -7956 3888 27412 14375 3539 5906 END
START -8392 3436 28056 13950 3738 5455 END
START -8292 2908 28712 13530 3927 4746 END
START -8716 2932 29012 12930 3955 3992 END
START -9164 2728 29824 12338 3907 3337 END
START -9012 2576 30504 11817 3866 2734 END
START -8712 2436 31028 11235 3859 2141 END
START -8356 2404 31160 10786 3901 1549 END
START -8144 2512 31516 10358 3935 983 END
START -7928 2624 31660 9880 3894 488 END
START -7508 2736 31932 9348 3827 14 END
START -7164 2832 32476 8844 3652 -374 END
START -6976 3096 32767 8212 3363 -688 END
START -6640 3348 32767 7628 2978 -937 END
START -6280 3688 32767 7011 2474 -1036 END
START -6076 4040 32767 6384 1857 -1070 END
START -5804 4112 32767 5773 1178 -985 END
START -5484 4272 32767 5215 547 -799 END
START -5360 4368 32767 4691 -166 -525 END
START -4972 4504 32767 4159 -831 -191 END
START -4684 4400 32767 3647 -1454 178 END
START -4660 4220 32767 3261 -1932 607 END
START -4392 4224 32767 2840 -2392 1034 END
START -4496 4004 32460 2512 -2764 1410 END
START -4412 3708 32128 2210 -3055 1785 END
START -4516 3388 31380 1929 -3245 2110 END
START -4496 3004 31172 1684 -3414 2343 END
START -4764 2888 30904 1466 -3593 2525 END
START -4800 2692 30496 1260 -3816 2602 END
START -4960 2432 30152 1095 -3956 2665 END
START -4876 2228 30064 953 -4094 2629 END
START -4852 1888 29788 724 -4195 2561 END
START -4860 1580 29372 536 -4241 2466 END
START -4780 1356 28988 330 -4206 2309 END
START -4724 1352 28972 105 -4136 2174 END
START -4708 1368 28812 -109 -4023 2012 END
START -4832 1344 28756 -375 -3851 1827 END
START -4796 1480 28580 -637 -3669 1680 END
START -4840 1672 28664 -946 -3547 1504 END
START -5004 1708 28564 -1248 -3409 1344 END
START -4956 1892 28780 -1653 -3282 1188 END
START -4904 1816 28868 -1991 -3154 1075 END
START -4968 1872 28960 -2407 -3079 963 END
START -4872 1860 28912 -2790 -2980 845 END
START -4744 1840 28856 -3206 -2820 775 END
START -4796 1952 28588 -3611 -2706 699 END
START -4768 2008 28332 -4021 -2571 571 END
START -4836 2072 28232 -4421 -2468 497 END
START -4840 2116 28012 -4808 -2369 344 END
START -4680 1964 27784 -5132 -2295 244 END
START -4560 1900 27640 -5407 -2217 142 END
START -4684 1976 27704 -5673 -2220 33 END
START -4536 1924 27624 -5907 -2194 -1 END
START -4460 1960 27328 -6157 -2212 -43 END
START -4376 2088 27068 -6405 -2177 -66 END
START -4292 2236 26776 -6659 -2107 -87 END
START -4400 2364 26396 -6971 -2079 -74 END
START -4420 2396 26144 -7290 -2028 -58 END
START -4632 2600 25928 -7602 -2041 -29 END
START -4472 2612 25756 -7931 -2061 21 END
START -4592 2664 25568 -8207 -2016 27 END
START -4632 2488 25408 -8536 -2027 11 END
START -4604 2400 25232 -8786 -2015 0 END
START -4720 2420 24984 -9083 -2060 14 END
START -4648 2216 24548 -9337 -2095 -40 END
START -4600 2156 24144 -9555 -2117 -132 END
START -4464 2008 23788 -9778 -2058 -197 END
START -4464 2064 23528 -9910 -2056 -304 END
START -4548 2148 23132 -10071 -2001 -439 END
START -4412 2308 22924 -10221 -2037 -543 END
START -4416 2260 22724 -10342 -2007 -645 END
START -4308 2372 22284 -10471 -2059 -716 END
START -4364 2324 21988 -10617 -2071 -804 END
START -4044 2488 21780 -10720 -2066 -884 END
START -4048 2276 21280 -10827 -2082 -995 END
START -3984 2292 21272 -10842 -2098 -1116 END
START -3880 2284 21008 -10886 -2102 -1224 END
START -3928 2108 20840 -10871 -2174 -1345 END
START -3948 2148 20428 -10816 -2228 -1420 END
START -3932 2168 20144 -10789 -2260 -1549 END
START -3896 2308 19792 -10735 -2360 -1654 END
START -3884 2340 19392 -10714 -2346 -1779 END
START -3824 2292 19020 -10684 -2340 -1865 END
START -3816 2452 18736 -10683 -2301 -1992 END
START -3760 2396 18544 -10612 -2166 -2099 END
START -3684 2480 18220 -10614 -2143 -2180 END
START -3728 2468 18176 -10586 -2008 -2251 END
START -3728 2468 17912 -10610 -1911 -2396 END
START -3764 2564 17784 -10605 -1801 -2430 END
START -3668 2568 17548 -10635 -1820 -2585 END
START -3868 2716 17364 -10673 -1782 -2655 END
START -3772 2768 17232 -10710 -1814 -2790 END
START -3620 2988 16784 -10804 -1839 -2896 END
START -3684 3192 16660 -10876 -1866 -3003 END
START -3372 3336 16376 -10994 -1899 -3032 END
START -3332 3584 15952 -11132 -1970 -3095 END
START -3216 3656 15668 -11230 -1949 -3104 END
START -2896 3768 15288 -11339 -1959 -3070 END
START -2728 3816 14952 -11384 -1887 -3000 END
START -2588 3832 14500 -11413 -1820 -2938 END
START -2556 3920 14328 -11479 -1754 -2819 END
START -2352 4092 13940 -11462 -1743 -2716 END
START -2324 4172 13384 -11471 -1680 -2617 END
START -2092 4228 13280 -11453 -1597 -2486 END
START -1924 4260 12812 -11413 -1506 -2375 END
START -1936 4408 12316 -11332 -1409 -2256 END
START -1912 4296 12056 -11269 -1331 -2123 END
START -1876 4328 11592 -11139 -1302 -1985 END
START -1816 4236 11304 -10995 -1268 -1883 END
START -1728 4272 10964 -10840 -1212 -1739 END
START -1676 4260 10756 -10642 -1192 -1617 END
START -1748 4164 10436 -10412 -1199 -1549 END
START -1664 4052 9928 -10211 -1179 -1420 END
START -1796 4020 9648 -9917 -1217 -1352 END
START -1796 3928 9276 -9652 -1222 -1280 END
START -1884 3976 9028 -9324 -1283 -1292 END
START -1972 3936 8828 -8937 -1354 -1260 END
START -2128 3932 8460 -8541 -1434 -1252 END
START -2088 3872 8172 -8117 -1552 -1245 END
START -2232 3964 8048 -7680 -1667 -1238 END
START -2136 3916 7752 -7244 -1774 -1255 END
START -2208 3772 7748 -6802 -1868 -1231 END
START -2228 3728 7544 -6382 -2052 -1292 END
START -2268 3588 7644 -5993 -2241 -1291 END
START -2196 3496 7480 -5602 -2389 -1314 END
START -2140 3496 7240 -5303 -2526 -1359 END
START -2120 3312 7232 -5012 -2748 -1430 END
START -2128 3300 6980 -4768 -2875 -1517 END
START -2132 3316 6860 -4503 -3098 -1599 END
START -2060 3300 6608 -4276 -3239 -1690 END
START -1988 3312 6648 -4026 -3357 -1742 END
START -1872 3416 6412 -3786 -3356 -1725 END
START -1672 3528 6064 -3548 -3387 -1701 END
START -1320 3624 5968 -3339 -3259 -1634 END
START -1204 3644 5884 -3136 -3070 -1564 END
START -684 3620 5784 -3027 -2766 -1450 END
START -372 3704 5652 -2903 -2401 -1283 END
START -216 3792 5488 -2891 -1993 -1133 END
START -100 3808 5524 -2849 -1580 -959 END
START 44 3948 5892 -2892 -1228 -800 END
START 236 3908 5996 -2896 -919 -650 END
START 240 3900 6004 -2994 -574 -473 END
START 260 4004 6192 -3023 -322 -353 END
START 112 3956 6444 -3077 -85 -191 END
START 248 3776 6428 -3092 76 -45 END
START 300 3704 6524 -3058 235 42 END
START 192 3740 6628 -2979 369 198 END
START 24 3568 6616 -2870 457 307 END
START -76 3456 6768 -2685 504 441 END
START -196 3500 6924 -2475 525 549 END
START -200 3376 7000 -2221 522 626 END
START -420 3236 7124 -1947 537 702 END
START -584 3132 7488 -1619 484 746 END
START -728 2972 7716 -1297 351 739 END
START -764 2952 7936 -1002 194 710 END
START -868 2704 8240 -654 -33 665 END
START -848 2484 8816 -364 -323 599 END
START -700 2100 9032 -49 -587 490 END
START -788 2084 9380 300 -916 410 END
START -756 1800 9824 590 -1231 280 END
START -412 1808 10156 918 -1449 144 END
START -204 1768 10316 1187 -1730 3 END
START -100 1808 10524 1426 -1937 -111 END
START 132 1936 10756 1616 -2111 -252 END
START 484 2080 10780 1791 -2306 -306 END
START 764 2108 11132 1908 -2411 -314 END
START 1208 2188 11384 1996 -2460 -378 END
START 1816 2048 11632 2090 -2470 -374 END
START 2300 2000 11816 2112 -2358 -309 END
START 2680 2012 12040 2120 -2220 -272 END
START 3352 1924 12236 2110 -1836 -176 END
START 4004 1976 12516 2013 -1390 -34 END
START 4288 2188 12828 1865 -906 133 END
START 4584 2432 13100 1609 -415 341 END
START 5024 2612 13696 1317 64 540 END
START 5084 2760 13996 958 521 768 END
START 5156 2896 14180 593 989 1062 END
START 5132 3160 14724 146 1367 1316 END
START 5196 3224 15060 -281 1629 1569 END
START 5148 3280 15628 -779 1848 1865 END
START 5048 3292 16036 -1229 1940 2102 END
START 4920 3244 16372 -1682 1905 2357 END
START 4744 3280 16308 -2049 1831 2554 END
START 4812 3240 16568 -2334 1698 2798 END
START 4648 3228 16364 -2540 1528 2988 END
START 4676 3104 16340 -2659 1394 3171 END
START 4656 3052 16392 -2668 1201 3331 END
START 4640 2912 16444 -2614 1056 3464 END
START 4748 2848 16504 -2460 844 3623 END
START 4708 2788 16740 -2345 625 3744 END
START 4724 2684 16904 -2119 347 3885 END
START 4708 2840 17092 -1977 -15 4040 END
START 4820 3060 17164 -1833 -403 4186 END
START 4740 3144 17088 -1660 -814 4346 END
START 4804 3216 17144 -1591 -1164 4537 END
START 4980 3304 16924 -1487 -1447 4774 END
START 5036 3320 16912 -1452 -1609 5018 END
START 5148 3276 16712 -1365 -1694 5258 END
START 5208 3228 16772 -1374 -1672 5502 END
START 5100 3240 16828 -1418 -1592 5778 END
START 5036 3200 16800 -1496 -1483 6015 END
START 4816 3252 16588 -1645 -1348 6224 END
START 4568 3180 16736 -1838 -1237 6430 END
START 4308 3168 16796 -2022 -1120 6652 END
START 4044 2984 16932 -2244 -1069 6857 END
START 3828 2976 17204 -2441 -1042 7024 END
START 3328 2820 17208 -2639 -1084 7202 END
START 3084 2804 17224 -2823 -1149 7283 END
START 2936 2708 17264 -2924 -1269 7439 END
START 2768 2748 17224 -3120 -1379 7532 END
START 2640 2532 16960 -3233 -1458 7664 END
START 2480 2488 16868 -3295 -1499 7808 END
START 2284 2444 16764 -3407 -1549 7987 END
START 2204 2468 16516 -3474 -1597 8138 END
START 2032 2472 16356 -3566 -1591 8313 END
START 1900 2408 16260 -3673 -1551 8465 END
START 1784 2492 16244 -3757 -1526 8619 END
START 1644 2328 15924 -3863 -1513 8786 END
START 1456 2320 15768 -4034 -1411 8904 END
START 1356 2224 15404 -4203 -1305 9058 END
START 1148 2284 15300 -4351 -1184 9160 END
START 996 2264 15028 -4564 -1041 9292 END
START 928 2180 15048 -4688 -826 9402 END
START 748 2136 14632 -4938 -556 9544 END
START 584 2140 14536 -5089 -350 9672 END
START 244 2080 14296 -5243 -108 9770 END
START 60 1976 14124 -5349 146 9908 END
START -360 1976 14052 -5455 452 10037 END
START -800 2128 13896 -5495 666 10115 END
START -1184 2188 13888 -5482 884 10253 END
START -1520 2164 13744 -5460 1121 10389 END
START -1884 2280 13776 -5405 1372 10606 END
START -2364 2436 13772 -5320 1583 10819 END
START -2948 2456 13612 -5249 1766 11092 END
START -3552 2492 13740 -5101 1875 11372 END
START -4164 2388 13808 -4893 2017 11676 END
START -4920 2224 13976 -4656 2108 12006 END
START -5784 2196 14132 -4434 2087 12356 END
START -6644 1940 14048 -4150 1950 12522 END
START -7520 1808 14216 -3836 1757 12815 END
START -8504 1456 14368 -3496 1486 12814 END
START -9076 1036 14544 -3130 1179 12795 END
START -9964 484 14548 -2733 856 12742 END
START -10724 196 14652 -2366 455 12730 END
START -11232 -364 14516 -1996 134 12670 END
START -11892 -660 14536 -1652 -246 12596 END
START -12416 -1160 14148 -1296 -531 12098 END
START -12908 -1340 14344 -982 -776 11848 END
START -13376 -1624 14060 -692 -901 11432 END
START -13644 -1904 13920 -418 -989 11063 END
START -14120 -2172 13860 -227 -1042 10584 END
START -14604 -2332 13796 -76 -1105 10138 END
START -15168 -2516 13748 14 -1098 9648 END
START -15304 -2540 13824 92 -1023 9169 END
START -15536 -2660 13744 137 -1004 8609 END
START -15660 -2820 13696 130 -870 8034 END
START -15952 -2896 13708 134 -749 7419 END
START -16164 -3088 13688 122 -581 6816 END
START -16312 -3180 13688 71 -397 6216 END
START -16696 -3220 13764 27 -235 5534 END
START -16844 -3184 13908 -45 -76 4883 END
START -17064 -3244 13884 -103 74 4296 END
START -17232 -3160 14032 -205 275 3688 END
START -17344 -3248 14056 -261 401 3088 END
START -17380 -3048 14140 -378 559 2486 END
START -17472 -3176 14164 -467 710 1958 END
START -17496 -3216 14004 -654 887 1399 END
START -17544 -3376 13924 -777 1024 848 END
START -17408 -3504 13820 -926 1147 332 END
START -17312 -3620 13780 -1044 1259 -217 END
START -17348 -3856 13740 -1124 1346 -780 END
START -17244 -3932 13784 -1175 1414 -1364 END
START -17108 -4012 13628 -1220 1442 -1949 END
START -17004 -4208 13588 -1140 1435 -2595 END
START -17024 -4212 13620 -1004 1388 -3203 END
START -16864 -4248 13724 -856 1240 -3832 END
START -16796 -4300 13532 -642 1098 -4389 END
START -16540 -4200 13484 -441 957 -4922 END
START -16288 -3936 13368 -209 812 -5476 END
START -16044 -3824 13036 25 653 -5951 END
START -15868 -3580 13032 207 501 -6461 END
START -15588 -3508 12876 396 321 -6919 END
START -15088 -3384 12880 591 226 -7328 END
START -14756 -3384 12584 741 175 -7789 END
START -14312 -3292 12588 930 124 -8166 END
START -13996 -2972 12524 1026 164 -8569 END
START -13556 -2660 12428 1155 122 -8901 END
START -13316 -2380 12356 1274 144 -9219 END
START -12892 -2064 12044 1341 192 -9540 END
START -12484 -1860 11788 1473 336 -9800 END
START -12192 -1800 11696 1610 461 -10079 END
START -11812 -1676 11552 1748 645 -10330 END
START -11392 -1536 11468 1872 833 -10589 END
START -11120 -1492 11400 2075 1079 -10811 END
START -10768 -1472 11384 2318 1317 -11074 END
START -10536 -1540 11484 2509 1637 -11327 END
START -10376 -1388 11580 2731 1909 -11605 END
START -10000 -1376 11836 3002 2204 -11910 END
START -9844 -1172 12124 3203 2454 -12225 END
START -9396 -1216 12200 3370 2672 -12512 END
START -9144 -972 12616 3439 2850 -12842 END
START -8944 -772 13016 3511 2924 -13162 END
START -8648 -576 13188 3503 2917 -13489 END
START -8068 -508 13680 3508 2942 -13788 END
START -7752 -388 13828 3474 2903 -14081 END
START -7440 -220 14144 3396 2827 -14292 END
START -7012 -36 14200 3297 2745 -14524 END
START -6316 344 14532 3175 2627 -14689 END
START -5808 656 14596 2985 2533 -14830 END
START -5112 1104 14752 2784 2467 -14874 END
START -4488 1516 14812 2504 2395 -14896 END
START -3868 1884 14800 2173 2345 -14778 END
START -3300 2264 14588 1797 2195 -14627 END
START -2688 2524 14236 1415 2105 -14408 END
START -2024 2480 14104 1051 2098 -14054 END
START -1504 2364 13952 713 2107 -13695 END
START -976 2296 13584 477 2220 -13345 END
START -548 1988 13304 393 2280 -12910 END
START -52 1868 13160 408 2428 -12476 END
START 60 1580 13180 501 2622 -12138 END
START 240 1384 13116 770 2770 -11786 END
START 272 1260 12996 1071 2886 -11438 END
START 172 1188 13112 1494 2886 -11149 END
START 68 1232 13012 1966 2822 -10841 END
START 52 1228 13080 2418 2728 -10565 END
START -48 1248 12508 2871 2662 -10301 END
START -172 1220 12596 3371 2540 -10068 END
START -284 1280 12436 3784 2501 -9873 END
START -208 1320 12540 4236 2424 -9729 END
START -132 1080 12640 4701 2361 -9697 END
START 12 968 12500 5151 2415 -9689 END
START 320 840 12516 5606 2515 -9758 END
START 540 752 12520 6037 2764 -9817 END
START 884 716 12700 6452 3059 -9921 END
START 1184 872 12984 6859 3459 -10025 END
START 1396 1044 13528 7241 3791 -10114 END
START 1552 1100 14404 7604 4137 -10224 END
START 1784 1324 15316 7890 4375 -10339 END
START 2012 1452 16140 8161 4557 -10483 END
START 2216 1604 16760 8273 4600 -10585 END
START 2720 1844 17900 8340 4701 -10693 END
START 3252 2072 18964 8210 4678 -10750 END
START 3636 2380 19924 7988 4626 -10833 END
START 4168 2724 20956 7573 4474 -10818 END
START 4780 3224 21580 7049 4273 -10751 END
START 5272 3700 22176 6369 4089 -10615 END
START 5820 4300 22680 5602 3965 -10376 END
START 6416 4732 22900 4768 3838 -10037 END
START 6636 5032 22972 3871 3698 -9629 END
START 7096 5204 23156 2974 3551 -9132 END
START 7328 5220 23004 2141 3390 -8642 END
START 7820 5284 22944 1284 3240 -8077 END
START 8076 5196 22696 655 3083 -7630 END
START 8216 5048 22384 43 2935 -7157 END
START 8468 5016 22348 -387 2732 -6748 END
START 8508 4764 21920 -776 2553 -6306 END
START 8576 4568 21740 -1080 2272 -5894 END
START 8648 4404 21188 -1276 2023 -5494 END
START 8632 4300 21040 -1414 1672 -5093 END
START 8664 4104 20864 -1412 1323 -4737 END
START 8752 3940 20644 -1374 1007 -4371 END
START 8872 3788 20532 -1316 614 -4040 END
START 9120 3612 20020 -1178 334 -3691 END
START 9300 3524 19660 -1060 109 -3356 END
START 9536 3472 19012 -925 -75 -3025 END
START 9724 3468 18828 -859 -143 -2693 END
START 9972 3276 18484 -770 -73 -2391 END
START 10132 3076 18108 -711 -89 -2088 END
START 10156 2968 18072 -647 -35 -1797 END
START 10176 2780 18040 -603 0 -1513 END
START 10228 2712 18096 -556 37 -1262 END
START 10136 2604 18096 -601 22 -991 END
START 10200 2392 17940 -590 70 -673 END
START 10268 2412 18120 -623 52 -401 END
START 10132 2372 18160 -670 19 -29 END
START 10136 2420 18052 -797 7 279 END
START 9928 2396 18084 -855 -59 636 END
START 9704 2300 18096 -955 -188 994 END
START 9552 2264 17872 -1062 -215 1361 END
START 9452 2148 17640 -1143 -286 1746 END
START 9160 1888 17520 -1174 -328 2082 END
START 9004 1724 17292 -1192 -388 2437 END
START 8848 1592 17452 -1175 -408 2702 END
START 8712 1468 17288 -1180 -422 3038 END
START 8368 1396 17308 -1207 -524 3258 END
START 8040 1508 17428 -1218 -614 3524 END
START 7900 1580 17384 -1315 -754 3755 END
START 7720 1424 17220 -1356 -869 4030 END
START 7520 1392 17268 -1441 -946 4286 END
START 7124 1276 17304 -1480 -1074 4583 END
START 6920 1216 17608 -1561 -1195 4866 END
START 6500 1088 17680 -1600 -1340 5144 END
START 6156 912 17872 -1615 -1513 5428 END
START 5800 956 18184 -1692 -1692 5695 END
START 5380 980 18004 -1773 -1966 5940 END
START 5088 832 18164 -1879 -2165 6215 END
START 4748 900 18076 -1983 -2380 6419 END
START 4424 644 18004 -2093 -2603 6663 END
START 4036 468 18076 -2276 -2858 6893 END
START 3688 376 17896 -2439 -2997 7080 END
START 3316 380 17672 -2622 -3125 7288 END
START 2952 312 17372 -2805 -3168 7423 END
START 2464 312 17104 -3016 -3173 7601 END
START 1968 228 16828 -3220 -3099 7732 END
START 1748 220 16728 -3415 -2995 7824 END
START 1312 104 16556 -3607 -2825 7924 END
START 784 160 16388 -3768 -2692 7982 END
START 340 68 16264 -3883 -2557 8047 END
START -104 0 15884 -3981 -2433 8078 END
START -672 -76 15948 -4027 -2290 8122 END
START -1252 -232 15680 -4007 -2165 8126 END
START -1504 -216 15576 -4036 -2063 8100 END
START -2136 -268 15396 -3987 -1981 8038 END
START -2660 -580 15356 -3964 -2007 7944 END
START -3168 -620 15420 -3930 -2043 7833 END
START -3520 -644 15388 -3878 -2116 7624 END
START -4004 -852 15360 -3828 -2173 7485 END
START -4368 -976 15504 -3732 -2288 7260 END
START -4780 -1192 15484 -3660 -2409 7045 END
START -5056 -1100 15408 -3570 -2521 6814 END
START -5324 -1320 15324 -3485 -2667 6592 END
START -5712 -1372 15116 -3427 -2801 6368 END
START -5964 -1532 15184 -3389 -2934 6167 END
START -6168 -1552 14784 -3289 -3108 5901 END
START -6444 -1748 14636 -3234 -3217 5604 END
START -6656 -1792 14592 -3130 -3248 5344 END
START -6760 -1820 14368 -3026 -3280 5076 END
START -7012 -1880 14244 -2951 -3333 4801 END
START -7232 -1740 14192 -2879 -3420 4556 END
START -7324 -1664 14212 -2845 -3519 4315 END
START -7344 -1716 14200 -2786 -3661 4082 END
START -7656 -1536 14160 -2701 -3835 3849 END
START -7692 -1628 13908 -2666 -3967 3616 END
START -7676 -1632 13480 -2601 -4085 3412 END
START -7640 -1516 13268 -2493 -4167 3161 END
START -7576 -1556 12948 -2436 -4255 2981 END
START -7636 -1336 12604 -2353 -4233 2755 END
START -7556 -1260 12332 -2287 -4186 2553 END
START -7452 -1196 11876 -2180 -4110 2348 END
START -7372 -1172 11400 -2076 -4003 2170 END
START -7220 -1212 11148 -1995 -3834 1985 END
START -7252 -1160 10944 -1875 -3557 1822 END
START -7252 -1068 10488 -1745 -3290 1612 END
START -7136 -1096 10336 -1570 -3007 1423 END
START -7080 -976 9772 -1426 -2614 1260 END
START -7024 -844 9532 -1241 -2251 1078 END
START -7028 -696 9328 -1072 -1857 897 END
START -7072 -676 9196 -920 -1439 778 END
START -6844 -604 9044 -711 -1091 648 END
START -6900 -592 9032 -547 -721 499 END
START -6900 -636 9272 -369 -462 380 END
START -6900 -628 9376 -209 -309 255 END
START -6904 -600 9460 -27 -224 118 END
START -6964 -608 9408 98 -195 -26 END
START -6864 -484 9384 261 -240 -187 END
START -6724 -336 9216 396 -183 -314 END
START -6676 -420 9020 521 -177 -456 END
START -6608 -312 8744 668 -144 -590 END
START -6424 -184 8508 759 -148 -704 END
START -6272 -108 8392 896 -50 -776 END
START -6200 -16 8236 1057 56 -880 END
START -6272 144 8032 1195 140 -942 END
START -6084 336 7816 1351 298 -1031 END
START -6080 472 7664 1489 481 -1153 END
START -6128 492 7584 1678 606 -1174 END
START -6052 588 7568 1803 727 -1277 END
START -6048 636 7576 2023 810 -1361 END
START -5980 912 7680 2164 792 -1436 END
START -5928 1076 8020 2369 684 -1501 END
START -5884 1264 8252 2589 508 -1531 END
START -5852 1308 8436 2788 265 -1567 END
START -5708 1524 8736 3045 -98 -1523 END
START -5484 1816 8952 3282 -585 -1464 END
START -5372 1992 9072 3546 -1107 -1444 END
START -5056 2200 9192 3795 -1664 -1324 END
START -4624 2476 9044 4021 -2140 -1223 END
START -4436 2496 8820 4213 -2495 -1056 END
START -4128 2788 8476 4355 -2893 -923 END
START -3860 2844 8136 4502 -3075 -814 END
START -3576 3064 7456 4628 -3160 -660 END
START -3344 3136 6836 4788 -3040 -587 END
START -2988 3300 6452 4884 -2829 -471 END
START -2736 3276 6340 5054 -2556 -417 END
START -2708 3232 6168 5281 -2173 -323 END
START -2452 3140 5916 5466 -1750 -348 END
START -2216 3160 5804 5723 -1300 -362 END
START -2128 3088 5664 5952 -845 -384 END
START -2012 3084 6048 6213 -417 -467 END
START -2016 3176 6408 6416 -12 -537 END
START -1904 3224 6776 6603 292 -621 END
START -1740 3348 7152 6785 510 -659 END
START -1688 3576 7536 6900 741 -704 END
START -1540 3704 7600 6976 927 -717 END
START -1528 3840 7972 7061 1044 -667 END
START -1216 4140 8476 7047 1154 -596 END
START -1256 4344 8704 7090 1220 -483 END
START -1196 4644 8928 7063 1229 -337 END
START -1232 4780 9336 7008 1144 -101 END
START -1188 4868 9428 6948 1074 39 END
START -1172 4848 9460 6895 981 278 END
START -1112 4892 9584 6813 842 452 END
START -1104 4940 9604 6745 720 672 END
START -948 4868 9776 6723 594 838 END
START -972 4684 9840 6682 455 1045 END
START -968 4596 10012 6708 279 1186 END
START -788 4328 10168 6806 136 1321 END
START -740 4040 9912 7006 -66 1388 END
START -616 3840 9700 7285 -104 1448 END
START -520 3816 9732 7622 -57 1479 END
START -372 3588 9448 8031 40 1531 END
START -308 3604 9372 8479 157 1570 END
START -368 3484 9400 8941 302 1595 END
START -312 3580 9540 9455 462 1637 END
START -556 3676 9712 9955 637 1729 END
START -712 3776 10040 10433 788 1799 END
START -864 4092 10388 10864 964 1914 END
START -1048 4184 10728 11260 1144 1998 END
START -1276 4332 11220 11491 1219 2097 END
START -1548 4492 11816 11725 1275 2126 END
START -1608 4284 12248 11949 1314 2178 END
START -1848 4256 12616 11934 1369 2121 END
START -1920 4104 13136 11802 1408 2033 END
START -2044 3996 13344 12013 1519 1941 END
START -2132 3960 13764 11806 1651 1812 END
START -2264 4044 14036 11837 1876 1648 END
START -2272 4208 14116 11538 2145 1567 END
START -2504 4348 14376 11486 2447 1475 END
START -2536 4344 14620 11404 2773 1428 END
START -2732 4448 14928 11235 3055 1405 END
START -2824 4484 15116 11138 3361 1403 END
START -2948 4492 15468 10968 3639 1414 END
START -3200 4508 15928 10835 3827 1368 END
START -3324 4524 16280 10656 3913 1398 END
START -3436 4524 16600 10475 4003 1347 END
START -3520 4516 16828 10316 3923 1374 END
START -3752 4364 17104 10160 3787 1325 END
START -3948 4136 17376 9982 3550 1303 END
START -3920 4168 17380 9877 3326 1220 END
START -3712 4036 17664 9795 3063 1147 END
START -3488 3820 17672 9719 2873 1063 END
START -3308 3556 17760 9748 2731 955 END
START -3164 3336 17980 9754 2579 912 END
START -3020 3336 18360 9842 2444 785 END
START -2724 3304 18668 9940 2292 735 END
START -2752 3388 18984 10018 2039 673 END
START -2428 3468 19180 10097 1768 585 END
START -2156 3612 19604 10163 1436 548 END
START -1724 3776 19932 10233 1176 508 END
START -1568 3984 20188 10258 940 483 END
START -1324 4068 20652 10313 725 458 END
START -1444 4268 20900 10292 523 432 END
START -1664 4572 21104 10296 393 356 END
START -1904 4896 21628 10255 177 360 END
START -2016 4956 22016 10198 26 367 END
START -1900 5128 22276 10184 -44 375 END
START -1664 5044 22696 10188 -53 339 END
START -1552 5008 23080 10182 -16 357 END
START -1472 4820 23476 10066 31 344 END
START -1336 4752 23872 9945 102 349 END
START -1344 4892 24176 9723 230 347 END
START -1320 4920 24628 9442 342 374 END
START -1304 4860 25028 9097 496 396 END
START -1236 4792 25148 8671 680 417 END
START -1176 4644 25424 8195 958 418 END
START -900 4444 25564 7684 1188 412 END
START -692 4212 25424 7174 1495 386 END
START -580 4060 25632 6560 1841 347 END
START -420 3896 25796 6024 2152 316 END
START -324 3776 25788 5529 2457 221 END
START -216 3788 25740 4963 2729 153 END
START -40 3832 25696 4412 2998 137 END
START -40 3792 25936 3976 3235 138 END
START 80 3788 25932 3588 3414 204 END
START 72 3816 25920 3243 3599 276 END
START 244 3800 25844 3014 3735 329 END
START 300 3572 25724 2755 3932 401 END
START 212 3440 26040 2584 4070 444 END
START 284 3456 26128 2389 4141 529 END
START 192 3352 26228 2217 4095 651 END
START 208 3368 26356 2017 4010 707 END
START 296 3496 26548 1825 3890 824 END
START 312 3424 26692 1663 3730 952 END
START 232 3616 26740 1469 3517 1095 END
START 120 3584 26784 1253 3269 1246 END
START 4 3492 26968 1065 2974 1421 END
START 12 3452 26944 936 2701 1592 END
START -200 3512 26984 768 2352 1800 END
START -196 3160 27032 608 1999 1943 END
START -384 3248 26816 488 1700 2108 END
START -384 3292 26952 294 1372 2254 END
START -544 3108 26680 107 1060 2454 END
START -692 3108 26472 -89 805 2525 END
START -864 2888 26540 -281 535 2619 END
START -940 2800 26428 -517 223 2689 END
START -1052 2656 26204 -731 -81 2704 END
START -1184 2624 26012 -941 -409 2706 END
START -1240 2524 25692 -1151 -747 2650 END
START -1128 2616 25304 -1386 -1005 2567 END
START -1148 2624 25016 -1595 -1215 2474 END
START -920 2504 24604 -1780 -1413 2395 END
START -852 2648 24120 -1992 -1538 2268 END
START -764 2692 23564 -2191 -1580 2181 END
START -344 2688 23252 -2361 -1578 2053 END
START -292 2848 22808 -2553 -1491 1910 END
START -112 2896 22648 -2821 -1459 1730 END
START 132 3044 22144 -3069 -1316 1587 END
START 252 3304 21980 -3329 -1258 1425 END
START 432 3376 21604 -3555 -1150 1279 END
START 784 3476 21356 -3801 -1059 1175 END
START 1148 3588 21108 -4014 -878 1101 END
START 1392 3748 20792 -4247 -738 1012 END
START 1788 3816 20504 -4464 -581 1002 END
START 2032 4096 19916 -4698 -405 980 END
START 2376 4276 19744 -4932 -234 955 END
START 2608 4452 19392 -5173 -67 967 END
START 2912 4720 19140 -5412 116 1008 END
START 3228 4944 18836 -5695 319 1114 END
START 3288 5296 18648 -5956 371 1176 END
START 3684 5540 18164 -6210 465 1345 END
START 3928 5592 18152 -6419 438 1537 END
START 4172 5804 17752 -6644 472 1744 END
START 4376 5876 17592 -6771 449 1996 END
START 4552 6004 17124 -6897 427 2217 END
START 4668 6172 16876 -6929 400 2482 END
START 4748 6300 16748 -6949 338 2753 END
START 4880 6484 16496 -6960 212 3058 END
START 4860 6628 16256 -6884 83 3391 END
START 4992 6768 15904 -6846 -84 3734 END
START 4940 6968 15716 -6704 -277 4034 END
START 5004 6968 15536 -6626 -458 4432 END
START 5064 6900 14984 -6428 -611 4750 END
START 5292 7024 14816 -6279 -751 5096 END
START 5472 7012 14220 -6093 -788 5452 END
START 5632 7140 14116 -5881 -791 5802 END
START 5792 7280 13740 -5694 -771 6121 END
START 5852 7308 13424 -5497 -684 6495 END
START 5916 7352 13244 -5392 -528 6809 END
START 6108 7524 12816 -5224 -297 7152 END
START 5960 7592 12788 -5137 -50 7523 END
START 5920 7732 12528 -5105 237 7868 END
START 5868 7824 12480 -5074 506 8225 END
START 5896 7908 12420 -5131 809 8587 END
START 5696 7832 12460 -5189 1139 9007 END
START 5468 7868 12460 -5248 1478 9356 END
START 5148 7784 12532 -5353 1813 9760 END
START 4864 7772 12632 -5423 2118 10189 END
START 4292 7636 12548 -5500 2379 10548 END
START 3772 7676 12808 -5586 2663 10910 END
START 3196 7480 12924 -5622 2850 11242 END
START 2540 7496 12988 -5711 2978 11611 END
START 2020 7332 13220 -5757 3055 11879 END
START 1192 7140 13304 -5812 3032 12203 END
START 652 6964 13288 -5863 2958 12292 END
START -188 6932 13380 -5848 2924 12795 END
START -1052 6708 13448 -5830 2852 12821 END
START -1840 6476 13380 -5795 2737 12792 END
START -2604 6332 13364 -5813 2574 12767 END
START -3360 6184 13384 -5782 2420 12752 END
START -4180 5920 13472 -5705 2118 12737 END
START -4876 5672 13500 -5626 1839 12722 END
START -5584 5424 13372 -5520 1626 12675 END
START -6204 5252 13480 -5420 1373 12636 END
START -6892 4924 13392 -5278 1174 12195 END
START -7588 4772 13612 -5107 883 11981 END
START -8216 4624 13596 -5003 719 11748 END
START -8772 4336 13596 -4902 478 11392 END
START -9276 4072 13588 -4869 284 11095 END
START -9724 3768 13788 -4812 78 10687 END
START -10264 3576 13904 -4853 -121 10247 END
START -10716 3328 13896 -4926 -321 9766 END
START -10896 3148 13868 -5038 -553 9240 END
START -11176 2936 14156 -5154 -783 8752 END
START -11132 2960 13980 -5259 -940 8244 END
START -11444 3036 13992 -5355 -1069 7776 END
START -11488 3104 13768 -5449 -1173 7373 END
START -11532 3148 13740 -5540 -1263 6984 END
START -11560 3132 13644 -5651 -1407 6664 END
START -11776 2988 13308 -5679 -1441 6362 END
START -11720 2928 12932 -5701 -1421 6160 END
START -11684 2712 12792 -5671 -1331 5961 END
START -11712 2640 12396 -5525 -1178 5804 END
START -11872 2312 12084 -5389 -948 5664 END
START -12140 2228 12124 -5170 -835 5545 END
START -12400 2020 12100 -4941 -735 5377 END
START -12668 1832 12208 -4674 -621 5219 END
START -12904 1512 12032 -4362 -547 5095 END
START -13104 1320 12068 -4139 -492 4870 END
START -13240 1160 12104 -3891 -435 4659 END
START -13672 1072 11760 -3667 -462 4413 END
START -13796 980 11804 -3457 -486 4176 END
START -14068 876 11984 -3251 -547 3901 END
START -14344 756 11872 -3052 -572 3624 END
START -14544 740 11812 -2852 -650 3286 END
START -14728 488 11888 -2663 -697 3006 END
START -14864 356 11860 -2408 -773 2624 END
START -15208 204 11828 -2098 -780 2257 END
START -15352 116 11928 -1831 -842 1871 END
START -15352 -52 11856 -1541 -915 1457 END
START -15320 -116 11736 -1244 -1029 993 END
START -15452 -164 12000 -993 -1092 529 END
START -15492 -96 11584 -715 -1167 51 END
START -15384 -160 11632 -519 -1262 -473 END
START -15432 -72 11700 -304 -1350 -959 END
START -15240 -188 11792 -100 -1404 -1459 END
START -15092 -304 11852 134 -1491 -1910 END
START -15032 -252 11856 324 -1612 -2373 END
START -15040 -352 12004 571 -1634 -2804 END
START -14792 -228 11920 772 -1687 -3264 END
START -14672 -216 12160 948 -1669 -3720 END
START -14772 -108 12244 1158 -1665 -4140 END
START -14568 -24 12096 1329 -1667 -4597 END
START -14648 220 12044 1436 -1690 -5026 END
START -14424 276 11768 1550 -1612 -5443 END
START -14136 388 12056 1651 -1518 -5823 END
START -13780 492 11804 1793 -1341 -6192 END
START -13788 704 11752 1889 -1220 -6531 END
START -13580 664 11856 2031 -1055 -6863 END
START -13512 824 11852 2184 -787 -7169 END
START -13560 956 11944 2332 -603 -7470 END
START -13456 1120 12212 2453 -397 -7779 END
START -13244 1040 12400 2543 -237 -8140 END
START -13172 1016 12540 2598 -99 -8502 END
START -12900 1056 12688 2609 19 -8848 END
START -12620 1132 12884 2629 168 -9252 END
START -12448 1240 12964 2596 265 -9664 END
START -12204 1436 13120 2574 349 -10026 END
START -11936 1480 13412 2518 430 -10412 END
START -11800 1768 13428 2455 447 -10792 END
START -11520 1876 13524 2375 432 -11146 END
START -11316 2068 13516 2348 401 -11462 END
START -10992 2016 13632 2304 300 -11796 END
START -10760 2096 13520 2320 134 -12126 END
START -10508 2212 13724 2336 57 -12457 END
START -9996 2328 13600 2431 -103 -12745 END
START -9576 2448 13484 2485 -224 -13057 END
START -9368 2476 13412 2643 -386 -13315 END
START -9192 2544 13580 2827 -557 -13560 END
START -8888 2672 13404 3085 -700 -13801 END
START -8468 2712 13532 3385 -935 -14014 END
START -8216 2716 13616 3718 -1080 -14174 END
START -7804 2664 13796 4134 -1296 -14375 END
START -7660 2584 13860 4551 -1517 -14576 END
START -7224 2888 13900 4913 -1730 -14765 END
START -6896 2964 13932 5265 -1944 -14975 END
START -6596 3180 14000 5573 -2182 -15209 END
START -6280 3340 14064 5827 -2362 -15398 END
START -5640 3480 13908 5996 -2594 -15586 END
START -5212 3696 13856 6145 -2666 -15743 END
START -4672 3788 13792 6259 -2639 -15886 END
START -4060 3876 13692 6281 -2509 -15976 END
START -3596 4152 13680 6271 -2295 -16052 END
START -3252 4364 13752 6193 -2105 -16155 END
START -2736 4544 13612 6058 -1851 -16164 END
START -2488 4676 13916 5986 -1632 -16202 END
START -2384 4700 13924 5880 -1307 -16244 END
START -2192 4768 14256 5810 -1043 -16275 END
START -2056 4700 14680 5738 -856 -16353 END
START -1744 4952 14804 5704 -701 -16357 END
START -1740 4904 15228 5577 -650 -16431 END
START -1320 5088 15576 5527 -723 -16459 END
START -1288 5232 16044 5445 -855 -16529 END
START -1036 5244 16332 5423 -1051 -16513 END
START -836 5456 16524 5365 -1310 -16540 END
START -572 5536 16728 5418 -1628 -16481 END
START -440 5564 17040 5479 -2032 -16422 END
START -60 5628 17348 5598 -2583 -16400 END
START 416 5824 17416 5710 -3160 -16338 END
START 1200 6136 17164 5876 -3653 -16248 END
START 2004 6344 17164 5977 -4050 -16133 END
START 3036 6556 17092 6054 -4350 -15961 END
START 3888 6880 16976 6038 -4522 -15725 END
START 4728 7292 17124 5935 -4552 -15335 END
START 5512 7588 17192 5737 -4509 -14904 END
START 6152 8052 17104 5450 -4389 -14451 END
START 6756 8388 16824 5071 -4296 -13965 END
START 7396 8632 16864 4679 -4092 -13503 END
START 8052 8716 16676 4332 -3844 -13054 END
START 8608 8536 16456 4025 -3483 -12657 END
START 8936 8672 16576 3818 -3109 -12233 END
START 9440 8692 16560 3667 -2644 -11806 END
START 9816 8816 16608 3530 -2309 -11435 END
START 10204 9000 16672 3408 -1958 -11028 END
START 10508 9204 16848 3263 -1695 -10592 END
START 10728 9356 16944 3116 -1449 -10153 END
START 11052 9540 16952 2922 -1342 -9638 END
START 11376 9496 17056 2773 -1222 -9125 END
START 11804 9500 17124 2596 -1109 -8568 END
START 12052 9552 17520 2433 -973 -7938 END
START 12028 9676 17652 2290 -919 -7386 END
START 12316 9660 17928 2153 -904 -6741 END
START 12220 9664 17728 1991 -869 -6076 END
START 12076 9704 17672 1835 -876 -5386 END
START 12112 9624 17484 1672 -863 -4781 END
START 11852 9616 17544 1553 -859 -4120 END
START 11648 9444 17456 1455 -821 -3488 END
START 11408 9392 17228 1367 -829 -2854 END
START 11060 8992 17152 1313 -830 -2292 END
START 10784 8752 17164 1312 -813 -1780 END
START 10360 8388 17096 1361 -781 -1302 END
START 9696 8160 17164 1418 -782 -859 END
START 9180 7980 17196 1484 -825 -463 END
START 8432 7856 17240 1552 -879 -115 END
START 7876 7680 17296 1611 -945 191 END
START 7448 7580 17488 1646 -1053 462 END
START 6888 7336 17368 1623 -1254 717 END
START 6316 7108 17320 1545 -1485 871 END
START 5676 6840 17216 1430 -1657 1010 END
START 5184 6672 17048 1317 -1799 1090 END
START 4780 6252 16724 1183 -1974 1097 END
START 4508 5968 16760 1036 -2050 1084 END
START 4148 5728 16408 898 -2008 1032 END
START 3780 5664 16336 794 -1960 959 END
START 3596 5536 16228 695 -1841 912 END
START 3480 5612 15968 581 -1578 843 END
START 3292 5460 15952 452 -1361 812 END
START 3124 5484 16072 350 -1026 788 END
START 2944 5272 16148 247 -660 877 END
START 2724 4992 16388 149 -332 912 END
START 2540 4844 16568 44 -22 998 END
START 2376 4728 16752 -116 258 1138 END
START 1972 4728 17092 -238 584 1252 END
START 1664 4556 17448 -388 728 1341 END
START 1340 4444 17656 -563 832 1432 END
START 948 4300 17832 -759 816 1487 END
START 744 4372 18120 -931 803 1593 END
START 416 4488 18268 -1147 735 1644 END
START 452 4352 18640 -1351 695 1698 END
START 344 4196 18984 -1532 672 1763 END
START -28 4100 19004 -1765 551 1886 END
START -368 3932 19488 -2007 242 2014 END