START -4816 -696 14168 -140 990 1100 END
START -1744 -1192 9884 -309 -75 1032 END
START -4308 -3376 9912 -684 289 822 END
START -4448 -2268 12620 -897 860 705 END
START -4472 -2460 12128 -864 1621 448 END
START -5052 -2524 12352 -809 2343 25 END
START -5632 -2660 12500 -593 2766 -454 END
START -5512 -2784 12308 -345 3146 -1083 END
START -4788 -2824 12436 -31 3775 -1689 END
START -4348 -2764 12372 290 4596 -2334 END
START -3772 -2236 12560 529 5481 -2847 END
START -3604 -1536 13108 513 6119 -3212 END
START -3388 -576 13684 415 6593 -3318 END
START -2964 740 14272 136 6952 -3154 END
START -2344 2028 14508 -244 7308 -2757 END
START -1888 2924 14800 -768 7651 -2179 END
START -1628 3436 14796 -1345 8029 -1456 END
START -1660 3584 14664 -1951 8441 -716 END
START -1884 3160 14652 -2409 8689 6 END
START -2328 2684 14712 -2697 8859 512 END
START -3040 1580 14664 -2738 8887 856 END
START -4068 372 14844 -2527 8593 886 END
START -5000 -1036 15308 -2137 8041 675 END
START -5860 -2096 15280 -1567 7280 220 END
START -6460 -2952 15340 -889 6415 -398 END
START -6620 -3432 15436 -127 5578 -1138 END
START -6840 -3700 15724 583 4710 -1960 END
START -6888 -3564 15736 1177 3939 -2665 END
START -6692 -3184 15604 1558 3210 -3335 END
START -6464 -2648 15592 1861 2662 -3911 END
START -5920 -1708 15792 1967 2234 -4371 END
START -5444 -1680 15780 1906 1906 -4637 END
START -4768 -884 16080 1736 1783 -4834 END
START -4180 -364 16480 1504 1637 -4865 END
START -3376 440 16648 1069 1656 -4743 END
START -2872 1176 16896 567 1769 -4466 END
START -2240 1428 16940 -102 1913 -4046 END
START -1992 1892 17188 -850 2054 -3513 END
START -1924 2260 17168 -1622 2101 -2921 END
START -1908 2544 17284 -2387 2076 -2269 END
START -2008 2628 17304 -3029 1938 -1641 END
START -2196 2560 17500 -3511 1635 -1041 END
START -2384 2420 17204 -3897 1242 -426 END
START -2524 2164 16876 -4172 824 125 END
START -2616 1532 16180 -4302 503 647 END
START -2672 1224 15596 -4369 209 1100 END
START -2772 1056 15292 -4329 -153 1425 END
START -2692 848 14792 -4202 -419 1751 END
START -2672 400 14212 -4005 -683 2027 END
START -2952 -12 13848 -3777 -838 2263 END
START -2952 -252 13552 -3427 -1118 2450 END
START -3060 -692 13348 -3064 -1293 2541 END
START -3036 -1124 13092 -2658 -1479 2579 END
START -3132 -1380 12716 -2175 -1587 2530 END
START -3340 -1624 12580 -1770 -1656 2391 END
START -3576 -1868 12188 -1401 -1852 2201 END
START -3784 -1896 11888 -1049 -1934 1999 END
START -3524 -2080 11440 -700 -1925 1740 END
START -3536 -2268 11120 -296 -1819 1437 END
START -3432 -2152 10936 66 -1622 1177 END
START -3360 -2040 10840 491 -1444 922 END
START -3112 -1752 10592 867 -1255 688 END
START -3048 -1564 10548 1199 -1008 528 END
START -2756 -1300 10460 1525 -653 351 END
START -2740 -860 10208 1759 -382 230 END
START -2640 -700 10292 1984 -110 159 END
START -2388 -564 10352 2136 123 74 END
START -2072 -492 10408 2352 327 25 END
START -1980 -424 10584 2563 516 -34 END
START -1752 -272 10884 2754 654 -30 END
START -1688 -44 10968 2865 794 -54 END
START -1668 208 11112 2978 771 -14 END
START -1432 472 10828 3018 791 30 END
START -1404 676 10660 3026 795 21 END
START -1308 1036 10492 3023 807 79 END
START -1328 1248 10280 2993 873 161 END
START -1172 1460 9964 3060 908 273 END
START -1092 1676 9832 3128 968 413 END
START -968 1684 9652 3212 1095 551 END
START -892 1836 9476 3229 1150 712 END
START -1076 2032 9316 3240 1321 861 END
START -1104 2312 9292 3215 1398 1028 END
START -1340 2360 9440 3135 1452 1201 END
START -1476 2424 9564 3038 1416 1378 END
START -1644 2416 9552 2980 1289 1586 END
START -1716 2380 9484 2859 1132 1746 END
START -1884 2340 9432 2844 921 1948 END
START -2044 2324 9220 2796 778 2034 END
START -2304 2216 8688 2813 576 2143 END
START -2292 2244 8556 2867 480 2223 END
START -2436 2336 8320 2950 409 2248 END
START -2612 2324 8112 3064 321 2298 END
START -2700 2268 7796 3137 202 2324 END
START -2736 2320 7776 3267 187 2368 END
START -2724 2336 7760 3323 97 2390 END
START -2856 2160 7504 3450 7 2398 END
START -2880 2224 7564 3588 -44 2343 END
START -2776 2168 7356 3743 -75 2309 END
START -2772 2192 7088 3980 -94 2250 END
START -2712 2324 6876 4181 -112 2195 END
START -2412 2636 6700 4436 -132 2165 END
START -2232 2104 6064 4741 -110 2120 END
START -1892 1856 5664 4927 327 2073 END
START -1740 1940 5724 5154 668 2042 END
START -1540 2120 5968 5413 956 1948 END
START -1516 2164 6044 5595 1218 1910 END
START -1416 2084 6356 5876 1463 1923 END
START -1564 2192 6524 6039 1695 1940 END
START -1520 2408 6736 6201 1895 1981 END
START -1664 2448 6788 6338 2113 1971 END
START -1668 2584 7108 6452 2237 2034 END
START -1812 2556 7132 6570 2303 2097 END
START -2024 2768 7224 6645 2408 2098 END
START -2380 2784 7516 6794 2485 2144 END
START -2532 3048 7344 6912 2583 2166 END
START -2472 3072 7424 7055 2692 2211 END
START -2580 3112 7600 7206 2807 2251 END
START -2904 3120 7788 7348 2817 2284 END
START -3144 3300 8032 7470 2728 2356 END
START -3140 3352 8344 7663 2610 2432 END
START -3404 3732 8576 7852 2406 2536 END
START -3564 3880 8996 8041 2158 2703 END
START -3728 3992 9084 8236 1807 2860 END
START -3888 4340 9364 8484 1471 3057 END
START -4028 4416 9408 8694 1137 3256 END
START -4008 4476 9500 8923 800 3455 END
START -4168 4488 9548 9213 509 3614 END
START -4312 4724 9576 9490 215 3754 END
START -4572 4896 9640 9785 -48 3926 END
START -4648 5144 9740 10109 -235 4070 END
START -5004 5096 9744 10424 -478 4214 END
START -5128 5148 10044 10739 -641 4319 END
START -5352 5184 10184 10989 -777 4413 END
START -5440 5148 10392 11205 -915 4391 END
START -5612 5084 10732 11404 -1033 4392 END
START -5580 5008 10864 11552 -1173 4299 END
START -5520 4804 10852 11637 -1139 4220 END
START -5384 4760 11056 11580 -1021 4061 END
START -5188 4560 11084 11458 -836 3865 END
START -5136 4264 11028 11326 -488 3674 END
START -5176 3924 11148 11235 -123 3421 END
START -5096 3520 11372 11066 267 3065 END
START -5140 3176 11628 10925 692 2701 END
START -5128 2948 11788 10796 1066 2296 END
START -4976 2820 12012 10706 1451 1885 END
START -4912 2788 12332 10633 1840 1482 END
START -4720 3024 13064 10573 2136 1159 END
START -4912 3228 13784 10455 2417 893 END
START -4988 3496 14280 10219 2634 694 END
START -5552 3868 15268 10074 2683 450 END
START -5784 4100 16148 9924 2584 302 END
START -6076 4296 16928 9800 2281 115 END
START -6288 4012 17476 9676 1968 -32 END
START -6276 4184 18240 9620 1601 -200 END
START -6420 4452 18780 9617 1173 -336 END
START -6344 4592 19328 9591 772 -425 END
START -6152 4816 19480 9679 409 -479 END
START -5932 5276 19680 9664 156 -474 END
START -5856 5932 19852 9646 -30 -393 END
START -5856 6344 19848 9610 -163 -213 END
START -5716 6908 19720 9592 -231 67 END
START -5460 7272 19680 9631 -136 470 END
START -5348 7424 19956 9631 -36 879 END
START -5356 7276 20084 9729 210 1299 END
START -5488 7072 20548 9865 329 1667 END
START -5420 6716 20856 9981 434 1954 END
START -5476 6528 21164 10126 386 2206 END
START -5464 6380 21744 10229 349 2421 END
START -5420 5996 22292 10278 294 2570 END
START -5572 5708 22624 10283 143 2749 END
START -5484 5476 22740 10282 108 2855 END
START -5300 5164 22928 10252 -30 3000 END
START -4972 4816 23144 10255 40 2980 END
START -5108 4684 22908 10099 172 2917 END
START -5476 4648 23624 9920 258 2904 END
START -5680 4508 24036 9835 274 2934 END
START -5600 4500 24228 9731 306 2941 END
START -5852 4308 24708 9641 261 2881 END
START -5868 4384 24852 9496 274 2715 END
START -5980 4184 24984 9256 238 2565 END
START -6084 4260 25228 8934 245 2359 END
START -6216 4164 25304 8535 132 2177 END
START -6216 3996 25500 8191 92 2003 END
START -6352 3984 25428 7798 58 1808 END
START -6144 3780 25428 7478 133 1631 END
START -6128 3676 25508 7156 220 1415 END
START -6248 3796 25468 6844 336 1239 END
START -6372 3724 25480 6458 448 1027 END
START -6420 3712 25552 6079 522 858 END
START -6616 3772 25652 5650 610 678 END
START -6472 3572 25740 5238 541 543 END
START -6516 3452 25724 4847 490 396 END
START -6632 3172 25792 4509 410 285 END
START -6644 3088 25596 4192 350 149 END
START -6588 2816 25524 3942 254 -11 END
START -6556 2784 25516 3780 197 -185 END
START -6508 2596 25364 3634 101 -375 END
START -6432 2508 25276 3515 28 -527 END
START -6332 2500 25460 3404 -61 -722 END
START -6160 2548 25364 3287 -147 -842 END
START -6052 2688 25320 3161 -273 -970 END
START -5720 2708 25280 2962 -381 -1093 END
START -5516 2756 25248 2777 -529 -1186 END
START -5216 2940 25044 2559 -646 -1256 END
START -4992 3040 25088 2329 -774 -1321 END
START -4724 3172 25124 2107 -867 -1353 END
START -4456 3260 24996 1858 -999 -1325 END
START -4116 3388 24932 1607 -1087 -1303 END
START -3752 3432 24672 1352 -1082 -1182 END
START -3404 3532 24552 1070 -1105 -1102 END
START -3280 3804 24360 796 -1072 -970 END
START -3176 3824 23952 533 -1007 -827 END
START -3116 3860 23952 248 -939 -659 END
START -3048 3736 23840 1 -916 -512 END
START -2984 3692 23980 -180 -882 -424 END
START -2876 3516 23840 -393 -851 -312 END
START -2952 3512 23516 -624 -830 -234 END
START -2864 3376 23308 -840 -813 -206 END
START -2764 3372 23120 -1089 -751 -179 END
START -2652 3444 23144 -1375 -696 -151 END
START -2528 3428 22852 -1634 -609 -145 END
START -2504 3424 22580 -1924 -608 -100 END
START -2672 3464 22592 -2224 -486 -98 END
START -2644 3436 22348 -2466 -511 -105 END
START -2764 3456 22420 -2730 -531 -130 END
START -2736 3324 22112 -2951 -522 -202 END
START -2804 3396 22008 -3148 -544 -289 END
START -2644 3504 21728 -3340 -616 -429 END
START -2740 3684 21436 -3553 -692 -567 END
START -2696 3856 21132 -3729 -765 -669 END
START -2560 4088 20960 -3870 -896 -809 END
START -2284 4332 20764 -3992 -1011 -957 END
START -2024 4408 20680 -4065 -1122 -999 END
START -1776 4612 20476 -4149 -1230 -1027 END
START -1484 4772 20152 -4229 -1327 -1001 END
START -1016 5064 20060 -4348 -1502 -949 END
START -640 5144 19664 -4460 -1634 -895 END
START -312 5224 19180 -4574 -1746 -832 END
START -76 5320 19032 -4660 -1851 -716 END
START 216 5352 18784 -4771 -1885 -640 END
START 468 5460 18540 -4873 -1914 -558 END
START 800 5560 18280 -4953 -1889 -430 END
START 1036 5744 17984 -5034 -1856 -330 END
START 1224 6024 17780 -5133 -1829 -157 END
START 1256 6160 17604 -5218 -1800 19 END
START 1484 6328 17520 -5310 -1840 169 END
START 1684 6500 17396 -5397 -1908 326 END
START 1808 6628 17256 -5445 -1976 487 END
START 2048 6792 16908 -5519 -2029 696 END
START 2236 6900 16692 -5542 -2163 841 END
START 2556 7024 16544 -5592 -2201 996 END
START 3036 7228 16064 -5641 -2233 1129 END
START 3396 7488 15752 -5682 -2242 1259 END
START 3848 7616 15524 -5723 -2147 1344 END
START 4284 7784 15544 -5801 -2092 1511 END
START 4900 8024 15216 -5837 -1992 1661 END
START 5408 8332 14884 -5941 -1889 1848 END
START 5936 8640 14596 -6061 -1681 2093 END
START 6464 8896 14132 -6187 -1421 2381 END
START 6996 9012 13748 -6350 -1105 2684 END
START 7504 9316 13496 -6510 -663 3083 END
START 7612 9564 13276 -6654 -267 3489 END
START 8096 9648 12916 -6866 256 3907 END
START 8328 9916 12864 -7061 746 4367 END
START 8232 10040 12784 -7214 1226 4887 END
START 8188 10260 12748 -7415 1679 5429 END
START 7820 10452 12764 -7564 2048 6002 END
START 7400 10404 12904 -7688 2356 6636 END
START 6968 10240 13164 -7707 2491 7292 END
START 6480 10172 13120 -7742 2529 7906 END
START 5804 10084 13360 -7683 2538 8511 END
START 5248 10000 13428 -7602 2398 9121 END
START 4668 9880 13600 -7527 2233 9660 END
START 3816 9720 13740 -7425 1956 10228 END
START 3012 9584 13568 -7295 1676 10749 END
START 2204 9264 13524 -7156 1331 11266 END
START 1372 9044 13432 -6956 950 11667 END
START 660 8740 13484 -6717 606 11982 END
START 196 8392 13072 -6524 334 12185 END
START -540 8024 13012 -6346 108 12532 END
START -1076 7648 12736 -6156 26 12484 END
START -1620 7340 12636 -6053 27 12693 END
START -2160 7028 12276 -5977 128 12411 END
START -2640 6780 12204 -5940 304 12481 END
START -2932 6448 12084 -5972 608 12153 END
START -3516 6312 12116 -6030 917 12075 END
START -3784 6144 12284 -6136 1263 11877 END
START -4080 6016 12292 -6263 1637 11734 END
START -4508 5828 12440 -6444 1972 11574 END
START -4888 5676 12664 -6599 2340 11368 END
START -5492 5684 12920 -6751 2624 11280 END
START -6032 5728 13260 -6946 2859 11140 END
START -6920 5616 13704 -7097 2997 11036 END
START -7484 5508 14212 -7264 2899 10930 END
START -7952 5308 14320 -7429 2742 10787 END
START -8500 5124 14532 -7594 2522 10602 END
START -8964 4808 14536 -7732 2251 10458 END
START -9520 4764 14264 -7817 1935 10264 END
START -10096 4500 14100 -7915 1673 10112 END
START -10720 4204 14100 -7951 1340 9908 END
START -11412 3680 14016 -7952 1009 9669 END
START -12096 3352 13800 -7952 654 9439 END
START -12632 2692 13604 -7856 214 9122 END
START -13068 2332 13340 -7788 -223 8800 END
START -13408 1844 13112 -7709 -666 8379 END
START -13664 1672 12548 -7576 -1053 7907 END
START -13744 1288 11984 -7426 -1324 7440 END
START -13512 848 11320 -7286 -1435 6920 END
START -13040 644 9852 -7165 -1415 6508 END
START -12764 -288 10812 -6799 -1244 5916 END
START -13124 220 9812 -6513 -940 5601 END
START -12520 264 9340 -6316 -703 5356 END
START -12124 56 8836 -6079 -207 5107 END
START -12164 52 8732 -5846 305 4882 END
START -12192 100 8660 -5552 865 4771 END
START -12384 268 8640 -5241 1362 4677 END
START -12612 228 8992 -4904 1822 4614 END
START -12804 232 9112 -4509 2174 4538 END
START -13280 188 9532 -4187 2455 4511 END
START -13764 32 9780 -3839 2597 4407 END
START -14188 16 10244 -3591 2607 4366 END
START -14480 -160 10328 -3301 2512 4272 END
START -14880 -152 10584 -3027 2267 4166 END
START -15188 -4 10652 -2794 2016 4107 END
START -15416 -56 10612 -2507 1719 3969 END
START -15540 -88 10368 -2194 1541 3890 END
START -15716 -16 10264 -1883 1367 3773 END
START -15916 4 10240 -1591 1274 3662 END
START -16400 -4 10252 -1248 1154 3552 END
START -16948 -16 10492 -949 968 3390 END
START -17308 -160 10548 -665 706 3156 END
START -17668 -472 10640 -427 436 2795 END
START -17976 -744 10688 -174 131 2407 END
START -18240 -852 10804 34 -190 1833 END
START -18388 -984 10780 238 -494 1205 END
START -18464 -1260 10992 443 -840 551 END
START -18440 -1152 10768 673 -1125 -102 END
START -18176 -976 10544 866 -1359 -823 END
START -17924 -908 10456 1060 -1512 -1452 END
START -17592 -724 10144 1244 -1596 -2085 END
START -17332 -388 9796 1367 -1531 -2706 END
START -16876 -36 9576 1476 -1459 -3265 END
START -16580 200 9392 1547 -1244 -3662 END
START -16136 420 9344 1638 -1129 -4115 END
START -15776 588 9272 1672 -897 -4482 END
START -15420 848 9280 1749 -697 -4817 END
START -15348 928 9456 1814 -475 -5166 END
START -15140 1148 9608 1894 -290 -5487 END
START -14876 1196 9612 1973 -119 -5784 END
START -14528 1168 9620 2084 43 -6106 END
START -14260 1180 9644 2146 237 -6401 END
START -14016 1244 9616 2238 399 -6631 END
START -13856 1372 9712 2333 618 -6955 END
START -13744 1428 9620 2428 798 -7181 END
START -13652 1612 9552 2518 978 -7468 END
START -13776 1656 9676 2572 1101 -7702 END
START -13832 1748 9520 2623 1200 -7993 END
START -13644 1544 9380 2692 1292 -8278 END
START -13692 1448 9452 2831 1389 -8603 END
START -13564 1276 9648 2933 1376 -9021 END
START -13644 1224 9860 3154 1299 -9397 END
START -13640 1176 9940 3450 1113 -9800 END
START -13536 1160 10204 3814 890 -10207 END
START -13384 1208 10264 4276 656 -10610 END
START -13260 1552 10464 4732 329 -10945 END
START -12832 1828 10548 5239 37 -11226 END
START -12644 2020 10628 5708 -215 -11478 END
START -12248 2440 10888 6161 -537 -11600 END
START -11952 2744 10968 6585 -742 -11729 END
START -11728 2980 11248 6966 -960 -11766 END
START -11580 3232 11516 7302 -1157 -11868 END
START -11324 3340 11736 7616 -1342 -11877 END
START -11056 3612 11852 7836 -1512 -11914 END
START -10832 3696 12100 8025 -1544 -11959 END
START -10476 3900 12124 8121 -1582 -11993 END
START -10324 3972 12448 8203 -1591 -12016 END
START -10148 4100 13084 8198 -1684 -12055 END
START -10140 4072 13372 8214 -1764 -12105 END
START -9964 4020 13612 8161 -1904 -12167 END
START -9824 3996 13784 8050 -1948 -12245 END
START -9672 3816 14032 7883 -1940 -12410 END
START -9596 3776 13920 7680 -1951 -12646 END
START -9444 3560 13896 7436 -1894 -12889 END
START -9300 3508 13712 7191 -1768 -13226 END
START -9088 3328 13536 7000 -1628 -13632 END
START -8932 3220 13472 6828 -1376 -14086 END
START -8676 3144 13592 6729 -1104 -14592 END
START -8332 3272 13460 6664 -854 -15034 END
START -7960 3484 13512 6600 -614 -15546 END
START -7556 3848 13504 6561 -311 -15936 END
START -6900 4368 13196 6496 -51 -16313 END
START -6440 4776 13272 6473 248 -16580 END
START -5896 5252 13200 6462 517 -16803 END
START -5392 5416 13468 6534 759 -16932 END
START -4828 5676 13668 6665 1003 -16982 END
START -4364 5708 14104 6829 1074 -16969 END
START -4088 5720 14544 7058 1086 -16906 END
START -3600 5776 14860 7323 896 -16833 END
START -3140 6088 15580 7572 612 -16673 END
START -2660 6400 16092 7744 193 -16469 END
START -2184 6720 16532 7895 -337 -16187 END
START -1736 6816 16940 7913 -942 -15913 END
START -1276 6980 17076 7980 -1581 -15559 END
START -836 7004 17256 7960 -2161 -15218 END
START -508 7040 17284 8018 -2797 -14922 END
START -136 7068 17332 8083 -3421 -14609 END
START 176 7192 17300 8210 -4042 -14390 END
START 300 7376 17504 8377 -4662 -14158 END
START 680 7592 17412 8497 -5284 -14017 END
START 1032 7740 17576 8626 -5905 -13901 END
START 1572 8108 17756 8745 -6485 -13764 END
START 2208 8324 17932 8786 -7139 -13691 END
START 2928 8588 17916 8787 -7672 -13562 END
START 3700 8736 17896 8776 -8127 -13460 END
START 4408 8952 18088 8734 -8559 -13311 END
START 5272 8892 18016 8708 -8907 -13127 END
START 6172 8908 17836 8583 -9061 -12969 END
START 7072 8936 17500 8409 -8979 -12737 END
START 8108 9088 17156 8175 -8610 -12517 END
START 8620 9176 17000 7791 -7969 -12235 END
START 9568 9208 16980 7329 -7128 -11882 END
START 10056 9440 16696 6729 -6027 -11460 END
START 10604 9624 16628 6077 -4756 -10962 END
START 10772 9580 16716 5378 -3411 -10404 END
START 10648 9864 16980 4608 -1993 -9839 END
START 10208 9984 17164 3820 -795 -9279 END
START 9608 9796 17580 3057 227 -8761 END
START 9132 9592 18000 2388 1073 -8354 END
START 8720 9300 18188 1791 1789 -8058 END
START 8252 9000 18860 1332 2334 -7839 END
START 7752 9008 18984 954 2756 -7606 END
START 7276 8952 19220 652 2926 -7467 END
START 7056 8992 19576 490 2952 -7286 END
START 7132 9076 19840 315 2911 -7064 END
START 6972 9216 19704 237 2743 -6862 END
START 7104 9396 20156 129 2546 -6565 END
START 7232 9532 20264 72 2277 -6219 END
START 7512 9628 20288 13 1912 -5847 END
START 7680 10012 20488 -21 1550 -5387 END
START 7896 10200 20712 0 1069 -4867 END
START 8016 10300 20716 -7 693 -4284 END
START 8176 10432 20912 -31 225 -3643 END
START 8316 10444 20784 -50 -179 -2973 END
START 8472 10352 20748 -54 -598 -2282 END
START 8476 10232 20344 -156 -923 -1602 END
START 8612 10080 20100 -265 -1162 -907 END
START 8432 10168 19748 -471 -1284 -278 END
START 8584 9996 19360 -682 -1275 365 END
START 8352 9736 18968 -949 -1175 977 END
START 8104 9396 18808 -1205 -1049 1544 END
START 7920 9140 18540 -1467 -923 2038 END
START 7580 8928 18260 -1710 -710 2520 END
START 7112 8628 18012 -1940 -522 2898 END
START 6940 8340 17640 -2169 -323 3221 END
START 6548 8032 17156 -2361 -80 3480 END
START 6120 7928 16656 -2530 254 3672 END
START 5720 7568 15980 -2661 586 3823 END
START 5284 7520 15760 -2758 963 3960 END
START 4772 7320 15584 -2836 1295 4040 END
START 4628 7248 15256 -2863 1610 4122 END
START 4300 7144 15452 -2915 1899 4191 END
START 3872 6960 15432 -2830 2021 4234 END
START 3584 6972 15788 -2785 2105 4273 END
START 3232 6952 15908 -2652 2101 4352 END
START 3040 7016 16128 -2588 1983 4431 END
START 2808 6884 16172 -2489 1829 4511 END
START 2744 6944 16036 -2424 1651 4582 END
START 2540 6960 16168 -2322 1480 4689 END
START 2536 6944 16160 -2220 1335 4772 END
START 2376 6920 16100 -2156 1152 4920 END
START 2152 7052 16192 -2032 1046 5050 END
START 2140 6944 15996 -1978 923 5214 END
START 2168 6960 15916 -1882 837 5370 END
START 2008 6856 15852 -1855 833 5511 END
START 1956 6760 16092 -1846 726 5625 END
START 2024 6824 16128 -1898 747 5814 END
START 1860 6820 16240 -2033 694 5977 END
START 1840 6876 16260 -2143 652 6147 END
START 1880 6860 16308 -2329 614 6348 END
START 1668 6844 16428 -2477 574 6586 END
START 1636 6840 16396 -2652 548 6795 END
START 1576 6900 16364 -2821 506 7038 END
START 1576 6808 16264 -2984 489 7284 END
START 1484 6748 16160 -3156 445 7545 END
START 1404 6724 15892 -3351 418 7807 END
START 1376 6732 15644 -3522 451 8111 END
START 1168 6576 15500 -3710 518 8394 END
START 1008 6304 15380 -3845 611 8742 END
START 848 6352 15136 -3917 732 9058 END
START 400 6212 14936 -3963 870 9360 END
START 132 5936 14944 -3981 966 9625 END
START -160 5692 14776 -3973 1098 9811 END
START -680 5376 14740 -3911 1194 10000 END
START -932 5072 14416 -3856 1312 10139 END
START -1456 4828 14248 -3725 1375 10200 END
START -1944 4564 14232 -3608 1473 10225 END
START -2496 4428 14408 -3388 1476 10270 END
START -3156 4260 14488 -3172 1449 10258 END
START -3752 3976 14724 -2961 1333 10259 END
START -4240 3832 14704 -2735 1158 10225 END
START -4880 3472 14828 -2534 979 10132 END
START -5192 3180 14864 -2324 810 9987 END
START -5620 2968 14948 -2131 692 9829 END
START -5932 2644 15140 -1956 560 9583 END
START -6280 2316 14868 -1814 534 9335 END
START -6764 2248 14936 -1657 572 9042 END
START -7136 1756 14792 -1541 641 8755 END
START -7428 1512 15016 -1390 759 8430 END
START -7660 1308 15124 -1301 930 8091 END
START -8032 1020 15200 -1169 1081 7777 END
START -8152 1084 15600 -1151 1357 7466 END
START -8240 1036 15880 -1148 1544 7155 END
START -8472 1088 16192 -1236 1762 6864 END
START -8784 1052 16572 -1354 1919 6603 END
START -9068 972 16924 -1514 1969 6422 END
START -9416 952 17328 -1726 2067 6293 END
START -9576 888 17416 -1953 2010 6132 END
START -9728 672 17872 -2152 1984 6034 END
START -9960 592 18088 -2303 1920 5933 END
START -10164 496 18256 -2413 1790 5864 END
START -10396 416 18184 -2493 1730 5740 END
START -10544 464 18400 -2552 1676 5643 END
START -10828 528 18564 -2557 1628 5576 END
START -10928 364 18632 -2589 1553 5522 END
START -11192 244 18780 -2595 1441 5482 END
START -11364 -20 19032 -2570 1308 5449 END
START -11600 -152 19508 -2570 1106 5389 END
START -11972 -312 19720 -2565 911 5302 END
START -12380 -532 19896 -2523 609 5205 END
START -12768 -520 20148 -2451 287 5042 END
START -13040 -632 20168 -2401 -97 4859 END
START -13264 -804 20216 -2320 -320 4671 END
START -13528 -1068 20124 -2237 -488 4421 END
START -13680 -1244 20252 -2203 -597 4069 END
START -13892 -1484 20168 -2136 -624 3684 END
START -14200 -1440 20396 -2183 -703 3205 END
START -14340 -1428 20764 -2217 -733 2705 END
START -14464 -1432 20732 -2307 -793 2207 END
START -14472 -1372 20776 -2474 -724 1659 END
START -14404 -1440 20880 -2657 -678 1129 END
START -14152 -1296 20780 -2893 -567 597 END
START -13912 -1228 20880 -3173 -403 57 END
START -13700 -1048 20872 -3454 -231 -456 END
START -13444 -860 20900 -3766 -52 -1001 END
START -13064 -752 21144 -4017 150 -1471 END
START -12648 -504 21016 -4244 331 -1898 END
START -12348 -260 21132 -4513 497 -2349 END
START -11836 -100 21280 -4735 651 -2708 END
START -11508 276 21180 -5033 805 -2999 END
START -11068 584 21224 -5273 898 -3300 END
START -10856 708 21372 -5464 962 -3494 END
START -10524 1000 21400 -5689 940 -3658 END
START -10288 1412 21364 -5879 897 -3805 END
START -9876 1644 21228 -6017 832 -3902 END
START -9580 2048 21204 -6208 714 -3886 END
START -9196 2104 20844 -6395 719 -3888 END
START -9004 2452 20560 -6565 705 -3833 END
START -8744 2532 20300 -6755 696 -3730 END
START -8484 2548 20088 -6902 707 -3629 END
START -8288 2600 19708 -7041 704 -3536 END
START -7964 2564 19340 -7073 756 -3440 END
START -7508 2640 18896 -7040 886 -3363 END
START -7204 2772 18880 -7029 1026 -3290 END
START -6960 2996 18552 -6993 1182 -3198 END
START -6476 3048 18368 -7021 1300 -3008 END
START -6052 3260 18072 -7040 1474 -2825 END
START -5648 3188 17764 -7050 1616 -2591 END
START -5280 3232 17564 -7026 1745 -2335 END
START -4840 3252 17240 -7030 1972 -2064 END
START -4376 3356 17108 -6943 2165 -1774 END
START -4168 3356 16812 -6878 2378 -1514 END
START -4068 3452 16876 -6699 2509 -1228 END
START -3936 3524 16716 -6507 2610 -953 END
START -4212 3644 16856 -6254 2604 -638 END
START -4416 3700 16932 -6004 2437 -331 END
START -4548 3708 16700 -5752 2283 -77 END
START -4816 3756 16668 -5483 2102 124 END
START -5084 3656 16676 -5212 1872 264 END
START -5716 3620 16964 -4974 1527 337 END
START -6252 3408 17088 -4822 999 336 END
START -6664 3136 17292 -4685 395 249 END
START -6952 2748 17320 -4573 -339 134 END
START -6932 2520 17232 -4524 -1014 -44 END
START -6756 2212 16736 -4433 -1618 -247 END
START -6584 2036 16508 -4329 -2172 -533 END
START -6436 2180 16072 -4215 -2658 -827 END
START -6396 2216 16080 -4107 -3031 -1088 END
START -6168 2284 15500 -3948 -3344 -1340 END
START -5760 2604 15140 -3779 -3486 -1528 END
START -5372 2784 14652 -3696 -3467 -1681 END
START -5064 2652 14400 -3647 -3351 -1752 END
START -4796 2744 14116 -3621 -3153 -1815 END
START -4528 2676 13904 -3622 -2920 -1872 END
START -4228 2956 13636 -3758 -2645 -1902 END
START -3904 3024 13476 -3901 -2225 -1978 END
START -3544 3248 13060 -4141 -1680 -2040 END
START -3376 3424 12960 -4408 -1109 -2038 END
START -3248 3324 12968 -4747 -451 -2024 END
START -3244 3468 12868 -5079 78 -1980 END
START -3064 3544 12844 -5402 567 -1942 END
START -2768 3560 12664 -5783 1178 -1894 END
START -2576 3560 12520 -6159 1757 -1883 END
START -2472 3412 12260 -6510 2356 -1852 END
START -2448 3196 12264 -6833 2822 -1842 END
START -2396 3216 12296 -7103 3302 -1803 END
START -2252 3212 12044 -7304 3757 -1782 END
START -1976 3084 12060 -7440 4050 -1777 END
START -2028 2964 12172 -7492 4257 -1697 END
START -1772 2844 12032 -7421 4281 -1663 END
START -1556 2852 11836 -7260 4291 -1593 END
START -1408 2872 11564 -7055 4216 -1522 END
START -1416 2948 11384 -6732 4149 -1374 END
START -1320 3120 10960 -6418 4002 -1211 END
START -1712 3396 10848 -6054 3928 -1014 END
START -2340 3740 10832 -5702 3735 -834 END
START -2976 3760 11220 -5272 3387 -666 END
START -3388 3444 11476 -4972 2860 -583 END
START -3604 2988 11492 -4688 2251 -566 END
START -3592 2624 11644 -4492 1636 -656 END
START -3508 2368 11596 -4315 1065 -850 END
START -3308 2416 11228 -4180 572 -1099 END
START -3056 2388 11144 -4078 201 -1274 END
START -3016 2624 10964 -4023 -95 -1467 END
START -2736 2724 10564 -3975 -275 -1581 END
START -2328 3048 10396 -3958 -345 -1624 END
START -2044 3168 10268 -3934 -268 -1632 END
START -1796 3464 9992 -3997 -126 -1569 END
START -1540 3424 9748 -4105 34 -1501 END
START -1392 3616 9584 -4178 163 -1428 END
START -1488 3640 9668 -4296 344 -1314 END
START -1436 3700 9448 -4333 503 -1214 END
START -1440 3556 9276 -4362 590 -1116 END
START -1464 3344 9080 -4331 697 -1026 END
START -1424 3224 9164 -4263 834 -982 END
START -1392 3052 9072 -4129 876 -986 END
START -1400 3064 8756 -4047 967 -970 END
START -1268 3040 8768 -3891 1077 -958 END
START -1140 2968 8400 -3762 1172 -966 END
START -928 2960 8204 -3605 1391 -944 END
START -628 2904 8148 -3468 1657 -941 END
START -576 2920 7988 -3342 1992 -890 END
START -556 2812 7924 -3289 2245 -846 END
START -488 2984 7928 -3209 2559 -834 END
START -508 2980 8148 -3129 2731 -790 END
START -496 2768 8292 -3105 2958 -707 END
START -664 2860 8704 -3021 3083 -648 END
START -724 2784 8764 -2913 3214 -616 END
START -912 2708 9156 -2869 3182 -554 END
START -1080 2728 9284 -2761 3191 -545 END
START -1272 2632 9788 -2690 2984 -509 END
START -1432 2708 9932 -2585 2781 -507 END
START -1544 2580 10052 -2512 2437 -462 END
START -1632 2596 10340 -2369 2089 -383 END
START -1744 2468 10584 -2197 1719 -302 END
START -1756 2520 10924 -1984 1264 -199 END
START -1948 2496 10924 -1732 795 -66 END
START -2036 2448 11148 -1501 244 37 END
START -1996 2392 11256 -1270 -272 181 END
START -2048 2240 11416 -1057 -893 277 END
START -2136 2188 11280 -772 -1421 348 END
START -1836 2044 10956 -527 -1769 448 END
START -1652 2040 10768 -281 -2085 502 END
START -1536 2124 10436 -41 -2326 577 END
START -1544 2240 10272 109 -2419 659 END
START -1428 2260 10108 290 -2450 789 END
START -1348 2284 9944 457 -2389 879 END
START -1228 2076 9860 603 -2267 973 END
START -1200 1916 10016 775 -2100 1012 END
START -1204 1696 10284 955 -1895 989 END
START -1264 1552 10616 1082 -1678 990 END
START -1172 1400 10844 1150 -1471 938 END
START -1140 1344 11300 1172 -1282 883 END
START -948 1368 11688 1142 -1059 812 END
START -900 1432 12044 1029 -850 715 END
START -712 1336 12224 836 -629 674 END
START -456 1312 12648 642 -445 600 END
START -320 1224 12724 389 -186 578 END
START -116 1184 12768 137 98 511 END
START 136 1168 13040 -125 415 461 END
START 220 1000 13096 -343 642 411 END
START 384 940 13232 -587 881 334 END
START 596 1064 13508 -780 1084 290 END
START 692 1064 13480 -938 1238 262 END
START 756 1120 13676 -1026 1290 216 END
START 688 1052 13756 -1024 1297 225 END
START 836 860 14128 -950 1237 227 END
START 1004 900 14436 -801 1052 216 END
START 920 992 14720 -585 815 244 END
START 1088 1116 14976 -410 428 287 END
START 1364 1188 15120 -174 39 354 END
START 1464 1264 15524 74 -446 459 END
START 1672 1408 15468 312 -916 614 END
START 2032 1632 15852 567 -1350 807 END
START 2324 1900 15908 800 -1707 989 END
START 2568 2140 16312 988 -2044 1218 END
START 2748 2284 16508 1150 -2373 1424 END
START 2988 2472 16664 1226 -2676 1641 END
START 3392 2664 16920 1302 -2817 1879 END
START 3804 2688 17084 1295 -3017 2160 END
START 4044 2700 17420 1287 -3136 2449 END
START 4252 2924 17628 1230 -3239 2748 END
START 4272 3232 17968 1174 -3346 3083 END
START 4416 3440 18288 1041 -3524 3423 END
START 4708 3668 18476 883 -3598 3766 END
START 4832 3760 18700 737 -3622 4090 END
START 5012 4008 18672 480 -3592 4423 END
START 4976 4056 18672 229 -3512 4728 END
START 5048 4184 18716 -37 -3384 4992 END
START 5048 4216 18620 -350 -3232 5246 END
START 4996 4280 18620 -648 -3062 5444 END
START 4892 4328 18424 -957 -2830 5674 END
START 4960 4316 18336 -1292 -2557 5852 END
START 4932 4356 18160 -1631 -2286 5978 END
START 4756 4548 18152 -1893 -1977 6151 END
START 4684 4500 17984 -2203 -1633 6245 END
START 4576 4556 17808 -2505 -1341 6331 END
START 4428 4464 17660 -2787 -1042 6455 END
START 4408 4548 17592 -3028 -775 6545 END
START 4240 4580 17668 -3249 -554 6660 END
START 4028 4668 17564 -3428 -389 6854 END
START 3812 4732 17604 -3550 -217 7034 END
START 3600 4788 17556 -3659 -140 7223 END
START 3388 4672 17616 -3785 -77 7529 END
START 2924 4720 17772 -3924 -102 7804 END
START 2544 4732 17756 -4046 -187 8130 END
START 2008 4652 17680 -4154 -279 8428 END
START 1784 4516 17816 -4211 -471 8806 END
START 1248 4372 17740 -4293 -671 9202 END
START 568 4232 17620 -4299 -897 9542 END
START 24 3972 17508 -4345 -1060 9868 END
START -536 3704 17140 -4317 -1331 10187 END
START -1232 3480 16968 -4304 -1529 10492 END
START -1872 3288 16740 -4274 -1699 10693 END
START -2552 3024 16364 -4222 -1849 10874 END
START -3304 2876 16060 -4240 -1961 11071 END
START -4028 2708 15668 -4184 -2022 11178 END
START -4580 2352 15388 -4156 -2069 11282 END
START -5300 2172 15236 -4083 -2122 11377 END
START -5868 1848 15208 -3995 -2179 11402 END
START -6468 1532 14764 -3901 -2288 11444 END
START -7076 1412 14692 -3813 -2418 11430 END
START -7704 1144 14500 -3705 -2561 11356 END
START -8340 1064 14144 -3621 -2637 11245 END
START -8972 808 13920 -3470 -2759 11160 END
START -9544 648 13648 -3328 -2803 11080 END
START -10192 280 13404 -3148 -2819 10958 END
START -10672 56 13268 -2943 -2856 10833 END
START -11396 -224 13392 -2741 -2924 10654 END
START -11796 -544 13376 -2536 -3095 10406 END
START -12192 -1028 13188 -2340 -3150 10134 END
START -12552 -1372 13300 -2216 -3324 9825 END
START -12732 -1576 13124 -2050 -3364 9479 END
START -12976 -1824 13036 -1963 -3370 9086 END
START -13364 -2000 12972 -1902 -3299 8713 END
START -13632 -2144 12724 -1853 -3191 8271 END
START -13816 -2284 12668 -1806 -3043 7869 END
START -14180 -2412 12612 -1806 -2846 7466 END
START -14276 -2708 12476 -1775 -2618 7062 END
START -14316 -2884 12316 -1754 -2360 6622 END
START -14632 -3004 12404 -1835 -2098 6223 END
START -14892 -3112 12504 -1857 -1851 5760 END
START -15056 -3284 12504 -1965 -1676 5336 END
START -15424 -3344 12692 -2014 -1582 4894 END
START -15544 -3380 12544 -2105 -1516 4496 END
START -15704 -3360 12636 -2110 -1541 4110 END
START -15808 -3396 12332 -2085 -1548 3751 END
START -15948 -3308 12388 -2031 -1655 3458 END
START -16032 -3208 12092 -1895 -1607 3177 END
START -16244 -3128 11816 -1801 -1655 2961 END
START -16312 -3304 11572 -1666 -1599 2748 END
START -16432 -3328 11492 -1467 -1529 2526 END
START -16536 -3396 11188 -1291 -1497 2269 END
START -16788 -3552 11220 -1090 -1440 1944 END
START -16976 -3640 11088 -861 -1474 1624 END
START -17068 -3664 11192 -667 -1448 1264 END
START -17188 -3668 11120 -470 -1390 823 END
START -17260 -3664 11064 -292 -1380 389 END
START -17112 -3512 10872 -196 -1294 -42 END
START -17200 -3460 11012 -72 -1247 -493 END
START -17104 -3312 10988 -6 -1146 -918 END
START -17080 -3236 11144 93 -1035 -1341 END
START -16920 -2984 11272 211 -969 -1782 END
START -16776 -2692 11392 362 -907 -2155 END
START -16612 -2616 11452 475 -883 -2488 END
START -16568 -2360 11552 597 -798 -2820 END
START -16388 -2204 11524 654 -720 -3106 END
START -16500 -2080 11536 688 -593 -3422 END
START -16400 -1928 11596 717 -478 -3769 END
START -16364 -1876 11616 709 -301 -4150 END
START -16212 -1780 11688 675 -120 -4574 END
START -16248 -1916 11448 654 127 -4977 END
START -15880 -1972 11316 661 398 -5436 END
START -15752 -1896 11452 639 712 -5873 END
START -15520 -1932 11508 633 1024 -6326 END
START -15248 -1848 11548 661 1371 -6789 END
START -15144 -1816 11656 671 1701 -7192 END
START -14884 -1772 11716 664 2003 -7603 END
START -14832 -1496 11740 713 2280 -8019 END
START -14592 -1364 12032 663 2482 -8447 END
START -14520 -1280 12236 661 2677 -8844 END
START -14284 -1200 12180 615 2820 -9236 END
START -14036 -1076 12224 600 2961 -9530 END
START -13852 -840 12412 586 3062 -9843 END
START -13640 -576 12192 552 3172 -10078 END
START -13216 -400 12216 514 3275 -10335 END
START -13048 -256 12040 464 3338 -10509 END
START -12824 -184 12060 464 3427 -10724 END
START -12552 -76 12076 478 3392 -10842 END
START -12248 60 12096 576 3352 -10915 END
START -12000 68 12244 778 3254 -10976 END
START -11640 64 12508 963 3164 -11016 END
START -11472 256 12480 1225 2928 -11024 END
START -11208 332 12460 1486 2703 -11029 END
START -10804 336 12368 1749 2443 -10975 END
START -10572 132 12460 2027 2168 -10980 END
START -10384 -16 12340 2310 1909 -10995 END
START -10292 8 12384 2573 1576 -11003 END
START -9912 -188 12308 2920 1313 -11061 END
START -9540 -368 12320 3290 1055 -11156 END
START -9168 -360 12440 3664 806 -11250 END
START -8828 -340 12272 4010 629 -11411 END
START -8356 -60 12156 4247 581 -11564 END
START -7996 60 12304 4449 497 -11727 END
START -7596 236 12544 4591 509 -11869 END
START -7244 392 12700 4668 483 -12035 END
START -6716 428 12928 4756 520 -12139 END
START -6440 492 13252 4813 624 -12268 END
START -6412 652 13640 4847 563 -12413 END
START -6028 728 13912 4831 456 -12529 END
START -5620 872 14236 4801 349 -12714 END
START -5320 904 14196 4773 265 -12856 END
START -4932 968 14324 4712 222 -13014 END
START -4432 1060 14304 4645 268 -13159 END
START -3956 1184 14096 4548 310 -13273 END
START -3588 1088 14100 4493 411 -13364 END
START -3076 908 14088 4398 545 -13508 END
START -2828 684 14120 4322 708 -13622 END
START -2360 768 14116 4252 926 -13848 END
START -1880 816 14212 4210 1127 -14016 END
START -1744 1024 14296 4120 1259 -14175 END
START -1492 1256 14768 4064 1289 -14357 END
START -1172 1340 15072 3980 1237 -14502 END
START -820 1304 15220 3997 1056 -14635 END
START -240 1176 15528 4171 839 -14826 END
START 504 1360 16008 4356 670 -15016 END
START 1460 1624 16220 4616 470 -15201 END
START 2252 2060 16492 4842 299 -15372 END
START 3068 2844 16888 5044 58 -15363 END
START 3964 3892 17228 5205 -169 -15263 END
START 4548 4544 17360 5267 -425 -14949 END
START 5624 5512 17736 5234 -540 -14479 END
START 6676 6564 17948 5151 -626 -13736 END
START 7656 7424 18208 5006 -660 -12919 END
START 8692 7988 18452 4803 -583 -11960 END
START 9464 8372 18844 4551 -460 -10892 END
START 10116 8676 19192 4227 -293 -9893 END
START 10864 8656 19460 3907 -86 -8852 END
START 11116 8716 19920 3552 100 -7826 END
START 11124 8820 20068 3177 245 -6768 END
START 11040 8656 20392 2764 305 -5733 END
START 10896 8592 20588 2446 317 -4728 END
START 10680 8292 20328 2057 261 -3752 END
START 10352 7948 20156 1767 285 -2851 END
START 10072 7676 19956 1548 250 -2090 END
START 9608 7080 19936 1352 246 -1413 END
START 8880 6600 19720 1230 187 -853 END
START 8288 5896 19556 1169 53 -478 END
START 7572 5556 19524 1109 -143 -172 END
START 6984 4952 19272 1064 -327 16 END
START 6592 4684 19560 984 -601 133 END
START 6264 4416 19336 919 -815 135 END
START 5864 4100 19272 793 -1073 85 END
START 5580 3840 19208 647 -1275 26 END
START 5580 3732 18944 518 -1438 -73 END
START 5560 3600 18548 337 -1545 -153 END
START 5528 3740 18584 135 -1554 -220 END
START 5712 3636 18704 -88 -1483 -285 END
START 5792 3500 18572 -355 -1310 -269 END
START 6132 3588 18416 -639 -1169 -226 END
START 6200 3704 18660 -1017 -907 -132 END
START 6036 3796 18688 -1375 -757 10 END
START 5764 3948 18972 -1720 -655 175 END
START 5680 4088 18936 -2096 -619 351 END
START 5372 3988 18948 -2392 -587 606 END
START 5164 3952 18988 -2679 -611 837 END
START 5096 3752 18800 -2856 -648 1057 END
START 4876 3576 18448 -3054 -582 1305 END
START 4720 3336 18204 -3167 -471 1497 END
START 4520 3212 17892 -3333 -329 1702 END
START 4392 2944 17672 -3431 -124 1838 END
START 4252 2860 17380 -3540 72 1977 END
START 3892 2756 16960 -3616 336 2074 END
START 3632 2656 16980 -3700 603 2173 END
START 3140 2540 16940 -3721 880 2283 END
START 2880 2468 16780 -3805 1101 2369 END
START 2424 2312 16676 -3846 1266 2464 END
START 2228 2044 16260 -3838 1444 2510 END
START 1856 1700 16108 -3831 1608 2560 END
START 1640 1356 15988 -3793 1751 2547 END
START 1324 1236 16140 -3645 1853 2504 END
START 1008 692 16008 -3554 1898 2447 END
START 728 596 15784 -3376 1934 2424 END
START 432 372 15708 -3175 1892 2345 END
START 196 392 15464 -2947 1789 2193 END