START -4280 1204 2404 -4934 1066 10413 END
START -4840 840 2356 -4333 1521 10276 END
START -5624 532 2344 -3714 1980 10053 END
START -6500 196 2172 -3037 2342 9861 END
START -7084 164 2152 -2346 2665 9569 END
START -7420 -128 2020 -1708 3055 9297 END
START -7672 -292 1912 -1036 3600 8964 END
START -8060 -476 2072 -460 4184 8619 END
START -8716 -596 2188 34 4692 8249 END
START -9332 -644 2568 461 5131 7887 END
START -9848 -860 2860 795 5391 7431 END
START -10336 -1064 3168 1106 5556 6956 END
START -10548 -1152 3416 1366 5717 6422 END
START -10756 -1188 3372 1615 5879 5917 END
START -10968 -1196 3484 1822 6177 5406 END
START -10916 -1156 3808 1994 6536 4968 END
START -11104 -1096 3944 2113 6916 4576 END
START -11140 -984 4228 2193 7240 4258 END
START -11204 -940 4360 2262 7634 3978 END
START -11436 -752 4728 2297 7992 3711 END
START -11804 -784 5112 2305 8298 3541 END
START -12176 -940 5640 2308 8550 3288 END
START -12720 -1080 6116 2302 8741 3101 END
START -12936 -1112 6444 2333 8813 2904 END
START -13268 -1316 6792 2393 8825 2709 END
START -13684 -1604 7188 2475 8822 2540 END
START -14256 -1692 7500 2589 8721 2349 END
START -14628 -2040 8084 2759 8569 2185 END
START -15252 -2292 8584 2966 8316 2016 END
START -15812 -2704 9000 3180 7986 1795 END
START -16512 -2912 9120 3440 7604 1579 END
START -16972 -3212 9600 3725 7171 1271 END
START -17664 -3504 9772 4036 6747 891 END
START -18020 -3852 10036 4350 6335 479 END
START -18800 -4160 10252 4662 5904 43 END
START -19168 -4448 10548 4953 5492 -504 END
START -19620 -4552 10684 5191 5131 -1069 END
START -20044 -4836 10936 5388 4790 -1768 END
START -20284 -5116 10856 5531 4506 -2522 END
START -20484 -5156 10988 5687 4254 -3335 END
START -20504 -5252 10944 5791 4062 -4185 END
START -20628 -5372 11024 5842 3874 -5058 END
START -20688 -5256 11236 5907 3733 -5992 END
START -20660 -5244 11316 5992 3598 -6897 END
START -20748 -5164 11604 6028 3412 -7818 END
START -20648 -4992 12072 6117 3209 -8768 END
START -20356 -4672 11968 6179 3020 -9733 END
START -19900 -4320 12184 6225 2801 -10623 END
START -19432 -3916 12280 6281 2685 -11495 END
START -18688 -3332 12348 6271 2681 -12262 END
START -18148 -2568 12480 6266 2750 -12942 END
START -17516 -2032 12744 6202 2868 -13493 END
START -16768 -1380 12984 6037 2995 -13860 END
START -16232 -1016 13260 5871 3138 -14174 END
START -15724 -520 13524 5633 3274 -14423 END
START -15260 -408 13796 5381 3348 -14622 END
START -14652 -72 13644 5145 3425 -14835 END
START -13944 72 13760 4923 3594 -15020 END
START -13492 228 13812 4706 3745 -15208 END
START -13048 196 13888 4565 3950 -15391 END
START -12680 404 14032 4430 4093 -15558 END
START -12392 692 14216 4344 4170 -15717 END
START -11968 1092 14364 4268 4267 -15844 END
START -11620 1304 14380 4189 4225 -15940 END
START -11348 1616 14480 4115 4231 -16057 END
START -11064 1748 14968 4084 4062 -16145 END
START -10812 1904 15016 4114 3861 -16267 END
START -10536 2108 15408 4159 3531 -16387 END
START -10264 2192 15684 4271 3085 -16546 END
START -9736 2304 16016 4452 2540 -16726 END
START -9436 2548 16140 4670 1936 -16833 END
START -9160 2652 16472 4950 1237 -16999 END
START -8836 2784 16552 5280 524 -17151 END
START -8244 2988 16448 5597 -165 -17271 END
START -7744 3004 16340 5988 -739 -17467 END
START -7076 3148 16068 6349 -1188 -17615 END
START -6544 3260 15884 6650 -1460 -17793 END
START -5800 3632 15700 6859 -1667 -17988 END
START -5328 3992 15460 6969 -1678 -18144 END
START -4576 4292 15544 6994 -1570 -18288 END
START -3944 4572 15244 6890 -1320 -18447 END
START -3068 4772 14932 6712 -954 -18591 END
START -2344 5032 15056 6476 -450 -18705 END
START -1576 5340 14688 6186 147 -18754 END
START -1012 5504 14792 5890 798 -18778 END
START -392 6024 14876 5534 1479 -18758 END
START 452 6116 14960 5128 2167 -18672 END
START 1084 6308 14904 4746 2864 -18571 END
START 1796 6680 14980 4386 3545 -18432 END
START 2280 6848 15020 4036 4236 -18298 END
START 3000 7156 15320 3773 4827 -18142 END
START 3284 7456 15568 3525 5269 -17936 END
START 3656 7704 15884 3355 5571 -17740 END
START 4104 7980 16428 3292 5684 -17415 END
START 4792 8128 16764 3253 5712 -17132 END
START 5200 8356 17092 3292 5583 -16764 END
START 5712 8552 17376 3354 5401 -16390 END
START 6324 8628 17476 3443 5111 -15928 END
START 6916 8804 17800 3538 4806 -15429 END
START 7272 8944 17812 3669 4499 -14912 END
START 7856 9004 18032 3747 4204 -14379 END
START 8344 9132 17924 3783 3920 -13816 END
START 8768 9064 18132 3821 3657 -13247 END
START 8940 9228 18044 3848 3478 -12658 END
START 9384 9228 17920 3784 3317 -12048 END
START 9556 9240 18152 3696 3181 -11426 END
START 9792 9108 18020 3526 3002 -10834 END
START 10044 9052 18028 3418 2863 -10191 END
START 10272 8860 18260 3258 2764 -9611 END
START 10420 8612 18092 3142 2623 -9067 END
START 10464 8396 18220 3012 2432 -8532 END
START 10668 8208 18212 2879 2313 -8065 END
START 10740 8012 17952 2788 2206 -7595 END
START 10936 7760 17812 2707 2148 -7213 END
START 11020 7516 17596 2609 2147 -6876 END
START 11136 7404 17592 2479 2145 -6575 END
START 11180 7296 17344 2325 2229 -6343 END
START 11524 7064 17192 2113 2381 -6114 END
START 11752 7072 16588 1898 2622 -5920 END
START 12096 6956 16224 1612 2977 -5654 END
START 12264 6920 15816 1366 3424 -5390 END
START 12636 6928 15484 1160 3951 -5140 END
START 12952 6956 15112 985 4595 -4793 END
START 13120 7144 14784 797 5367 -4461 END
START 13336 7332 14680 617 6176 -4092 END
START 13412 7492 14648 376 7007 -3702 END
START 13360 7636 14980 106 7701 -3333 END
START 13244 7836 15340 -221 8302 -2923 END
START 13224 7788 15816 -527 8735 -2484 END
START 13128 7684 16040 -803 8999 -2040 END
START 13124 7708 16456 -986 9132 -1559 END
START 13104 7708 16932 -1072 9189 -986 END
START 12908 7844 17332 -1079 9122 -372 END
START 12692 8008 17980 -1037 8948 304 END
START 12428 8104 18504 -931 8585 1012 END
START 12316 8176 18716 -857 8154 1698 END
START 12060 8076 19096 -768 7641 2515 END
START 12148 7852 19092 -720 7181 3225 END
START 12196 7936 19364 -724 6769 3930 END
START 11960 8024 19468 -781 6329 4673 END
START 11652 8052 19644 -833 5890 5402 END
START 11132 8048 20024 -929 5431 6144 END
START 10876 8064 19964 -1007 4952 6921 END
START 10776 7900 20208 -1141 4537 7671 END
START 10304 7756 20216 -1264 4220 8330 END
START 9960 7468 20328 -1413 3883 9006 END
START 9692 7212 20544 -1610 3639 9578 END
START 9196 7060 20740 -1808 3341 10131 END
START 8808 7052 21076 -2072 3067 10604 END
START 8196 6936 21028 -2389 2737 11068 END
START 7828 6908 21328 -2745 2406 11492 END
START 7392 6704 21264 -3103 2004 11916 END
START 6844 6580 21376 -3477 1748 12308 END
START 6416 6568 21328 -3806 1483 12852 END
START 5908 6488 21376 -4083 1325 13178 END
START 5332 6296 21372 -4383 1190 13622 END
START 4708 5980 21392 -4682 1026 13947 END
START 3880 5680 21448 -4944 822 14245 END
START 3552 5464 21524 -5206 583 14466 END
START 2992 5048 21552 -5505 379 14627 END
START 2356 4812 21460 -5780 231 14768 END
START 1844 4504 21260 -6033 62 14934 END
START 1320 4356 20976 -6308 -40 15081 END
START 732 4136 20716 -6586 -113 15184 END
START 228 3864 20324 -6807 -112 15310 END
START -376 3420 20236 -7081 -45 15402 END
START -924 3148 19992 -7290 -27 15458 END
START -1724 2612 19892 -7465 -33 15490 END
START -2392 2216 19896 -7630 -134 15451 END
START -2900 2092 19708 -7697 -257 15439 END
START -3472 1656 19524 -7763 -434 15312 END
START -4132 1344 19176 -7730 -564 15181 END
START -4788 1032 19072 -7675 -710 15050 END
START -5380 804 18948 -7580 -818 14886 END
START -6060 576 18780 -7490 -941 14659 END
START -6804 400 18828 -7373 -1138 14428 END
START -7496 176 18928 -7270 -1375 14149 END
START -8176 -176 18948 -7145 -1640 13876 END
START -8864 -564 19016 -6966 -1938 13510 END
START -9488 -824 18896 -6810 -2283 13089 END
START -9976 -1292 19100 -6583 -2602 12779 END
START -10216 -1500 18912 -6411 -2911 12184 END
START -10748 -1692 19028 -6207 -3201 11766 END
START -11100 -1772 19040 -6023 -3457 11298 END
START -11508 -1880 19052 -5903 -3700 10851 END
START -11680 -1840 19128 -5813 -3905 10421 END
START -11988 -1832 19024 -5814 -4081 10038 END
START -12164 -2000 18772 -5874 -4288 9634 END
START -12420 -2188 18660 -6031 -4404 9249 END
START -12496 -2388 18648 -6224 -4544 8854 END
START -12644 -2392 18380 -6428 -4672 8435 END
START -12788 -2468 18076 -6646 -4760 8022 END
START -13020 -2820 17740 -6842 -4847 7592 END
START -13136 -2828 17308 -7036 -4918 7164 END
START -13288 -2916 17012 -7169 -5009 6734 END
START -13364 -3124 16436 -7250 -5069 6297 END
START -13240 -3196 15824 -7288 -5061 5842 END
START -13404 -3328 15208 -7266 -5064 5382 END
START -13508 -3336 14812 -7214 -5001 4910 END
START -13412 -3452 14208 -7092 -4958 4433 END
START -13332 -3596 13908 -6981 -4890 3910 END
START -13408 -3528 13572 -6818 -4845 3370 END
START -13364 -3528 13184 -6655 -4833 2846 END
START -13164 -3520 12408 -6498 -4847 2275 END
START -13040 -3564 12016 -6293 -4709 1759 END
START -12764 -3588 11640 -6083 -4624 1200 END
START -12576 -3552 11112 -5854 -4498 643 END
START -12276 -3360 10344 -5626 -4315 109 END
START -11932 -3140 9836 -5375 -4023 -354 END
START -11464 -3004 9300 -5103 -3657 -793 END
START -11292 -3004 9140 -4836 -3169 -1201 END
START -11004 -2740 8572 -4602 -2643 -1555 END
START -10708 -2472 8276 -4318 -2090 -1929 END
START -10592 -2180 7944 -4038 -1448 -2227 END
START -10152 -1984 7692 -3808 -811 -2535 END
START -9824 -1712 7672 -3577 -129 -2825 END
START -9500 -1672 7540 -3390 551 -3062 END
START -9308 -1332 7416 -3249 1219 -3285 END
START -9028 -992 7640 -3135 1939 -3451 END
START -8776 -688 7460 -3074 2595 -3595 END
START -8340 -480 7608 -3098 3205 -3670 END
START -8072 -68 7668 -3130 3816 -3738 END
START -7876 140 7780 -3218 4355 -3777 END
START -7516 372 7812 -3335 4770 -3806 END
START -7292 420 7816 -3484 5163 -3836 END
START -7084 608 8108 -3629 5423 -3802 END
START -6908 616 8212 -3793 5604 -3805 END
START -6676 816 8448 -3883 5647 -3758 END
START -6524 732 8552 -3994 5534 -3731 END
START -6224 1048 8664 -4067 5382 -3667 END
START -6136 1332 8492 -4138 5078 -3584 END
START -5900 1700 8364 -4118 4670 -3502 END
START -5728 1928 8068 -4057 4183 -3393 END
START -5496 2092 7624 -3959 3727 -3219 END
START -5212 2312 7276 -3825 3271 -3069 END
START -5040 2456 6860 -3619 2808 -2879 END
START -4780 2672 6340 -3391 2306 -2727 END
START -4556 2636 5988 -3110 1754 -2569 END
START -4280 2660 5680 -2750 1160 -2430 END
START -4036 2592 5320 -2349 501 -2277 END
START -3916 2640 5032 -1853 -201 -2093 END
START -3504 2632 4740 -1317 -933 -1876 END
START -3244 2724 4052 -736 -1632 -1692 END
START -2960 2796 3752 -66 -2279 -1450 END
START -2716 2852 3512 564 -2925 -1206 END
START -2520 3008 3120 1286 -3634 -951 END
START -2424 3156 3128 2043 -4326 -676 END
START -2080 3144 2440 2750 -5018 -378 END
START -1752 3216 2288 3456 -5582 -96 END
START -1428 3192 2036 4139 -6059 230 END
START -1232 3260 1728 4854 -6465 488 END
START -1208 3444 1564 5471 -6768 811 END
START -1044 3500 1416 6041 -7054 1102 END
START -996 3636 1152 6555 -7201 1424 END
START -780 3676 932 6984 -7301 1724 END
START -596 3872 432 7391 -7235 2028 END
START -424 3900 268 7751 -7042 2287 END
START -308 3840 184 8110 -6748 2517 END
START -324 3788 228 8388 -6373 2732 END
START -320 3728 488 8674 -5926 2914 END
START -464 3708 496 8899 -5447 3079 END
START -496 3592 644 9072 -4938 3212 END
START -364 3400 872 9194 -4447 3262 END
START -448 3304 1128 9223 -3905 3286 END
START -528 3228 1312 9192 -3383 3231 END
START -772 3032 1688 9140 -2867 3107 END
START -728 3016 1960 9059 -2407 2961 END
START -780 2752 2028 8987 -1945 2691 END
START -888 2708 2148 8934 -1478 2483 END
START -860 2740 2476 8875 -936 2199 END
START -868 2788 2596 8821 -432 1949 END
START -792 2748 2600 8781 96 1728 END
START -720 2732 2632 8757 686 1516 END
START -440 2864 2724 8723 1280 1339 END
START -316 3244 2828 8745 1941 1178 END
START -152 3348 2984 8747 2667 1052 END
START -148 3636 3280 8818 3397 977 END
START -164 3840 3292 8894 4051 957 END
START -76 3976 3832 8989 4738 981 END
START -228 4284 4192 9124 5285 1081 END
START -184 4504 4564 9253 5861 1192 END
START -240 4676 5244 9418 6299 1354 END
START -416 4576 5732 9603 6696 1543 END
START -676 4612 6328 9811 6981 1791 END
START -944 4552 7092 10025 7089 2045 END
START -1052 4644 7744 10243 7117 2326 END
START -1384 4852 8348 10506 7019 2612 END
START -1768 4900 9344 10732 6698 2868 END
START -2268 4860 10440 11000 6145 3183 END
START -2628 4720 10920 11249 5425 3395 END
START -2984 4740 11760 11554 4579 3606 END
START -3008 4724 12056 11968 3629 3841 END
START -3140 4624 12304 12164 2727 4034 END
START -3316 4680 12544 12655 1968 4225 END
START -3532 4684 12520 13019 1307 4371 END
START -3720 4556 12504 13372 727 4513 END
START -3928 4604 12588 13639 328 4596 END
START -4228 4604 12524 13875 63 4688 END
START -4436 4728 12880 14045 -9 4692 END
START -4524 4496 12768 14144 28 4663 END
START -4884 4364 13076 14145 193 4530 END
START -5208 4124 13600 14070 402 4333 END
START -5580 3880 14120 13951 725 4080 END
START -5736 3784 14536 13764 1097 3726 END
START -5880 3668 14968 13514 1536 3332 END
START -5976 3672 15388 13194 1975 2903 END
START -6024 3688 15908 12791 2435 2433 END
START -6340 3912 16556 12270 2780 1985 END
START -6320 3944 17184 11849 3096 1544 END
START -6212 4024 17368 11237 3349 1149 END
START -6240 3968 17640 10659 3553 786 END
START -6076 4112 17752 10116 3780 439 END
START -6108 4168 17912 9609 3932 73 END
START -5972 4032 18236 9196 3932 -288 END
START -5956 4096 18640 8875 3810 -624 END
START -5832 4124 18704 8676 3627 -924 END
START -5768 4300 19020 8603 3218 -1162 END
START -5528 4340 19396 8646 2736 -1342 END
START -5336 4184 19556 8739 2156 -1419 END
START -5148 4236 20012 8948 1436 -1472 END
START -4892 4272 20168 9234 614 -1475 END
START -4516 4484 20360 9582 -184 -1358 END
START -4388 4520 20380 9955 -1022 -1256 END
START -4248 4716 20492 10374 -1814 -1090 END
START -4200 4828 20620 10841 -2632 -858 END
START -3916 4964 20652 11338 -3369 -589 END
START -3820 5248 20860 11798 -4010 -349 END
START -3668 5284 21124 12030 -4637 -82 END
START -3732 5328 21280 12539 -5238 94 END
START -3536 5204 21416 12713 -5750 269 END
START -3272 5168 21656 12897 -6219 395 END
START -3008 5032 21760 12995 -6529 501 END
START -2856 4944 21716 12974 -6668 597 END
START -2480 4868 21736 12816 -6733 663 END
START -2280 4948 21796 12531 -6607 643 END
START -2328 5204 21976 12301 -6485 616 END
START -2440 5416 21840 11856 -6247 591 END
START -2264 5500 21564 11257 -5885 571 END
START -2232 5632 21576 10637 -5387 499 END
START -2316 5456 21188 10148 -4737 493 END
START -2256 5100 20920 9668 -3912 443 END
START -2156 4808 20572 9335 -3056 350 END
START -2332 4576 20620 8973 -2168 180 END
START -2512 4452 20684 8659 -1248 -19 END
START -2764 4312 20952 8330 -420 -287 END
START -2844 4444 21028 7997 361 -509 END
START -3052 4528 21384 7692 1098 -779 END
START -3224 4560 21520 7406 1867 -975 END
START -3464 4612 21880 7167 2579 -1188 END
START -3492 4580 21984 6892 3340 -1381 END
START -3760 4608 22512 6695 4015 -1521 END
START -3948 4784 22824 6462 4642 -1642 END
START -4204 5120 23548 6257 5072 -1720 END
START -4440 5328 24188 6045 5367 -1807 END
START -4568 5456 24900 5866 5511 -1815 END
START -4584 5352 25500 5674 5532 -1867 END
START -4576 5184 26224 5527 5443 -1916 END
START -4592 5356 26852 5356 5275 -1953 END
START -4624 5420 27596 5176 4919 -1985 END
START -4708 5668 28172 4967 4358 -2025 END
START -4764 5880 28536 4776 3713 -2010 END
START -4668 6220 28880 4566 2878 -1995 END
START -4592 6568 29068 4408 1978 -1928 END
START -4352 6584 29376 4276 1120 -1866 END
START -4064 6656 29516 4211 177 -1776 END
START -3668 6836 29420 4103 -744 -1726 END
START -3316 7044 29288 4059 -1682 -1645 END
START -2904 7268 29268 3936 -2565 -1534 END
START -2236 7652 28884 3826 -3318 -1408 END
START -1652 7888 28428 3623 -4023 -1234 END
START -1044 8336 28124 3355 -4491 -1054 END
START -564 8724 27388 3032 -4867 -809 END
START 132 8972 26980 2730 -5055 -563 END
START 800 9336 26252 2345 -5138 -332 END
START 1056 9612 26024 2005 -5057 -75 END
START 1668 9760 25532 1607 -4946 240 END
START 2308 10032 25116 1239 -4678 572 END
START 2804 10076 24660 902 -4377 920 END
START 3268 10296 24088 537 -3921 1319 END
START 3704 10368 23516 204 -3329 1750 END
START 3984 10412 22972 -193 -2615 2187 END
START 4236 10636 22760 -589 -1867 2610 END
START 4380 10592 22628 -1056 -1080 3033 END
START 4472 10576 22332 -1534 -234 3416 END
START 4380 10592 22148 -2039 564 3798 END
START 4372 10572 22192 -2545 1272 4073 END
START 4304 10436 22168 -3060 1938 4330 END
START 4096 10424 22572 -3514 2471 4598 END
START 3980 10156 22408 -3903 2879 4826 END
START 3856 10260 22560 -4301 3227 5060 END
START 3824 10136 22552 -4641 3494 5335 END
START 3916 10252 22580 -4951 3607 5572 END
START 3952 10328 22452 -5264 3690 5853 END
START 3960 10368 22472 -5583 3634 6147 END
START 4116 10452 22340 -5852 3488 6427 END
START 4168 10384 22344 -6088 3327 6728 END
START 4312 10296 22196 -6315 3035 7013 END
START 4360 10400 22052 -6449 2696 7384 END
START 4496 10536 22004 -6595 2312 7750 END
START 4704 10688 21488 -6699 1906 8207 END
START 4872 10780 21252 -6852 1578 8659 END
START 5136 10948 20744 -6993 1310 9122 END
START 5316 11100 20476 -7167 1103 9637 END
START 5568 11172 19716 -7358 1018 10159 END
START 5808 11000 19136 -7568 1035 10716 END
START 5700 10880 18760 -7762 1161 11265 END
START 5772 10924 18152 -7957 1420 11868 END
START 5936 10852 17828 -8165 1756 12448 END
START 5644 10764 17360 -8367 2088 13009 END
START 5380 10808 16872 -8577 2443 13444 END
START 5124 10756 16488 -8788 2823 13967 END
START 4940 10548 16192 -9002 3201 14416 END
START 4692 10384 15856 -9196 3616 14834 END
START 4316 10244 15400 -9345 4036 15242 END
START 4004 9984 15052 -9505 4388 15610 END
START 3760 9724 14712 -9657 4684 15883 END
START 3400 9576 14404 -9728 4978 16127 END
START 2992 9356 14192 -9795 5147 16303 END
START 2712 9092 13820 -9809 5322 16472 END
START 2288 9072 13500 -9804 5432 16620 END
START 1908 8860 13252 -9779 5531 16772 END
START 1556 8768 12720 -9657 5650 16810 END
START 1380 8560 12028 -9596 5795 16864 END
START 1140 8200 11468 -9479 5976 16829 END
START 980 7852 11200 -9307 6222 16829 END
START 532 7820 10968 -9076 6429 16819 END
START 148 7744 10792 -8815 6631 16870 END
START -244 7820 11032 -8522 6731 16966 END
START -864 7908 11220 -8235 6748 17113 END
START -1384 7804 11388 -7879 6625 17304 END
START -1856 7696 11632 -7609 6423 17484 END
START -2492 7516 11848 -7306 6100 17661 END
START -3040 7336 12160 -7022 5733 17828 END
START -3660 7092 12060 -6770 5291 17894 END
START -4016 6900 12224 -6518 4878 17963 END
START -4476 6432 12052 -6317 4491 17932 END
START -5076 6188 12104 -6104 4160 17895 END
START -5572 5876 12000 -6037 3868 17793 END
START -6212 5472 12024 -5938 3568 17604 END
START -6964 5132 11904 -5922 3221 17392 END
START -7276 4804 11672 -5960 2952 17052 END
START -7880 4428 11564 -6007 2730 16670 END
START -8360 3936 11224 -6063 2557 16154 END
START -8960 3660 10996 -6115 2408 15611 END
START -9380 3496 10608 -6226 2358 14941 END
START -9972 3236 10264 -6330 2294 14218 END
START -10260 3024 9868 -6452 2307 13487 END
START -10376 2936 9316 -6577 2319 12653 END
START -10328 2852 8884 -6689 2408 11897 END
START -10436 2852 8424 -6721 2532 11045 END
START -10344 2772 8008 -6714 2620 10205 END
START -10352 2524 7904 -6628 2700 9386 END
START -10356 2280 7904 -6513 2684 8598 END
START -10344 2432 7556 -6307 2627 7922 END
START -10284 2888 7244 -6064 2573 7340 END
START -10460 3312 7172 -5683 2552 6861 END
START -10528 3636 6928 -5231 2549 6524 END
START -10640 3904 6724 -4684 2523 6295 END
START -10868 4092 6600 -4101 2596 6139 END
START -11284 4168 6604 -3490 2638 6088 END
START -11476 4112 6840 -2849 2763 6019 END
START -11892 4112 6940 -2292 2877 5998 END
START -12416 3752 7244 -1765 3002 5880 END
START -12936 3492 7792 -1327 3072 5762 END
START -13260 3344 7892 -906 3179 5570 END
START -14000 3320 8276 -573 3232 5330 END
START -14472 3012 8756 -361 3226 5040 END
START -15016 2936 9204 -221 3074 4682 END
START -15572 2676 9544 -107 2863 4304 END
START -15972 2536 9820 -65 2657 3878 END
START -16292 2104 10132 -27 2424 3405 END
START -16424 1820 10316 -34 2211 2994 END
START -16568 1432 10496 3 1976 2500 END
START -16820 1456 10420 -23 1751 2040 END
START -16912 1348 10608 -62 1535 1602 END
START -17008 1464 10688 -100 1221 1151 END
START -17176 1504 10932 -135 822 753 END
START -17400 1676 11004 -116 344 353 END
START -17604 1676 11376 -82 -232 35 END
START -17752 1832 11628 -18 -868 -274 END
START -17956 1728 11540 100 -1613 -581 END
START -18208 1896 11580 323 -2358 -901 END
START -18300 2016 11528 587 -3082 -1175 END
START -18408 1896 11340 943 -3814 -1455 END
START -18632 1924 10996 1286 -4448 -1752 END
START -18484 1852 10872 1615 -4992 -2039 END
START -18648 1668 10516 1974 -5422 -2388 END
START -18560 1728 10320 2299 -5818 -2716 END
START -18584 1736 10196 2652 -6050 -3058 END
START -18700 1972 9896 2937 -6212 -3396 END
START -18708 2080 9812 3156 -6263 -3734 END
START -18796 2188 9816 3314 -6252 -4087 END
START -18752 2156 9632 3442 -6152 -4435 END
START -18724 2060 9588 3523 -5922 -4833 END
START -18860 2008 9616 3584 -5702 -5212 END
START -18820 1784 9688 3612 -5456 -5622 END
START -19052 1708 9756 3618 -5170 -6100 END
START -19096 1584 9856 3646 -4896 -6568 END
START -19112 1460 10072 3673 -4644 -7069 END
START -19280 1308 10136 3701 -4548 -7620 END
START -19388 1196 10364 3767 -4442 -8174 END
START -19444 1204 10264 3855 -4387 -8732 END
START -19380 1084 10600 4028 -4292 -9332 END
START -19376 1216 10732 4171 -4308 -9903 END
START -19468 1360 10992 4373 -4304 -10471 END
START -19408 1368 10964 4547 -4382 -11114 END
START -19348 1472 11332 4686 -4511 -11670 END
START -19272 1480 11556 4903 -4585 -12280 END
START -19128 1564 11744 5091 -4704 -12874 END
START -18956 1680 11776 5337 -4778 -13520 END
START -18892 1796 12056 5542 -4838 -14156 END
START -18696 1984 12044 5716 -4928 -14769 END
START -18580 2276 12304 5887 -4980 -15396 END
START -18240 2500 12448 6013 -4984 -16032 END
START -17728 2564 12488 6093 -4906 -16603 END
START -17168 3032 12600 6095 -4712 -17215 END
START -16532 3444 12912 5988 -4370 -17794 END
START -15724 4124 13096 5841 -3998 -18372 END
START -15196 4672 13272 5586 -3620 -18928 END
START -14860 5052 13620 5272 -3324 -19417 END
START -14128 5528 14016 4980 -3023 -19897 END
START -13616 5952 14236 4654 -2885 -20283 END
START -12976 6328 14356 4392 -2731 -20595 END
START -12372 6616 14788 4247 -2687 -20859 END
START -11900 6788 15184 4141 -2835 -21062 END
START -11336 7084 15696 4142 -3142 -21247 END
START -10848 7420 15888 4221 -3660 -21377 END
START -10560 7720 16112 4414 -4299 -21475 END
START -10012 8064 16272 4666 -4989 -21581 END
START -9332 8272 16428 5019 -5796 -21608 END
START -8640 8536 16416 5369 -6512 -21640 END
START -7808 8768 16196 5723 -7218 -21688 END
START -7116 9068 16020 6042 -7794 -21703 END
START -6456 9476 15656 6259 -8275 -21745 END
START -5676 9840 15424 6435 -8626 -21791 END
START -4784 10108 14972 6505 -8799 -21782 END
START -3876 10468 14552 6530 -8701 -21800 END
START -2880 10672 14236 6456 -8373 -21770 END
START -1980 11152 13748 6325 -7813 -21753 END
START -1092 11400 13396 6098 -6951 -21719 END
START -192 11660 13132 5784 -5832 -21648 END
START 676 11968 12956 5413 -4644 -21535 END
START 1244 12368 13220 5014 -3500 -21402 END
START 2060 12632 13532 4495 -2183 -21238 END
START 2484 12884 13748 3967 -963 -21061 END
START 2912 13132 14132 3439 156 -20859 END
START 3372 13156 14616 2904 1084 -20650 END
START 3628 13256 15168 2474 1840 -20400 END
START 3896 13308 15796 2053 2390 -20118 END
START 4180 13240 16416 1753 2679 -19853 END
START 4624 13280 16624 1559 2818 -19482 END
START 5048 13324 16940 1469 2764 -19141 END
START 5252 13172 17244 1475 2572 -18759 END
START 5524 13240 17508 1508 2224 -18319 END
START 5844 13236 17600 1597 1669 -17886 END
START 6084 13296 17676 1726 1050 -17433 END
START 6320 13340 17808 1903 356 -17005 END
START 6744 13248 17496 2061 -346 -16548 END
START 7096 13268 17236 2240 -953 -16115 END
START 7456 13372 17092 2421 -1472 -15644 END
START 7956 13504 16548 2535 -1874 -15220 END
START 8252 13504 16232 2632 -2140 -14786 END
START 8680 13608 15888 2652 -2145 -14364 END
START 8848 13556 15360 2592 -2018 -13966 END
START 9244 13568 15288 2450 -1773 -13548 END
START 9540 13524 15240 2261 -1404 -13149 END
START 9640 13560 15328 1973 -931 -12741 END
START 9640 13576 15240 1641 -492 -12342 END
START 9744 13760 15464 1296 54 -11912 END
START 9672 13688 15620 877 539 -11509 END
START 9632 13864 15588 490 1084 -11051 END
START 9692 13800 15920 74 1697 -10567 END
START 9536 13752 16000 -355 2236 -10115 END
START 9412 13600 16200 -791 2848 -9632 END
START 8988 13336 16276 -1269 3409 -9173 END
START 8884 13076 16524 -1746 3933 -8686 END
START 8356 12776 16704 -2216 4341 -8286 END
START 8000 12400 16916 -2633 4708 -7874 END
START 7648 12032 17148 -3099 4940 -7515 END
START 7200 11736 17088 -3477 5068 -7177 END
START 6932 11432 17132 -3868 5118 -6904 END
START 6652 11168 17024 -4164 5118 -6682 END
START 6284 10916 16932 -4459 5056 -6440 END
START 6128 10584 16692 -4721 4953 -6231 END
START 5804 10276 16488 -4900 4792 -6056 END
START 5664 9984 16356 -5084 4613 -5893 END
START 5460 9592 16112 -5212 4372 -5714 END
START 5236 9432 15796 -5339 4098 -5565 END
START 5180 9196 15552 -5395 3795 -5394 END
START 5264 9008 15560 -5494 3483 -5204 END