START -6244 884 8056 -3599 1415 2701 END
START -6124 668 7460 -3219 1811 2764 END
START -6180 452 7160 -2818 2381 2808 END
START -6472 96 7396 -2395 2810 2776 END
START -7228 -136 7528 -2035 3040 2685 END
START -7788 -468 7864 -1697 3116 2552 END
START -8120 -928 8224 -1343 2988 2403 END
START -8344 -1556 8384 -995 2815 2196 END
START -8440 -2088 8480 -615 2659 1936 END
START -8400 -2424 8264 -230 2714 1610 END
START -8464 -2768 8600 181 2824 1217 END
START -8664 -2832 8688 567 2928 754 END
START -8904 -2996 9160 926 2972 250 END
START -9092 -2824 9140 1171 3012 -239 END
START -9328 -2516 9372 1417 3082 -776 END
START -9340 -2220 9644 1596 3197 -1239 END
START -9664 -1920 9708 1651 3307 -1642 END
START -9812 -1716 9976 1674 3403 -1960 END
START -10100 -1612 10288 1712 3555 -2226 END
START -10352 -1556 10412 1697 3716 -2438 END
START -10704 -1576 10840 1753 3759 -2677 END
START -11140 -1524 11244 1767 3858 -2878 END
START -11744 -1372 11416 1846 3824 -3106 END
START -12444 -1404 11712 1883 3770 -3325 END
START -13144 -1368 12148 1954 3620 -3622 END
START -13836 -1472 12412 2030 3387 -3919 END
START -14508 -1828 12728 2083 3087 -4320 END
START -14960 -2264 13028 2136 2765 -4734 END
START -15372 -2736 13236 2228 2356 -5212 END
START -15840 -3056 13568 2285 1970 -5717 END
START -16264 -3296 13832 2372 1465 -6290 END
START -16708 -3428 13928 2472 921 -6860 END
START -17124 -3360 14160 2573 288 -7443 END
START -17400 -3292 14216 2689 -325 -8066 END
START -17748 -3412 14396 2785 -979 -8691 END
START -17892 -3436 14412 2912 -1646 -9374 END
START -18176 -3532 14352 3003 -2320 -10063 END
START -18200 -3772 14248 3110 -3011 -10777 END
START -18076 -3872 14008 3191 -3590 -11558 END
START -17988 -4020 13748 3265 -4126 -12390 END
START -17916 -4052 13460 3344 -4582 -13188 END
START -17736 -4176 13128 3398 -4995 -14019 END
START -17372 -4068 12908 3480 -5250 -14769 END
START -17160 -3896 12364 3567 -5499 -15563 END
START -16672 -3852 12284 3664 -5646 -16368 END
START -16292 -3580 12224 3734 -5730 -17093 END
START -15760 -3168 11776 3821 -5823 -17776 END
START -15304 -2908 11756 3877 -5916 -18416 END
START -14696 -2764 11548 3924 -6013 -19002 END
START -14068 -2716 11400 4062 -6038 -19564 END
START -13560 -2432 11028 4227 -6094 -20108 END
START -12996 -2128 10768 4440 -6085 -20652 END
START -12428 -1956 10468 4729 -6071 -21122 END
START -11700 -1672 10352 4995 -5991 -21592 END
START -11104 -1460 10120 5311 -5832 -22019 END
START -10384 -1056 9952 5578 -5604 -22381 END
START -9808 -672 9772 5856 -5314 -22764 END
START -9204 -372 9688 6078 -5045 -23040 END
START -8708 -68 9704 6303 -4757 -23305 END
START -8216 352 9604 6485 -4499 -23514 END
START -7556 596 9608 6675 -4197 -23664 END
START -7096 1048 9712 6863 -3884 -23862 END
START -6648 1264 9640 7034 -3626 -23962 END
START -6200 1568 9820 7212 -3306 -24108 END
START -5544 1972 9824 7423 -2975 -24209 END
START -5060 2156 10080 7634 -2638 -24321 END
START -4364 2544 10124 7840 -2250 -24374 END
START -3692 2796 10104 8019 -1791 -24449 END
START -2924 3100 10296 8187 -1296 -24453 END
START -2388 3432 10504 8337 -805 -24489 END
START -2016 3904 10984 8419 -401 -24468 END
START -1704 4416 11344 8506 -80 -24398 END
START -1016 4864 11820 8553 218 -24325 END
START -644 5308 12448 8565 440 -24166 END
START 200 5984 12876 8549 607 -23936 END
START 624 6396 13196 8493 762 -23686 END
START 1244 7088 13628 8390 943 -23305 END
START 1920 7436 14120 8210 1070 -22878 END
START 2548 7672 14500 8015 1207 -22403 END
START 3424 7656 14884 7711 1397 -21848 END
START 4136 7872 15168 7422 1609 -21255 END
START 4796 8184 15612 7041 1948 -20653 END
START 5268 8488 16036 6665 2191 -19985 END
START 5700 8800 16352 6228 2408 -19317 END
START 5968 9096 16632 5759 2507 -18619 END
START 6352 9276 17132 5275 2569 -17940 END
START 6672 9400 17168 4780 2632 -17252 END
START 7204 9352 17296 4311 2738 -16585 END
START 7656 9492 17148 3856 2871 -16024 END
START 7948 9624 17200 3370 3096 -15414 END
START 8476 9712 17024 2942 3393 -14849 END
START 8944 10020 16952 2512 3676 -14311 END
START 9240 10420 17004 2116 4062 -13688 END
START 9692 10784 16952 1686 4467 -13009 END
START 10136 11096 16908 1352 4846 -12228 END
START 10424 11308 16860 1011 5198 -11481 END
START 10672 11416 17124 751 5433 -10663 END
START 10960 11344 17240 539 5649 -9847 END
START 11444 11332 17420 362 5787 -8999 END
START 11572 11376 17712 266 5883 -8124 END
START 11820 11396 18096 226 5876 -7302 END
START 11748 11500 18332 182 5822 -6434 END
START 11984 11324 18800 202 5625 -5574 END
START 12164 11444 19028 184 5432 -4707 END
START 12252 11352 19236 120 5122 -3848 END
START 12444 11292 19608 120 4822 -2961 END
START 12528 11084 19824 30 4484 -1994 END
START 12680 11108 19908 -36 4212 -1119 END
START 12852 11132 19924 -145 4046 -108 END
START 12772 11192 19956 -310 3927 837 END
START 12824 11068 19652 -540 3886 1836 END
START 12784 10988 19916 -799 3977 2815 END
START 12688 10824 20020 -1127 4137 3714 END
START 12456 10688 19812 -1552 4318 4631 END
START 12268 10340 19880 -2102 4579 5580 END
START 11896 10056 20020 -2662 4895 6451 END
START 11456 9524 20072 -3303 5261 7318 END
START 10980 9100 19968 -3932 5493 8079 END
START 10444 8808 19912 -4583 5859 8849 END
START 9932 8460 19948 -5248 6200 9494 END
START 9148 7820 19944 -5852 6527 10132 END
START 8428 7640 20128 -6466 6781 10671 END
START 7576 7088 20280 -7026 6960 11150 END
START 6636 6520 20348 -7529 7013 11608 END
START 5740 6052 20544 -7929 6965 11980 END
START 4848 5400 20820 -8288 6841 12305 END
START 3936 4920 20996 -8575 6619 12723 END
START 2860 4568 21060 -8770 6318 12917 END
START 1964 4004 21168 -8903 6016 12964 END
START 1112 3536 21088 -9058 5668 13231 END
START 296 2952 21204 -9162 5262 13255 END
START -824 2512 21096 -9263 4931 13182 END
START -1652 2140 20936 -9408 4555 12963 END
START -2552 1628 20796 -9570 4230 12887 END
START -3564 1096 20784 -9698 3868 12547 END
START -4264 616 20624 -9879 3562 12152 END
START -5180 -8 20304 -10038 3268 11588 END
START -5796 -624 19832 -10239 3024 10973 END
START -6192 -1136 19580 -10365 2825 10344 END
START -6620 -1580 19276 -10513 2747 9617 END
START -7172 -1828 18928 -10661 2810 8849 END
START -7652 -2176 18780 -10783 2800 8052 END
START -8132 -2404 18412 -10958 2884 7272 END
START -8896 -2516 18116 -11133 2962 6412 END
START -9476 -3012 17948 -11335 2969 5504 END
START -10096 -3516 17784 -11569 2883 4518 END
START -10340 -4040 17604 -11798 2761 3537 END
START -10636 -4572 17276 -11955 2640 2434 END
START -10620 -4972 16544 -12196 2600 1268 END
START -10564 -5212 16064 -12358 2524 55 END
START -10584 -5272 15480 -12540 2490 -1070 END
START -10264 -5216 14804 -12681 2484 -2189 END
START -9980 -5004 14248 -12800 2518 -3195 END
START -9608 -4580 13736 -12888 2504 -4077 END
START -9260 -4412 13000 -12923 2469 -4850 END
START -8740 -4028 12488 -12899 2443 -5524 END
START -8264 -3812 12020 -12853 2372 -6061 END
START -7868 -3516 11444 -12728 2243 -6555 END
START -7296 -3060 10844 -12593 2065 -6964 END
START -6644 -2812 10464 -12371 1791 -7203 END
START -6040 -2648 9836 -12119 1539 -7359 END
START -5508 -2540 9224 -11854 1249 -7449 END
START -5124 -2560 8828 -11477 926 -7460 END
START -4536 -2436 8132 -11064 596 -7405 END
START -4112 -2364 7628 -10601 241 -7320 END
START -3508 -2044 7040 -10049 -88 -7195 END
START -3132 -1952 6560 -9482 -303 -6961 END
START -2888 -1776 5940 -8887 -469 -6710 END
START -2640 -1676 5152 -8258 -547 -6402 END
START -2372 -1732 4636 -7620 -611 -6110 END
START -2064 -1556 4168 -6925 -507 -5805 END
START -1928 -1460 3544 -6289 -372 -5502 END
START -1844 -1304 3192 -5627 -132 -5174 END
START -1792 -1100 2976 -5000 44 -4879 END
START -1760 -1044 2808 -4425 285 -4495 END
START -1728 -1056 2916 -3813 508 -4156 END
START -1856 -748 2680 -3236 643 -3784 END
START -1892 -496 2680 -2668 775 -3378 END
START -1972 -324 2632 -2080 917 -2956 END
START -1968 -256 2336 -1499 1027 -2512 END
START -2028 -284 2300 -909 1122 -2145 END
START -2004 -280 2224 -341 1302 -1795 END
START -2036 -136 1808 282 1469 -1430 END
START -2076 60 1948 859 1674 -1099 END
START -2072 264 1736 1433 1852 -778 END
START -2016 540 1648 2036 2026 -415 END
START -1964 876 1544 2605 2239 -100 END
START -1796 1200 1392 3141 2467 237 END
START -1580 1488 1284 3719 2724 674 END
START -1420 1772 944 4215 3066 1087 END
START -1148 2308 312 4766 3519 1572 END
START -820 2680 -80 5235 3999 2090 END
START -524 3084 -392 5820 4593 2606 END
START -276 3328 -748 6422 5190 3192 END
START -148 3312 -760 7144 5802 3761 END
START 32 3288 -732 7845 6448 4358 END
START 44 3120 -404 8634 6963 4910 END
START 12 3188 -56 9419 7419 5427 END
START -8 3016 516 10195 7732 5946 END
START -124 2948 1180 10961 7876 6368 END
START -200 2968 1500 11752 7926 6786 END
START -152 3156 2000 12295 7838 7203 END
START -4 3480 2300 13164 7719 7660 END
START 80 3892 2532 13740 7626 8146 END
START 360 4452 2564 14370 7505 8674 END
START 588 4956 2612 14952 7442 9314 END
START 952 5312 2632 15499 7421 10004 END
START 976 5652 2784 16066 7478 10765 END
START 1300 5936 2812 16612 7621 11524 END
START 1464 6376 2772 17172 7820 12344 END
START 1600 6724 3104 17684 8072 13199 END
START 1648 7048 3440 18146 8388 14135 END
START 1516 7488 3548 18618 8695 15096 END
START 1388 7888 3732 19011 9125 16111 END
START 1348 8348 4324 19302 9527 17017 END
START 712 8684 5096 19660 9821 18018 END
START 144 9200 5488 19914 10030 18968 END
START -308 9288 6056 20227 10174 19936 END
START -760 9528 6540 20544 10327 20892 END
START -1604 9476 7320 20806 10353 21659 END
START -2708 9364 8656 21133 10243 22404 END
START -3940 8840 9716 21489 9984 22955 END
START -5324 8300 11148 21784 9460 23333 END
START -6820 7804 12304 22043 8716 23530 END
START -7948 7152 13096 22230 7825 23500 END
START -8724 6452 13696 22355 6872 23218 END
START -9652 5832 14160 22387 5996 22763 END
START -10260 5176 14600 22275 5304 22091 END
START -10800 4648 14392 22128 4628 21324 END
START -11256 4308 14424 21832 4248 20458 END
START -11560 3892 14292 21482 3956 19506 END
START -11832 3600 13968 21106 3916 18496 END
START -11944 3604 13908 20671 4073 17544 END
START -12100 3576 13276 20190 4529 16499 END
START -12156 3732 13012 19688 5063 15533 END
START -12312 3828 12768 19178 5742 14560 END
START -12304 3860 12596 18704 6444 13597 END
START -12260 3816 12672 18328 7127 12628 END
START -12084 3480 12916 17952 7817 11688 END
START -11776 3136 13356 17671 8469 10796 END
START -11804 2792 14036 17458 8911 9982 END
START -11632 2728 14612 17300 9170 9224 END
START -11704 2936 15260 17201 9266 8514 END
START -11532 3412 15920 17081 9087 7892 END
START -11436 4632 16240 16959 8708 7195 END
START -10740 5484 16740 16797 8234 6580 END
START -10080 5688 17072 16511 7721 6104 END
START -9368 5804 17512 16101 7169 5800 END
START -8708 6392 17760 15605 6553 5652 END
START -7852 6628 17712 15009 5998 5610 END
START -7056 6696 17292 14456 5620 5695 END
START -6508 7156 16976 13932 5305 5787 END
START -5924 7508 16532 13519 5147 5920 END
START -5452 7528 16516 13199 5174 6105 END
START -5120 7516 16016 12959 5247 6355 END
START -5168 7764 16056 12698 5347 6644 END
START -5336 8112 15764 12498 5504 6949 END
START -5692 8440 15832 12413 5573 7283 END
START -6248 8724 15900 12092 5622 7523 END
START -6856 8316 16128 11984 5578 7655 END
START -7380 7972 16344 12022 5508 7697 END
START -7884 7604 16612 11965 5333 7571 END
START -8528 7088 16680 11841 5131 7338 END
START -8792 6904 16644 11745 4786 6999 END
START -9064 6644 16808 11580 4475 6589 END
START -9092 6408 16808 11488 4172 6117 END
START -8972 6188 16716 11377 3939 5602 END
START -8844 6100 16684 11153 3736 5060 END
START -8576 6072 16528 10988 3604 4528 END
START -8236 6140 16224 10818 3517 4040 END
START -7844 6272 16072 10710 3610 3539 END
START -7408 6500 15880 10649 3638 3099 END
START -6852 6604 15772 10638 3920 2756 END
START -6324 6828 15784 10666 4219 2493 END
START -6016 7168 16020 10714 4693 2353 END
START -5724 7520 16404 10755 5108 2323 END
START -5756 8040 17180 10753 5522 2358 END
START -5748 8512 17876 10700 5825 2478 END
START -5816 9108 18908 10521 5982 2601 END
START -6064 9520 20044 10335 5934 2845 END
START -6068 9864 21040 10069 5774 3029 END
START -6080 10172 21992 9667 5483 3249 END
START -6216 10320 22820 9245 5053 3448 END
START -6172 10564 23668 8668 4537 3678 END
START -6236 10668 24184 8053 3826 3868 END
START -6156 10864 24660 7477 3063 4084 END
START -6008 10920 25032 7016 2296 4336 END
START -5668 10968 24856 6587 1490 4596 END
START -5472 10996 24656 6240 763 4843 END
START -5316 11028 24512 5908 0 5108 END
START -5328 11172 24272 5632 -780 5314 END
START -5156 11216 24228 5374 -1577 5578 END
START -4984 11276 23892 5227 -2317 5826 END
START -4756 11224 23556 5104 -3059 6027 END
START -4412 11388 23176 5003 -3571 6262 END
START -4208 11328 22512 4951 -4025 6440 END
START -3936 11388 22052 4854 -4303 6639 END
START -4028 11396 21840 4777 -4445 6784 END
START -3920 11544 21576 4687 -4533 6939 END
START -3744 11500 21272 4587 -4463 7009 END
START -3672 11372 21160 4488 -4281 7076 END
START -3440 11372 21172 4405 -3986 7166 END
START -3500 11304 21384 4257 -3586 7223 END
START -3396 11256 21572 4070 -3128 7321 END
START -3492 11060 21840 3827 -2594 7352 END
START -3588 11088 22488 3479 -2095 7369 END
START -3624 10840 23000 3004 -1601 7327 END
START -3556 10792 23608 2443 -1099 7207 END
START -3520 10748 24104 1749 -577 7087 END
START -3488 10892 24632 863 -86 6954 END
START -3440 11000 24944 22 316 6832 END
START -3536 11132 25464 -979 636 6726 END
START -3560 11160 25820 -1925 860 6623 END
START -3424 11052 25808 -2869 979 6589 END
START -3384 11160 25944 -3774 1033 6580 END
START -3228 11004 26076 -4567 949 6526 END
START -3228 10920 25952 -5232 730 6563 END
START -3184 10780 25948 -5818 411 6592 END
START -3016 10864 25828 -6273 21 6673 END
START -2868 10816 25716 -6722 -428 6787 END
START -2748 10880 25428 -7075 -941 6907 END
START -2680 10976 25452 -7469 -1480 7103 END
START -2376 11200 25068 -7799 -2007 7326 END
START -2132 11356 24980 -8198 -2497 7600 END
START -2032 11456 24756 -8525 -3004 7956 END
START -2184 11588 24764 -8886 -3498 8388 END
START -2108 11712 24536 -9230 -4046 8880 END
START -2084 11688 24216 -9574 -4575 9391 END
START -2232 11864 24000 -9905 -4987 9919 END
START -2524 11672 23392 -10248 -5427 10421 END
START -2828 11532 23192 -10569 -5827 10857 END
START -3248 11316 22892 -10835 -6288 11221 END
START -3564 11148 22232 -11087 -6704 11453 END
START -4004 10940 21736 -11290 -7085 11682 END
START -4400 10816 21304 -11451 -7493 11846 END
START -4716 10692 20708 -11575 -7812 11923 END
START -4972 10460 19748 -11697 -8107 11995 END
START -5408 10092 19340 -11766 -8326 11999 END
START -5544 9788 18680 -11875 -8506 11898 END
START -5604 9504 17732 -11927 -8539 11777 END
START -5712 9456 17216 -12140 -8498 11628 END
START -5668 9244 16568 -12272 -8353 11424 END
START -5828 9076 15912 -12527 -8165 11153 END
START -5968 8860 15440 -12782 -8008 10904 END
START -6080 8716 14744 -13021 -7807 10652 END
START -5904 8464 14092 -13252 -7524 10370 END
START -5776 8112 13424 -13448 -7012 10108 END
START -5704 7972 12708 -13608 -6434 9928 END
START -5776 7952 11984 -13791 -5737 9735 END
START -5976 7924 11444 -13923 -5047 9533 END
START -6136 8076 11220 -14044 -4345 9397 END
START -6460 8040 10948 -14135 -3726 9267 END
START -6712 7836 10936 -14171 -3220 9159 END
START -7072 7552 10760 -14165 -2793 9046 END
START -7568 7288 10848 -14059 -2553 8886 END
START -8076 7124 10760 -13877 -2396 8700 END
START -8244 7052 10728 -13633 -2328 8491 END
START -8504 7040 10592 -13241 -2307 8279 END
START -8936 7044 10564 -12811 -2351 8053 END
START -9372 7036 10396 -12305 -2460 7839 END
START -9692 7212 10548 -11738 -2643 7668 END
START -9956 7128 10540 -11164 -2881 7452 END
START -10312 6968 10464 -10559 -3106 7278 END
START -10504 6872 10312 -10050 -3302 7000 END
START -10720 6712 10244 -9525 -3535 6735 END
START -10824 6436 9940 -9115 -3739 6349 END
START -10944 6312 10080 -8703 -3962 5961 END
START -11020 6020 10132 -8344 -4172 5521 END
START -11016 5924 9820 -7994 -4326 5050 END
START -11268 5800 9748 -7606 -4490 4542 END
START -11116 5560 9600 -7227 -4627 3992 END
START -11000 5340 9376 -6799 -4696 3428 END
START -10768 5264 9176 -6355 -4684 2905 END
START -10396 5248 9112 -5922 -4578 2340 END
START -10012 5336 8920 -5497 -4399 1825 END
START -9620 5540 8856 -5114 -4081 1344 END
START -8892 5924 8644 -4855 -3715 883 END
START -8488 6072 8488 -4728 -3185 435 END
START -8096 6292 8216 -4691 -2547 -51 END
START -7532 6644 8384 -4771 -1823 -402 END
START -7024 6892 8424 -4818 -1064 -740 END
START -6528 7124 8640 -4943 -285 -953 END
START -6164 7500 8896 -5064 534 -1113 END
START -5868 7832 9308 -5177 1410 -1210 END
START -5600 8160 9592 -5331 2206 -1240 END
START -5416 8564 10004 -5492 2908 -1196 END
START -5388 8884 10768 -5707 3477 -1153 END
START -5384 9112 11452 -5938 3926 -1060 END
START -5288 8976 11896 -6162 4159 -935 END
START -5272 8980 12264 -6436 4312 -815 END
START -5212 9052 12836 -6705 4344 -630 END
START -5264 9040 13132 -6903 4250 -457 END
START -5360 8892 13516 -7110 4123 -309 END
START -5448 8912 13760 -7272 3856 -114 END
START -5720 8940 13964 -7365 3557 46 END
START -5892 8964 14456 -7405 3154 234 END
START -6136 8952 14488 -7349 2748 404 END
START -6424 8840 14760 -7286 2189 653 END
START -6580 8744 14752 -7215 1595 880 END
START -6968 8640 14820 -7073 980 1076 END
START -7060 8252 14840 -6936 316 1242 END
START -7108 8104 14868 -6820 -317 1378 END
START -7476 7688 15084 -6675 -941 1443 END
START -7652 7516 14936 -6551 -1491 1467 END
START -7748 7136 14732 -6461 -2104 1401 END
START -7848 6808 14764 -6401 -2582 1314 END
START -7880 6572 14516 -6361 -3002 1131 END
START -7844 6340 14548 -6337 -3333 945 END
START -7908 6044 14348 -6382 -3603 649 END
START -7868 6020 14248 -6450 -3767 324 END