START -1168 2824 14040 -2457 2653 -1035 END
START 4452 3200 4060 -2835 1391 -876 END
START 1824 1372 7804 -2916 1846 -559 END
START 48 1912 10904 -2982 2465 -244 END
START -112 1768 11988 -2857 2810 -50 END
START -332 1468 11900 -2746 3045 193 END
START -828 1104 11828 -2562 3129 397 END
START -928 776 11656 -2283 3315 618 END
START -1460 724 11876 -1905 3535 807 END
START -2308 784 12232 -1550 3517 958 END
START -2960 1040 12384 -1167 3381 1075 END
START -3256 1148 12436 -810 3169 1157 END
START -3512 1044 12624 -475 2895 1149 END
START -3780 724 12424 -203 2748 1116 END
START -4384 508 12660 105 2448 1065 END
START -4600 276 12732 448 2110 1044 END
START -4628 -80 12828 747 1852 857 END
START -4744 -500 12796 1152 1635 662 END
START -4760 -732 12860 1419 1509 414 END
START -4924 -764 12956 1731 1462 145 END
START -4900 -860 13256 2013 1444 -127 END
START -4604 -908 13684 2167 1410 -446 END
START -4528 -892 13824 2229 1426 -687 END
START -4696 -664 14240 2135 1461 -992 END
START -4580 -568 14780 1872 1447 -1226 END
START -4604 -484 14968 1537 1489 -1416 END
START -4612 -136 15248 1098 1401 -1570 END
START -4544 -120 15472 696 1396 -1692 END
START -4476 40 15400 228 1368 -1767 END
START -4276 224 15300 -87 1398 -1821 END
START -4192 304 15204 -362 1436 -1918 END
START -4032 424 15180 -588 1441 -1972 END
START -3772 520 14940 -727 1478 -1997 END
START -3564 348 14916 -876 1554 -2045 END
START -3608 280 14648 -933 1665 -2008 END
START -3524 224 14464 -980 1678 -1968 END
START -3444 112 14464 -930 1697 -1945 END
START -3548 336 14600 -867 1636 -1918 END
START -3736 748 14684 -683 1519 -1920 END
START -3940 1124 14728 -602 1324 -1842 END
START -3940 1244 14632 -439 1047 -1714 END
START -3888 1120 14944 -265 827 -1561 END
START -3964 1256 15168 -144 527 -1381 END
START -3840 1260 15248 -51 205 -1214 END
START -3868 1172 15360 24 -63 -1076 END
START -3700 1280 15288 57 -325 -968 END
START -3792 1192 15292 53 -506 -831 END
START -3588 1160 14968 9 -655 -657 END
START -3552 1104 14592 -19 -717 -582 END
START -3524 864 14704 -15 -770 -490 END
START -3420 656 14508 -1 -736 -481 END
START -3248 616 14356 79 -683 -434 END
START -3156 532 14396 135 -662 -432 END
START -3136 636 14400 165 -617 -453 END
START -2996 536 14464 197 -635 -405 END
START -2848 596 14124 257 -515 -342 END
START -2644 468 14304 215 -458 -362 END
START -2628 420 14376 210 -299 -330 END
START -2664 404 14316 163 -167 -308 END
START -2644 244 14156 124 -100 -318 END
START -2688 44 14320 167 4 -300 END
START -2708 60 14264 184 46 -309 END
START -2904 56 14144 247 103 -336 END
START -2948 24 14120 352 93 -341 END
START -3220 -108 14128 485 182 -341 END
START -3352 -184 14072 623 109 -351 END
START -3488 -340 14192 795 113 -424 END
START -3596 -404 14300 904 15 -424 END
START -3828 -520 14264 1063 -37 -467 END
START -3808 -524 14220 1158 -60 -558 END
START -3700 -500 14352 1299 -52 -653 END
START -3732 -452 14384 1387 -21 -687 END
START -3672 -392 14360 1407 27 -716 END
START -3624 -336 14384 1321 72 -748 END
START -3524 -288 14484 1154 171 -783 END
START -3680 -144 14836 959 190 -792 END
START -3692 -108 15096 786 210 -792 END
START -3612 -36 15264 652 236 -749 END
START -3728 116 15364 528 191 -709 END
START -3736 340 15464 387 92 -630 END
START -3796 512 15476 277 -20 -546 END
START -3764 488 15392 154 -71 -427 END
START -3764 416 15252 117 -133 -335 END
START -3656 484 15116 99 -186 -187 END
START -3596 696 15184 99 -165 -79 END
START -3584 708 14892 54 -178 55 END
START -3404 376 14732 38 -98 201 END
START -3380 176 14860 50 5 316 END
START -3516 36 14956 67 85 404 END
START -3732 44 15004 55 119 475 END
START -3852 140 14976 51 159 488 END
START -4052 144 15368 64 155 558 END
START -4212 48 15516 43 111 602 END
START -4380 -104 15448 43 119 658 END
START -4732 -184 15752 -30 -19 674 END
START -4896 -356 15796 -123 -66 669 END
START -5152 -428 15864 -192 -190 684 END
START -5288 -596 15868 -232 -296 649 END
START -5448 -676 15884 -228 -338 597 END
START -5728 -992 15856 -212 -403 512 END
START -5936 -952 15976 -161 -460 384 END
START -6132 -940 15848 -115 -497 300 END
START -6328 -828 15768 -89 -568 183 END
START -6468 -720 15876 -110 -633 19 END
START -6596 -548 15884 -158 -692 -56 END
START -6616 -876 15944 -263 -728 -147 END
START -6700 -1036 15804 -294 -691 -260 END
START -6712 -1076 15588 -359 -692 -409 END
START -6912 -1388 15784 -402 -654 -596 END
START -7012 -1540 15296 -374 -603 -786 END
START -7236 -1600 15348 -340 -584 -1011 END
START -7304 -1764 15404 -240 -476 -1270 END
START -7572 -1816 15196 -160 -384 -1499 END
START -7576 -1864 15240 -66 -278 -1744 END
START -7604 -1752 15172 -10 -201 -1959 END
START -7812 -1712 15296 37 -122 -2131 END
START -7944 -1736 15272 81 -72 -2303 END
START -8172 -1700 15224 136 -11 -2451 END
START -8156 -1716 15248 157 17 -2623 END
START -8324 -1756 15388 136 28 -2748 END
START -8364 -1828 15408 164 40 -2922 END
START -8480 -1804 15664 164 -13 -3119 END
START -8688 -1776 15668 135 -109 -3241 END
START -8848 -1792 15600 133 -243 -3388 END
START -8868 -1652 15560 136 -415 -3532 END
START -8928 -1500 15528 187 -577 -3695 END
START -8844 -1288 15184 234 -668 -3786 END
START -8524 -1316 15052 251 -679 -3904 END
START -8588 -1288 14844 301 -706 -3978 END
START -8452 -1380 14912 317 -763 -4067 END
START -8380 -1344 14812 326 -791 -4135 END
START -8312 -1540 14840 296 -820 -4289 END
START -8200 -1648 14908 296 -905 -4364 END
START -8176 -1688 14820 302 -998 -4488 END
START -8236 -1544 14780 285 -1101 -4660 END
START -8152 -1580 14868 337 -1242 -4781 END
START -8020 -1560 14768 375 -1354 -4961 END
START -8096 -1528 14648 470 -1437 -5069 END
START -7960 -1460 14508 568 -1534 -5259 END
START -7900 -1416 14288 706 -1512 -5408 END
START -7788 -1504 14264 817 -1530 -5617 END
START -7512 -1520 14152 905 -1506 -5817 END
START -7268 -1396 14052 915 -1408 -6026 END
START -6988 -1208 14040 980 -1297 -6209 END
START -6764 -1052 13944 936 -1139 -6408 END
START -6636 -932 14024 909 -1054 -6515 END
START -6536 -876 14236 888 -946 -6655 END
START -6328 -812 14200 822 -854 -6773 END
START -5944 -824 14232 784 -795 -6894 END
START -5744 -940 14372 784 -661 -7037 END
START -5412 -796 14112 776 -575 -7165 END
START -5128 -620 14300 756 -461 -7319 END
START -5008 -420 14208 696 -430 -7398 END
START -4820 -308 14312 702 -351 -7440 END
START -4184 -248 14236 640 -289 -7487 END
START -3984 -320 14200 642 -272 -7508 END
START -3796 -352 14224 680 -191 -7573 END
START -3236 -316 14004 750 -141 -7604 END
START -2808 -268 13852 832 16 -7675 END
START -2464 -240 13768 937 169 -7690 END
START -2068 -72 13764 1043 299 -7704 END
START -1736 172 13796 1149 426 -7727 END
START -1548 144 13776 1257 512 -7675 END
START -1212 308 13904 1368 593 -7632 END
START -816 540 13984 1478 655 -7564 END
START -444 660 14108 1573 667 -7427 END
START -72 748 14248 1684 682 -7298 END
START 168 848 14184 1833 670 -7131 END
START 412 1048 14232 1898 662 -6928 END
START 828 1116 14620 1999 607 -6705 END
START 1144 1148 14480 2012 569 -6436 END
START 1348 1248 14652 2057 523 -6174 END
START 1584 1312 14640 2093 521 -5882 END
START 1644 1440 14836 2133 533 -5590 END
START 1760 1360 14716 2176 510 -5340 END
START 1832 1416 14908 2226 478 -5098 END
START 1772 1292 15044 2258 442 -4834 END
START 1844 1292 15032 2245 460 -4674 END
START 2020 1384 15260 2238 342 -4452 END
START 1916 1444 15416 2218 362 -4322 END
START 1744 1400 15532 2205 275 -4163 END
START 1632 1244 15920 2172 160 -3984 END
START 1612 1096 16016 2138 55 -3893 END
START 1564 1044 16116 2039 -44 -3820 END
START 1660 1064 16172 1980 -177 -3792 END
START 1772 1040 16384 1872 -248 -3763 END
START 1748 1096 16412 1754 -310 -3748 END
START 1968 1236 16404 1645 -260 -3714 END
START 2176 1312 16300 1447 -154 -3674 END
START 2520 1224 16068 1241 84 -3638 END
START 2640 1256 15880 1116 316 -3596 END
START 2736 1280 15856 870 609 -3562 END
START 2784 1332 15832 724 919 -3534 END
START 2688 1244 15724 592 1178 -3523 END
START 2764 1172 15700 484 1401 -3431 END
START 2624 1156 15836 421 1672 -3413 END
START 2664 1240 15876 396 1832 -3287 END
START 2448 1140 16084 389 1958 -3195 END
START 2364 1280 16364 354 1987 -3058 END
START 2228 1348 16408 390 2009 -2886 END
START 2180 1228 16496 318 1926 -2744 END
START 1996 1324 16792 291 1828 -2547 END
START 1888 1288 16828 259 1708 -2414 END
START 1776 1124 16836 209 1582 -2162 END
START 1624 1096 16844 248 1448 -1995 END
START 1356 1028 17020 224 1253 -1770 END
START 1288 1040 17044 244 1036 -1578 END
START 1136 936 16996 252 847 -1378 END
START 932 904 16924 213 630 -1216 END
START 728 748 16732 214 421 -1058 END
START 704 724 16652 253 211 -929 END
START 592 672 16520 218 36 -754 END
START 428 732 16440 275 -113 -641 END
START 472 672 16248 322 -265 -514 END
START 380 576 15936 339 -394 -413 END
START 360 484 15960 384 -454 -278 END
START 240 416 15452 419 -533 -192 END
START 244 304 15428 461 -534 -148 END
START -12 312 15392 495 -576 -103 END
START -52 244 15216 510 -616 -79 END
START -164 196 15052 571 -667 -43 END
START -100 204 15164 576 -746 -34 END
START -260 240 15212 553 -826 -12 END
START -292 328 15080 521 -896 43 END
START -360 384 14772 500 -1008 95 END
START -320 660 14536 423 -1026 177 END
START -376 688 14516 394 -1034 256 END
START -372 652 14228 337 -999 317 END
START -372 648 14024 323 -1010 379 END
START -508 516 13732 297 -957 428 END
START -668 440 13560 293 -949 452 END
START -752 304 13416 313 -926 453 END
START -788 380 12984 347 -833 439 END
START -964 456 12848 349 -740 389 END
START -996 500 12716 377 -656 371 END
START -980 584 12388 421 -614 315 END
START -1072 452 12444 506 -509 285 END
START -1164 464 12160 538 -436 275 END
START -1248 440 11992 554 -313 215 END
START -1408 668 11864 565 -272 207 END
START -1404 768 11776 608 -276 177 END
START -1412 928 11424 607 -164 147 END
START -1588 972 11192 616 -106 156 END
START -1552 988 11104 639 8 129 END
START -1612 1052 11016 663 77 131 END
START -1760 1196 10776 694 95 100 END
START -1792 1152 10752 727 89 69 END
START -1768 1308 10496 760 68 80 END
START -1852 1472 10124 771 82 47 END
START -1828 1560 9856 777 120 97 END
START -1844 1512 9660 776 84 89 END
START -1856 1604 9472 804 155 110 END
START -1900 1708 9196 835 198 119 END
START -1880 1844 8664 918 196 58 END
START -1788 1912 8544 1042 233 45 END
START -1956 2124 8228 1214 279 24 END
START -1876 2308 8024 1394 335 72 END
START -1596 2360 7600 1575 365 90 END
START -1564 2400 7696 1742 359 176 END
START -1492 2576 7276 1954 344 237 END
START -1372 2592 7064 2159 391 323 END
START -1248 2644 6740 2364 398 388 END
START -1196 2612 6700 2575 463 479 END
START -1168 2612 6496 2853 474 566 END
START -1188 2748 6404 3108 471 624 END
START -1080 2672 6388 3425 517 726 END
START -980 2784 6212 3712 506 847 END
START -1080 2844 6128 4022 446 942 END
START -1148 2876 6040 4360 463 1045 END
START -1156 3040 5820 4686 455 1151 END
START -1252 3152 5756 5060 389 1285 END
START -1240 3164 5560 5425 381 1394 END
START -1432 3244 5464 5807 393 1469 END
START -1596 3140 5416 6204 365 1585 END
START -1560 3232 5448 6565 309 1648 END
START -1684 3216 5296 6952 388 1681 END
START -1628 3240 5484 7281 372 1684 END
START -1888 3188 5484 7635 340 1702 END
START -1968 3100 5304 7986 324 1700 END
START -2228 3264 5448 8295 325 1680 END
START -2320 3300 5668 8647 244 1664 END
START -2488 3300 5964 8936 167 1616 END
START -2408 3444 5780 9197 111 1624 END
START -2192 3508 5944 9459 56 1590 END
START -2200 3736 5872 9639 70 1602 END
START -2044 3884 5988 9870 79 1589 END
START -1920 4192 6032 10010 142 1647 END
START -1940 4368 6220 10235 254 1708 END
START -1956 4552 6080 10409 304 1791 END
START -1864 4732 6172 10658 382 1898 END
START -1948 4740 6316 10819 461 1970 END
START -1856 4704 6536 11026 578 2057 END
START -1876 4852 6376 11236 702 2158 END
START -1748 4908 6728 11388 758 2289 END
START -1984 5016 6760 11585 886 2338 END
START -2044 5148 7092 11686 897 2402 END
START -2244 5168 7360 12114 979 2500 END
START -2304 5404 7492 12175 919 2568 END
START -2524 5524 7612 12235 983 2640 END
START -2500 5744 7924 12739 993 2736 END
START -2508 5768 8212 12911 1037 2811 END
START -2748 5904 8476 13171 1007 2899 END
START -2872 6060 8724 13404 960 2970 END
START -2976 6160 8952 13673 934 3064 END
START -3232 6256 9260 13858 849 3159 END
START -3240 6380 9404 14108 802 3218 END
START -3380 6500 9860 14346 742 3286 END
START -3556 6540 10140 14530 682 3286 END
START -3760 6484 10504 14705 604 3277 END
START -3972 6600 10944 14817 506 3261 END
START -4000 6668 11384 14929 397 3216 END
START -4124 6632 11592 15027 335 3157 END
START -4096 6732 11896 15117 275 3086 END
START -4236 6700 12340 15243 197 2962 END
START -4164 6728 12520 15266 115 2799 END
START -4228 6840 12872 15377 18 2643 END
START -4312 6788 13144 15421 2 2437 END
START -4172 6992 13492 15415 20 2182 END
START -3968 7096 13648 15396 59 1968 END
START -3968 7172 14096 15352 130 1738 END
START -3752 7228 14520 15304 267 1499 END
START -3596 7496 14920 15187 392 1266 END
START -3500 7524 15492 15123 521 1037 END
START -3620 7724 15960 14964 614 821 END
START -3684 7984 16348 14775 718 592 END
START -3588 8312 16660 14554 802 386 END
START -3524 8368 17060 14316 1021 241 END
START -3304 8676 17184 14030 1261 62 END
START -3132 8872 17284 13680 1613 -15 END
START -2844 9160 17584 13314 1999 -114 END
START -2824 9292 17904 12890 2433 -124 END
START -2696 9288 18172 12489 2915 -111 END
START -2836 9320 18476 12051 3329 -45 END
START -3000 9460 18884 11930 3655 25 END
START -3148 9428 19292 11487 3949 100 END
START -3532 9348 20012 11287 4078 169 END
START -3792 9228 20644 11045 3990 212 END
START -4068 8992 21068 10865 3797 217 END
START -3964 8676 21428 10644 3518 176 END
START -3932 8552 21440 10509 3281 49 END
START -3500 8408 21256 10351 3156 -45 END
START -3108 8360 21468 10231 3141 -141 END
START -2720 8472 21308 10082 3260 -299 END
START -2312 8624 21192 9936 3323 -370 END
START -1928 8736 21368 9748 3565 -446 END
START -1700 8808 21312 9620 3674 -425 END
START -1540 9088 21580 9414 3837 -341 END
START -1024 9172 21948 9282 3947 -320 END
START -896 9272 21996 9143 3976 -256 END
START -764 9512 22240 9045 3971 -58 END
START -520 9924 22624 8996 3819 185 END
START -232 10256 22700 8976 3673 549 END
START 4 10656 22804 8975 3516 920 END
START 180 10900 22916 8968 3355 1340 END
START 600 11044 23004 8915 3221 1814 END
START 836 11156 23200 8789 3087 2345 END
START 1264 11200 23288 8635 3013 2873 END
START 1548 11264 22864 8453 2955 3352 END
START 1600 11428 22720 8208 3001 3943 END
START 1744 11292 22872 8036 3063 4578 END
START 1896 11356 22788 7844 3081 5215 END
START 1972 11204 22788 7697 3186 5717 END
START 1860 11132 22644 7538 3200 6198 END
START 1788 10760 22516 7364 3280 6593 END
START 1676 10600 22624 7129 3337 7014 END
START 1572 10260 22624 6926 3390 7354 END
START 1240 10084 22760 6669 3471 7716 END
START 1116 9908 22688 6354 3465 8025 END
START 776 9748 22656 6109 3527 8309 END
START 460 9540 22764 5779 3461 8572 END
START 0 9364 22664 5531 3457 8731 END
START -464 9192 22604 5258 3384 8896 END
START -784 8920 22576 5046 3307 8931 END
START -1116 8700 22436 4794 3248 8971 END
START -1016 8408 22080 4569 3336 8989 END
START -1288 8088 21884 4417 3481 8999 END
START -1424 7820 21464 4244 3640 8938 END
START -1684 7676 21696 4075 3855 8902 END
START -1808 7532 21488 3873 4000 8822 END
START -2008 7296 21480 3697 4220 8712 END
START -1992 7156 21420 3492 4423 8592 END
START -1836 7016 21368 3243 4693 8481 END
START -2172 6744 21976 2921 4921 8415 END
START -1896 7184 20876 2594 5249 8212 END
START -2348 6888 22004 2347 5223 8391 END
START -2328 6892 22532 2263 5162 8551 END
START -1852 7152 21736 1960 5095 8535 END
START -1492 7212 21496 1479 5151 8416 END
START -1444 6924 21716 1012 5205 8425 END
START -1436 6796 21820 675 5125 8518 END
START -1428 6708 21788 410 5076 8706 END
START -1248 6956 21676 230 5003 8912 END
START -1052 7000 21656 99 4876 9145 END
START -972 6948 21452 -48 4727 9328 END
START -692 6796 21108 -166 4683 9508 END
START -652 6616 21048 -315 4584 9676 END
START -568 6656 20844 -441 4478 9860 END
START -360 6592 20748 -586 4440 10034 END
START -356 6732 20756 -706 4358 10222 END
START -332 6688 20660 -861 4322 10374 END
START -100 6780 20608 -972 4266 10591 END
START -176 6792 20620 -1169 4266 10809 END
START -164 6972 20756 -1366 4251 11004 END
START -236 7056 20796 -1576 4222 11271 END
START -416 6952 21052 -1823 4136 11590 END
START -628 7024 21160 -2052 3981 11943 END
START -956 7040 21276 -2213 3790 12283 END
START -1160 7052 21564 -2370 3585 12901 END
START -1428 7016 21720 -2487 3252 12953 END
START -1844 6856 21668 -2607 2895 13508 END
START -2108 6588 21644 -2741 2581 13860 END
START -2300 6256 21356 -2863 2258 14051 END
START -2648 6100 21300 -3062 2022 14253 END
START -3008 5856 21036 -3249 1791 14330 END
START -3364 5604 20724 -3426 1661 14389 END
START -3744 5412 20420 -3591 1567 14350 END
START -3992 5188 20252 -3747 1550 14294 END
START -4196 5072 20100 -3886 1621 14088 END
START -4304 4952 20052 -4032 1658 13897 END
START -4592 5032 19872 -4230 1704 13680 END
START -4772 5100 19936 -4445 1753 13543 END
START -4956 5092 20096 -4762 1727 13373 END
START -5208 5148 20188 -5100 1695 13169 END
START -5440 5336 20196 -5364 1638 12783 END
START -5652 5428 20372 -5658 1546 12680 END
START -5836 5536 20556 -6004 1412 12660 END
START -6092 5528 20824 -6398 1250 12562 END
START -6224 5760 20840 -6813 1116 12215 END
START -6384 5920 20972 -7234 997 12082 END
START -6448 6048 20804 -7741 878 12015 END
START -6548 6100 20812 -8234 826 11765 END
START -6624 6012 20816 -8780 866 11645 END
START -6828 6116 20800 -9303 877 11486 END
START -6948 6040 20848 -9849 878 11338 END
START -7112 5936 20628 -10358 935 11201 END
START -7208 5960 20700 -10883 940 10982 END
START -7456 5924 20532 -11416 970 10753 END
START -7796 5828 20428 -11959 960 10491 END
START -7992 5820 19908 -12404 927 10256 END
START -8232 5568 19784 -12840 958 9924 END
START -8368 5480 19424 -13197 1009 9627 END
START -8564 5204 19296 -13588 1135 9220 END
START -8788 5136 18940 -13882 1228 8780 END
START -8872 5004 18692 -14192 1342 8309 END
START -9116 5004 18556 -14500 1424 7818 END
START -9168 4832 18288 -14736 1500 7327 END
START -9388 4712 18112 -14988 1535 6812 END
START -9424 4736 17940 -15263 1538 6285 END
START -9524 4592 17844 -15532 1607 5739 END
START -9628 4524 17612 -15776 1567 5166 END
START -9712 4608 17308 -15990 1547 4567 END
START -9772 4532 17092 -16196 1501 4066 END
START -9728 4620 17084 -16373 1393 3535 END
START -9564 4664 17012 -16622 1231 3016 END
START -9432 4668 16792 -16806 1110 2527 END
START -9276 4804 16624 -17040 901 2093 END
START -9152 4888 16740 -17265 682 1691 END
START -9004 5032 16656 -17468 553 1357 END
START -8852 5180 16392 -17724 305 1050 END
START -8856 5480 16256 -17954 25 794 END
START -8632 5524 16044 -18225 -238 597 END
START -8400 5712 15764 -18444 -506 385 END
START -8352 5776 15656 -18618 -781 257 END
START -8184 5608 15344 -18803 -1099 145 END
START -8124 5520 14904 -18866 -1410 4 END
START -8208 5412 14668 -18873 -1718 -141 END
START -8144 5340 14300 -18816 -2105 -234 END
START -8020 5084 13920 -18666 -2518 -373 END
START -7920 5004 13512 -18401 -2896 -553 END
START -7924 4836 13000 -18103 -3227 -720 END
START -7804 4564 12716 -17733 -3576 -933 END
START -7648 4444 12144 -17339 -3934 -1122 END
START -7404 4456 11780 -16914 -4198 -1328 END
START -7244 4396 11220 -16482 -4517 -1531 END
START -6804 4388 10768 -16044 -4753 -1742 END
START -6728 4520 10004 -15547 -4971 -1950 END