START -6068 -664 8212 8794 7209 8610 END
START -11788 -708 14672 8838 7774 8465 END
START -7996 -820 8100 9300 8698 8254 END
START -7360 -1012 6204 9506 9374 8044 END
START -7800 -1424 6076 9821 10696 7911 END
START -9016 -1464 7200 9995 11997 7653 END
START -9956 -1492 7760 10190 12855 7342 END
START -10796 -1472 8264 10344 13851 6986 END
START -11412 -1476 8768 10460 14517 6571 END
START -12156 -1472 9092 10513 14986 6144 END
START -12988 -1700 10000 10562 15309 5599 END
START -13908 -1992 10912 10688 15552 4957 END
START -14928 -2312 11940 10844 15633 4292 END
START -15672 -2588 12960 11013 15603 3550 END
START -16312 -2888 13952 11256 15539 2760 END
START -17012 -2932 14864 11443 15288 1859 END
START -17496 -2816 15808 11607 14866 1002 END
START -17972 -2604 16688 11995 14313 10 END
START -18424 -2424 17652 12029 13765 -884 END
START -18816 -2188 18380 11778 12765 -1845 END
START -18900 -2020 19020 12041 12512 -2705 END
START -19060 -1696 19640 11911 11628 -3518 END
START -18932 -1288 20496 11550 10923 -4355 END
START -18876 -1072 20924 11193 10192 -5105 END
START -18788 -1000 21692 10913 9500 -5833 END
START -18560 -704 21928 10679 8854 -6426 END
START -18200 -224 22400 10330 8105 -7004 END
START -17736 428 22564 9939 7482 -7540 END
START -16952 716 22512 9531 7105 -8072 END
START -16636 1036 22504 9059 6900 -8519 END
START -16140 1332 22896 8597 6740 -8901 END
START -15832 1480 22804 8108 6718 -9186 END
START -15320 1648 22864 7578 6784 -9414 END
START -14984 1884 22884 7092 7036 -9579 END
START -14536 2208 22904 6589 7335 -9729 END
START -14000 2484 23016 6037 7758 -9831 END
START -13524 2876 22792 5452 8409 -9885 END
START -13196 3152 22792 4840 9179 -10014 END
START -12976 3172 22652 4155 10004 -10066 END
START -12788 3304 22752 3455 10954 -10144 END
START -12480 3380 22888 2755 11886 -10233 END
START -12384 3496 22864 1953 12810 -10296 END
START -12236 3296 23036 1196 13805 -10375 END
START -12192 3212 23504 378 14831 -10454 END
START -12392 2960 23676 -412 15644 -10556 END
START -12576 2924 23992 -1156 16281 -10629 END
START -12672 2912 24236 -1873 16742 -10752 END
START -12728 2864 24436 -2536 17087 -10830 END
START -12772 2808 24720 -3080 17292 -10963 END
START -12888 2568 24932 -3595 17349 -11099 END
START -12904 2420 25248 -3979 17206 -11202 END
START -13040 2364 25384 -4393 16929 -11306 END
START -13016 2196 25524 -4668 16524 -11400 END
START -13000 2308 25644 -4928 16000 -11476 END
START -13060 2252 25784 -5165 15328 -11508 END
START -12896 2400 25796 -5391 14533 -11558 END
START -12852 2480 25700 -5618 13602 -11535 END
START -12676 2532 25592 -5816 12965 -11477 END
START -12496 2524 25520 -6036 11774 -11440 END
START -12332 2604 25340 -6276 10762 -11340 END
START -11952 2616 24976 -6491 9806 -11231 END
START -11764 2644 24676 -6737 8773 -11173 END
START -11504 2608 24216 -6987 7944 -11041 END
START -11220 2772 23648 -7274 7135 -10899 END
START -10936 2720 23176 -7571 6343 -10729 END
START -10680 2820 22560 -7898 5691 -10566 END
START -10200 2764 22192 -8247 5066 -10398 END
START -10068 2624 21424 -8631 4618 -10241 END
START -9712 2520 20772 -9012 4223 -10039 END
START -9412 2396 20056 -9345 4031 -9909 END
START -9224 2188 19324 -9702 3966 -9761 END
START -8976 2212 18540 -10034 3986 -9614 END
START -8920 2248 18020 -10375 4032 -9499 END
START -8816 2320 17284 -10755 4178 -9382 END
START -8704 2244 16664 -11064 4372 -9286 END
START -8460 2164 15920 -11364 4688 -9193 END
START -8240 1984 15288 -11579 5130 -9118 END
START -8156 1724 14676 -11811 5598 -9099 END
START -8064 1412 14304 -11946 6058 -9112 END
START -8120 1260 13760 -12129 6537 -9116 END
START -8008 1116 13248 -12203 6938 -9149 END
START -7988 1272 12732 -12219 7345 -9216 END
START -7916 1204 12184 -12296 7809 -9267 END
START -7808 1136 11908 -12307 8216 -9321 END
START -7768 1208 11360 -12237 8612 -9346 END
START -7576 1100 11044 -12145 8900 -9367 END
START -7504 1000 10704 -12044 9239 -9331 END
START -7376 960 10544 -11909 9460 -9294 END
START -7132 860 10228 -11759 9669 -9276 END
START -7068 812 10096 -11552 9790 -9179 END
START -6916 668 9876 -11398 9834 -9089 END
START -6800 472 9760 -11130 9802 -9016 END
START -6876 332 9800 -10900 9742 -8955 END
START -6724 96 9768 -10631 9547 -8884 END
START -6600 -48 9360 -10353 9282 -8818 END
START -6372 44 9484 -10054 8956 -8719 END
START -6200 -20 9192 -9791 8671 -8574 END
START -6032 -52 8948 -9503 8347 -8441 END
START -5868 -32 8968 -9214 8037 -8309 END
START -5684 -48 8716 -8981 7723 -8167 END
START -5636 92 8548 -8698 7394 -8014 END
START -5656 8 8480 -8460 7134 -7862 END
START -5512 16 8208 -8208 6844 -7719 END
START -5360 24 8036 -8028 6486 -7535 END
START -5336 96 7760 -7804 6240 -7322 END
START -5312 8 7672 -7609 5970 -7145 END
START -5012 -56 7240 -7396 5730 -6964 END
START -4940 -72 7152 -7181 5574 -6763 END
START -4720 -28 6588 -6998 5437 -6592 END
START -4592 32 6648 -6820 5389 -6367 END
START -4764 -96 6456 -6648 5308 -6211 END
START -4708 -312 6120 -6458 5279 -6019 END
START -4656 -236 5832 -6308 5324 -5807 END
START -4724 -308 5648 -6151 5385 -5653 END
START -4768 -456 5436 -6014 5485 -5449 END
START -4780 -552 5288 -5891 5610 -5296 END
START -4784 -832 5020 -5743 5770 -5215 END
START -4772 -908 5084 -5664 5918 -5113 END
START -4904 -1188 4972 -5500 6080 -5078 END
START -4964 -1380 4660 -5365 6231 -5025 END
START -5068 -1640 4732 -5223 6346 -5043 END
START -5036 -1684 4404 -5071 6478 -5085 END
START -5072 -1652 4424 -4869 6645 -5090 END
START -5200 -1732 4452 -4631 6716 -5107 END
START -5136 -1764 4456 -4371 6828 -5108 END
START -5276 -1844 4384 -4125 6936 -5131 END
START -5148 -1748 4592 -3833 7001 -5086 END
START -5212 -1744 4664 -3559 6959 -5023 END
START -5324 -1592 4932 -3313 6942 -5003 END
START -5384 -1588 4792 -3058 6913 -4923 END
START -5324 -1612 4704 -2795 6812 -4882 END
START -5464 -1680 4712 -2621 6783 -4819 END
START -5504 -1792 4404 -2413 6692 -4806 END
START -5464 -1896 4472 -2212 6668 -4756 END
START -5476 -1880 4552 -2039 6672 -4774 END
START -5412 -1804 4412 -1903 6759 -4791 END
START -5224 -1768 4376 -1793 6801 -4787 END
START -5036 -1596 4156 -1726 6916 -4768 END
START -5012 -1680 4212 -1694 7032 -4697 END
START -4836 -1688 3996 -1679 7168 -4625 END
START -4552 -1504 4124 -1667 7399 -4525 END
START -4476 -1548 3928 -1684 7628 -4413 END
START -4520 -1424 4020 -1689 7890 -4248 END
START -4388 -1336 3996 -1678 8084 -4069 END
START -4440 -1236 3980 -1692 8307 -3888 END
START -4420 -1188 3956 -1783 8479 -3630 END
START -4296 -1184 3888 -1814 8634 -3397 END
START -4300 -1204 3856 -1868 8744 -3161 END
START -4160 -1012 3660 -1879 8930 -2877 END
START -4236 -1080 3712 -1928 8950 -2633 END
START -4284 -792 3652 -1951 9021 -2340 END
START -4244 -744 3892 -1935 8983 -2033 END
START -4252 -492 3728 -1883 8886 -1669 END
START -4220 -384 3732 -1782 8720 -1307 END
START -4316 -280 3640 -1635 8479 -913 END
START -4192 -280 3716 -1442 8253 -556 END
START -4240 -260 3556 -1193 7895 -116 END
START -4264 -216 3748 -891 7457 292 END
START -4260 -128 3712 -527 7051 709 END
START -4244 -52 3900 -111 6456 1164 END
START -4400 56 3872 295 5893 1609 END
START -4468 -4 3920 754 5221 2045 END
START -4240 4 3784 1240 4568 2481 END
START -4156 76 3740 1716 3907 2910 END
START -4160 276 3848 2210 3230 3345 END
START -4260 204 3836 2726 2595 3791 END
START -4216 264 3656 3202 1936 4226 END
START -3960 416 3248 3670 1404 4676 END
START -3908 544 3056 4150 929 5119 END
START -3784 720 2736 4633 506 5556 END
START -3616 876 2276 5050 205 5950 END
START -3468 1048 2200 5514 -89 6344 END
START -3336 1328 1704 5957 -267 6729 END
START -3316 1468 1688 6456 -385 7143 END
START -3128 1724 1476 6966 -483 7516 END
START -2872 1792 1400 7535 -547 7931 END
START -2924 1868 1432 8085 -646 8323 END
START -2828 1920 1308 8712 -619 8706 END
START -2736 2088 1600 9264 -664 9092 END
START -2704 2104 1600 9927 -736 9475 END
START -2544 2272 1608 10543 -601 9753 END
START -2252 2432 1424 11081 -458 10129 END
START -2328 2624 1604 11581 -305 10392 END
START -2200 2776 1912 12270 -169 10665 END
START -2144 2936 2124 12300 -55 10884 END
START -2020 3136 2532 12956 139 11241 END
START -1740 3368 3028 13278 262 11552 END
START -1732 3684 3188 13632 451 12069 END
START -1908 3752 3764 13900 543 12553 END
START -1924 3952 4404 14147 718 13020 END
START -2188 4224 4936 14337 801 13470 END
START -2320 4184 5696 14479 802 13994 END
START -2732 4244 6472 14563 745 14527 END
START -3136 3996 7132 14586 506 15023 END
START -3484 3808 7636 14654 171 15460 END
START -3740 3524 8372 14663 -312 15888 END
START -4048 3256 9048 14686 -818 16296 END
START -4228 3168 9764 14653 -1355 16599 END
START -4680 3020 10444 14583 -1929 16925 END
START -5128 3100 11180 14500 -2689 17216 END
START -5712 3080 11772 14316 -3572 17447 END
START -6168 3144 12644 14137 -4537 17670 END
START -6528 3104 13016 13914 -5554 17856 END
START -6796 2956 13488 13655 -6607 17984 END
START -7076 2912 13620 13373 -7665 18113 END
START -7112 2848 13780 13134 -8688 18149 END
START -7384 2884 13808 12773 -9711 18178 END
START -7588 3280 13796 12605 -10568 18148 END
START -7740 3600 13616 12264 -11249 18144 END
START -7788 3988 13744 12372 -11832 18176 END
START -8128 4308 13568 12017 -12310 18248 END
START -8256 4572 13516 12055 -12729 18406 END
START -8500 4828 13716 12036 -12995 18637 END
START -8724 5156 13532 12016 -13143 18838 END
START -8820 5452 13492 11910 -13248 19063 END
START -8840 5716 13592 11771 -13239 19249 END
START -9144 5916 13916 11611 -13172 19386 END
START -9272 6012 14132 11611 -13073 19544 END
START -9156 5884 14408 11608 -12801 19701 END
START -9252 5880 14700 11578 -12550 19829 END
START -9396 5812 15084 11561 -12341 19919 END
START -9416 5520 15452 11550 -11977 20074 END
START -9600 5300 16080 11555 -11761 20150 END
START -9848 5120 16668 11541 -11402 20178 END
START -9988 5028 17500 11509 -11142 20159 END
START -10108 4936 18228 11431 -10932 20095 END
START -10092 4724 18884 11392 -10733 19957 END
START -10148 4736 19788 11222 -10543 19788 END
START -10296 4724 20284 11009 -10415 19612 END
START -10424 4688 21212 10788 -10406 19432 END
START -10404 4872 22140 10478 -10443 19265 END
START -10468 4932 22964 10133 -10561 19138 END
START -10560 5276 23656 9698 -10691 19015 END
START -10740 5600 24264 9197 -10792 18905 END
START -10752 6064 25152 8664 -11004 18861 END
START -10848 6584 26380 8002 -11227 18899 END
START -10912 6780 26972 7294 -11539 18980 END
START -10916 7052 27572 6490 -11877 19176 END
START -10988 7448 27836 5637 -12247 19369 END
START -10932 7776 28308 4684 -12539 19728 END
START -11000 8088 28328 3768 -12896 20035 END
START -11172 8200 28556 2738 -13368 20434 END
START -11436 8264 28820 1734 -13843 20821 END
START -11520 8188 28920 793 -14464 21261 END
START -11908 8192 28760 -81 -15105 21635 END
START -12080 8020 28680 -850 -15823 22017 END
START -12308 7836 28328 -1562 -16590 22410 END
START -12604 7708 27816 -2206 -17385 22724 END
START -12632 7520 27380 -2701 -18198 23003 END
START -12804 7084 26936 -3066 -18937 23220 END
START -12976 6656 26464 -3284 -19709 23376 END
START -13380 5944 26232 -3370 -20381 23484 END
START -13464 5068 25224 -3324 -20987 23516 END
START -13816 4560 24776 -3197 -21449 23536 END
START -13968 4216 24236 -3056 -21908 23480 END
START -14024 4028 23672 -2858 -22187 23333 END
START -14056 3796 22856 -2772 -22220 23091 END
START -14108 3632 22336 -2653 -22055 22786 END
START -14176 3424 21700 -2598 -21651 22498 END
START -14248 3440 21132 -2650 -21029 22162 END
START -14492 3416 20800 -2742 -20303 21816 END
START -14656 3512 20528 -2956 -19355 21462 END
START -14872 3440 20320 -3262 -18234 21055 END
START -15060 3328 20016 -3628 -17066 20610 END
START -15408 3468 19980 -4007 -15813 20112 END
START -15588 3400 19980 -4486 -14591 19533 END
START -15876 3308 19984 -4907 -13358 18938 END
START -16252 3196 20540 -5359 -12074 18328 END
START -16584 3328 20796 -5824 -10978 17711 END
START -16984 3468 21336 -6337 -9997 17104 END
START -17236 3596 21564 -6861 -9204 16549 END
START -17688 3748 22096 -7392 -8574 16030 END
START -18012 3920 22504 -7904 -8111 15552 END
START -18408 3736 23072 -8394 -7780 15084 END
START -18640 3840 23252 -8924 -7578 14611 END
START -18960 3780 23664 -9440 -7516 14186 END
START -19320 3688 23932 -9990 -7599 13744 END
START -19616 3468 24204 -10552 -7807 13313 END
START -20100 3452 24436 -11130 -8218 12594 END
START -20420 3464 24892 -11782 -8794 12475 END
START -20900 3328 24848 -12409 -9428 11759 END
START -21224 3308 24744 -13058 -10120 11241 END
START -21472 3104 24540 -13711 -10964 10649 END
START -21804 3104 24248 -14373 -11774 10046 END
START -21924 3072 23756 -15011 -12675 9364 END
START -21968 3048 23316 -15629 -13491 8678 END
START -21964 3072 22864 -16134 -14314 7990 END
START -21924 2740 22332 -16639 -15106 7246 END
START -22096 2692 21588 -16999 -15862 6451 END
START -22124 2556 21084 -17309 -16618 5654 END
START -21924 2164 20424 -17425 -17315 4829 END
START -21844 1748 19724 -17486 -17966 3947 END
START -21700 1540 19080 -17450 -18584 3050 END
START -21648 1132 18428 -17335 -19190 2103 END
START -21324 908 17676 -17133 -19718 1159 END
START -21008 788 16996 -16909 -20095 135 END
START -20740 700 16388 -16639 -20366 -855 END
START -20264 544 15648 -16374 -20517 -1808 END
START -19808 448 15052 -16058 -20527 -2749 END
START -19116 316 14044 -15813 -20463 -3712 END
START -18424 364 13540 -15568 -20230 -4602 END
START -17680 208 12776 -15385 -19918 -5494 END
START -17132 324 12228 -15184 -19435 -6308 END
START -16452 408 11960 -15010 -18799 -7129 END
START -15852 596 11692 -14924 -18155 -7857 END
START -15208 756 11416 -14823 -17496 -8585 END
START -14732 884 11440 -14739 -16892 -9214 END
START -14216 1016 11336 -14692 -16367 -9841 END
START -13712 1096 11300 -14628 -15889 -10412 END
START -13320 1124 11320 -14531 -15489 -10902 END
START -12880 1140 11380 -14416 -15134 -11380 END
START -12364 1196 11412 -14320 -14904 -11832 END
START -11916 1232 11704 -14138 -14790 -12228 END
START -11604 1232 11716 -13943 -14792 -12651 END
START -11352 1416 12048 -13733 -14924 -13037 END
START -10976 1480 12332 -13468 -15224 -13385 END
START -10552 1400 12452 -13223 -15625 -13679 END
START -10516 1552 12444 -12964 -16198 -13973 END
START -10212 1572 12368 -12728 -16797 -14234 END
START -9916 1412 12280 -12479 -17516 -14470 END
START -9660 1380 11872 -12232 -18182 -14717 END
START -9328 1388 11596 -12012 -18853 -14974 END
START -8956 1528 11344 -11798 -19491 -15245 END
START -8592 1548 10840 -11541 -20200 -15481 END
START -8268 1676 10388 -11323 -20745 -15703 END
START -7864 1968 10048 -11099 -21349 -15930 END
START -7428 2228 9464 -10822 -21854 -16083 END
START -7032 2436 8996 -10607 -22253 -16264 END
START -6696 2692 8412 -10290 -22591 -16366 END
START -6208 2740 7932 -10060 -22845 -16415 END
START -5584 2716 7216 -9810 -22925 -16447 END
START -5320 2836 6408 -9506 -22884 -16387 END
START -4928 2940 5744 -9172 -22739 -16318 END
START -4404 3104 4892 -8842 -22320 -16221 END
START -4064 3288 3788 -8445 -21788 -16109 END
START -3676 3616 2996 -8014 -21031 -16016 END
START -3284 3544 2188 -7551 -20148 -15845 END
START -2904 3576 1344 -7004 -19038 -15672 END
START -2524 3596 592 -6415 -17805 -15434 END
START -2344 3424 -20 -5744 -16474 -15195 END
START -2064 3540 -912 -5038 -15001 -14977 END
START -1820 3372 -1312 -4305 -13395 -14786 END
START -1524 3288 -1628 -3455 -11718 -14625 END
START -1436 3096 -2020 -2611 -9991 -14500 END
START -1436 2888 -2292 -1660 -8178 -14388 END
START -1240 2888 -2384 -722 -6440 -14309 END
START -1372 2844 -2312 165 -4757 -14254 END
START -1496 2816 -2124 1150 -3103 -14221 END
START -1644 2688 -2000 2055 -1579 -14220 END
START -1832 2728 -1584 2986 -97 -14202 END
START -1932 2668 -1380 3889 1272 -14254 END
START -2012 2604 -964 4781 2628 -14325 END
START -2200 2600 -320 5600 3851 -14394 END
START -2492 2632 4 6380 4974 -14477 END
START -2640 2640 728 7139 6011 -14642 END
START -2836 2620 992 7820 6941 -14777 END
START -2892 2396 1440 8505 7796 -14951 END
START -2868 2388 2116 9139 8551 -15150 END
START -2864 2444 2436 9704 9277 -15362 END
START -2864 2484 2804 10253 9963 -15492 END
START -2748 2640 3316 10756 10693 -15585 END
START -2604 2672 3728 11180 11386 -15662 END
START -2432 2844 3900 11638 12047 -15638 END
START -2132 2960 3916 11787 12841 -15586 END
START -1580 3052 4060 12206 13286 -15413 END
START -1588 3328 4112 12191 14494 -15170 END
START -1120 3432 3932 12673 15550 -14866 END
START -876 3588 3944 12671 16789 -14486 END
START -624 3848 4144 12713 18088 -14080 END
START -600 3896 4120 12635 19472 -13625 END
START -456 3972 4304 12600 20875 -13206 END
START -648 4008 4600 12224 22224 -12830 END
START -700 4024 5184 12340 23591 -12492 END
START -1056 4160 5652 12030 24797 -12203 END
START -1580 4368 6808 12084 25854 -12010 END
START -2152 4548 7552 12096 26704 -11913 END
START -2960 4632 8704 12119 27224 -11875 END
START -3360 4936 9912 12210 27498 -11933 END
START -4020 4948 11368 12771 27503 -12054 END
START -4424 5116 12772 13142 27152 -12291 END
START -4876 5304 14180 13602 26615 -12544 END
START -5140 5328 15540 14078 25752 -12886 END
START -5332 5436 16948 14617 24712 -13234 END
START -4996 5632 18832 15143 23417 -13674 END
START -4744 6080 20296 15638 21895 -14150 END
START -4056 6520 21628 16079 20305 -14472 END
START -3312 7344 23252 16475 18438 -14775 END
START -2556 7916 24628 16747 16598 -14952 END
START -1664 8700 25936 16869 14705 -14948 END
START -696 9288 27036 16883 12574 -14794 END
START 324 10088 27980 16790 11004 -14423 END
START 1604 10848 28704 16593 9439 -13915 END
START 2816 11476 29232 16202 8077 -13268 END
START 4068 12212 29680 15695 7147 -12538 END
START 5072 12780 30168 15026 6552 -11629 END
START 6048 13288 30612 14232 6183 -10672 END
START 6652 13704 31064 13239 5972 -9491 END
START 7156 14016 31456 12110 5933 -8235 END
START 7328 14108 31832 11311 5895 -6933 END
START 7576 14244 32208 9991 5891 -5692 END
START 7660 14080 32288 8765 6084 -4575 END
START 7556 13868 32328 7486 6380 -3522 END
START 7488 13424 32268 6288 6734 -2595 END
START 6992 12900 32308 5071 7113 -1740 END
START 6580 12352 32352 3849 7391 -985 END
START 5816 11716 32532 2729 7657 -406 END
START 5056 11112 32232 1552 7758 17 END
START 4368 10672 32168 474 7713 371 END
START 3656 10104 31848 -570 7524 618 END
START 2944 9520 31516 -1585 7324 787 END
START 2536 9056 31188 -2501 7089 845 END
START 2308 8752 30756 -3360 6804 871 END
START 1884 8216 30304 -4162 6459 860 END