START -3536 -1168 11720 -1609 -4510 2833 END
START -2464 -1708 10072 -1492 -3774 2669 END
START -1728 -2144 10540 -1267 -2743 2519 END
START -1424 -2292 10972 -962 -1787 2397 END
START -1576 -2152 11360 -652 -776 2329 END
START -1996 -1788 11388 -387 23 2292 END
START -2084 -1548 11152 -151 695 2273 END
START -2744 -1080 11436 97 1162 2208 END
START -3316 -460 11532 279 1620 2140 END
START -3980 -116 11772 475 1944 2010 END
START -4108 76 11736 675 2260 1920 END
START -4428 296 11908 879 2471 1843 END
START -4900 712 12148 1104 2689 1806 END
START -5316 892 12416 1348 2773 1796 END
START -5604 832 12592 1548 2888 1777 END
START -5892 964 13132 1683 2781 1715 END
START -6216 720 13384 1867 2533 1610 END
START -6588 652 13656 2054 2229 1497 END
START -6888 656 14076 2229 1879 1364 END
START -7496 820 14240 2402 1435 1115 END
START -7876 1256 14272 2557 995 851 END
START -8312 1672 14248 2713 570 469 END
START -8416 1760 14192 2833 170 104 END
START -8244 1676 14176 2955 -164 -264 END
START -7792 1412 14136 3093 -403 -553 END
START -7632 1180 14188 3242 -498 -786 END
START -7332 1400 14304 3387 -533 -983 END
START -6920 1332 14356 3531 -473 -1128 END
START -6512 1152 14344 3583 -225 -1269 END
START -6148 1068 14436 3591 101 -1388 END
START -6224 1332 14812 3495 502 -1523 END
START -6376 1776 15372 3222 813 -1600 END
START -6856 2084 15868 2827 1052 -1633 END
START -7516 2240 16404 2309 1058 -1608 END
START -8132 2428 16940 1745 932 -1557 END
START -8788 2336 17172 1169 704 -1517 END
START -9500 1952 17324 589 397 -1501 END
START -10000 1524 17148 120 23 -1576 END
START -10640 932 17032 -288 -286 -1711 END
START -11292 244 16536 -549 -596 -1961 END
START -11764 -276 15964 -640 -891 -2357 END
START -11972 -724 15844 -676 -1142 -2847 END
START -12344 -1332 15332 -559 -1303 -3483 END
START -12468 -1612 14888 -370 -1479 -4186 END
START -12596 -1944 14328 -87 -1548 -4957 END
START -12604 -2240 13928 216 -1455 -5668 END
START -12468 -2272 13532 515 -1275 -6360 END
START -12500 -2088 13656 818 -1142 -6986 END
START -12532 -1904 13596 1111 -1042 -7435 END
START -12288 -1660 13460 1390 -874 -7882 END
START -12072 -1428 13532 1689 -707 -8235 END
START -11812 -1136 13764 1929 -503 -8555 END
START -11472 -916 14060 2089 -268 -8897 END
START -11224 -772 14312 2185 -103 -9161 END
START -10980 -684 14884 2140 -8 -9361 END
START -10848 -584 15344 2026 41 -9552 END
START -10716 -352 15884 1809 47 -9645 END
START -10456 -136 16120 1585 68 -9699 END
START -10364 -232 16364 1341 23 -9710 END
START -10288 -200 16260 1086 4 -9708 END
START -10020 -260 16292 802 31 -9707 END
START -9648 -176 16228 633 150 -9713 END
START -9380 -344 15732 458 413 -9700 END
START -9032 -496 15412 341 714 -9639 END
START -8896 -616 15060 265 1154 -9605 END
START -8764 -488 14612 244 1600 -9602 END
START -8740 -516 14284 194 2241 -9656 END
START -8696 -488 13968 167 2813 -9738 END
START -8936 -220 14092 111 3295 -9894 END
START -9092 -68 14248 38 3697 -10081 END
START -9168 -36 14628 -42 3956 -10364 END
START -9324 -308 15264 -148 4023 -10605 END
START -9220 -724 15916 -192 3747 -10895 END
START -9384 -660 16192 -241 3257 -11204 END
START -9340 -728 16392 -240 2652 -11483 END
START -9140 -672 16200 -186 1952 -11782 END
START -8828 -676 15888 -15 1272 -12088 END
START -8200 -728 15432 248 745 -12329 END
START -7704 -640 14804 544 253 -12558 END
START -7072 -532 14272 871 -43 -12754 END
START -6480 -380 13820 1191 -192 -12905 END
START -6016 -184 13312 1510 -193 -13015 END
START -5368 -140 13088 1857 -37 -13115 END
START -4964 48 12864 2121 131 -13179 END
START -4792 248 12924 2350 354 -13256 END
START -4360 292 13172 2522 539 -13334 END
START -4088 480 13620 2618 672 -13392 END
START -3680 424 14068 2637 796 -13507 END
START -3084 628 14300 2593 964 -13624 END
START -2640 668 14792 2453 1059 -13695 END
START -2268 844 14980 2251 1129 -13817 END
START -1600 1056 15096 2044 1218 -13926 END
START -1216 1092 15060 1760 1332 -13946 END
START -652 1288 14932 1504 1506 -13953 END
START -164 1376 14752 1293 1676 -13962 END
START 160 1676 14344 1081 1916 -13899 END
START 384 1788 13988 917 2105 -13871 END
START 592 2080 13860 825 2323 -13847 END
START 640 2116 13608 860 2541 -13788 END
START 764 2064 13516 979 2693 -13719 END
START 1068 2432 13640 1188 2794 -13697 END
START 1332 2504 13496 1486 2918 -13604 END
START 1680 2700 13640 1783 3026 -13532 END
START 2132 2820 14040 2094 3015 -13375 END
START 2456 3084 14440 2373 2875 -13240 END
START 2944 3368 14856 2542 2767 -13014 END
START 3384 3564 15012 2637 2571 -12739 END
START 3912 3756 15432 2686 2415 -12380 END
START 4232 3764 15848 2684 2166 -12006 END
START 4688 3708 15872 2644 2032 -11609 END
START 5032 3696 16212 2562 1914 -11231 END
START 5408 3608 16424 2443 1778 -10857 END
START 5660 3668 16664 2351 1598 -10474 END
START 5920 3612 16740 2182 1395 -10126 END
START 6092 3680 16592 2024 1186 -9783 END
START 6260 3816 16444 1867 1027 -9422 END
START 6308 4004 16112 1769 941 -9095 END
START 6408 4252 15836 1666 930 -8754 END
START 6404 4296 15532 1655 993 -8416 END
START 6536 4152 15324 1723 1152 -8138 END
START 6492 3812 15408 1857 1290 -7851 END
START 6508 3528 15560 1987 1385 -7640 END
START 6440 3596 15672 2184 1413 -7408 END
START 6592 3512 15656 2353 1461 -7238 END
START 6496 3524 16012 2485 1476 -7031 END
START 6608 3472 16320 2626 1389 -6842 END
START 6756 3488 16516 2784 1245 -6671 END
START 6852 3476 16648 2898 1105 -6495 END
START 6892 3592 16892 2998 936 -6232 END
START 7092 3864 17356 3065 754 -6040 END
START 7240 3864 17420 3064 643 -5809 END
START 7408 4120 17496 3027 546 -5520 END
START 7824 4168 17580 2913 499 -5264 END
START 8300 4252 17736 2714 513 -4943 END
START 8520 4160 17824 2454 521 -4567 END
START 8736 4320 17800 2110 575 -4207 END
START 9048 4276 17880 1753 661 -3876 END
START 9028 4332 17848 1385 734 -3539 END
START 9228 4348 17908 1041 843 -3204 END
START 9196 4260 17788 731 890 -2857 END
START 9208 4296 17840 479 927 -2516 END
START 9292 4208 17708 242 859 -2184 END
START 9000 4296 17576 58 766 -1828 END
START 8988 4396 17368 -2 700 -1521 END
START 8964 4444 17056 -50 612 -1188 END
START 8700 4408 17012 10 521 -846 END
START 8568 4448 16884 87 410 -555 END
START 8396 4356 17020 220 251 -214 END
START 8280 4260 17028 382 122 133 END
START 8052 4324 17172 545 8 459 END
START 7636 4284 17340 671 -181 759 END
START 7512 4284 17684 781 -375 1087 END
START 7308 4192 17748 830 -573 1317 END
START 7116 3872 17828 830 -732 1550 END
START 6952 3884 17752 796 -905 1743 END
START 6884 3768 17776 736 -1058 1939 END
START 6888 3564 17692 610 -1048 2128 END
START 6864 3588 17508 496 -973 2335 END
START 6808 3348 17604 383 -800 2565 END
START 6784 3340 17472 193 -655 2781 END
START 6772 3260 17564 25 -430 2948 END
START 6584 3128 17796 -148 -219 3163 END
START 6200 3000 17780 -356 -64 3323 END
START 6156 2968 17760 -587 64 3511 END
START 6024 2908 17928 -816 77 3658 END
START 5764 2764 18092 -1011 161 3840 END
START 5668 2768 17920 -1214 206 4013 END
START 5412 2732 17840 -1360 283 4221 END
START 5148 2576 18012 -1508 311 4407 END
START 5032 2468 17892 -1638 331 4614 END
START 4660 2376 17848 -1765 228 4818 END
START 4556 2348 17880 -1871 143 5014 END
START 4452 2364 17864 -1951 18 5198 END
START 4176 2300 17860 -2050 -64 5324 END
START 3976 2332 17704 -2150 -177 5521 END
START 3976 2156 17528 -2291 -233 5700 END
START 3724 1968 17440 -2381 -250 5906 END
START 3352 1716 17356 -2489 -277 6107 END
START 3168 1552 17144 -2589 -274 6290 END
START 2928 1372 17140 -2679 -267 6471 END
START 2560 1112 16988 -2754 -259 6574 END
START 2372 940 16848 -2820 -259 6687 END
START 1868 760 16928 -2897 -393 6764 END
START 1532 620 16984 -2954 -472 6810 END
START 1208 492 16836 -2993 -619 6848 END
START 852 376 16872 -3025 -766 6874 END
START 472 296 16612 -3044 -925 6870 END
START 192 -12 16424 -3035 -999 6869 END
START 44 -124 16276 -3044 -1123 6878 END
START -240 -340 15992 -2994 -1141 6877 END
START -560 -404 15684 -2925 -1099 6827 END
START -1000 -456 15560 -2836 -1119 6771 END
START -1520 -600 15532 -2747 -1130 6693 END
START -1832 -608 15452 -2692 -1146 6609 END
START -2280 -708 15452 -2634 -1158 6488 END
START -2484 -868 15320 -2557 -1205 6378 END
START -2908 -1068 15420 -2523 -1278 6255 END
START -3056 -1124 15452 -2487 -1342 6128 END
START -3316 -1180 15536 -2445 -1406 5965 END
START -3664 -1256 15460 -2455 -1451 5837 END
START -3812 -1280 15408 -2405 -1554 5686 END
START -4024 -1120 15412 -2407 -1592 5550 END
START -4036 -896 15368 -2373 -1659 5387 END
START -4316 -876 15128 -2448 -1692 5297 END
START -4396 -872 15164 -2520 -1802 5233 END
START -4580 -840 15112 -2625 -1875 5143 END
START -4424 -900 14736 -2751 -1951 5045 END
START -4556 -908 14668 -2851 -1967 4934 END
START -4428 -1008 14172 -2915 -1987 4838 END
START -4560 -1076 14096 -2961 -1946 4708 END
START -4532 -1092 13820 -2991 -1952 4598 END
START -4724 -976 13640 -2994 -1949 4484 END
START -4896 -1028 13492 -3005 -1965 4369 END
START -4856 -1080 13288 -2973 -2034 4250 END
START -5036 -996 12860 -2913 -2046 4087 END
START -5028 -876 12632 -2847 -2055 3977 END
START -5128 -764 12396 -2733 -2050 3817 END
START -5268 -820 12172 -2627 -2044 3694 END
START -5292 -672 12076 -2536 -2063 3590 END
START -5264 -636 12060 -2424 -2118 3452 END
START -5388 -608 11880 -2263 -2178 3364 END
START -5448 -580 11568 -2138 -2218 3196 END
START -5672 -480 11476 -1961 -2334 3049 END
START -5828 -592 11216 -1765 -2420 2900 END
START -5916 -476 11080 -1563 -2528 2746 END
START -5964 -452 11048 -1364 -2638 2546 END
START -6016 -348 11052 -1160 -2810 2398 END
START -5976 -256 10836 -980 -2900 2254 END
START -5852 -136 10764 -760 -3060 2124 END
START -5712 -144 10440 -588 -3165 2003 END
START -5668 -28 10200 -429 -3211 1947 END
START -5612 164 9888 -295 -3210 1864 END
START -5548 492 9772 -163 -3218 1784 END
START -5608 712 9360 -1 -3215 1732 END
START -5604 812 9296 165 -3165 1651 END
START -5400 772 9244 323 -3164 1555 END
START -5352 732 8856 560 -3121 1500 END
START -5344 644 8676 774 -3097 1464 END
START -5412 736 8440 1026 -3074 1369 END
START -5212 1044 8272 1279 -2946 1273 END
START -5264 1220 7904 1471 -2809 1139 END
START -5040 1492 7724 1655 -2633 967 END
START -4860 1704 7584 1761 -2402 816 END
START -4732 1608 7588 1851 -2174 686 END
START -4460 1676 7552 1910 -1856 601 END
START -4264 1800 7476 1917 -1528 512 END
START -4228 1960 7496 1955 -1207 474 END
START -4032 1936 7460 1962 -854 424 END
START -3884 2176 7452 2008 -485 371 END
START -3796 2404 7416 2003 -120 307 END
START -3776 2492 7376 1987 264 223 END
START -3640 2540 7388 1958 638 172 END
START -3656 2708 7396 1917 1043 124 END
START -3848 2844 7392 1843 1478 59 END
START -4112 2812 7528 1761 1788 -46 END
START -4348 3100 7616 1682 2084 -135 END
START -4616 3128 7528 1599 2304 -225 END
START -4720 3204 7660 1588 2479 -323 END
START -4820 3332 7712 1580 2574 -431 END
START -5028 3388 7776 1628 2581 -501 END
START -5200 3576 7904 1725 2510 -561 END
START -5064 3532 7884 1844 2345 -601 END
START -5244 3580 7868 2018 2167 -659 END
START -5308 3556 7800 2213 1916 -618 END
START -5188 3640 7816 2466 1679 -631 END
START -5092 3784 7764 2748 1350 -601 END
START -4972 3916 7612 3058 1111 -568 END
START -4756 3820 7260 3371 957 -521 END
START -4224 3688 6720 3693 837 -468 END
START -4052 3572 6260 4007 868 -425 END
START -3816 3308 5952 4346 975 -428 END
START -3604 3356 5748 4652 1182 -437 END
START -3316 3220 5472 5021 1519 -483 END
START -2952 3176 5340 5352 1903 -546 END
START -3044 3260 5464 5690 2313 -591 END
START -2924 3504 5496 5985 2662 -606 END
START -2948 3616 5804 6208 3024 -631 END
START -3040 3728 6132 6416 3277 -648 END
START -2888 3768 6392 6592 3522 -690 END
START -2852 3940 6528 6768 3736 -693 END
START -2696 4020 6816 6947 3906 -702 END
START -2656 4080 6968 7134 4074 -706 END
START -2380 4264 7104 7326 4246 -637 END
START -2388 4488 7212 7550 4457 -582 END
START -2168 4824 7440 7732 4686 -495 END
START -2296 5184 7616 7974 4958 -366 END
START -2172 5332 7808 8163 5260 -230 END
START -2292 5704 8180 8300 5630 -22 END
START -2404 5824 8572 8378 5974 148 END
START -2524 5980 9060 8391 6235 299 END
START -2860 6100 9684 8352 6407 469 END
START -3388 6220 10356 8284 6450 568 END
START -3712 6260 11040 8182 6229 654 END
START -4104 6312 11676 8131 5921 671 END
START -4300 6224 11940 8095 5417 699 END
START -4708 6084 12368 8138 4888 702 END
START -4860 6088 12360 8275 4297 663 END
START -4772 6192 12152 8480 3795 637 END
START -4768 6096 12100 8754 3340 592 END
START -4540 6228 11976 9053 3020 543 END
START -4524 6312 11852 9391 2659 530 END
START -4212 6332 11908 9688 2405 491 END
START -4140 6344 11848 9917 2116 477 END
START -4048 6268 12116 10176 1796 467 END
START -3668 6256 12124 10380 1490 399 END
START -3568 6328 12332 10548 1204 360 END
START -3132 6436 12404 10733 999 260 END
START -2696 6580 12360 10843 876 164 END
START -2252 6736 12460 10973 775 126 END
START -1748 6908 12424 11029 807 95 END
START -1428 7160 12372 11032 928 111 END
START -1024 7388 12304 11018 1069 201 END
START -768 7608 12356 10978 1321 269 END
START -660 7584 12408 10921 1600 406 END
START -560 7704 12440 10872 1898 493 END
START -512 7764 12620 10825 2255 601 END
START -440 7792 12828 10825 2600 691 END
START -576 7680 13040 10833 2900 745 END
START -712 7732 13308 10835 3207 789 END
START -740 7576 13640 10871 3484 814 END
START -1072 7540 13928 10853 3685 830 END
START -1300 7556 14084 10880 3815 826 END
START -1764 7428 14356 10864 3929 827 END
START -1860 7324 14580 10886 3991 740 END
START -1972 7068 14820 10884 3987 612 END
START -2012 6876 15088 10879 3973 441 END
START -1980 6660 15156 10932 3992 266 END
START -1820 6416 15260 10923 3996 53 END
START -1900 6528 15460 11004 3998 -177 END
START -1444 6576 15536 11043 4054 -375 END
START -968 6724 15620 11060 4174 -586 END
START -476 6728 16064 11042 4250 -694 END
START -28 6864 16228 11017 4345 -746 END
START 612 7032 16668 10954 4341 -735 END
START 1172 7348 17104 10820 4357 -723 END
START 1468 7532 17216 10723 4389 -596 END
START 2092 7620 17524 10517 4430 -383 END
START 2624 7660 17980 10338 4420 -147 END
START 2900 7948 18320 10114 4355 134 END
START 3188 8304 18240 9875 4277 466 END
START 3496 8712 18420 9675 4213 813 END
START 3724 8736 18408 9508 4136 1242 END
START 3792 8924 18436 9407 4096 1719 END
START 3664 8964 18424 9384 3996 2223 END
START 3448 9020 18684 9455 3923 2725 END
START 3160 9028 19092 9601 3719 3289 END
START 2808 8988 19244 9803 3534 3822 END
START 2384 8868 19548 10051 3185 4332 END
START 1848 8732 20124 10336 2869 4795 END
START 1248 8484 20764 10599 2390 5206 END
START 752 8156 21268 10873 1864 5571 END
START -20 7884 22428 11174 1320 5868 END
START 260 7760 21812 11276 936 6040 END
START -220 7064 22288 11353 442 6024 END
START -488 6940 22756 11348 116 6073 END
START -488 6664 23248 11255 -97 6086 END
START -192 6560 23184 11135 -208 6069 END
START -100 6376 23500 10887 -131 6020 END
START -20 6316 23620 10568 -17 6021 END
START 124 6288 23820 10167 206 5954 END
START 88 6292 23868 9735 384 5895 END
START 364 6348 24128 9175 654 5826 END
START 516 6312 24292 8617 927 5721 END
START 704 6300 24408 8059 1197 5669 END
START 812 6272 24576 7510 1452 5610 END
START 1064 6296 24416 6953 1713 5583 END
START 1232 6120 24376 6389 1965 5557 END
START 1504 6276 24272 5913 2178 5552 END
START 1756 6236 24232 5422 2421 5528 END
START 1992 6196 24236 4989 2543 5517 END
START 2008 6360 24140 4587 2627 5541 END
START 2228 6380 24060 4243 2712 5591 END
START 2484 6216 23964 3940 2747 5677 END
START 2836 6268 23812 3715 2843 5837 END
START 2912 6144 23740 3559 2882 5991 END
START 3008 6156 23628 3405 2971 6188 END
START 3184 6172 23444 3308 3072 6381 END
START 3264 6192 23676 3233 3165 6648 END
START 3372 6156 23540 3187 3318 6944 END
START 3312 6172 23596 3126 3493 7315 END
START 3200 6240 23960 3099 3623 7778 END
START 2796 6264 24404 3025 3740 8263 END
START 2412 6076 24948 2932 3761 8754 END
START 1624 6080 25516 2786 3652 9232 END
START 1072 5924 26072 2594 3530 9657 END
START 448 5592 26632 2293 3306 10009 END
START -212 5292 26968 1905 2979 10296 END
START -864 5040 27508 1518 2564 10531 END
START -1416 4788 27496 1013 2093 10649 END
START -1960 4532 27392 563 1736 10696 END
START -2100 4472 27164 111 1334 10703 END
START -2492 4344 27008 -314 1136 10670 END
START -2728 4236 26644 -701 968 10593 END
START -3008 4116 26428 -1070 841 10534 END
START -3240 4052 26040 -1448 770 10379 END
START -3444 3856 25840 -1819 782 10198 END
START -3600 3964 25644 -2227 745 10003 END
START -3520 3844 25152 -2620 819 9766 END
START -3576 4052 24856 -2998 941 9581 END
START -3764 4140 24844 -3379 1116 9381 END
START -3732 4300 24800 -3712 1172 9248 END
START -3936 4272 24964 -4078 1342 9158 END
START -4100 4404 24916 -4410 1357 9119 END
START -4176 4424 24972 -4740 1367 9106 END
START -4372 4472 25028 -5140 1345 9137 END
START -4468 4568 25016 -5522 1276 9179 END
START -4528 4644 24908 -5947 1223 9205 END
START -4688 4596 24844 -6405 1157 9248 END
START -4956 4644 24672 -6883 1040 9306 END
START -5256 4672 24356 -7297 864 9301 END
START -5836 4656 24228 -7715 654 9370 END
START -6124 4428 24088 -8005 422 9421 END
START -6772 4460 23884 -8238 141 9546 END
START -7284 4324 23648 -8345 -135 9677 END
START -7732 4072 23420 -8433 -473 9786 END
START -8236 3956 23168 -8421 -717 9887 END
START -8528 3808 23048 -8467 -1048 9924 END
START -9088 3700 22796 -8492 -1342 9961 END
START -9436 3604 22744 -8585 -1720 9911 END
START -9828 3492 22308 -8719 -2091 9793 END
START -9980 3372 22188 -8869 -2516 9620 END
START -10304 3332 22068 -9116 -2989 9381 END
START -10524 3356 21808 -9353 -3529 9118 END
START -10680 3288 21488 -9577 -4048 8798 END
START -10792 3032 21092 -9771 -4621 8492 END
START -10684 2928 20672 -9921 -5213 8177 END
START -10728 2712 20216 -9990 -5750 7872 END
START -10540 2676 19636 -10051 -6198 7539 END
START -10376 2624 19056 -10033 -6546 7174 END
START -10148 2724 18248 -10017 -6838 6791 END
START -9940 2900 17604 -10012 -7045 6432 END
START -9768 3048 16932 -10062 -7143 6027 END
START -9444 3180 16312 -10132 -7190 5727 END
START -9084 3328 15848 -10240 -7192 5396 END
START -8796 3440 15216 -10352 -7036 5063 END
START -8368 3592 14756 -10500 -6874 4782 END
START -7916 3724 14096 -10683 -6559 4534 END
START -7408 3984 13748 -10822 -6203 4324 END
START -6932 4224 13664 -10993 -5791 4144 END
START -6540 4496 13032 -11159 -5315 4037 END
START -6312 4556 12708 -11338 -4873 4017 END
START -6040 4692 12448 -11557 -4441 3945 END
START -5712 4784 12180 -11750 -4066 3885 END
START -5520 4844 11708 -11969 -3621 3806 END
START -5192 4684 11396 -12174 -3197 3692 END
START -5016 4592 10820 -12288 -2709 3617 END
START -5036 4592 10312 -12413 -2300 3579 END
START -4968 4460 10056 -12470 -1854 3644 END
START -4812 4676 9660 -12500 -1567 3655 END
START -4636 4812 9200 -12391 -1161 3685 END
START -4508 4920 8844 -12210 -792 3747 END
START -4684 4796 8684 -11934 -526 3830 END
START -4872 4900 8556 -11600 -390 3954 END
START -4692 4924 8472 -11192 -301 4103 END
START -5140 4844 8304 -10732 -261 4303 END
START -7060 6212 8200 -10165 -436 4986 END
START -5552 5064 7468 -9621 -608 5613 END