START -3068 1212 16968 -575 1322 2255 END
START -1616 1808 14152 -682 -1304 2390 END
START 300 740 12768 -563 -458 2700 END
START -292 392 14664 -388 0 2832 END
START -1444 -8 15936 -226 107 2947 END
START -1672 -916 15560 -28 -65 3024 END
START -1728 -1388 15268 228 -283 3016 END
START -1668 -1904 15160 558 -266 2954 END
START -1568 -2132 14880 953 -77 2825 END
START -1612 -2340 14672 1325 284 2591 END
START -1724 -2372 14808 1704 575 2352 END
START -2248 -2372 14864 1987 707 2019 END
START -2656 -2348 15168 2263 749 1641 END
START -2796 -2404 15552 2410 688 1297 END
START -2952 -2452 15656 2528 546 926 END
START -3192 -2676 15976 2635 315 558 END
START -3316 -2716 16148 2644 149 247 END
START -3156 -2772 16256 2712 -67 -123 END
START -3096 -2832 16268 2746 -136 -470 END
START -3008 -2684 16552 2778 -191 -882 END
START -2952 -2640 16556 2700 -238 -1229 END
START -2812 -2448 16368 2661 -194 -1592 END
START -2588 -2172 16356 2524 -165 -1850 END
START -2316 -2024 16024 2344 11 -2105 END
START -1996 -1768 15704 2176 246 -2306 END
START -1720 -1228 15540 1943 677 -2495 END
START -1464 -696 15612 1734 1083 -2623 END
START -1440 -372 15608 1457 1473 -2666 END
START -1416 -244 15828 1105 1868 -2655 END
START -1248 168 16100 787 2208 -2589 END
START -1204 676 16356 387 2433 -2479 END
START -1068 1128 16720 -10 2549 -2242 END
START -1192 1500 17040 -417 2615 -1996 END
START -1368 2000 17404 -810 2476 -1562 END
START -1332 1936 17624 -1216 2245 -1181 END
START -1336 1844 17600 -1560 1962 -646 END
START -1260 1768 17588 -1871 1723 -120 END
START -1308 1436 17676 -2082 1375 381 END
START -1492 1508 17512 -2203 1030 825 END
START -1616 1396 17464 -2294 625 1241 END
START -2004 1492 17556 -2273 132 1625 END
START -2064 1284 17488 -2279 -415 1874 END
START -2204 756 17364 -2212 -898 2150 END
START -2424 332 17276 -2152 -1449 2343 END
START -2348 -40 16900 -2037 -1904 2515 END
START -2480 -468 16636 -1858 -2282 2611 END
START -2532 -824 16040 -1674 -2492 2622 END
START -2584 -1268 15540 -1423 -2496 2574 END
START -2576 -1564 15240 -1168 -2404 2415 END
START -2712 -1760 14936 -891 -2215 2195 END
START -2912 -1820 14956 -598 -1955 1924 END
START -2948 -2016 14792 -354 -1780 1638 END
START -3040 -2132 14816 -146 -1629 1346 END
START -2692 -2348 14820 15 -1455 1062 END
START -2628 -2468 15016 129 -1233 792 END
START -2532 -2436 15004 217 -1050 540 END
START -2500 -2500 15124 269 -848 315 END
START -2492 -2520 15084 284 -675 70 END
START -2352 -2444 15068 315 -481 -83 END
START -2408 -2084 15144 325 -230 -319 END
START -2444 -1756 14920 335 4 -486 END
START -2336 -1580 15068 279 277 -586 END
START -2404 -1304 15088 233 466 -677 END
START -2460 -1380 15092 198 663 -711 END
START -2512 -1260 15132 196 769 -745 END
START -2428 -1204 15500 158 900 -765 END
START -2408 -960 15472 152 992 -767 END
START -2476 -772 15740 105 977 -787 END
START -2580 -476 16016 91 965 -714 END
START -2480 -336 16224 35 881 -663 END
START -2576 -296 16456 6 712 -480 END
START -2488 -184 16780 -93 517 -323 END
START -2644 -168 16900 -168 215 -55 END
START -2468 -244 16936 -269 4 138 END
START -2416 -144 16856 -325 -194 330 END
START -2404 -200 16816 -421 -426 487 END
START -2588 -520 16860 -463 -582 608 END
START -2784 -540 16808 -484 -747 704 END
START -2912 -592 16708 -497 -957 762 END
START -3048 -648 16916 -536 -1146 773 END
START -3068 -748 16840 -537 -1298 775 END
START -2980 -912 16768 -562 -1460 807 END
START -2832 -1068 16732 -592 -1580 749 END
START -2836 -1260 16536 -666 -1699 734 END
START -2708 -1328 16208 -695 -1677 657 END
START -2712 -1264 16012 -744 -1661 569 END
START -2420 -1364 15972 -767 -1490 510 END
START -2536 -1348 15812 -736 -1310 401 END
START -2624 -1360 15900 -707 -1199 333 END
START -2924 -1340 15816 -665 -1170 237 END
START -3056 -1336 16100 -585 -1181 164 END
START -3128 -1468 16188 -523 -1119 42 END
START -3092 -1640 16044 -449 -1102 -64 END
START -3160 -1804 16140 -401 -1007 -242 END
START -3048 -1672 16188 -327 -933 -452 END
START -3036 -1768 16152 -281 -832 -684 END
START -3068 -1676 16204 -260 -734 -873 END
START -3060 -1460 16176 -278 -602 -1048 END
START -2972 -1296 16240 -325 -479 -1148 END
START -2932 -1108 16380 -349 -432 -1280 END
START -2760 -1016 16308 -404 -313 -1360 END
START -2552 -980 16124 -484 -208 -1380 END
START -2480 -1064 16268 -479 -46 -1422 END
START -2564 -1116 16168 -509 93 -1430 END
START -2248 -1080 16484 -530 291 -1414 END
START -2444 -936 16508 -561 373 -1408 END
START -2384 -952 16820 -587 375 -1377 END
START -2344 -860 17044 -662 370 -1334 END
START -2380 -800 17060 -727 331 -1272 END
START -2440 -568 17228 -847 269 -1205 END
START -2612 -192 17336 -913 165 -1182 END
START -2724 -192 17408 -1000 -20 -1119 END
START -2580 -192 17572 -1114 -243 -1012 END
START -2636 -272 17484 -1181 -404 -902 END
START -2552 -232 17344 -1267 -551 -761 END
START -2556 -372 17396 -1344 -720 -592 END
START -2312 -532 17176 -1337 -759 -476 END
START -2476 -536 17132 -1342 -810 -401 END
START -2604 -632 17096 -1371 -757 -287 END
START -2820 -728 17020 -1376 -807 -294 END
START -2764 -780 16848 -1400 -798 -267 END
START -2812 -700 16856 -1422 -682 -266 END
START -2788 -792 16840 -1468 -610 -313 END
START -2940 -856 16928 -1436 -544 -316 END
START -2976 -908 17260 -1474 -514 -346 END
START -3048 -1032 17388 -1469 -539 -367 END
START -3180 -1128 17580 -1495 -570 -422 END
START -3244 -1244 17688 -1500 -637 -496 END
START -3260 -1412 17748 -1556 -682 -568 END
START -3328 -1340 17816 -1588 -693 -694 END
START -3440 -1460 18072 -1658 -767 -851 END
START -3548 -1600 17896 -1744 -813 -919 END
START -3724 -1772 17948 -1823 -863 -1056 END
START -3648 -1772 18016 -1878 -841 -1159 END
START -3580 -1876 17972 -1975 -816 -1302 END
START -3856 -1760 17904 -1998 -812 -1438 END
START -3828 -1956 18080 -2010 -770 -1560 END
START -3748 -2104 18192 -2065 -755 -1664 END
START -3776 -2276 18308 -2022 -744 -1757 END
START -3776 -2308 18456 -2025 -663 -1799 END
START -3692 -2356 18556 -2014 -596 -1794 END
START -3580 -2512 18860 -2051 -485 -1774 END
START -3684 -2588 19024 -2184 -341 -1708 END
START -3804 -2628 19004 -2284 -243 -1662 END
START -3912 -2824 19500 -2483 -197 -1603 END
START -4132 -3000 19644 -2601 -136 -1562 END
START -4112 -3212 19752 -2734 -131 -1552 END
START -4364 -3372 19888 -2841 -70 -1538 END
START -4412 -3608 20072 -2944 -80 -1527 END
START -4444 -3700 20208 -3027 19 -1488 END
START -4860 -3880 20296 -3075 15 -1436 END
START -4984 -3768 20592 -3151 44 -1322 END
START -5332 -3844 20940 -3233 55 -1234 END
START -5424 -3696 20856 -3331 49 -1135 END
START -5668 -3592 20936 -3496 62 -1112 END
START -5840 -3512 21152 -3727 55 -1028 END
START -5780 -3924 21428 -4014 67 -1015 END
START -5864 -4368 21688 -4301 140 -981 END
START -5940 -4716 21668 -4589 163 -955 END
START -6048 -4868 21880 -4871 231 -1010 END
START -6240 -4916 21888 -5153 321 -1060 END
START -6544 -5104 22164 -5410 268 -1180 END
START -6652 -5240 22388 -5673 268 -1330 END
START -6912 -5460 22428 -5951 181 -1468 END
START -6944 -5556 22512 -6222 156 -1651 END
START -7044 -5712 22328 -6464 69 -1912 END
START -6892 -5996 22188 -6746 70 -2203 END
START -6756 -6064 21940 -6988 87 -2550 END
START -6732 -6148 21888 -7200 125 -2891 END
START -6496 -6204 21736 -7442 220 -3286 END
START -6336 -6184 21508 -7624 322 -3635 END
START -6200 -6136 21408 -7850 499 -4014 END
START -6028 -6084 21172 -8095 702 -4300 END
START -5816 -6016 21084 -8307 916 -4609 END
START -5612 -5832 21140 -8535 1067 -4922 END
START -5532 -5712 21024 -8787 1251 -5196 END
START -5304 -5780 20996 -9013 1369 -5449 END
START -5188 -5640 20924 -9225 1506 -5716 END
START -5104 -5496 20868 -9438 1558 -5977 END
START -4888 -5376 20844 -9713 1529 -6195 END
START -4680 -5088 20536 -9918 1579 -6432 END
START -4448 -4796 20432 -10140 1625 -6645 END
START -4348 -4652 20140 -10319 1594 -6778 END
START -4060 -4364 19964 -10529 1615 -6881 END
START -3748 -3864 19772 -10697 1637 -6922 END
START -3644 -3564 19688 -10834 1619 -6894 END
START -3336 -3412 19236 -11023 1608 -6811 END
START -3012 -3156 19028 -11130 1583 -6712 END
START -2836 -3188 18628 -11278 1648 -6624 END
START -2584 -3064 18348 -11424 1737 -6485 END
START -2364 -2972 17948 -11607 1756 -6440 END
START -2184 -2892 17792 -11759 1854 -6342 END
START -2060 -2620 17552 -11908 1893 -6277 END
START -2012 -2676 17252 -12101 1908 -6200 END
START -1848 -2684 16856 -12229 1864 -6125 END
START -1836 -2548 16576 -12354 1857 -6046 END
START -1680 -2508 16260 -12478 1773 -6006 END
START -1796 -2540 15860 -12533 1721 -5963 END
START -1672 -2496 15572 -12539 1692 -5939 END
START -1584 -2456 15012 -12482 1600 -5945 END
START -1564 -2440 14632 -12472 1604 -5903 END
START -1336 -2372 13980 -12408 1584 -5894 END
START -1224 -2284 13560 -12270 1623 -5941 END
START -1220 -2112 13184 -12226 1670 -5972 END
START -1000 -2056 12800 -12076 1756 -6006 END
START -988 -2172 12316 -11913 1796 -6020 END
START -1080 -2060 12060 -11752 1855 -6092 END
START -1072 -2048 11628 -11554 1935 -6106 END
START -944 -2028 11300 -11303 1977 -6134 END
START -964 -2048 11040 -11157 1951 -6193 END
START -892 -1788 10776 -10980 1942 -6277 END
START -752 -1688 10240 -10831 1885 -6346 END
START -668 -1508 9888 -10708 1906 -6458 END
START -508 -1344 9468 -10598 1839 -6515 END
START -312 -1248 8944 -10511 1848 -6573 END
START -284 -1112 8424 -10363 1834 -6607 END
START -180 -968 8120 -10214 1850 -6639 END
START -36 -592 7628 -10000 1872 -6677 END
START 256 -268 6984 -9755 1992 -6679 END
START 508 -96 6644 -9489 2155 -6591 END
START 548 68 6260 -9244 2321 -6498 END
START 884 240 5640 -9031 2614 -6349 END
START 1040 364 5416 -8768 2867 -6179 END
START 1244 456 5284 -8619 3087 -6045 END
START 1348 696 5160 -8405 3197 -5876 END
START 1284 732 5104 -8261 3278 -5773 END
START 1512 764 4892 -8023 3268 -5599 END
START 1528 944 4796 -7839 3170 -5493 END
START 1600 976 4504 -7617 3001 -5321 END
START 2024 1096 4276 -7353 2904 -5138 END
START 2120 1204 3928 -7073 2748 -4950 END
START 2316 1420 3652 -6753 2551 -4680 END
START 2320 1680 3228 -6402 2352 -4448 END
START 2280 1860 2968 -6074 2052 -4134 END
START 2540 2028 2752 -5649 1742 -3811 END
START 2568 2096 2456 -5187 1493 -3551 END
START 2724 2220 1904 -4699 1178 -3241 END
START 2980 2404 1484 -4132 961 -2953 END
START 3160 2296 1188 -3618 796 -2684 END
START 3336 2540 700 -3018 650 -2438 END
START 3668 2568 156 -2453 509 -2180 END
START 3724 2796 -100 -1937 477 -1933 END
START 3984 2996 -624 -1397 515 -1619 END
START 4068 3168 -808 -900 663 -1282 END
START 4172 3264 -1040 -454 763 -922 END
START 4060 3524 -1328 0 839 -637 END
START 4116 3576 -1324 427 945 -293 END
START 4044 3648 -1568 879 1049 42 END
START 3908 3720 -1600 1331 1182 362 END
START 3852 3784 -1488 1845 1300 696 END
START 3628 3664 -1608 2398 1445 995 END
START 3544 3588 -1548 2933 1550 1267 END
START 3424 3708 -1576 3496 1672 1511 END
START 3264 3536 -1500 4090 1747 1743 END
START 3052 3672 -1436 4656 1874 1938 END
START 2900 3700 -1484 5177 1971 2112 END
START 2944 3676 -1580 5666 2128 2229 END
START 2916 3812 -1432 6162 2292 2362 END
START 2872 3844 -1288 6617 2514 2524 END
START 2944 3748 -1152 7057 2756 2631 END
START 2908 3788 -904 7509 2962 2785 END
START 2812 3796 -604 7932 3295 2957 END
START 2760 4076 -152 8359 3500 3084 END
START 2780 4204 32 8681 3813 3231 END
START 2848 4208 476 9045 4141 3395 END
START 2732 4224 916 9325 4467 3559 END
START 2648 4244 1152 9623 4755 3750 END
START 2400 4152 1616 9849 4961 3933 END
START 2336 4132 2104 10105 5109 4144 END
START 2104 4116 2428 10255 5203 4284 END
START 1956 3912 2744 10452 5297 4502 END
START 1752 3688 3088 10650 5350 4613 END
START 1320 3356 3756 10908 5394 4747 END
START 996 3020 4092 11259 5347 4854 END
START 788 2976 4472 11631 5219 4935 END
START 540 2768 4932 11793 5033 4988 END
START 208 2772 5372 12272 4895 5045 END
START -28 2692 5772 12881 4645 5146 END
START -92 2560 5968 13320 4452 5251 END
START -232 2520 6496 13754 4307 5372 END
START -408 2520 6852 14167 4079 5538 END
START -564 2564 7120 14533 3974 5664 END
START -736 2692 7276 14854 3833 5792 END
START -864 2776 7568 15163 3734 5943 END
START -912 2764 8104 15445 3649 6060 END
START -1036 2816 8400 15692 3617 6234 END
START -1288 2712 8944 15949 3538 6402 END
START -1688 2784 9412 16192 3384 6534 END
START -2028 2824 9852 16391 3204 6626 END
START -2164 2740 10276 16566 3042 6646 END
START -2352 2732 10704 16788 2839 6603 END
START -2472 2572 10856 17024 2711 6607 END
START -2468 2668 11056 17184 2642 6546 END
START -2340 2644 11416 17369 2680 6440 END
START -2276 2824 11616 17518 2794 6382 END
START -2260 3000 11728 17644 2970 6272 END
START -2224 3228 12204 17711 3136 6243 END
START -2184 3348 12508 17727 3341 6233 END
START -2220 3332 12876 17691 3556 6234 END
START -2316 3440 13444 17616 3796 6281 END
START -2164 3316 13776 17626 4022 6308 END
START -2340 3208 14236 17578 4288 6382 END
START -2400 3112 14720 17614 4497 6451 END
START -2636 3244 15432 17580 4680 6480 END
START -3016 3368 15844 17611 4815 6510 END
START -3272 3296 16416 17683 4912 6603 END
START -3748 3372 17132 17740 4946 6630 END
START -4168 3324 17776 17833 4841 6704 END
START -4376 3204 18312 17948 4630 6760 END
START -4656 3040 18712 18014 4435 6774 END
START -4756 2936 19236 18075 4201 6748 END
START -5080 2836 19532 18072 3943 6691 END
START -5196 2816 19860 18056 3711 6618 END
START -5332 2836 20324 17938 3333 6496 END
START -5368 2900 20668 17812 2911 6424 END
START -5408 2892 21032 17720 2514 6231 END
START -5336 3056 21108 17555 2060 6079 END
START -5020 3048 20984 17415 1714 5948 END
START -4740 3084 20964 17332 1385 5781 END
START -4448 3140 20764 17274 1234 5693 END
START -4192 3180 20816 17197 1161 5681 END
START -3992 3156 20592 17180 1180 5636 END
START -3728 3248 20460 17181 1308 5668 END
START -3528 3328 20388 17134 1448 5727 END
START -3288 3456 20556 17085 1669 5820 END
START -3316 3180 20820 17009 1844 5876 END
START -3208 3312 20836 16939 1996 5984 END
START -3224 3280 21112 16770 2100 6065 END
START -3148 3240 21432 16649 2210 6151 END
START -3104 3216 21488 16536 2279 6264 END
START -2888 3216 21668 16520 2388 6343 END
START -2824 3172 21760 16423 2472 6423 END
START -2576 3232 22000 16348 2505 6527 END
START -2588 3228 21828 16257 2577 6571 END
START -2416 3372 21860 16175 2689 6607 END
START -2392 3368 21940 15992 2877 6648 END
START -2388 3464 21876 15878 3052 6684 END
START -2352 3500 21952 15717 3358 6721 END
START -2372 3528 22076 15583 3628 6715 END
START -2392 3608 22264 15477 3959 6761 END
START -2372 3532 22564 15358 4352 6769 END
START -2484 3604 22880 15205 4748 6797 END
START -2628 3748 23204 15074 5146 6764 END
START -2876 3764 23644 14829 5519 6740 END
START -2972 3732 24116 14523 5813 6690 END
START -3304 3656 24356 14201 6050 6616 END
START -3400 3620 24592 13768 6181 6552 END
START -3540 3400 25176 13350 6294 6437 END
START -3544 3296 25648 12920 6358 6329 END
START -3776 3136 26032 12541 6344 6227 END
START -3936 3244 26504 11919 6180 6130 END
START -4288 3188 27072 11895 5906 6099 END
START -4040 3468 26856 11382 5623 5994 END
START -4112 3776 27452 11131 5097 6037 END
START -4044 3800 27764 10983 4555 6244 END
START -3768 3788 28024 11024 3796 6474 END
START -3608 4240 27536 11046 3092 6716 END
START -2904 4680 26860 10877 2529 6805 END
START -2684 4792 26936 10580 1985 6924 END
START -2476 4748 26948 10251 1500 7144 END
START -2100 4648 27104 9933 1092 7472 END
START -1728 4572 27084 9627 682 7912 END
START -1720 4572 27596 9475 359 8414 END
START -1320 4624 27324 9324 168 8936 END
START -1112 4580 27220 9182 -23 9311 END
START -940 4556 27084 8929 -125 9694 END
START -752 4448 26840 8613 -228 9986 END
START -680 4420 26828 8219 -292 10181 END
START -452 4248 26708 7731 -317 10447 END
START -360 4260 26572 7215 -306 10637 END
START -228 4308 26464 6632 -237 10822 END
START -196 4252 26276 6068 -113 10979 END
START 0 4252 25988 5502 88 11139 END
START -16 4208 26136 4954 276 11239 END
START -12 4264 25956 4394 485 11379 END
START -84 4240 25708 3873 748 11495 END
START -96 4196 25680 3341 1011 11565 END
START -248 4160 25396 2794 1295 11709 END
START -336 4172 25360 2282 1585 11862 END
START -644 4344 25188 1771 1838 11892 END
START -908 4296 25244 1264 2021 12079 END
START -1184 4312 25068 708 2141 12226 END
START -1364 4100 25096 229 2241 12251 END
START -1520 3852 24852 -310 2295 12427 END
START -1960 3704 24656 -767 2395 12542 END
START -2080 3688 24616 -1173 2452 12531 END
START -2588 3740 24492 -1567 2481 12519 END
START -2984 3756 24328 -1899 2393 12778 END
START -3484 3760 24592 -2251 2232 12822 END
START -4140 3616 24320 -2550 1963 12814 END
START -4596 3604 24416 -2860 1645 12848 END
START -5048 3356 24248 -3106 1314 13298 END
START -5560 3008 24060 -3361 975 13217 END
START -5772 2708 23912 -3552 661 13250 END
START -6180 2644 23648 -3752 350 13304 END
START -6776 2540 23512 -3858 42 13262 END
START -6968 2380 23332 -4058 -207 13222 END
START -7432 2196 23192 -4219 -470 13046 END
START -7612 2212 23184 -4428 -776 13161 END
START -7900 2156 22484 -4758 -1070 12751 END
START -8092 1852 22400 -5164 -1330 12597 END
START -8528 1620 22592 -5550 -1643 12632 END
START -8772 1484 22744 -5852 -1870 12329 END
START -8824 1440 22508 -6163 -2066 11972 END
START -9168 1400 22356 -6445 -2294 11682 END
START -9612 1116 23244 -6611 -2687 11438 END
START -9432 936 22172 -6784 -2887 11017 END
START -9772 960 21928 -7113 -3197 10545 END
START -10028 812 21800 -7515 -3503 10071 END
START -9944 864 21460 -8019 -3848 9616 END
START -10076 988 21136 -8601 -4126 9173 END
START -10224 1040 20952 -9181 -4381 8709 END
START -10240 1044 20340 -9807 -4545 8247 END
START -10412 1120 19884 -10444 -4631 7835 END
START -10432 1112 19160 -10995 -4661 7422 END
START -10588 1380 19076 -11546 -4654 7024 END
START -10624 1576 18296 -12038 -4650 6629 END
START -10708 1832 17816 -12513 -4600 6304 END
START -10704 2224 17400 -12998 -4538 5915 END
START -10860 2560 16904 -13372 -4532 5660 END
START -11012 2636 16416 -13744 -4596 5466 END
START -11084 2748 16072 -14002 -4658 5342 END
START -11164 2836 15592 -14163 -4690 5260 END
START -11100 2952 15048 -14287 -4681 5299 END
START -11092 3016 14624 -14256 -4617 5365 END
START -11052 2932 14244 -14214 -4629 5440 END
START -10800 2832 14024 -14060 -4658 5530 END