START -5808 -908 5720 -3160 3043 7357 END
START -6164 -1172 6000 -2784 3181 6889 END
START -6876 -1360 6368 -2394 3267 6376 END
START -7388 -1792 6648 -2051 3226 5826 END
START -8072 -1952 6932 -1697 3109 5226 END
START -8480 -1932 7032 -1320 2934 4597 END
START -8464 -1916 6900 -963 2798 3995 END
START -8616 -1884 6992 -601 2652 3401 END
START -8636 -1924 6928 -190 2524 2848 END
START -8660 -1984 7072 208 2458 2295 END
START -8552 -1824 7228 598 2381 1811 END
START -8448 -1584 7272 1028 2415 1353 END
START -8564 -1420 7200 1396 2413 1000 END
START -8476 -1132 7448 1780 2488 679 END
START -8460 -792 7516 2073 2639 453 END
START -8648 -548 7752 2265 2820 301 END
START -8664 -344 7800 2449 3027 159 END
START -8860 -240 8008 2581 3295 59 END
START -8996 -244 8196 2653 3605 -15 END
START -9364 -456 8424 2688 3937 -103 END
START -9736 -532 8584 2728 4184 -241 END
START -10108 -988 9000 2702 4500 -385 END
START -10500 -1100 9172 2656 4709 -576 END
START -11028 -1480 9812 2645 4889 -824 END
START -11736 -1820 10284 2626 4955 -1105 END
START -12248 -2096 10748 2598 5004 -1456 END
START -12852 -2420 11028 2597 5028 -1859 END
START -13404 -2744 11404 2622 5002 -2318 END
START -13964 -3248 11704 2665 4952 -2825 END
START -14372 -3416 12028 2694 4872 -3416 END
START -14820 -3640 12376 2723 4820 -4006 END
START -15088 -3952 12408 2723 4748 -4693 END
START -15444 -4176 12596 2712 4739 -5358 END
START -15848 -4276 12628 2738 4653 -6060 END
START -16032 -4344 13140 2729 4468 -6798 END
START -16236 -4380 13156 2747 4297 -7486 END
START -16504 -4260 13424 2853 4038 -8201 END
START -16628 -4272 13480 2920 3808 -8898 END
START -16784 -4256 13932 3073 3522 -9538 END
START -16856 -4204 14016 3221 3165 -10212 END
START -17016 -4184 14388 3336 2778 -10846 END
START -16968 -4248 14512 3464 2393 -11550 END
START -16848 -4332 14356 3595 1987 -12213 END
START -16800 -4440 14608 3730 1651 -12875 END
START -16712 -4412 14788 3880 1325 -13525 END
START -16572 -4340 14836 4011 970 -14181 END
START -16536 -4312 14804 4137 636 -14844 END
START -16492 -4248 15048 4283 302 -15512 END
START -16296 -4092 14748 4379 31 -16196 END
START -16056 -3940 14872 4488 -246 -16857 END
START -15828 -3816 14976 4612 -552 -17531 END
START -15684 -3584 14944 4717 -840 -18192 END
START -15532 -3268 15164 4853 -1095 -18887 END
START -15212 -2944 15300 4952 -1354 -19574 END
START -14680 -2688 15228 5068 -1636 -20218 END
START -14276 -2556 15284 5188 -1911 -20875 END
START -13804 -2176 15524 5253 -2133 -21514 END
START -13456 -1872 15464 5300 -2371 -22151 END
START -12924 -1584 15736 5380 -2511 -22740 END
START -12316 -1120 15656 5422 -2657 -23338 END
START -11764 -740 15736 5423 -2707 -23956 END
START -11036 -476 15812 5429 -2701 -24492 END
START -10120 -232 15936 5338 -2634 -24987 END
START -9280 252 15876 5213 -2429 -25456 END
START -8368 668 15904 5005 -2120 -25860 END
START -7608 1436 15984 4768 -1802 -26189 END
START -6844 2080 16220 4472 -1457 -26449 END
START -6224 2720 16360 4141 -1170 -26700 END
START -5500 3100 16548 3796 -949 -26813 END
START -4776 3524 16664 3488 -685 -26852 END
START -4008 3820 16856 3183 -522 -26845 END
START -3464 4092 16764 2921 -401 -26779 END
START -2568 4316 16940 2669 -313 -26718 END
START -2000 4628 17060 2498 -226 -26620 END
START -1428 4904 17136 2345 -241 -26496 END
START -860 5184 17200 2263 -303 -26313 END
START -620 5228 17196 2206 -404 -26080 END
START 8 5576 17112 2169 -537 -25876 END
START 416 5916 16928 2163 -590 -25601 END
START 1028 6140 16788 2175 -653 -25340 END
START 1464 6272 16364 2171 -616 -25036 END
START 2036 6508 16380 2197 -535 -24776 END
START 2448 6728 16140 2140 -379 -24452 END
START 2900 6860 16012 2115 -145 -24178 END
START 3220 6984 16032 2028 107 -23899 END
START 3632 7100 15840 1901 383 -23607 END
START 4068 7156 15864 1804 699 -23312 END
START 4584 7164 15796 1692 1027 -23029 END
START 4924 7188 15888 1596 1396 -22772 END
START 5328 7332 15900 1433 1730 -22501 END
START 5548 7420 16148 1320 2087 -22263 END
START 5768 7604 16168 1183 2339 -21989 END
START 5952 7924 16204 1109 2523 -21704 END
START 6304 8040 16432 924 2708 -21335 END
START 6812 8232 16604 833 2767 -20953 END
START 7264 8312 16688 724 2821 -20547 END
START 7684 8336 16848 654 2867 -20059 END
START 8248 8352 16904 574 2882 -19533 END
START 8684 8604 16780 518 2903 -18992 END
START 9212 8780 16480 520 2910 -18432 END
START 9676 9088 16592 506 2901 -17854 END
START 9892 9264 16564 524 2899 -17197 END
START 10228 9408 16748 541 2823 -16537 END
START 10524 9392 16756 532 2720 -15784 END
START 10640 9428 16812 564 2515 -14992 END
START 10784 9376 16928 611 2300 -14267 END
START 10988 9324 17008 655 2052 -13498 END
START 11268 9276 17104 718 1760 -12796 END
START 11480 9404 17208 786 1511 -12060 END
START 11700 9300 16824 814 1209 -11362 END
START 11860 9360 16616 836 1021 -10628 END
START 12092 9340 16652 834 814 -9958 END
START 12144 9448 16300 764 658 -9267 END
START 12484 9612 15968 676 618 -8599 END
START 12576 9736 15520 564 603 -7949 END
START 12892 9788 15160 432 633 -7309 END
START 12956 9788 14844 293 859 -6644 END
START 13336 9652 14276 186 1138 -5939 END
START 13456 9720 14104 85 1442 -5314 END
START 13616 9800 14084 -11 1824 -4626 END
START 13708 9800 13800 -97 2254 -3931 END
START 13760 9912 13968 -170 2616 -3200 END
START 13804 10048 13968 -255 3001 -2436 END
START 13668 10064 14120 -278 3306 -1624 END
START 13584 10032 14560 -333 3514 -811 END
START 13424 9968 14684 -347 3617 -37 END
START 13508 9872 14892 -331 3687 765 END
START 13472 9656 15136 -290 3712 1590 END
START 13352 9424 15404 -222 3709 2473 END
START 13292 9236 15676 -134 3689 3373 END
START 13104 9148 15908 -65 3625 4332 END
START 13072 8968 16040 2 3609 5285 END
START 12860 8908 16276 17 3523 6252 END
START 12564 8832 16636 36 3494 7209 END
START 12140 8640 16720 2 3407 8219 END
START 11684 8468 17084 -67 3297 9106 END
START 11036 8192 17264 -124 3195 10023 END
START 10524 7916 17344 -277 3054 10938 END
START 9916 7492 17664 -445 2905 11765 END
START 9312 7184 17728 -545 2765 12551 END
START 8756 6872 17784 -700 2680 13280 END
START 8280 6572 17888 -814 2586 13924 END
START 7688 6216 17968 -944 2478 14621 END
START 7084 5868 18104 -1037 2378 15274 END
START 6212 5540 18212 -1161 2288 15872 END
START 5612 5232 18352 -1234 2180 16499 END
START 4852 4908 18516 -1350 2136 17025 END
START 4084 4364 18860 -1425 1991 17458 END
START 3268 3972 19204 -1563 1914 17840 END
START 2712 3624 19300 -1696 1831 18143 END
START 1748 3216 19672 -1918 1638 18336 END
START 888 2736 20004 -2200 1485 18434 END
START -32 2280 20228 -2502 1270 18487 END
START -824 1812 20452 -2862 1071 18446 END
START -1596 1428 20616 -3197 874 18313 END
START -2140 1112 20808 -3625 721 18127 END
START -2708 708 20940 -4020 603 17899 END
START -3264 120 21008 -4506 431 17624 END
START -3836 -120 20920 -4982 395 17310 END
START -4340 -448 20940 -5463 310 16926 END
START -4868 -580 20816 -6026 243 16490 END
START -5256 -744 20656 -6554 161 16061 END
START -5512 -936 20432 -7097 90 15594 END
START -5688 -1172 20328 -7642 59 15100 END
START -6088 -1496 19868 -8229 58 14578 END
START -6132 -1860 19452 -8729 125 14055 END
START -6340 -2048 19120 -9206 182 13529 END
START -6428 -2420 18312 -9616 320 12982 END
START -6592 -2500 17796 -9920 488 12435 END
START -6844 -2856 17480 -10210 672 11770 END
START -7040 -3116 16976 -10416 768 11211 END
START -7100 -3204 16692 -10534 899 10641 END
START -7280 -3240 15972 -10600 962 10120 END
START -7492 -3556 15556 -10559 1012 9614 END
START -7548 -3756 15024 -10420 1018 9133 END
START -7520 -3920 14592 -10209 1098 8600 END
START -7692 -3996 13984 -9906 1083 8121 END
START -7800 -4088 13620 -9551 1082 7651 END
START -7940 -4100 13020 -9075 1004 7184 END
START -8064 -4128 12780 -8584 973 6686 END
START -8164 -4084 12440 -8080 833 6254 END
START -8276 -4052 11888 -7578 754 5843 END
START -8348 -4076 11624 -7039 554 5397 END
START -8308 -4148 11208 -6516 406 4984 END
START -8308 -4284 10844 -5994 300 4558 END
START -8212 -4380 10600 -5482 193 4141 END
START -8184 -4300 10120 -4964 105 3669 END
START -8024 -4204 9580 -4415 132 3252 END
START -8160 -3916 8976 -3910 165 2789 END
START -8004 -3772 8532 -3403 234 2348 END
START -7744 -3736 8024 -2902 370 1913 END
START -7548 -3692 7860 -2394 500 1481 END
START -7384 -3704 7544 -1917 606 1066 END
START -7188 -3676 7488 -1466 721 710 END
START -6984 -3592 7232 -1062 810 297 END
START -6680 -3380 7236 -639 939 -47 END
START -6476 -3184 7084 -298 974 -404 END
START -6176 -2884 7040 14 998 -736 END
START -5988 -2636 6872 300 998 -1023 END
START -5800 -2496 6492 556 956 -1261 END
START -5336 -2136 6320 812 1003 -1516 END
START -4864 -1792 5920 1035 1063 -1726 END
START -4416 -1456 5400 1246 1131 -1926 END
START -3872 -1160 5004 1417 1286 -2082 END
START -3436 -808 4784 1571 1493 -2187 END
START -2992 -436 4552 1743 1707 -2172 END
START -2432 4 4204 1954 1985 -2164 END
START -2152 340 3960 2153 2211 -2071 END
START -1928 668 3696 2455 2540 -1923 END
START -1624 884 3544 2708 2855 -1719 END
START -1240 1276 3176 2997 3252 -1433 END
START -992 1692 2772 3318 3685 -1127 END
START -952 2000 2304 3648 4204 -737 END
START -668 2116 2048 3978 4759 -348 END
START -540 2408 1644 4353 5347 51 END
START -624 2492 1640 4734 5956 480 END
START -836 2432 1588 5155 6530 910 END
START -916 2336 2120 5651 7046 1300 END
START -1104 2208 2500 6186 7403 1739 END
START -1352 2076 3044 6779 7683 2051 END
START -1624 1676 3672 7356 7773 2383 END
START -1888 1684 4232 7947 7702 2648 END
START -2244 1244 4852 8587 7472 2866 END
START -2540 1208 5572 9093 7148 3042 END
START -2788 1056 5864 9645 6711 3156 END
START -2916 1104 6328 10127 6219 3266 END
START -3028 1196 6536 10577 5770 3275 END
START -3044 1436 6576 11019 5317 3302 END
START -3080 1644 6668 11375 4960 3347 END
START -3068 1852 6632 11663 4674 3401 END
START -2884 2164 6740 11996 4498 3464 END
START -2576 2380 6636 12148 4370 3540 END
START -2356 2436 6472 12218 4412 3629 END
START -2264 2564 6560 12233 4562 3754 END
START -1940 2736 6276 12103 4865 3906 END
START -1712 2872 6188 12135 5255 4101 END
START -1600 2896 6100 12146 5738 4294 END
START -1724 3232 6152 12362 6224 4512 END
START -1632 3476 6220 12359 6808 4781 END
START -1624 3708 6376 12633 7334 5043 END
START -1672 4104 6752 12732 7892 5354 END
START -1804 4236 7012 12900 8293 5686 END
START -2096 4304 7404 13075 8651 6033 END
START -2096 4580 7616 13234 8988 6404 END
START -2168 4660 7936 13398 9206 6796 END
START -2340 4960 8320 13563 9375 7133 END
START -2588 5188 8600 13791 9475 7525 END
START -2676 5276 9092 14090 9401 7850 END
START -2836 5252 9536 14409 9207 8160 END
START -2984 5252 9912 14851 8951 8509 END
START -3228 5220 10484 15290 8624 8767 END
START -3432 5180 11012 15801 8195 9035 END
START -3596 5300 11452 16298 7772 9308 END
START -3808 5376 12064 16780 7273 9477 END
START -3968 5524 12468 17221 6760 9645 END
START -4124 5644 13124 17594 6276 9731 END
START -4140 5812 13452 17873 5761 9844 END
START -3980 6048 13708 18084 5291 9873 END
START -4136 6256 13944 18226 4891 9954 END
START -3976 6488 14184 18287 4550 9995 END
START -3892 6744 14272 18277 4268 10051 END
START -3704 7012 14344 18276 4073 10134 END
START -3668 7356 14396 18278 4017 10205 END
START -3564 7636 14400 18289 4040 10307 END
START -3300 7852 14388 18258 4187 10441 END
START -3172 8056 14000 18303 4506 10629 END
START -2964 8408 14028 18243 4883 10776 END
START -2896 8608 14008 18212 5318 10983 END
START -2860 8592 14192 18183 5854 11148 END
START -2780 8740 14348 18148 6390 11329 END
START -2872 8764 14884 18146 6899 11480 END
START -3088 8740 15364 18128 7363 11630 END
START -3216 8624 15924 18084 7675 11736 END
START -3524 8684 16528 18027 7825 11745 END
START -3788 8716 17188 17906 7913 11757 END
START -3976 8592 17912 17730 7829 11742 END
START -4168 8728 18336 17523 7641 11691 END
START -4432 8684 18672 17284 7430 11641 END
START -4624 8832 18884 17018 7210 11572 END
START -4912 8744 19212 16807 6923 11484 END
START -5092 8688 19392 16603 6606 11372 END
START -5132 8532 19628 16405 6329 11238 END
START -5104 8340 19380 16178 6113 11060 END
START -5124 8180 19160 15970 5896 10826 END
START -5072 8192 18684 15672 5812 10586 END
START -4904 8536 18096 15381 5758 10304 END
START -4584 8752 17824 15123 5891 10065 END
START -4340 8820 17404 14878 6042 9875 END
START -4384 8784 17284 14734 6234 9737 END
START -4352 8768 17040 14587 6443 9681 END
START -4272 8920 16860 14528 6680 9656 END
START -4204 9028 16724 14463 6867 9630 END
START -4268 8800 16824 14508 7001 9635 END
START -4240 8456 16868 14579 7113 9651 END
START -4424 7500 17084 14732 7148 9684 END
START -4760 8676 17236 14939 6987 9666 END
START -4788 9884 17556 15187 7003 9432 END
START -4708 9800 18228 15306 6931 9229 END
START -4796 9488 19000 15210 6647 9060 END
START -4816 9208 19708 14859 6326 9075 END
START -4844 9316 20276 14404 5980 9160 END
START -4872 9788 20384 13836 5541 9250 END
START -4772 10172 20648 13200 5110 9258 END
START -4888 10424 20712 12520 4619 9200 END
START -4552 10312 20768 12026 4186 9209 END
START -4400 9992 20844 11372 3677 9211 END
START -4216 9664 20676 10890 3251 9209 END
START -4092 9620 20608 10407 2859 9205 END
START -4020 9608 20248 10016 2527 9155 END
START -3936 9752 19712 9668 2156 9082 END
START -3628 9832 19224 9405 1894 9007 END
START -3324 9988 18700 9188 1771 8869 END
START -3324 9876 18488 9011 1705 8785 END
START -3144 9788 17984 8774 1729 8677 END
START -2848 10012 17592 8509 1835 8601 END
START -2552 9888 17144 8207 2057 8526 END
START -2196 9972 16704 7856 2398 8494 END
START -2196 10080 16504 7491 2817 8443 END
START -2296 10140 16304 7103 3266 8451 END
START -2136 10144 16320 6777 3691 8429 END
START -2252 10292 16136 6454 4138 8387 END
START -2368 10132 16160 6167 4484 8381 END
START -2380 10052 16328 5920 4766 8370 END
START -2500 10048 16404 5688 5027 8313 END
START -2604 10012 16632 5503 5094 8301 END
START -2676 10120 16736 5323 5110 8264 END
START -2776 9968 17032 5189 4982 8224 END
START -3036 10052 17288 5143 4780 8211 END
START -3036 10232 17540 5105 4552 8287 END
START -3128 10256 17508 5052 4204 8406 END
START -2980 10388 17684 4981 3853 8504 END
START -3148 10384 17784 4823 3500 8642 END
START -3044 10376 17728 4693 3145 8764 END
START -3080 10284 17524 4518 2752 8856 END
START -2984 10128 17756 4368 2414 8895 END
START -3036 10180 17380 4199 2067 8936 END
START -2940 10228 17208 4061 1750 8987 END
START -2788 10164 16756 3953 1605 9045 END
START -2676 10320 16300 3775 1506 9109 END
START -2624 10280 16032 3582 1521 9168 END
START -2476 10232 15872 3376 1597 9226 END
START -2492 10204 15716 3196 1785 9242 END
START -2504 10044 15592 2975 1962 9240 END
START -2668 9904 15780 2738 2096 9191 END
START -2796 9744 15904 2506 2219 9105 END
START -2968 9444 16120 2250 2257 9037 END
START -3032 9496 16316 2012 2252 8829 END
START -3212 9332 16748 1805 2142 8697 END
START -3380 9492 17128 1574 1981 8549 END
START -3336 9620 17388 1365 1734 8419 END
START -3344 9652 17628 1095 1452 8306 END
START -3368 9640 17764 834 1116 8226 END
START -3364 9784 17956 630 755 8112 END
START -3248 9876 17936 340 449 8088 END
START -3316 9940 17724 123 141 7999 END
START -3180 10240 17524 -121 -154 7951 END
START -3044 10340 17612 -317 -434 7965 END
START -2836 10324 17692 -535 -659 7973 END
START -2436 10340 17396 -714 -858 7979 END
START -2244 10324 17552 -899 -988 8027 END
START -2176 10284 17844 -1088 -1158 8025 END
START -1996 10536 17944 -1346 -1261 8060 END
START -1692 10340 18028 -1648 -1407 8061 END
START -1524 10356 18316 -2023 -1533 8047 END
START -1436 10340 18472 -2484 -1694 8044 END
START -1420 10552 18620 -2978 -1843 8036 END
START -1188 10676 18844 -3444 -2002 7997 END
START -1212 10684 19024 -3958 -2137 8003 END
START -1108 10784 19264 -4404 -2364 8017 END
START -1016 11096 19320 -4850 -2569 8093 END
START -1124 11408 19636 -5318 -2777 8205 END
START -1404 11724 19792 -5741 -3016 8337 END
START -1496 11828 20004 -6151 -3285 8516 END
START -1708 12028 20592 -6551 -3602 8730 END
START -2072 12548 20992 -6909 -3893 8984 END
START -2736 12360 22468 -7075 -4487 9385 END
START -2668 12756 22760 -7336 -5112 9763 END
START -2728 12788 22680 -7972 -5651 9882 END
START -3128 12504 23136 -8735 -6285 9867 END
START -3440 12272 23680 -9663 -6971 9826 END
START -3644 12280 24020 -10638 -7692 9773 END
START -3676 12232 24052 -11611 -8334 9732 END
START -3772 12444 23940 -12579 -8949 9669 END
START -3832 12560 23836 -13533 -9433 9624 END
START -4024 12560 23396 -14433 -9864 9575 END
START -4216 12576 23232 -15262 -10282 9539 END
START -4276 12448 22392 -16096 -10597 9442 END
START -4564 12016 21884 -16834 -10960 9279 END
START -4592 11904 21344 -17492 -11238 9051 END
START -4876 11668 20708 -18009 -11563 8732 END
START -4884 11324 19984 -18349 -11792 8417 END
START -4892 11144 19340 -18564 -12028 8075 END
START -4744 10632 18192 -18676 -12156 7713 END
START -4772 10568 17680 -18651 -12207 7332 END
START -4752 10432 16872 -18630 -12170 7022 END
START -4788 10380 16192 -18531 -12064 6661 END
START -4768 10296 15528 -18390 -11893 6347 END
START -4780 10108 14908 -18283 -11741 6036 END
START -4764 10116 14344 -18039 -11503 5692 END
START -4504 9960 13840 -17814 -11285 5462 END
START -4336 9736 13208 -17502 -10904 5191 END
START -4316 9688 12712 -17195 -10529 4929 END
START -4116 9476 11984 -16874 -10137 4706 END
START -4036 9504 11572 -16474 -9640 4432 END
START -3804 9364 11220 -16093 -9233 4182 END
START -3672 9104 10776 -15675 -8773 3967 END
START -3680 8700 10516 -15223 -8290 3760 END
START -3552 8552 10216 -14721 -7819 3575 END
START -3608 8384 10056 -14199 -7436 3355 END
START -3460 8080 9728 -13660 -7011 3150 END
START -3476 7828 9592 -13068 -6649 2932 END
START -3524 7640 9444 -12468 -6231 2736 END
START -3424 7504 9476 -11860 -5921 2533 END
START -3136 7516 9364 -11216 -5512 2400 END
START -2956 7564 9224 -10620 -5090 2231 END
START -2860 7644 9072 -10095 -4625 2154 END
START -2812 7620 9260 -9629 -4194 2113 END
START -2876 7540 9248 -9220 -3729 2065 END
START -2712 7556 9088 -8872 -3282 2060 END
START -2728 7540 9128 -8579 -2750 2083 END
START -2736 7640 9160 -8289 -2230 2077 END
START -2788 7584 9060 -8073 -1691 2085 END
START -2700 7584 9192 -7891 -1167 2100 END
START -2984 7472 9224 -7742 -641 2149 END
START -3060 7536 9284 -7652 -178 2165 END
START -3056 7428 9164 -7572 270 2199 END
START -3348 7400 9440 -7475 662 2216 END
START -3428 7284 9576 -7348 955 2224 END
START -3784 7116 9640 -7180 1191 2227 END
START -3900 6916 9796 -6925 1387 2232 END
START -4044 6636 9992 -6659 1523 2225 END
START -4228 6536 10008 -6342 1612 2128 END
START -4312 6360 10032 -6026 1638 2102 END
START -4480 6164 10176 -5667 1625 1940 END
START -4748 6116 10052 -5337 1527 1808 END
START -4560 6188 10044 -5010 1374 1683 END
START -4624 6240 10124 -4662 1178 1517 END
START -4492 6284 10024 -4326 1048 1352 END
START -4376 6248 10024 -3976 946 1234 END
START -4076 6180 9792 -3634 919 1148 END
START -3748 6076 9780 -3298 950 1007 END
START -3476 6076 9844 -2983 1056 930 END
START -3188 6028 9896 -2690 1222 803 END
START -3080 6168 9924 -2455 1464 696 END
START -2840 6284 9956 -2245 1671 596 END
START -2644 6408 10044 -2043 1945 546 END
START -2592 6608 10376 -1877 2136 490 END
START -2556 6700 10380 -1686 2362 473 END
START -2468 6900 10672 -1592 2568 482 END
START -2460 6960 10840 -1458 2717 458 END
START -2376 7088 11048 -1341 2861 492 END
START -2368 7108 11272 -1255 2939 454 END
START -2260 7176 11564 -1174 2998 485 END
START -2456 7192 11852 -1106 2981 461 END
START -2436 7120 12032 -1094 2912 491 END
START -2548 7176 12184 -1063 2821 452 END
START -2512 7072 12652 -1044 2682 444 END
START -2640 7000 12708 -989 2534 376 END
START -2680 6888 12852 -931 2289 333 END
START -2836 6700 13048 -867 2118 251 END
START -2772 6648 13212 -826 1854 177 END
START -2824 6504 13372 -800 1648 84 END
START -2868 6408 13308 -784 1438 -42 END
START -2952 6316 13324 -821 1251 -159 END