START -8932 -2148 6960 -2291 5552 11356 END
START -9572 -2952 7232 -2076 5392 10748 END
START -10136 -3328 7304 -1885 5161 9982 END
START -10464 -3624 7184 -1736 5060 9157 END
START -10720 -3904 7172 -1616 5013 8320 END
START -10964 -4056 6968 -1551 5078 7428 END
START -11224 -4136 6720 -1450 5252 6523 END
START -11348 -4284 6632 -1428 5368 5670 END
START -11596 -4308 6464 -1352 5588 4765 END
START -11752 -4236 6532 -1240 5888 3926 END
START -11892 -4032 6376 -1092 6171 3087 END
START -12088 -4216 6492 -907 6505 2218 END
START -12100 -4072 6556 -705 6823 1437 END
START -12348 -4016 6860 -437 7160 663 END
START -12476 -3908 7012 -194 7417 2 END
START -12700 -3748 7324 108 7638 -580 END
START -13084 -3720 7692 471 7784 -1159 END
START -13332 -3572 7992 843 7888 -1696 END
START -13764 -3488 8512 1269 7866 -2209 END
START -14128 -3336 8932 1778 7839 -2733 END
START -14344 -3544 9552 2250 7656 -3224 END
START -14700 -3772 10192 2775 7417 -3785 END
START -14860 -3964 10796 3267 7117 -4345 END
START -15180 -4004 11404 3754 6695 -4922 END
START -15488 -3780 11972 4133 6184 -5502 END
START -15752 -3492 12620 4503 5509 -6084 END
START -15804 -3440 12992 4789 4741 -6639 END
START -15920 -3240 13528 5012 3924 -7115 END
START -15748 -3048 13724 5181 3105 -7537 END
START -15668 -2888 14060 5326 2313 -7879 END
START -15504 -2668 14064 5396 1531 -8154 END
START -15312 -2448 14176 5477 826 -8427 END
START -15108 -2288 14156 5451 233 -8672 END
START -14904 -2200 14264 5447 -426 -8865 END
START -14840 -2176 14196 5372 -1031 -9072 END
START -14668 -2144 14256 5284 -1619 -9268 END
START -14332 -2300 14240 5137 -2226 -9457 END
START -14044 -2364 14048 5001 -2786 -9709 END
START -13708 -2420 13724 4881 -3196 -9956 END
START -13496 -2432 13496 4781 -3523 -10247 END
START -13232 -2540 13044 4702 -3794 -10542 END
START -13052 -2744 12840 4592 -3978 -10883 END
START -12820 -2708 12660 4506 -4052 -11219 END
START -12568 -2824 12308 4413 -4065 -11603 END
START -12284 -2788 11860 4328 -3966 -11993 END
START -11996 -2732 11384 4271 -3792 -12363 END
START -11732 -2648 11076 4245 -3475 -12804 END
START -11380 -2640 10644 4205 -3049 -13182 END
START -11092 -2608 10532 4187 -2587 -13619 END
START -10796 -2636 10192 4196 -1976 -14030 END
START -10548 -2784 10044 4213 -1398 -14468 END
START -10376 -2728 10152 4281 -791 -14890 END
START -10216 -2624 10048 4380 -215 -15312 END
START -10028 -2500 10056 4454 324 -15730 END
START -9856 -2392 10244 4619 810 -16133 END
START -9848 -2316 10252 4801 1236 -16493 END
START -9624 -2180 10492 5010 1594 -16848 END
START -9524 -2124 10664 5308 1866 -17213 END
START -9332 -1876 11108 5634 2082 -17567 END
START -9128 -1900 11244 6011 2170 -17894 END
START -9024 -1664 11384 6412 2276 -18257 END
START -8748 -1384 11632 6778 2269 -18599 END
START -8468 -1208 12124 7139 2117 -18949 END
START -8192 -904 12564 7463 1834 -19269 END
START -7896 -552 12852 7788 1504 -19561 END
START -7320 -100 13140 8094 1136 -19768 END
START -6900 332 13704 8378 741 -19887 END
START -6224 844 14008 8664 394 -19952 END
START -5492 1396 14236 8889 96 -19930 END
START -4668 1660 14528 9054 -134 -19851 END
START -4032 1984 14656 9166 -268 -19690 END
START -3244 2240 15020 9185 -354 -19439 END
START -2612 2616 15108 9111 -329 -19212 END
START -2360 2752 15108 8980 -271 -18961 END
START -1780 3048 15444 8770 -155 -18679 END
START -1488 3276 15508 8517 -30 -18413 END
START -968 3396 15784 8256 144 -18192 END
START -672 3672 15900 7958 277 -17931 END
START -360 3768 16048 7635 494 -17701 END
START -184 3856 16336 7341 655 -17471 END
START 368 3872 16472 7048 822 -17304 END
START 652 4016 16596 6771 995 -17122 END
START 896 4072 16796 6485 1147 -16934 END
START 1136 4140 16976 6220 1306 -16717 END
START 1292 4172 17024 5977 1412 -16541 END
START 1540 4300 17064 5768 1527 -16392 END
START 1804 4460 17048 5584 1583 -16206 END
START 1928 4528 17020 5464 1638 -16044 END
START 2176 4496 17072 5379 1706 -15849 END
START 2412 4600 17112 5282 1806 -15697 END
START 2696 4624 17064 5288 1882 -15480 END
START 2872 4544 17164 5220 1952 -15270 END
START 3068 4596 17024 5248 2099 -15104 END
START 3440 4976 17000 5270 2237 -14925 END
START 3768 5132 17012 5279 2424 -14730 END
START 3932 5384 16920 5292 2629 -14574 END
START 4328 5576 17020 5301 2853 -14360 END
START 4564 5856 17112 5241 3099 -14126 END
START 4888 6040 17072 5157 3354 -13921 END
START 5260 6412 17468 5047 3611 -13687 END
START 5780 6444 17272 4900 3882 -13424 END
START 6312 6560 17388 4706 4185 -13105 END
START 6860 6532 17692 4477 4473 -12711 END
START 7340 6564 17712 4226 4774 -12276 END
START 7576 6584 18332 3969 5012 -11776 END
START 7808 6620 18664 3764 5093 -11293 END
START 7996 6840 19124 3536 5069 -10766 END
START 8264 6972 19652 3333 4951 -10202 END
START 8556 7076 20004 3145 4709 -9641 END
START 8604 7332 20264 2977 4420 -9077 END
START 8932 7412 20636 2776 4070 -8473 END
START 9288 7648 21088 2592 3697 -7893 END
START 9644 7664 21312 2396 3285 -7199 END
START 10044 7928 21372 2183 2852 -6534 END
START 10340 8064 21448 1991 2499 -5829 END
START 10596 8152 21464 1759 2074 -5064 END
START 10920 8472 21376 1533 1668 -4258 END
START 11080 8756 21528 1277 1316 -3400 END
START 11460 8912 21232 1043 1050 -2538 END
START 11620 9156 21240 760 867 -1591 END
START 11828 9208 21068 520 745 -690 END
START 11880 9252 20828 237 683 232 END
START 11900 9384 20728 -10 702 1109 END
START 11768 9404 20724 -291 741 2031 END
START 11488 9372 20532 -581 765 2889 END
START 11224 9388 20668 -854 792 3773 END
START 11056 9408 20688 -1133 868 4657 END
START 10728 9260 20564 -1405 943 5521 END
START 10388 9168 20680 -1712 1063 6355 END
START 9944 8784 20624 -2042 1126 7186 END
START 9416 8588 20836 -2415 1256 8004 END
START 8908 8144 20732 -2774 1310 8747 END
START 8504 7708 20712 -3142 1447 9421 END
START 7956 7188 20720 -3618 1528 10128 END
START 7308 6820 20608 -4079 1630 10688 END
START 6628 6248 20476 -4504 1708 11163 END
START 5860 5696 20472 -4989 1734 11545 END
START 5132 5376 20316 -5463 1789 11844 END
START 4648 5056 20256 -5895 1762 12075 END
START 4016 4652 20168 -6372 1753 12221 END
START 3536 4544 19796 -6784 1757 12488 END
START 3060 4144 19792 -7128 1708 12517 END
START 2532 3820 19496 -7467 1702 12750 END
START 2012 3508 19352 -7793 1677 12838 END
START 1500 3280 19236 -8043 1674 12853 END
START 1056 3156 19164 -8317 1650 13015 END
START 560 2832 18916 -8565 1615 13159 END
START -88 2464 18872 -8785 1443 13304 END
START -304 2252 19016 -9047 1286 13355 END
START -744 1860 18804 -9276 1091 13410 END
START -1392 1672 19072 -9504 866 13412 END
START -1984 1296 18788 -9739 547 13449 END
START -2696 1048 18672 -9937 221 13409 END
START -3336 536 18768 -10095 -185 13308 END
START -4004 132 18600 -10248 -569 13139 END
START -4612 -536 18288 -10366 -921 12887 END
START -5116 -848 17716 -10500 -1239 12584 END
START -5584 -1476 17180 -10575 -1437 12318 END
START -6156 -1844 16992 -10686 -1589 11835 END
START -6652 -2368 16312 -10767 -1709 11329 END
START -7172 -2784 15992 -10849 -1697 10768 END
START -7764 -3184 15352 -10935 -1576 10133 END
START -8144 -3456 15120 -11019 -1416 9407 END
START -8652 -3848 14788 -11111 -1288 8642 END
START -9248 -4384 14296 -11201 -1056 7787 END
START -9628 -4836 14000 -11292 -861 6869 END
START -9984 -5192 13680 -11352 -634 5885 END
START -10312 -5564 13272 -11439 -425 4862 END
START -10492 -5812 12916 -11442 -223 3850 END
START -10652 -6024 12524 -11466 -9 2797 END
START -10752 -6256 12328 -11432 175 1786 END
START -10776 -6352 11828 -11342 406 741 END
START -10844 -6308 11404 -11233 551 -253 END
START -10792 -6208 11220 -11054 615 -1265 END
START -10912 -6196 10728 -10834 729 -2230 END
START -10512 -6140 10444 -10586 825 -3141 END
START -10148 -6052 9940 -10277 889 -3990 END
START -9756 -5764 9600 -9963 1045 -4810 END
START -9448 -5572 9172 -9622 1088 -5531 END
START -9024 -5156 8536 -9275 1169 -6184 END
START -8500 -4660 8284 -8919 1261 -6736 END
START -7984 -4280 7912 -8554 1322 -7191 END
START -7604 -3828 7356 -8168 1383 -7532 END
START -7052 -3464 7144 -7773 1396 -7810 END
START -6548 -3160 6780 -7356 1369 -7987 END
START -6048 -2816 6464 -6906 1306 -8143 END
START -5452 -2660 6040 -6402 1258 -8211 END
START -4996 -2524 5804 -5860 1229 -8220 END
START -4476 -1924 5648 -5299 1139 -8230 END
START -4240 -1684 5348 -4712 1048 -8162 END
START -3908 -1288 5196 -4057 866 -8006 END
START -3348 -896 5088 -3438 774 -7799 END
START -2812 -696 4992 -2768 678 -7505 END
START -2436 -488 4956 -2131 649 -7076 END
START -2152 -384 4628 -1480 523 -6638 END
START -1828 -52 4840 -815 539 -6086 END
START -1552 52 4720 -233 563 -5560 END
START -1456 156 4772 329 598 -4995 END
START -1320 408 4672 858 670 -4483 END
START -1312 604 4772 1308 773 -3938 END
START -1428 848 4924 1645 858 -3471 END
START -1428 916 4932 1954 911 -3030 END
START -1416 1044 5020 2208 993 -2621 END
START -1352 1140 5216 2472 1056 -2205 END
START -1356 1308 5228 2681 1099 -1823 END
START -1480 1332 5224 2884 1155 -1466 END
START -1376 1280 5156 3096 1244 -1165 END
START -1516 1320 5348 3372 1295 -853 END
START -1412 1352 5360 3638 1373 -616 END
START -1292 1304 5112 3895 1377 -421 END
START -1260 1420 5076 4218 1436 -235 END
START -1020 1600 5036 4522 1443 -20 END
START -788 1560 4808 4850 1512 181 END
START -540 1780 4452 5197 1631 419 END
START -100 1900 4348 5550 1780 711 END
START 220 2140 3904 5921 1945 991 END
START 420 2332 3796 6320 2172 1342 END
START 832 2536 3836 6763 2455 1792 END
START 1036 2728 3596 7137 2730 2233 END
START 1228 2988 3572 7584 3063 2800 END
START 1520 3076 3508 8023 3425 3357 END
START 1792 3296 3408 8446 3794 3951 END
START 1632 3500 3464 8904 4242 4597 END
START 1900 3604 3684 9347 4671 5253 END
START 1796 3896 3868 9796 5104 5994 END
START 1420 4112 4248 10235 5508 6693 END
START 1288 4252 4588 10647 5790 7428 END
START 1004 4388 4972 11054 5985 8177 END
START 780 4452 5336 11393 6124 8886 END
START 540 4364 5680 11771 6213 9581 END
START 472 4440 5800 12177 6209 10195 END
START 116 4484 6156 12368 6266 10764 END
START -188 4576 6360 12781 6184 11306 END
START -408 4660 6468 13060 6104 11806 END
START -528 4764 6688 13365 6015 12331 END
START -468 4888 6752 13632 5986 12684 END
START -588 4844 6692 13878 5992 13099 END
START -672 4780 6760 14122 6030 13640 END
START -904 4776 6840 14359 6103 14035 END
START -1148 4764 6856 14655 6135 14452 END
START -1424 4712 7152 14905 6213 14801 END
START -1708 4640 7164 15228 6313 15121 END
START -2304 4712 7336 15565 6419 15368 END
START -2596 4696 7648 15873 6514 15563 END
START -2936 4648 7760 16187 6604 15678 END
START -3356 4796 8032 16449 6765 15798 END
START -3732 4652 8260 16739 6865 15858 END
START -4184 4652 8812 16969 6976 15953 END
START -4668 4516 9216 17222 7000 15936 END
START -5372 4484 9816 17458 6981 15903 END
START -5892 4196 10260 17674 6826 15753 END
START -6300 4192 10688 17863 6606 15551 END
START -6468 3976 11172 18021 6388 15322 END
START -6760 3884 11636 18136 6161 14995 END
START -6892 3784 12012 18208 5900 14646 END
START -7128 3696 12296 18241 5629 14324 END
START -7204 3680 12516 18207 5352 13983 END
START -7260 3924 12836 18137 5103 13653 END
START -7392 4216 12824 17988 4896 13376 END
START -7524 4312 12792 17886 4770 13129 END
START -7596 4416 12752 17696 4702 12696 END
START -7468 4328 12532 17515 4753 12570 END
START -7360 4436 12708 17333 4850 12192 END
START -7404 4500 12452 17151 5040 11994 END
START -7444 4624 12444 16927 5329 11738 END
START -7684 4768 12452 16766 5540 11521 END
START -7696 4648 12616 16640 5758 11287 END
START -7888 4504 12560 16510 5960 10955 END
START -8060 4332 12612 16449 6134 10682 END
START -8020 4364 12844 16448 6184 10295 END
START -8228 4276 13100 16464 6167 9930 END
START -8228 4376 13220 16588 6105 9507 END
START -8112 4508 13424 16691 6004 9132 END
START -8068 4712 13656 16894 5839 8734 END
START -8236 4820 13900 17091 5550 8377 END
START -8292 5024 14232 17326 5183 8026 END
START -8484 5304 14740 17564 4774 7682 END
START -8556 5532 15140 17843 4256 7324 END
START -8520 5972 15308 18091 3800 7023 END
START -8324 6392 15768 18278 3342 6730 END
START -8224 6716 15824 18464 2952 6527 END
START -8076 7056 16128 18515 2703 6355 END
START -7996 7348 16648 18521 2416 6251 END
START -7920 7544 17008 18444 2215 6199 END
START -7976 7676 17512 18333 2006 6156 END
START -8020 7752 17892 18071 1835 6163 END
START -7936 7968 18384 17751 1657 6091 END
START -8000 7980 18696 17318 1484 5996 END
START -7816 7844 18972 16845 1275 5845 END
START -7828 7668 19272 16272 1142 5600 END
START -7636 7584 19316 15658 1034 5341 END
START -7296 7456 19200 15005 965 5047 END
START -7136 7388 19152 14314 947 4735 END
START -6884 7568 18924 13641 948 4448 END
START -6768 7676 18860 12979 1022 4176 END
START -6604 7924 18476 12420 1030 3987 END
START -6556 8156 18028 12013 1182 3778 END
START -6300 8580 17588 11503 1294 3669 END
START -6256 8764 17332 11251 1463 3608 END
START -6184 8716 17084 11123 1538 3592 END
START -6260 8820 17056 11116 1617 3611 END
START -6072 9500 16656 11180 1639 3619 END
START -5884 9948 16440 11423 1705 3647 END
START -5724 10044 16668 11721 1804 3690 END
START -5660 9944 16776 11869 1893 3811 END
START -5604 9932 17236 12208 1849 3979 END
START -5828 9912 17640 12410 1719 4197 END
START -5728 10000 18040 12529 1520 4370 END
START -5824 10008 18380 12513 1304 4434 END
START -5692 10224 18516 12359 1132 4457 END
START -5600 10220 18608 11956 928 4457 END
START -5520 10044 18756 11798 734 4404 END
START -5372 9940 18384 11371 585 4421 END
START -5260 9776 18336 11052 540 4361 END
START -5100 9640 18228 10761 526 4334 END
START -5056 9564 17928 10449 566 4201 END
START -5156 9564 17812 10197 582 4078 END
START -5024 9508 17660 9932 625 3872 END
START -4916 9556 17624 9666 643 3650 END
START -4852 9692 17296 9424 737 3475 END
START -4752 9696 17032 9251 827 3309 END
START -4628 9840 17056 9055 1005 3189 END
START -4544 10004 16688 8936 1223 3114 END
START -4420 10164 16608 8801 1448 3104 END
START -4316 10308 16696 8736 1724 3129 END
START -4312 10448 16668 8659 1987 3173 END
START -4436 10780 16896 8598 2153 3242 END
START -4340 10876 17296 8493 2298 3360 END
START -4416 10932 17620 8418 2342 3474 END
START -4636 10872 18300 8322 2288 3622 END
START -4680 10752 18708 8173 2128 3741 END
START -4768 10820 19196 8028 1816 3847 END
START -4724 10888 19488 7789 1534 3908 END
START -4736 11076 19784 7550 1158 3978 END
START -4696 11272 19764 7275 816 4048 END
START -4560 11340 19700 6993 435 4129 END
START -4404 11344 19700 6704 163 4242 END
START -4168 11580 19556 6396 -100 4342 END
START -3868 11616 19140 6093 -314 4414 END
START -3832 11520 18848 5867 -417 4445 END
START -3424 11496 18380 5688 -488 4490 END
START -3420 11296 18264 5472 -461 4517 END
START -3208 11220 18112 5344 -486 4511 END
START -3120 11012 17868 5210 -444 4530 END
START -2952 11124 17816 5055 -389 4542 END
START -2796 11132 17664 4930 -297 4561 END
START -2676 11164 17900 4771 -197 4607 END
START -2712 11232 17992 4616 -71 4657 END
START -2588 11268 18092 4418 13 4714 END
START -2692 11108 18028 4153 59 4756 END
START -2616 11168 17996 3866 115 4826 END
START -2476 10960 18232 3569 122 4901 END
START -2360 10812 18424 3243 188 4944 END
START -2368 10716 18396 2928 179 4959 END
START -2332 10652 18516 2593 177 4966 END
START -2244 10628 18592 2262 117 4958 END
START -2312 10516 18700 1939 53 4954 END
START -2128 10440 18628 1597 -63 4924 END
START -2008 10500 18732 1290 -182 4935 END
START -1728 10548 18512 1044 -292 4954 END
START -1552 10496 18292 760 -367 4958 END
START -1304 10468 18296 500 -403 4985 END
START -992 10636 18120 284 -366 5038 END
START -876 10700 18036 65 -294 5149 END
START -760 10768 17992 -186 -127 5229 END
START -716 10792 18048 -409 -1 5414 END
START -660 10956 18308 -654 113 5593 END
START -852 11088 18496 -907 179 5805 END
START -1024 11196 18820 -1148 221 6022 END
START -1144 11200 19056 -1447 197 6259 END
START -1452 11124 19476 -1720 30 6458 END
START -1488 11076 19652 -2023 -146 6682 END
START -1680 11100 19952 -2329 -346 6923 END
START -2092 10872 20332 -2644 -621 7163 END
START -2380 10584 20732 -2955 -984 7314 END
START -2668 10548 21260 -3281 -1420 7427 END
START -2872 10296 21380 -3650 -1949 7518 END
START -2948 10228 21584 -4035 -2500 7606 END
START -3152 10264 21540 -4407 -3068 7670 END
START -3224 10164 21680 -4841 -3600 7696 END
START -3244 10088 21320 -5291 -4126 7709 END
START -3156 9908 20912 -5774 -4636 7729 END
START -3048 9844 20808 -6274 -5029 7700 END
START -3064 9764 20268 -6659 -5246 7677 END
START -2880 9732 19992 -7078 -5436 7702 END
START -2984 9516 19860 -7453 -5519 7694 END
START -3008 9536 19780 -7834 -5534 7723 END
START -3064 9308 19684 -8273 -5426 7717 END
START -3100 9232 19612 -8746 -5273 7645 END
START -3076 9292 19920 -9292 -5030 7590 END
START -3240 9288 19856 -9915 -4842 7456 END
START -3412 9320 19968 -10636 -4693 7307 END
START -3544 9308 20192 -11412 -4572 7120 END
START -3588 9368 20100 -12140 -4493 6890 END
START -3772 9360 20012 -12805 -4428 6671 END
START -3900 9436 19876 -13391 -4443 6466 END
START -3976 9436 19852 -13887 -4467 6263 END
START -4028 9220 19796 -14257 -4588 6116 END
START -4044 9148 19640 -14526 -4777 5938 END
START -4180 9048 19608 -14690 -4954 5790 END
START -4308 9108 19608 -14804 -5184 5666 END
START -4592 9168 19680 -14863 -5491 5520 END
START -4720 9184 19604 -14918 -5779 5400 END
START -4892 9072 19788 -15004 -6059 5257 END
START -5100 8928 19592 -15104 -6425 5126 END
START -5176 8804 19628 -15238 -6768 4995 END
START -5156 8824 19504 -15390 -7094 4875 END
START -5300 8620 19312 -15444 -7399 4817 END
START -4812 8624 18620 -15510 -7653 4769 END
START -4912 8436 18684 -15758 -7780 4497 END
START -4964 8452 18544 -16060 -7850 4234 END
START -4936 8208 18196 -16377 -7832 3935 END
START -4940 8152 17556 -16710 -7773 3620 END
START -4972 8040 17244 -17050 -7622 3282 END
START -4696 7980 16840 -17298 -7456 2979 END
START -4664 7964 16352 -17513 -7179 2670 END
START -4588 7920 15916 -17658 -6868 2402 END
START -4244 8052 15228 -17722 -6472 2148 END
START -4272 8168 14804 -17741 -6015 1968 END
START -4136 8228 14580 -17737 -5554 1795 END
START -3984 8280 14212 -17713 -5052 1611 END
START -3808 8532 13740 -17692 -4545 1542 END
START -3516 8544 13584 -17638 -4044 1462 END
START -3332 8408 13272 -17621 -3549 1441 END
START -3112 8576 12948 -17554 -3073 1448 END
START -3080 8636 12716 -17468 -2605 1504 END
START -2900 8672 12640 -17354 -2164 1529 END
START -2920 8660 12392 -17136 -1852 1577 END
START -2936 8668 12324 -16948 -1593 1591 END
START -2996 8548 12296 -16648 -1366 1661 END
START -3156 8408 11976 -16314 -1293 1741 END
START -2976 8288 11684 -15922 -1152 1788 END
START -2924 8368 11504 -15514 -1091 1861 END
START -3016 8220 11216 -15052 -1056 1931 END
START -2924 8096 11164 -14537 -1032 2027 END
START -2844 8076 10824 -13999 -1002 2116 END
START -2712 7792 10696 -13477 -1006 2215 END
START -2620 7624 10524 -12906 -968 2311 END
START -2708 7528 10468 -12373 -962 2438 END
START -2808 7456 10408 -11823 -1008 2582 END
START -2864 7548 10348 -11307 -1071 2723 END
START -2972 7724 10048 -10834 -1126 2873 END
START -2960 7904 9896 -10346 -1148 3066 END
START -3004 7840 9884 -9929 -1183 3244 END
START -3108 7572 9516 -9536 -1195 3418 END
START -3172 7440 9312 -9140 -1269 3596 END
START -3148 7300 9180 -8749 -1273 3752 END
START -3368 7056 9032 -8331 -1318 3847 END
START -3624 6912 8708 -7905 -1370 3920 END
START -3752 6824 8492 -7463 -1348 3929 END
START -3736 6764 8124 -7002 -1358 3972 END
START -3792 6496 7792 -6483 -1335 3932 END
START -3832 6376 7464 -6015 -1279 3896 END
START -4080 6200 7236 -5489 -1249 3852 END
START -4068 6092 6952 -4918 -1158 3802 END
START -4220 5728 6820 -4317 -1026 3673 END
START -4064 5444 6484 -3693 -798 3558 END
START -4008 5260 6548 -3076 -617 3397 END
START -3924 5180 6452 -2464 -291 3184 END
START -3780 5224 6520 -1874 67 2980 END
START -3780 5252 6648 -1404 410 2818 END
START -3580 5380 6760 -987 766 2623 END
START -3572 5600 6940 -680 1113 2462 END
START -3284 5820 7336 -419 1414 2397 END
START -3288 6052 7464 -240 1651 2317 END
START -3216 6052 7600 -92 1934 2304 END
START -3160 6172 7792 71 2082 2328 END
START -3084 6312 8100 218 2265 2356 END
START -3260 6596 8360 367 2400 2452 END
START -3076 6688 8616 499 2506 2504 END
START -3088 6752 8992 602 2559 2588 END
START -3152 6724 9284 696 2560 2692 END
START -3288 6952 9408 780 2496 2794 END
START -3200 6948 9716 829 2470 2861 END
START -3224 6936 9700 859 2369 2958 END
START -3420 6608 10140 860 2281 3042 END
START -3400 6524 10200 839 2163 3065 END
START -3556 6284 10264 879 2092 3061 END
START -3676 6320 10456 889 1951 3000 END
START -3804 6100 10444 918 1859 2957 END
START -3824 6020 10560 1009 1730 2891 END
START -3884 6000 10784 1137 1639 2810 END
START -4072 5876 10900 1254 1466 2740 END
START -4144 5748 11032 1431 1337 2606 END
START -4276 5672 11396 1573 1185 2525 END
START -4400 5500 11424 1726 1063 2373 END
START -4412 5540 11632 1844 928 2221 END
START -4372 5336 11956 1937 810 2054 END
START -4456 5276 12100 1985 690 1842 END
START -4412 5176 12340 1994 561 1656 END
START -4404 5136 12380 1980 509 1435 END
START -4440 5180 12752 1933 425 1160 END
START -4492 5076 12864 1890 398 924 END
START -4444 5140 13044 1792 396 646 END