START -3180 1360 10604 -9597 1439 -285 END
START -1832 928 7772 -9765 737 -507 END
START -3344 660 8952 -9883 1259 -612 END
START -3132 444 9336 -9981 1821 -714 END
START -3608 348 9892 -9981 2345 -840 END
START -4152 112 9972 -10028 2582 -920 END
START -4764 188 10000 -10032 2617 -1019 END
START -4904 312 9948 -10037 2432 -1092 END
START -4764 336 9848 -9978 2409 -1210 END
START -4504 328 9568 -9848 2498 -1259 END
START -4168 708 9084 -9692 2637 -1290 END
START -4004 780 8876 -9540 2867 -1291 END
START -4104 1196 8896 -9419 2968 -1205 END
START -4268 1292 8772 -9249 3012 -1072 END
START -4364 1264 8848 -9131 3054 -887 END
START -4104 1196 8648 -8916 3148 -635 END
START -3844 1068 8612 -8667 3282 -356 END
START -3820 1016 8528 -8316 3384 -86 END
START -3840 820 8480 -7884 3535 139 END
START -3812 816 8624 -7319 3583 307 END
START -3820 556 8556 -6718 3579 528 END
START -3768 208 8756 -6069 3515 643 END
START -3384 -76 8720 -5260 3641 704 END
START -3520 -216 8628 -4531 3760 744 END
START -3608 -160 8672 -3769 3702 746 END
START -3792 108 8764 -3044 3548 738 END
START -3820 140 8924 -2341 3282 734 END
START -3680 136 8976 -1745 3081 740 END
START -3464 196 9060 -1169 2883 696 END
START -3376 184 9060 -679 2733 673 END
START -3424 264 8972 -262 2560 649 END
START -3144 264 9020 128 2435 571 END
START -3296 392 9152 445 2286 511 END
START -3184 520 9016 670 2197 417 END
START -3004 620 9048 848 2098 337 END
START -2968 820 8816 926 2003 224 END
START -2972 1084 8772 1014 2021 156 END
START -3004 1284 8728 1042 1961 98 END
START -3144 1332 8616 1155 1990 40 END
START -3100 1540 8544 1254 1959 11 END
START -3064 1476 8440 1378 2012 -6 END
START -3096 1428 8668 1463 2050 -41 END
START -3140 1584 9020 1562 1979 -77 END
START -3188 1660 9080 1587 1899 -117 END
START -3132 1656 9232 1677 1723 -130 END
START -3224 1796 9240 1671 1475 -113 END
START -3268 1740 9376 1698 1270 -145 END
START -3144 1532 8964 1739 1016 -128 END
START -3020 1576 8536 1829 866 -123 END
START -2608 1344 8360 1916 751 -191 END
START -2336 1156 7864 1995 711 -223 END
START -2040 972 7660 2130 815 -276 END
START -1936 1004 7492 2216 944 -325 END
START -1996 1228 7176 2332 1074 -330 END
START -1840 1204 7056 2446 1150 -322 END
START -1856 1324 7008 2541 1275 -239 END
START -1888 1260 7012 2647 1373 -195 END
START -1724 1204 6820 2780 1414 -92 END
START -1684 1152 6956 2925 1459 27 END
START -1576 980 6816 3160 1466 129 END
START -1336 872 6708 3307 1539 230 END
START -1232 900 6820 3395 1668 290 END
START -1296 1064 6888 3463 1646 421 END
START -1416 1092 6996 3531 1616 558 END
START -1360 1108 7076 3582 1505 757 END
START -1408 1020 6988 3761 1463 932 END
START -1408 948 6852 3952 1498 1118 END
START -1456 864 6524 4256 1569 1192 END
START -1636 808 6308 4610 1589 1331 END
START -1728 652 6164 4998 1663 1425 END
START -1676 560 6172 5411 1696 1494 END
START -1852 556 6420 5839 1748 1487 END
START -2052 816 6280 6241 1695 1542 END
START -2348 1012 6124 6591 1623 1562 END
START -2476 1176 6164 6981 1558 1597 END
START -2560 1324 6268 7312 1478 1662 END
START -2552 1272 6232 7660 1461 1713 END
START -2560 1464 6156 8001 1442 1782 END
START -2632 1444 6176 8341 1423 1779 END
START -2812 1576 6224 8707 1478 1781 END
START -3032 1768 6424 9033 1435 1793 END
START -3204 1856 6664 9344 1420 1744 END
START -3204 1952 6780 9635 1352 1726 END
START -3224 2112 7036 9918 1342 1728 END
START -3540 2228 7128 10103 1297 1653 END
START -3440 2336 7156 10300 1235 1617 END
START -3552 2460 7460 10421 1121 1546 END
START -3552 2428 7344 10575 1012 1448 END
START -3216 2476 7420 10690 1066 1359 END
START -3120 2580 7564 10815 1112 1248 END
START -3100 2800 7700 10966 1145 1163 END
START -3156 3088 7540 11104 1202 1099 END
START -3056 3276 7720 11225 1242 1050 END
START -2912 3512 7588 11474 1288 1012 END
START -2664 3552 7748 11647 1405 1000 END
START -2676 3688 7792 11789 1492 1025 END
START -2568 3888 8024 11675 1572 1050 END
START -2644 4248 8100 12093 1561 1116 END
START -2592 4544 8220 12149 1595 1228 END
START -2568 4716 8396 12142 1622 1381 END
START -2516 4740 8552 12165 1676 1555 END
START -2540 4812 8584 12672 1620 1722 END
START -2492 4680 8808 12801 1582 1931 END
START -2500 4748 9008 13007 1596 2139 END
START -2356 4780 8996 13206 1561 2332 END
START -2416 4864 9180 13340 1595 2476 END
START -2588 4772 9384 13472 1548 2625 END
START -2728 4872 9412 13618 1471 2770 END
START -2840 4836 9360 13802 1501 2923 END
START -3020 4824 9584 13991 1505 3073 END
START -3212 4684 10000 14208 1505 3188 END
START -3476 4560 10292 14434 1433 3276 END
START -3608 4452 10436 14695 1300 3273 END
START -3620 4320 10940 14913 1125 3255 END
START -3908 4196 11200 15098 859 3203 END
START -3924 4148 11284 15327 698 3051 END
START -3992 4244 11368 15516 507 2932 END
START -3860 4352 11312 15684 369 2738 END
START -3856 4392 11260 15909 301 2599 END
START -3824 4916 11268 16106 288 2478 END
START -3680 5016 11224 16339 388 2357 END
START -3740 5280 11408 16575 539 2305 END
START -3536 5544 11344 16764 753 2274 END
START -3360 5768 11384 16940 1048 2231 END
START -3304 5856 11748 17034 1359 2236 END
START -3344 6072 11952 17101 1698 2290 END
START -3132 6160 12124 17114 2113 2283 END
START -3080 6116 12580 17128 2599 2258 END
START -3144 6056 13140 17082 3002 2277 END
START -3208 6148 13780 17015 3357 2268 END
START -3440 6404 14548 16909 3618 2289 END
START -3620 6648 15232 16766 3815 2325 END
START -3772 6732 16028 16536 3892 2390 END
START -3916 6716 16528 16363 3918 2452 END
START -3920 6688 16880 16129 3847 2498 END
START -3972 6688 17204 15913 3720 2546 END
START -4024 6912 17684 15724 3575 2575 END
START -4028 6976 18136 15578 3431 2674 END
START -3936 7288 18184 15515 3274 2749 END
START -3928 7412 18476 15431 3015 2856 END
START -4192 7632 18880 15343 2771 3021 END
START -4000 7972 18800 15279 2545 3125 END
START -3948 8076 18972 15155 2291 3226 END
START -4148 8244 19432 15053 1967 3432 END
START -4228 8452 19868 15102 1707 3701 END
START -4384 8508 20348 15295 1248 3966 END
START -4428 8560 20732 15584 751 4221 END
START -4252 8556 21164 15957 191 4463 END
START -4256 8468 21580 16399 -405 4615 END
START -4392 8524 21992 16829 -1068 4831 END
START -4448 8504 22452 17297 -1782 4990 END
START -4460 8644 22664 17674 -2511 5212 END
START -4132 8560 22520 18001 -3185 5320 END
START -4156 8536 22500 18181 -3684 5428 END
START -4280 8400 22860 18340 -4057 5613 END
START -3920 8048 23072 18649 -4393 5843 END
START -3600 7788 23280 18902 -4641 5913 END
START -3120 7648 23536 19069 -4729 5873 END
START -3164 7524 23820 19116 -4792 5819 END
START -3100 7496 23812 19022 -4685 5804 END
START -2924 7296 24184 18745 -4600 5774 END
START -2880 7208 24544 18403 -4377 5657 END
START -2884 7140 25000 17976 -4083 5617 END
START -3012 6988 25300 17422 -3668 5502 END
START -3008 6876 25632 16831 -3125 5378 END
START -2984 6632 25816 16094 -2380 5213 END
START -3060 6516 26304 15319 -1660 5013 END
START -3336 6424 26520 14378 -874 4793 END
START -3672 6204 26716 13334 -118 4483 END
START -4016 5956 27264 12415 723 4217 END
START -4216 5812 27600 11470 1518 3915 END
START -4436 5536 27912 10400 2446 3590 END
START -4888 5328 28472 9415 3304 3163 END
START -5192 5164 28988 8475 4018 2807 END
START -5488 5072 29512 7504 4760 2402 END
START -5820 5116 30032 6590 5164 2000 END
START -6200 5156 30664 5687 5467 1631 END
START -6508 5200 30980 4841 5721 1297 END
START -6564 5248 31136 3987 6002 1019 END
START -6676 5040 31360 3266 6228 772 END
START -6916 5124 31688 2521 6387 582 END
START -6956 5068 31612 1864 6537 386 END
START -7060 5056 31744 1204 6617 211 END
START -7120 5004 31968 608 6632 50 END
START -7448 5128 32128 85 6541 -34 END
START -7672 5100 32340 -403 6391 -114 END
START -7788 5192 32492 -846 6117 -148 END
START -7876 5160 32584 -1192 5772 -168 END
START -8108 5328 32767 -1498 5381 -136 END
START -8300 5256 32767 -1827 4815 -85 END
START -8176 5252 32767 -2060 4239 46 END
START -8108 5296 32767 -2272 3594 120 END
START -8764 5156 32767 -2372 2947 338 END
START -8420 5012 32724 -2353 2264 520 END
START -7988 4748 32096 -2468 1599 513 END
START -7980 4412 31592 -2630 993 481 END
START -8016 4324 31388 -2824 516 531 END
START -8244 4324 31068 -3033 135 602 END
START -7964 4444 30556 -3243 -234 560 END
START -7804 4376 29952 -3555 -404 553 END
START -7720 4240 29652 -3814 -447 473 END
START -7644 3956 29092 -4109 -449 437 END
START -7384 3856 28784 -4498 -382 331 END
START -7356 3868 28632 -4849 -229 224 END
START -7456 3912 28592 -5229 -68 88 END
START -7540 3824 28396 -5641 46 -62 END
START -7456 3896 28280 -6016 131 -181 END
START -7532 3816 28176 -6513 179 -362 END
START -7500 3768 27768 -6892 186 -564 END
START -7428 3768 27632 -7287 256 -788 END
START -7212 3744 27436 -7655 251 -969 END
START -7040 3748 27164 -8002 326 -1198 END
START -6816 3776 26672 -8388 436 -1426 END
START -6804 3844 26440 -8670 574 -1646 END
START -6496 3900 26204 -9047 722 -1879 END
START -6192 3924 25904 -9298 900 -2091 END
START -6056 4052 25640 -9611 1119 -2284 END
START -5944 4288 25456 -9891 1297 -2463 END
START -5808 4528 25308 -10262 1382 -2666 END
START -5792 4680 25064 -10621 1519 -2798 END
START -5620 4748 24984 -10981 1663 -2923 END
START -5560 4832 24984 -11299 1737 -3003 END
START -5320 4844 24500 -11601 1893 -3095 END
START -5144 4984 24568 -11886 2071 -3149 END
START -5128 4912 24296 -12163 2149 -3183 END
START -5132 4976 24364 -12437 2213 -3211 END
START -5128 5184 24224 -12705 2273 -3205 END
START -5216 5160 24248 -13013 2260 -3198 END
START -5148 5376 24132 -13264 2228 -3155 END
START -5192 5364 24136 -13540 2223 -3173 END
START -5132 5456 23832 -13827 2148 -3146 END
START -5116 5476 23728 -14087 2079 -3144 END
START -5084 5412 23464 -14363 2009 -3123 END
START -5176 5420 23196 -14621 2017 -3062 END
START -5324 5380 23128 -14820 1947 -3063 END
START -5408 5412 22776 -15000 1821 -3071 END
START -5344 5280 22624 -15161 1695 -3115 END
START -5320 5248 22488 -15312 1527 -3167 END
START -5264 4964 22320 -15364 1329 -3184 END
START -5348 4940 22096 -15432 1211 -3253 END
START -5268 4624 22028 -15418 984 -3269 END
START -5436 4644 22016 -15416 816 -3272 END
START -5448 4616 21804 -15317 601 -3298 END
START -5508 4556 21624 -15286 351 -3295 END
START -5604 4708 21336 -15181 130 -3302 END
START -5672 4908 21252 -15096 -141 -3338 END
START -5572 4996 20996 -15018 -406 -3304 END
START -5520 5144 20608 -15001 -655 -3280 END
START -5492 5244 20328 -14953 -859 -3176 END
START -5524 5356 20100 -14957 -943 -3092 END
START -5480 5440 19892 -14952 -1039 -2945 END
START -5520 5316 19592 -14993 -1070 -2776 END
START -5436 5192 19308 -15000 -1057 -2618 END
START -5488 5172 19120 -15069 -1031 -2512 END
START -5416 4948 18880 -15172 -1039 -2450 END
START -5456 4796 18912 -15300 -993 -2462 END
START -5512 4708 18772 -15460 -997 -2471 END
START -5428 4592 18632 -15683 -946 -2513 END
START -5464 4724 18476 -15871 -953 -2555 END
START -5588 4728 18412 -16110 -920 -2616 END
START -5432 4732 18116 -16326 -877 -2628 END
START -5532 4692 17888 -16571 -789 -2610 END
START -5360 4820 17608 -16868 -703 -2606 END
START -5324 4956 17388 -17112 -673 -2640 END
START -5232 4772 17032 -17371 -604 -2646 END
START -5204 4620 16876 -17595 -538 -2702 END
START -5116 4448 16460 -17796 -511 -2757 END
START -4892 4152 15996 -17947 -453 -2903 END
START -4764 4164 15744 -18078 -331 -3008 END
START -4756 3968 15484 -18157 -271 -3174 END
START -4772 4188 15140 -18223 -122 -3305 END
START -4604 4132 14848 -18259 -77 -3420 END
START -4524 4160 14584 -18324 25 -3552 END
START -4576 4284 14408 -18361 71 -3641 END
START -4568 4156 14200 -18381 115 -3723 END
START -4636 3992 13848 -18364 84 -3775 END
START -4700 3984 13600 -18315 11 -3905 END
START -4648 3900 13428 -18192 -135 -3981 END
START -4676 3892 12844 -18008 -205 -4096 END
START -4656 3928 12676 -17795 -273 -4154 END
START -4524 3948 12520 -17562 -317 -4223 END
START -4560 3872 12124 -17293 -457 -4312 END
START -4404 3624 11880 -17067 -544 -4331 END
START -4376 3476 11392 -16862 -602 -4398 END
START -4188 3428 11124 -16680 -643 -4482 END
START -3960 3408 10788 -16493 -730 -4592 END
START -3756 3528 10592 -16332 -725 -4660 END
START -3556 3528 10404 -16200 -757 -4696 END
START -3480 3616 9924 -16039 -743 -4702 END
START -3356 3824 9732 -15877 -753 -4656 END
START -3160 3876 9576 -15737 -720 -4603 END
START -2896 3896 9360 -15588 -691 -4496 END
START -2704 3788 9056 -15448 -646 -4417 END
START -2560 3772 8920 -15287 -584 -4264 END
START -2444 3672 8404 -15120 -601 -4166 END
START -2464 3536 8388 -14904 -530 -4065 END
START -2444 3408 7992 -14674 -508 -3968 END
START -2412 3208 7628 -14411 -487 -3861 END
START -2540 3252 7484 -14147 -496 -3810 END
START -2508 3208 7204 -13834 -479 -3710 END
START -2616 3160 6968 -13590 -579 -3650 END
START -2512 3008 6736 -13300 -613 -3560 END
START -2492 2856 6572 -13043 -691 -3517 END
START -2420 2888 6196 -12725 -758 -3490 END
START -2432 2780 5996 -12412 -876 -3479 END
START -2428 2628 5732 -12070 -1002 -3482 END
START -2424 2492 5412 -11733 -1132 -3439 END
START -2300 2680 5184 -11325 -1252 -3403 END
START -2348 2580 4984 -10883 -1321 -3363 END
START -2280 2616 4584 -10477 -1442 -3326 END
START -2188 2472 4220 -10014 -1509 -3294 END
START -2060 2512 4052 -9645 -1596 -3245 END
START -1824 2336 3828 -9221 -1618 -3205 END
START -1652 2360 3664 -8872 -1647 -3189 END
START -1620 2280 3320 -8557 -1662 -3196 END
START -1568 2548 3292 -8209 -1727 -3141 END
START -1536 2508 3224 -7848 -1802 -3094 END
START -1372 2540 3088 -7464 -1817 -3024 END
START -1432 2488 3176 -7073 -1879 -2928 END
START -1220 2500 2936 -6678 -1942 -2824 END
START -1144 2564 2836 -6257 -1977 -2704 END
START -928 2516 2644 -5927 -2019 -2624 END
START -972 2460 2340 -5571 -1964 -2534 END
START -844 2416 2072 -5245 -1937 -2447 END
START -656 2444 1936 -4951 -1854 -2381 END
START -752 2476 2048 -4596 -1810 -2298 END
START -784 2476 2056 -4206 -1737 -2188 END
START -912 2472 1820 -3846 -1643 -2082 END
START -828 2544 1784 -3431 -1553 -1918 END
START -856 2596 1896 -3052 -1487 -1795 END
START -1000 2696 1852 -2691 -1476 -1640 END
START -1096 2748 1928 -2305 -1514 -1436 END
START -1064 2724 1836 -2025 -1647 -1253 END
START -968 2664 1628 -1695 -1707 -1071 END
START -840 2632 1396 -1412 -1724 -870 END
START -660 2784 1320 -1089 -1755 -682 END
START -728 2792 1284 -767 -1675 -492 END
START -644 2724 1164 -393 -1725 -223 END
START -556 2680 1240 -67 -1682 -46 END
START -568 2424 1112 362 -1684 215 END
START -608 2232 1168 806 -1680 418 END
START -596 2004 1196 1280 -1630 580 END
START -696 1716 1128 1809 -1630 757 END
START -636 1500 1268 2251 -1586 855 END
START -696 1360 1248 2773 -1632 933 END
START -728 1148 1612 3198 -1706 1005 END
START -728 976 1536 3651 -1823 1061 END
START -748 1064 1636 4071 -1995 1071 END
START -668 888 1688 4556 -2131 1094 END
START -600 912 1708 4999 -2220 1045 END
START -512 892 1644 5493 -2214 1050 END
START -404 988 1512 6003 -2200 1105 END
START -324 1188 1348 6488 -2074 1113 END
START -224 1240 1324 6955 -1902 1174 END
START -164 1536 1120 7409 -1655 1250 END
START -120 1484 848 7800 -1289 1307 END
START -68 1668 864 8137 -858 1428 END
START 8 1820 992 8435 -429 1482 END
START -184 1924 1192 8672 7 1566 END
START -204 1816 1312 8912 519 1692 END
START -164 1808 1732 9176 1037 1767 END
START -292 1936 2228 9410 1599 1833 END
START -452 1968 2520 9623 2098 1926 END
START -532 2132 2976 9845 2656 2021 END
START -600 2216 3724 10025 3080 2134 END
START -836 2320 4456 10141 3479 2302 END
START -980 2352 5036 10285 3833 2450 END
START -1100 2412 5696 10345 4181 2600 END
START -1276 2464 6312 10388 4427 2761 END
START -1384 2540 7176 10413 4588 2899 END
START -1716 2516 7720 10464 4684 3058 END
START -1876 2508 8016 10549 4779 3196 END
START -1944 2636 8636 10598 4824 3359 END
START -2220 2792 9328 10655 4783 3543 END
START -2516 2876 9728 10694 4606 3661 END
START -2836 2884 10428 10744 4390 3817 END
START -3048 2832 10784 10735 4182 3978 END
START -3380 2688 11044 10820 3944 4150 END
START -3632 2708 11508 10905 3696 4309 END
START -4036 2636 11828 11051 3403 4494 END
START -4408 2716 12280 11245 3088 4635 END
START -4732 2708 12572 11459 2866 4835 END
START -4872 2708 13032 11639 2527 5011 END
START -5316 2472 13368 11995 2159 5217 END
START -5528 2384 13744 12080 1764 5415 END
START -5656 2164 13988 12168 1344 5566 END
START -5788 1976 14072 12136 964 5631 END
START -6080 1792 14400 12108 597 5701 END
START -6192 1544 14592 12099 283 5705 END
START -6244 1272 14644 12101 -22 5678 END
START -6264 960 14816 12214 -256 5632 END
START -6280 604 14780 12600 -358 5512 END
START -6156 408 14884 12509 -433 5307 END
START -6168 404 15292 12502 -412 5114 END
START -6168 332 15172 12425 -388 4845 END
START -6196 220 15432 12415 -222 4575 END
START -6032 244 15564 12478 4 4217 END
START -6020 332 15808 12015 301 3912 END
START -5996 428 16012 11980 637 3572 END
START -5936 512 16360 11954 1061 3281 END
START -5940 684 16444 11481 1542 2999 END
START -6124 708 16712 11211 2034 2659 END
START -6192 744 17308 10853 2543 2392 END
START -6340 888 17632 10477 3049 2046 END
START -6308 816 18032 10105 3510 1752 END
START -6436 856 18712 9688 3931 1498 END
START -6396 880 19352 9272 4182 1279 END
START -6520 936 19684 8836 4372 1093 END
START -6548 992 20088 8405 4428 902 END
START -6456 872 20524 8016 4425 732 END
START -6432 876 20700 7632 4375 586 END
START -6304 888 20960 7291 4322 445 END
START -6248 1092 21080 7008 4300 384 END
START -6072 1140 21212 6673 4259 316 END
START -5816 1212 21352 6406 4164 306 END
START -5544 1292 21504 6132 4166 366 END
START -5360 1372 21508 5863 4184 453 END
START -5196 1360 21592 5629 4204 576 END
START -4928 1372 21940 5435 4166 732 END
START -4908 1528 22024 5200 4151 945 END
START -4808 1580 22068 4999 4059 1180 END
START -4680 1572 22396 4775 4015 1446 END
START -4680 1640 22320 4587 3877 1723 END
START -4544 1472 22276 4315 3783 1966 END
START -4400 1512 22268 4131 3671 2228 END
START -4488 1444 22168 3941 3640 2497 END
START -4392 1316 21984 3767 3641 2758 END
START -4300 1244 21752 3594 3742 2989 END
START -4144 1328 21480 3449 3842 3231 END
START -4280 1168 21432 3284 4008 3469 END
START -4236 1136 21284 3164 4248 3705 END
START -4556 1088 21220 3033 4504 3904 END
START -4928 1180 21176 2867 4716 4119 END
START -5400 1100 21120 2703 4914 4292 END
START -5996 1148 21156 2522 5147 4443 END
START -6612 972 21512 2372 5314 4596 END
START -7112 764 21616 2208 5449 4739 END
START -7492 608 21760 2014 5542 4818 END
START -8132 444 21936 1868 5635 4829 END
START -8984 100 22336 1735 5651 4811 END
START -9868 -8 22596 1546 5600 4787 END
START -10576 -300 23004 1428 5513 4731 END
START -11184 -592 23068 1332 5450 4654 END
START -11972 -1000 23144 1185 5366 4530 END
START -12720 -1348 23620 1113 5310 4379 END
START -13320 -1536 23776 978 5275 4083 END
START -13912 -1932 24068 806 5163 3800 END
START -14436 -2280 24144 626 5033 3481 END
START -14724 -2404 24292 351 5028 3150 END
START -15196 -2620 24488 58 5000 2802 END
START -15664 -2824 24692 -261 5022 2456 END
START -15928 -3008 24880 -656 5042 2054 END
START -16300 -3228 25048 -1044 4979 1693 END
START -16608 -3340 25264 -1515 4916 1223 END
START -16644 -3608 25244 -1981 4827 767 END
START -16696 -3636 25332 -2411 4775 253 END
START -16960 -3716 25180 -2877 4756 -207 END
START -16756 -3788 25120 -3278 4752 -754 END
START -16952 -3840 24904 -3687 4747 -1304 END
START -16844 -3876 24824 -4069 4751 -1814 END
START -16724 -3884 24488 -4349 4732 -2332 END
START -16636 -3856 24304 -4608 4794 -2825 END
START -16556 -3688 24240 -4796 4853 -3321 END
START -16440 -3696 24196 -4962 4862 -3742 END
START -16276 -3572 24176 -5097 4841 -4200 END
START -16096 -3484 24032 -5258 4780 -4614 END
START -15948 -3464 23844 -5382 4743 -5074 END
START -15724 -3328 23644 -5551 4728 -5501 END
START -15376 -3080 23560 -5771 4739 -5846 END
START -15172 -2792 23356 -5990 4759 -6208 END
START -14936 -2524 23200 -6282 4773 -6530 END
START -14880 -2404 22972 -6623 4752 -6802 END
START -14632 -2172 22728 -6963 4814 -7050 END
START -14496 -2204 22688 -7283 4778 -7259 END
START -14308 -2092 22400 -7542 4819 -7410 END
START -14424 -2044 22172 -7743 4812 -7586 END
START -14392 -1984 22268 -7914 4734 -7769 END
START -14552 -2092 22160 -8006 4647 -7938 END
START -14556 -2116 22156 -8086 4478 -8121 END
START -14772 -2028 21968 -8105 4194 -8321 END
START -14868 -2124 21736 -8103 3901 -8447 END
START -14956 -2152 21688 -8107 3586 -8628 END
START -15152 -2268 21496 -8061 3239 -8806 END
START -15196 -2484 21292 -8011 2857 -8991 END
START -15324 -2652 21216 -7972 2424 -9233 END
START -15268 -2844 20816 -7885 1997 -9477 END
START -15244 -2932 20752 -7804 1575 -9782 END
START -15168 -3116 20552 -7767 1131 -10123 END
START -15292 -3232 20396 -7689 683 -10454 END
START -15156 -3384 20204 -7632 224 -10806 END
START -15244 -3460 19720 -7542 -191 -11158 END
START -15200 -3348 19396 -7495 -619 -11524 END
START -14960 -3488 19016 -7473 -965 -11914 END
START -14812 -3408 18788 -7437 -1274 -12264 END
START -14444 -3392 18488 -7405 -1533 -12589 END
START -14384 -3416 18180 -7323 -1730 -12932 END
START -14216 -3364 17780 -7248 -1853 -13270 END
START -14080 -3480 17528 -7188 -2020 -13635 END
START -13912 -3436 17160 -7126 -2089 -14007 END
START -13752 -3492 16988 -7105 -2285 -14370 END
START -13608 -3420 16652 -7084 -2379 -14721 END
START -13492 -3472 16388 -7019 -2486 -15101 END
START -13264 -3484 16016 -6992 -2621 -15504 END
START -13112 -3516 15912 -6938 -2790 -15925 END
START -12856 -3512 15596 -6831 -2946 -16366 END
START -12644 -3492 15588 -6753 -3070 -16768 END
START -12388 -3392 15148 -6670 -3151 -17237 END
START -12080 -3392 15000 -6615 -3267 -17659 END
START -11780 -2972 14692 -6615 -3297 -18024 END
START -11484 -2696 14668 -6593 -3360 -18393 END
START -11160 -2452 14264 -6677 -3402 -18720 END
START -10808 -2268 14184 -6734 -3455 -19046 END
START -10576 -2248 13828 -6823 -3505 -19308 END
START -10116 -2040 13724 -6870 -3540 -19634 END
START -9856 -1812 13516 -6892 -3613 -19943 END
START -9508 -1708 13136 -6896 -3677 -20232 END
START -9112 -1464 13080 -6924 -3724 -20558 END
START -8900 -1336 12872 -6930 -3780 -20843 END
START -8484 -1004 12420 -6945 -3870 -21104 END
START -8000 -816 11932 -6924 -3896 -21343 END
START -7716 -676 11536 -6829 -3882 -21588 END
START -7232 -536 11200 -6707 -3885 -21843 END
START -6924 -408 10728 -6577 -3840 -22045 END
START -6248 -212 10452 -6388 -3712 -22300 END
START -5736 128 9884 -6233 -3556 -22520 END
START -5264 460 9696 -6019 -3388 -22722 END
START -4784 832 9396 -5867 -3123 -22921 END
START -4204 1352 9120 -5701 -2868 -23021 END
START -3656 1728 9108 -5552 -2578 -23142 END
START -3152 2216 8840 -5422 -2340 -23194 END
START -2620 2584 8776 -5344 -2096 -23249 END
START -2084 2960 8756 -5276 -1936 -23205 END
START -1328 3384 8628 -5198 -1711 -23150 END
START -972 3672 8724 -5106 -1525 -23077 END
START -412 4268 8524 -5021 -1408 -22912 END
START -36 4524 8584 -4895 -1319 -22712 END
START 404 4820 8572 -4778 -1206 -22497 END
START 952 5092 8432 -4619 -1201 -22229 END
START 1472 5340 8352 -4411 -1125 -21949 END
START 2096 5692 8120 -4195 -1086 -21618 END
START 2540 6008 7992 -3972 -975 -21244 END
START 2908 6264 8004 -3681 -885 -20886 END
START 3404 6484 7664 -3425 -833 -20413 END
START 3788 6940 7484 -3152 -686 -19904 END
START 4360 7344 7316 -2848 -487 -19370 END
START 4752 7516 7244 -2530 -293 -18689 END
START 4972 7604 7264 -2249 -74 -18087 END
START 5376 7712 7396 -1927 149 -17386 END
START 5624 7768 7480 -1645 247 -16728 END
START 5712 7676 7960 -1358 306 -16011 END
START 6080 7680 8124 -1051 274 -15320 END
START 6164 7572 8288 -755 251 -14613 END
START 6304 7720 8472 -466 123 -13855 END
START 6552 7572 8788 -193 -1 -13048 END
START 6644 7612 8848 10 -143 -12324 END
START 6660 7604 9168 299 -384 -11545 END
START 6636 7624 9264 540 -616 -10729 END
START 6704 7632 9464 780 -813 -9997 END
START 6720 7708 9356 1032 -1068 -9222 END
START 6712 7708 9276 1252 -1271 -8445 END
START 6764 7644 9492 1469 -1483 -7657 END
START 6596 7552 9344 1678 -1681 -6920 END
START 6548 7432 9404 1839 -1860 -6158 END
START 6344 7276 9476 2032 -1981 -5460 END
START 6432 7000 9064 2166 -2084 -4819 END
START 6368 6588 9252 2315 -2065 -4282 END
START 6248 6472 9088 2396 -2057 -3754 END
START 6196 6132 8920 2483 -2076 -3335 END
START 6024 6060 8876 2529 -2006 -2904 END
START 5968 5976 8572 2552 -1889 -2542 END
START 5948 5904 8584 2586 -1718 -2192 END
START 6000 5960 8480 2581 -1521 -1830 END
START 5856 6024 8532 2523 -1272 -1513 END
START 5852 6072 8484 2424 -1089 -1190 END
START 5788 6012 8548 2324 -832 -804 END
START 5960 5988 8672 2204 -657 -572 END
START 5956 5936 8584 2074 -409 -237 END
START 6036 5976 8636 1950 -168 67 END
START 6104 6020 8556 1786 100 328 END
START 6288 6124 8632 1637 456 697 END
START 6400 6224 8440 1497 758 1024 END
START 6460 6420 8680 1267 1092 1439 END
START 6344 6484 8768 1100 1383 1809 END
START 6340 6500 8808 943 1622 2251 END
START 6480 6428 8888 775 1862 2723 END
START 6436 6352 9000 672 2085 3144 END
START 6340 6200 9072 609 2242 3610 END
START 6048 6268 9184 618 2348 4075 END
START 6196 6176 9240 680 2454 4591 END
START 6048 6100 9304 776 2549 5072 END
START 5928 6096 9372 846 2609 5608 END
START 5648 6064 9444 944 2680 6146 END
START 5640 6028 9580 1048 2621 6717 END
START 5460 5872 9720 1118 2548 7255 END
START 5288 5664 9864 1258 2527 7834 END
START 5072 5440 9748 1405 2410 8397 END
START 5040 5220 9760 1558 2350 8903 END
START 4872 5000 9692 1725 2244 9425 END
START 4724 4808 9808 1935 2248 9893 END
START 4352 4600 9908 2142 2181 10321 END
START 4064 4404 10000 2320 2176 10692 END
START 3748 4244 10012 2523 2085 11017 END
START 3608 4176 9940 2695 2037 11335 END
START 3448 4032 10132 2828 2036 11573 END
START 3284 4060 9852 2931 2051 11813 END
START 3160 4080 9864 2924 2037 12074 END
START 3068 4016 9956 3007 2096 12296 END
START 2872 4144 9960 3010 2160 12498 END
START 2820 4240 9856 2997 2285 12672 END
START 2800 4272 9952 3045 2415 12821 END
START 2420 4400 9844 3075 2592 13114 END
START 2256 4480 10064 3113 2738 13358 END
START 2080 4556 10100 3142 2977 13656 END
START 1696 4664 10164 3127 3209 14004 END
START 1376 4652 10320 3179 3382 14325 END
START 1056 4632 10676 3163 3551 14665 END
START 652 4424 10848 3172 3658 14978 END
START 460 4396 11100 3188 3779 15314 END
START 288 4248 11344 3222 3862 15633 END
START 216 4236 11488 3187 3957 15879 END
START 60 4104 11752 3167 4036 16153 END
START 32 4156 11920 3117 4057 16427 END
START -164 3956 12104 3080 4140 16645 END
START -140 3836 12336 2985 4130 16893 END
START -112 3748 12304 2906 4093 17068 END
START 52 3712 12656 2774 4156 17298 END
START 156 3784 12700 2688 4137 17524 END
START 244 3984 12872 2541 4111 17772 END
START 380 4012 13080 2417 4047 18097 END
START 448 4052 13092 2303 4013 18475 END
START 368 4148 13176 2248 3956 18905 END
START 472 4264 13332 2214 3864 19431 END
START 452 4244 13360 2285 3816 19979 END
START 280 4280 13528 2380 3768 20637 END
START -76 4324 13664 2467 3679 21334 END
START -396 4436 13864 2678 3485 22147 END
START -972 4556 13904 2909 3359 22943 END
START -1512 4488 14196 3205 3122 23825 END
START -2324 4416 14436 3555 2826 24663 END
START -3132 4212 14544 3965 2558 25489 END
START -3508 4108 14676 4366 2246 26241 END
START -4476 3820 14956 4808 1901 26914 END
START -5608 3312 15256 5334 1563 27393 END
START -7040 2440 15836 5769 1123 27681 END
START -8280 1600 16128 6203 528 27764 END
START -9488 656 16548 6659 -165 27596 END
START -10484 -108 17024 7068 -891 27269 END
START -11204 -876 17072 7488 -1514 26847 END
START -11940 -1316 17140 7814 -2077 26235 END
START -12428 -1844 17160 8132 -2490 25603 END
START -13004 -2288 17148 8341 -2809 24898 END
START -13232 -2596 17052 8431 -2989 24146 END
START -13420 -3004 17124 8365 -3025 23328 END
START -13412 -3236 17040 8190 -2871 22463 END
START -13528 -3356 17080 7894 -2553 21578 END
START -13516 -3456 17028 7495 -2067 20771 END
START -13536 -3468 17080 7037 -1535 19950 END
START -13604 -3356 17016 6485 -837 19210 END
START -13652 -3292 17160 5937 -141 18516 END
START -13920 -3256 17480 5338 612 17876 END
START -14168 -3160 17664 4783 1342 17313 END
START -14652 -3068 17904 4225 2017 16756 END
START -15156 -3100 18460 3660 2621 16252 END
START -15672 -3052 18760 3144 3135 15790 END
START -16404 -3200 19348 2590 3378 15422 END
START -17124 -3208 19784 2135 3437 15005 END
START -17912 -3404 20212 1654 3270 14595 END
START -18556 -3548 20524 1352 3036 14196 END
START -19204 -3692 20564 1027 2761 13765 END
START -19616 -4184 20464 799 2442 13275 END
START -20092 -4488 20340 634 2070 12821 END
START -20376 -4868 20060 515 1694 12460 END
START -20632 -5128 19580 428 1506 11778 END
START -20872 -5376 19276 405 1225 11186 END
START -21132 -5540 18948 398 1076 10522 END
START -21432 -5732 18752 464 843 9843 END
START -21556 -5872 18420 492 633 9198 END
START -21668 -6140 18452 585 448 8512 END
START -21784 -6156 18124 703 219 7794 END
START -21732 -6348 18248 825 -10 7015 END
START -21932 -6420 18128 928 -279 6355 END
START -21884 -6272 18132 1035 -554 5593 END
START -21824 -6248 18024 1131 -975 4840 END
START -21652 -5984 18008 1219 -1328 4104 END
START -21416 -5820 17712 1323 -1677 3396 END
START -21164 -5620 17468 1407 -2012 2772 END
START -21016 -5296 17228 1511 -2292 2194 END
START -20784 -5064 17104 1657 -2659 1594 END
START -20536 -4824 16960 1789 -2962 1082 END
START -20248 -4516 16608 1972 -3308 530 END
START -19920 -4216 16544 2090 -3605 37 END
START -19736 -4164 16224 2236 -3819 -417 END
START -19520 -3808 15836 2306 -4016 -881 END
START -19360 -3564 15644 2382 -4222 -1304 END
START -19096 -3176 15148 2443 -4353 -1727 END
START -18872 -2964 14852 2443 -4506 -2137 END
START -18448 -2796 14476 2457 -4637 -2540 END
START -18144 -2712 14128 2525 -4683 -2935 END
START -17800 -2592 13800 2548 -4744 -3384 END
START -17500 -2256 13424 2644 -4725 -3802 END
START -17256 -2112 13244 2667 -4733 -4244 END
START -17084 -1816 13048 2812 -4749 -4649 END
START -16824 -1540 12780 2934 -4737 -5089 END
START -16560 -1280 12552 3047 -4835 -5447 END
START -16292 -1092 12204 3196 -4919 -5812 END
START -15688 -836 11984 3310 -5011 -6235 END
START -15172 -596 11808 3426 -5049 -6626 END
START -14800 -412 11604 3503 -5066 -6980 END
START -14420 -44 11172 3604 -5175 -7357 END
START -13744 244 10724 3704 -5162 -7638 END
START -13144 688 10312 3827 -5047 -7901 END
START -12580 984 9932 3936 -4813 -8111 END
START -12028 1344 9620 4020 -4628 -8306 END
START -11648 1592 9284 4102 -4368 -8462 END
START -11008 1976 9136 4209 -4148 -8556 END
START -10664 2332 8924 4282 -3878 -8649 END
START -10232 2512 8644 4392 -3648 -8766 END
START -10092 2860 8404 4559 -3417 -8824 END
START -9684 2976 8528 4725 -3201 -8906 END
START -9364 3092 8324 4904 -3032 -8948 END
START -9124 3312 8496 5095 -2825 -8982 END
START -8784 3620 8240 5286 -2721 -9016 END
START -8588 3900 8116 5469 -2574 -9014 END
START -8064 4148 7936 5587 -2473 -8991 END
START -7912 4348 8148 5730 -2409 -8950 END
START -7948 4600 7964 5865 -2351 -8832 END
START -7604 4672 7984 6034 -2314 -8726 END
START -7332 4768 7788 6176 -2208 -8563 END
START -7248 4844 7688 6357 -2137 -8413 END
START -7132 4848 7508 6518 -2081 -8315 END
START -7224 4976 7488 6713 -2040 -8156 END
START -7268 5012 7632 6899 -2064 -8037 END
START -7272 4916 7604 7102 -2109 -7881 END
START -7340 4972 7724 7338 -2257 -7769 END
START -7328 4860 7736 7610 -2370 -7648 END
START -7456 4760 7476 7887 -2463 -7559 END
START -7600 4676 7428 8195 -2605 -7475 END
START -7812 4568 7348 8557 -2808 -7428 END
START -7836 4360 6928 8894 -2945 -7428 END
START -7768 4252 6676 9315 -3003 -7429 END
START -7780 4160 6684 9721 -3008 -7479 END
START -7812 4152 6460 10121 -3026 -7542 END
START -7968 4036 6584 10512 -3022 -7617 END
START -7988 3984 6460 10829 -3074 -7700 END
START -7980 3980 6272 11158 -3031 -7810 END
START -7996 3692 6468 11518 -2982 -7967 END
START -7908 3600 6584 11697 -2993 -8120 END
START -7880 3536 6776 12196 -2953 -8318 END
START -7552 3548 6900 12156 -2896 -8497 END
START -7372 3968 6868 12181 -2859 -8655 END
START -6972 3948 6776 12565 -2735 -8812 END
START -6856 4120 7120 12073 -2623 -8982 END
START -6632 4280 7044 11987 -2491 -9087 END
START -6248 4508 6924 12025 -2355 -9148 END
START -5900 4860 6624 11971 -2054 -9198 END
START -5700 5012 6480 11620 -1668 -9214 END
START -5504 5108 6216 11544 -1269 -9202 END
START -5440 5344 6256 11281 -729 -9111 END
START -5184 5448 5720 11107 -187 -9025 END
START -4924 5416 5432 10911 478 -8918 END
START -4932 5308 5056 10849 1233 -8833 END
START -4836 5332 4972 10851 2137 -8769 END
START -4968 5260 5196 10900 2887 -8730 END
START -5356 5092 5428 11061 3576 -8623 END
START -5632 4660 6036 11478 4156 -8554 END
START -5840 4156 6616 11961 4551 -8464 END
START -6036 3716 7152 12356 4925 -8379 END
START -6100 3816 7656 13100 5460 -8398 END
START -6304 3612 8436 13627 5699 -8528 END
START -6480 3484 9032 14164 5787 -8647 END
START -6812 3540 10116 14566 5773 -8766 END
START -7072 3568 11024 14805 5578 -8893 END
START -7060 3496 11788 14974 5219 -9022 END
START -6612 3592 11952 15128 4879 -9151 END
START -6300 3576 12356 15144 4584 -9280 END
START -5852 3768 12816 15222 4409 -9379 END
START -6028 3924 13364 15308 3996 -9374 END
START -5348 4676 13476 15368 4124 -9282 END
START -5404 5224 13620 15426 3759 -9276 END
START -4732 5424 13036 15623 3719 -9019 END
START -5424 5824 14612 15674 3352 -8835 END
START -4252 5992 13640 16120 3280 -8323 END
START -4480 6872 15012 16021 3862 -8355 END
START -4656 6728 15020 15788 3559 -8418 END
START -4396 6316 14868 15697 3281 -8300 END
START -4060 6516 15144 15609 3431 -8221 END
START -4160 6828 15672 15586 3270 -8126 END
START -4072 6832 16156 15777 3084 -7945 END
START -3880 7168 16636 16007 3055 -7748 END
START -4016 7504 17176 16285 2985 -7447 END
START -4000 7648 17812 16505 2862 -7243 END
START -3944 7824 18392 16701 2655 -7026 END
START -4004 8344 19160 16693 2411 -6822 END
START -3816 8600 19732 16622 2213 -6508 END
START -3296 8868 20348 16480 2018 -6277 END
START -3096 9016 20880 16282 1897 -6095 END
START -3036 9116 21560 16093 1753 -5930 END
START -2860 9496 22272 15869 1647 -5721 END
START -2820 9792 22632 15591 1524 -5527 END
START -2624 10040 23172 15293 1431 -5288 END
START -2516 10368 23756 14970 1316 -5091 END
START -2408 10260 24196 14670 1169 -4890 END
START -2320 10428 24788 14329 982 -4688 END
START -2312 10508 25288 13948 832 -4546 END
START -2208 10672 25792 13554 571 -4385 END
START -2072 10776 26188 13083 372 -4243 END
START -2084 10920 26540 12587 225 -4076 END
START -2056 10932 26704 11833 68 -3899 END
START -1936 11016 26880 11725 -18 -3763 END
START -1792 10924 27288 10966 -117 -3606 END
START -1664 10720 27412 10349 -166 -3524 END
START -1640 10500 27640 9770 -201 -3433 END
START -1384 10336 27648 9179 -186 -3343 END
START -1324 10292 27900 8525 -190 -3332 END
START -1436 10256 27784 7892 -247 -3284 END
START -1460 10468 27828 7258 -273 -3212 END
START -1608 10436 27716 6600 -381 -3149 END
START -1688 10576 27412 6016 -418 -3094 END
START -1668 10404 27192 5387 -583 -2960 END
START -1408 10404 26936 4843 -632 -2817 END
START -1304 10204 26344 4295 -630 -2711 END
START -1140 10156 26024 3847 -561 -2568 END
START -1056 9984 25680 3408 -471 -2442 END
START -1020 9880 25416 3030 -365 -2312 END
START -1012 9840 25228 2693 -234 -2177 END
START -996 9696 25028 2409 -138 -2059 END
START -924 9556 25152 2140 -129 -1940 END
START -992 9448 25228 1926 -77 -1771 END
START -1008 9104 26260 1949 301 -1411 END
START -740 9108 25932 1882 128 -1216 END
START -976 9180 25704 1725 -136 -1094 END
START -1076 9112 25816 1441 -513 -924 END
START -940 9164 25852 1159 -880 -785 END
START -940 9240 25964 791 -1253 -513 END