START 1452 6584 6240 -4779 1888 1679 END
START 1548 5564 7016 -4687 2209 2459 END
START 1532 5328 8212 -4614 2570 3197 END
START 1888 4932 7956 -4591 2860 3880 END
START 1280 4248 8248 -4649 3066 4573 END
START 764 3716 7936 -4657 3204 5169 END
START 400 3568 7368 -4663 3432 5576 END
START -180 3328 6768 -4635 3644 5863 END
START -612 3272 5792 -4586 4049 5991 END
START -1284 3004 5288 -4385 4505 5880 END
START -1892 2484 4820 -4077 4979 5648 END
START -2636 2020 4556 -3670 5356 5253 END
START -3512 1360 4596 -3157 5658 4724 END
START -4312 804 4424 -2584 5815 4050 END
START -5052 240 4284 -2007 5923 3296 END
START -5784 180 4184 -1421 6002 2396 END
START -6396 -104 3992 -893 6025 1363 END
START -6876 -296 3980 -393 6039 251 END
START -7136 -284 3848 2 6063 -895 END
START -7220 -448 3664 383 6095 -2067 END
START -6936 -452 3704 761 6243 -3290 END
START -6784 -576 3992 1139 6358 -4427 END
START -6596 60 4476 1516 6426 -5497 END
START -6288 740 5148 1760 6500 -6519 END
START -5940 1148 5604 1901 6356 -7390 END
START -5456 2056 6232 1953 6108 -8165 END
START -5040 2960 6916 1854 5765 -8716 END
START -4416 3804 7492 1643 5322 -9122 END
START -3640 4708 7832 1340 4821 -9313 END
START -2748 5524 7868 1004 4390 -9300 END
START -1984 6376 7292 641 3961 -9121 END
START -1144 7328 6708 281 3663 -8788 END
START -276 7796 6148 20 3471 -8337 END
START -20 8220 5764 -191 3310 -7784 END
START 204 8316 5404 -283 3067 -7120 END
START 300 8472 4744 -308 2727 -6441 END
START 400 8520 4216 -183 2380 -5761 END
START 484 8536 3588 99 1962 -5057 END
START 324 8400 3020 433 1529 -4376 END
START 240 8332 2564 930 951 -3675 END
START 108 8108 2020 1451 336 -3024 END
START -176 8116 1644 2131 -237 -2407 END
START -492 8020 1060 2916 -845 -1853 END
START -452 7984 412 3787 -1471 -1270 END
START -520 7852 328 4674 -1991 -783 END
START -572 7860 -84 5599 -2476 -285 END
START -640 7784 -184 6492 -2888 181 END
START -592 7852 -420 7309 -3183 607 END
START -696 7812 -784 8113 -3391 953 END
START -768 7816 -964 8813 -3473 1238 END
START -992 7776 -1056 9492 -3455 1423 END
START -1036 7600 -788 10125 -3344 1564 END
START -1212 7344 -708 10721 -3153 1613 END
START -1344 7140 -172 11269 -2902 1559 END
START -1480 7240 -36 11728 -2594 1477 END
START -1608 7368 388 12168 -2220 1319 END
START -1760 7512 816 12315 -1795 1190 END
START -1856 7712 1540 12542 -1281 1040 END
START -1704 7808 1716 12541 -771 923 END
START -1504 7768 2232 12463 -221 845 END
START -1220 7716 2884 12352 388 790 END
START -1128 7692 3580 12053 916 733 END
START -1016 7784 4140 11856 1455 755 END
START -1012 7816 4668 11613 1875 772 END
START -892 7740 5176 11228 2272 818 END
START -820 7668 5536 10887 2590 925 END
START -724 7556 5440 10551 2884 1015 END
START -764 7532 5712 10236 3183 1125 END
START -612 7472 5664 9946 3438 1242 END
START -624 7344 5752 9731 3683 1396 END
START -412 7240 5684 9538 3883 1572 END
START -304 7216 5636 9389 4076 1723 END
START -88 7080 5352 9351 4223 1960 END
START -28 7012 5216 9381 4424 2117 END
START 88 7044 4808 9570 4549 2318 END
START 212 7036 4664 9839 4760 2492 END
START 100 7052 5000 10206 4860 2735 END
START 0 7260 5136 10673 4919 2969 END
START -172 7500 5804 11180 4819 3297 END
START -580 7508 6296 11732 4579 3613 END
START -748 7776 6440 12337 4190 3918 END
START -888 7928 6988 12779 3773 4240 END
START -996 8292 7136 13341 3318 4545 END
START -1188 8340 7484 13883 2880 4877 END
START -1292 8416 7848 14417 2466 5200 END
START -1508 8256 8292 14953 2086 5501 END
START -1640 8212 8484 15491 1722 5744 END
START -1972 8176 8632 15982 1462 5949 END
START -2172 8252 8636 16467 1273 6103 END
START -2460 8220 9016 16945 1164 6201 END
START -2612 8240 8904 17433 1146 6277 END
START -2728 8132 9220 17888 1187 6267 END
START -2884 8136 9616 18282 1289 6193 END
START -3180 8172 10216 18688 1339 6103 END
START -3476 8196 10872 18958 1418 5898 END
START -3588 8440 11940 19160 1480 5708 END
START -3644 8628 12608 19231 1491 5531 END
START -3484 8828 13420 19198 1585 5332 END
START -3136 8896 13988 19116 1650 5191 END
START -2948 8948 14884 18954 1771 5073 END
START -2424 9124 15248 18691 1982 4978 END
START -2320 9116 15564 18351 2249 4863 END
START -2172 9260 15732 17954 2551 4740 END
START -2220 9232 15904 17549 2918 4638 END
START -2476 9408 16004 17182 3248 4498 END
START -2696 9456 16120 16881 3561 4379 END
START -3100 9492 16444 16681 3826 4217 END
START -3364 9764 16688 16533 4050 4068 END
START -3604 9736 17060 16456 4195 3926 END
START -3884 10080 17408 16437 4279 3781 END
START -4016 10064 17820 16413 4341 3675 END
START -3988 10020 18392 16450 4367 3564 END
START -3988 10108 19016 16433 4334 3505 END
START -4200 10280 19836 16472 4175 3471 END
START -4320 10380 20296 16415 3999 3488 END
START -4448 10532 21080 16431 3648 3485 END
START -4572 10648 21612 16444 3307 3535 END
START -4528 10712 21980 16467 3007 3567 END
START -4388 10588 22376 16460 2680 3635 END
START -4364 10704 22728 16432 2423 3784 END
START -4076 10808 22976 16327 2233 3953 END
START -4028 10992 23472 16207 2086 4145 END
START -3836 10956 23676 16042 2040 4359 END
START -3932 10744 23844 15805 2011 4537 END
START -4136 10656 24248 15576 2006 4771 END
START -4368 10544 24704 15313 1977 4960 END
START -4736 10228 25008 15100 1902 5096 END
START -5076 9888 25628 14888 1812 5216 END
START -5320 9584 26076 14655 1637 5271 END
START -5692 9376 26652 14383 1434 5281 END
START -6052 9012 26984 14086 1145 5266 END
START -6308 8992 27248 13798 867 5214 END
START -6672 8868 27452 13504 585 5186 END
START -6892 8568 27440 13278 375 5110 END
START -6880 8172 27508 13048 250 4971 END
START -6996 7760 27476 12824 188 4775 END
START -7028 7508 27568 12598 266 4553 END
START -7284 7508 27524 12228 460 4285 END
START -7472 7432 27728 12113 626 3938 END
START -7488 7460 28060 11643 840 3619 END
START -7800 7356 28332 11370 1017 3313 END
START -7928 7152 29152 10996 1090 3055 END
START -8228 7132 29708 10571 1148 2766 END
START -8368 7156 30420 10128 1168 2542 END
START -8396 7204 30828 9627 1126 2297 END
START -8340 7088 31184 9067 1104 2073 END
START -8340 6892 31524 8513 1067 1837 END
START -8376 6940 31832 7901 999 1689 END
START -8244 7012 32012 7338 989 1551 END
START -8120 6848 32204 6746 925 1456 END
START -8360 6728 32080 6213 813 1419 END
START -8452 6532 32196 5762 672 1412 END
START -8548 6340 32328 5327 505 1361 END
START -8732 6180 32292 4985 262 1340 END
START -8948 5880 32280 4668 74 1272 END
START -9292 5608 32176 4397 -192 1158 END
START -9436 5356 32236 4146 -443 1040 END
START -9484 5176 32324 3863 -730 910 END
START -9568 4904 32184 3660 -951 764 END
START -9560 4788 32240 3355 -1140 567 END
START -9552 4896 32320 3028 -1345 395 END
START -9472 4812 32340 2639 -1508 215 END
START -9368 4740 32696 2138 -1640 45 END
START -9172 4808 32704 1617 -1736 -135 END
START -9040 4660 32684 1047 -1785 -311 END
START -8672 4748 32408 454 -1808 -512 END
START -8484 4604 32348 -149 -1734 -712 END
START -8056 4544 32212 -758 -1634 -942 END
START -7920 4584 31944 -1405 -1433 -1160 END
START -7700 4656 31728 -2029 -1201 -1389 END
START -7420 4740 31460 -2708 -943 -1613 END
START -7388 4840 31264 -3320 -681 -1822 END
START -7180 4832 31292 -3891 -468 -1985 END
START -7216 4952 31044 -4422 -245 -2127 END
START -7120 5136 31028 -4928 -46 -2250 END
START -6872 5120 30820 -5433 53 -2355 END
START -6852 5132 30820 -5908 135 -2430 END
START -6884 5140 30580 -6377 173 -2513 END
START -6720 5248 30452 -6814 154 -2545 END
START -6828 5396 30432 -7199 135 -2596 END
START -6608 5448 30060 -7621 56 -2611 END
START -6596 5420 29860 -7970 -7 -2621 END
START -6472 5492 29576 -8328 -52 -2594 END
START -6500 5568 29288 -8684 -79 -2590 END
START -6296 5540 29036 -9041 -156 -2577 END
START -6296 5440 28668 -9441 -170 -2609 END
START -6292 5464 28464 -9757 -231 -2680 END
START -6188 5532 27916 -10124 -229 -2726 END
START -6144 5532 27568 -10484 -205 -2851 END
START -6088 5684 27236 -10792 -154 -2922 END
START -5892 5612 27096 -11126 -224 -3048 END
START -5884 5588 26596 -11414 -263 -3139 END
START -5636 5620 26244 -11706 -341 -3225 END
START -5644 5776 26084 -11932 -442 -3306 END
START -5396 5872 25624 -12195 -554 -3397 END
START -5176 5984 25428 -12457 -639 -3481 END
START -5168 6016 24812 -12659 -765 -3535 END
START -4940 6064 24676 -12865 -868 -3614 END
START -4656 6048 24172 -13022 -969 -3684 END
START -4480 6248 23748 -13178 -1040 -3678 END
START -4288 6296 23448 -13328 -1136 -3721 END
START -4020 6540 23188 -13462 -1245 -3697 END
START -3808 6628 22816 -13599 -1379 -3655 END
START -3532 6620 22368 -13716 -1556 -3562 END
START -3356 6920 22068 -13787 -1676 -3467 END
START -3028 6892 21384 -13878 -1777 -3371 END
START -2628 7052 21100 -13961 -1758 -3220 END
START -2372 7104 20684 -14040 -1743 -3079 END
START -2172 7204 20360 -14186 -1755 -2941 END
START -2036 7296 20100 -14319 -1728 -2806 END
START -1980 7348 19700 -14449 -1733 -2652 END
START -2020 7432 19312 -14569 -1701 -2502 END
START -1828 7524 18740 -14689 -1669 -2393 END
START -1836 7560 18452 -14747 -1680 -2314 END
START -1824 7344 18000 -14885 -1672 -2235 END
START -1804 7492 17584 -14921 -1728 -2201 END
START -1760 7552 17128 -14980 -1759 -2195 END
START -1748 7544 16488 -15020 -1726 -2134 END
START -1616 7472 16040 -14999 -1734 -2125 END
START -1568 7432 15460 -14982 -1670 -2113 END
START -1308 7404 14968 -14928 -1598 -2158 END
START -1200 7296 14412 -14837 -1481 -2190 END
START -1176 7428 13944 -14758 -1380 -2266 END
START -1132 7584 13820 -14684 -1303 -2327 END
START -804 7668 13508 -14627 -1255 -2351 END
START -932 7632 13172 -14565 -1208 -2319 END
START -540 7684 12904 -14547 -1212 -2303 END
START -460 7524 12312 -14510 -1188 -2304 END
START -156 7516 12020 -14452 -1138 -2235 END
START -28 7380 11732 -14322 -1136 -2226 END
START -48 7392 11324 -14207 -1184 -2157 END
START 88 7432 10856 -14013 -1272 -2098 END
START 220 7520 10172 -13860 -1304 -2019 END
START 236 7592 9560 -13609 -1342 -1899 END
START 236 7592 9064 -13369 -1325 -1756 END
START 256 7700 8588 -13100 -1294 -1600 END
START 288 7580 8072 -12820 -1268 -1438 END
START 344 7532 7628 -12503 -1291 -1273 END
START 204 7464 7460 -12250 -1326 -1097 END
START 116 7524 7292 -11890 -1374 -952 END
START -112 7592 6932 -11542 -1514 -783 END
START -212 7556 6604 -11193 -1666 -672 END
START -76 7592 6392 -10834 -1847 -501 END
START -92 7248 5988 -10488 -1986 -314 END
START 32 7184 5552 -10115 -2137 -145 END
START -104 6976 5056 -9738 -2268 4 END
START 68 6880 4576 -9336 -2262 138 END
START -184 6840 4116 -8988 -2319 281 END
START -164 6728 3864 -8615 -2293 387 END
START -280 6564 3284 -8247 -2281 537 END
START -384 6556 2936 -7923 -2272 651 END
START -284 6392 2504 -7590 -2182 779 END
START -436 6204 2288 -7220 -2139 877 END
START -568 6128 2448 -6906 -2086 987 END
START -668 5828 2036 -6623 -2054 1085 END
START -840 5660 1868 -6342 -2020 1091 END
START -1076 5564 1560 -6054 -2010 1072 END
START -1020 5468 1188 -5766 -1872 1002 END
START -1204 5264 720 -5479 -1729 933 END
START -1248 5112 528 -5177 -1530 863 END
START -1400 5200 80 -4847 -1258 765 END
START -1576 5428 -456 -4482 -930 672 END
START -2020 5396 -780 -4078 -609 556 END
START -2084 5456 -976 -3613 -251 422 END
START -2352 5400 -888 -3128 107 249 END
START -2464 5400 -796 -2605 388 52 END
START -2748 5376 -576 -2162 621 -142 END
START -2816 5452 16 -1737 788 -352 END
START -2920 5556 520 -1401 898 -547 END
START -2860 5592 1000 -1120 948 -706 END
START -2904 5568 1324 -845 979 -869 END
START -2672 5764 1552 -611 1019 -976 END
START -2432 5924 2032 -387 1128 -1070 END
START -2256 6272 2204 -231 1203 -1132 END
START -2008 6552 2404 -27 1357 -1137 END
START -1844 6752 2692 135 1546 -1086 END
START -1856 6852 2880 276 1707 -984 END
START -1908 6764 3048 492 1854 -799 END
START -2216 6752 3640 707 2018 -604 END
START -2460 6652 4072 971 2075 -395 END
START -3100 6360 4580 1343 2061 -191 END
START -3664 6296 5336 1743 2003 -63 END
START -3984 6152 5844 2170 1817 52 END
START -4608 5996 6564 2613 1674 142 END
START -5104 5872 7312 3051 1431 190 END
START -5648 5780 8200 3427 1157 277 END
START -6144 5608 9128 3746 825 353 END
START -6404 5756 10136 4060 546 439 END
START -6644 5500 11004 4335 219 552 END
START -6736 5328 11408 4525 33 691 END
START -6848 5144 12548 4654 -136 759 END
START -7004 5012 13432 4650 -199 832 END
START -7316 4916 14420 4581 -224 896 END
START -7496 4604 15524 4417 -268 869 END
START -7668 4148 16308 4130 -247 902 END
START -7892 3936 17136 3876 -183 852 END
START -7952 3724 17696 3553 -42 837 END
START -8340 3308 18384 3254 134 800 END
START -8520 3016 18960 2935 328 764 END
START -8896 2692 19644 2580 543 701 END
START -9416 2364 20484 2287 724 665 END
START -10060 2024 21060 1996 882 607 END
START -10416 1908 21620 1748 1014 498 END
START -11124 1576 22224 1494 1064 367 END
START -11748 1336 22784 1262 1139 167 END
START -12336 1104 23564 999 1135 -68 END
START -13052 708 24080 768 1052 -274 END
START -13360 312 24868 551 945 -536 END
START -13628 160 25252 328 848 -811 END
START -13932 -148 25752 89 837 -1094 END
START -13964 -544 26068 -204 869 -1436 END
START -14084 -756 26272 -517 1005 -1799 END
START -14140 -912 26696 -965 1173 -2244 END
START -13932 -1172 27108 -1416 1330 -2684 END
START -13848 -1288 27524 -1991 1595 -3162 END
START -13716 -1448 27960 -2544 1889 -3631 END
START -13580 -1288 28408 -3158 2198 -4071 END
START -13328 -1344 28812 -3810 2452 -4447 END
START -13348 -1420 29324 -4500 2657 -4777 END
START -13332 -1564 29604 -5186 2796 -5131 END
START -13020 -1676 29724 -5910 2972 -5486 END
START -12844 -1796 29748 -6529 3165 -5843 END
START -12760 -1988 29680 -7163 3452 -6153 END
START -12560 -2072 29544 -7746 3727 -6488 END
START -12460 -2164 29568 -8382 4002 -6783 END
START -12340 -2188 29440 -8979 4252 -7066 END
START -12280 -2188 29292 -9535 4472 -7312 END
START -12264 -2260 29328 -10042 4650 -7551 END
START -12236 -2284 29156 -10489 4771 -7763 END
START -12236 -2488 28788 -10892 4853 -7945 END
START -12328 -2516 28636 -11240 4962 -8141 END
START -12452 -2476 28244 -11529 5020 -8308 END
START -12564 -2564 28072 -11679 5111 -8497 END
START -12796 -2560 27844 -11810 5109 -8713 END
START -12964 -2492 27848 -11909 5069 -8900 END
START -13232 -2440 27592 -11958 4931 -9081 END
START -13320 -2396 27588 -12079 4765 -9257 END
START -13472 -2208 27396 -12177 4553 -9437 END
START -13460 -2172 27160 -12317 4282 -9643 END
START -13424 -2048 26792 -12386 3993 -9833 END
START -13444 -1900 26560 -12443 3740 -10010 END
START -13396 -1796 26348 -12522 3456 -10171 END
START -13404 -1668 25952 -12580 3178 -10369 END
START -13436 -1624 25392 -12689 2952 -10580 END
START -13532 -1732 25096 -12770 2685 -10816 END
START -13408 -1664 24568 -12840 2484 -11079 END
START -13420 -1680 24252 -12908 2298 -11353 END
START -13356 -1604 23776 -13005 2063 -11710 END
START -13236 -1416 23236 -13144 1931 -12108 END
START -13028 -1376 22516 -13317 1786 -12540 END
START -12672 -1264 22072 -13483 1678 -13015 END
START -12508 -1084 21324 -13634 1623 -13463 END
START -12108 -996 20680 -13797 1592 -13890 END
START -11792 -764 19852 -13960 1560 -14307 END
START -11524 -564 19320 -14113 1554 -14704 END
START -11224 -352 18548 -14231 1528 -15110 END
START -10740 -164 17796 -14347 1531 -15473 END
START -10364 192 17004 -14408 1600 -15830 END
START -9768 456 15816 -14415 1653 -16207 END
START -9344 712 15020 -14382 1664 -16524 END
START -8968 812 14568 -14327 1740 -16823 END
START -8244 1044 13620 -14236 1807 -17124 END
START -7636 1096 12280 -14099 1912 -17425 END
START -6816 1204 11516 -13909 2040 -17676 END
START -6188 1244 10560 -13626 2235 -17973 END
START -5608 1540 9772 -13285 2508 -18211 END
START -4932 1868 8988 -12909 2691 -18404 END
START -4208 2444 8496 -12498 2913 -18536 END
START -3564 2896 8388 -12136 2999 -18587 END
START -2768 3424 8332 -11725 2933 -18585 END
START -1908 3784 8352 -11334 2744 -18397 END
START -912 4164 8144 -10917 2474 -18144 END
START -56 4548 7832 -10483 2106 -17777 END
START 1016 5012 7576 -10063 1766 -17315 END
START 1616 5456 7288 -9625 1351 -16837 END
START 2580 6128 6696 -9159 879 -16218 END
START 3244 6648 6072 -8570 412 -15479 END
START 4056 7140 5680 -7938 -75 -14616 END
START 4964 7240 4732 -7289 -473 -13744 END
START 5732 7316 4028 -6602 -797 -12840 END
START 6376 7380 3352 -5786 -1053 -11882 END
START 6800 7568 2948 -5057 -1254 -10946 END
START 7052 7664 2684 -4329 -1469 -10039 END
START 7344 7740 2492 -3634 -1639 -9110 END
START 7592 7504 2432 -2894 -1756 -8157 END
START 7684 7656 2552 -2229 -1900 -7312 END
START 7476 7716 2740 -1633 -2040 -6476 END
START 6996 7740 3200 -1140 -2177 -5712 END
START 6808 7692 3308 -750 -2376 -5030 END
START 6300 7496 3652 -412 -2616 -4525 END
START 5836 7140 3880 -193 -2781 -4191 END
START 5464 6608 4084 -28 -2900 -4048 END
START 5352 6192 4364 26 -2893 -4068 END
START 5212 5928 4272 -40 -2719 -4219 END
START 5252 5980 4284 -175 -2547 -4462 END
START 5392 6116 4292 -454 -2161 -4735 END
START 5736 6272 4176 -873 -1613 -5056 END
START 5952 6376 4036 -1263 -902 -5311 END
START 6204 6644 3808 -1666 -114 -5562 END
START 6376 6924 3564 -2043 755 -5852 END
START 6732 6976 3576 -2384 1634 -6119 END
START 6796 7152 3508 -2723 2526 -6364 END
START 7000 7344 3892 -3066 3318 -6603 END
START 7284 7548 3996 -3354 3980 -6777 END
START 7500 7820 3928 -3569 4627 -6825 END
START 7748 8156 4196 -3695 5187 -6792 END
START 8208 8700 4384 -3792 5679 -6634 END
START 8480 9052 4244 -3931 6107 -6455 END
START 8768 9256 4628 -4088 6450 -6191 END
START 9108 9404 4944 -4238 6672 -5840 END
START 9208 9540 5056 -4287 6692 -5368 END
START 9412 9688 5268 -4222 6594 -4811 END
START 9440 9772 5300 -4026 6379 -4164 END
START 9424 9960 5512 -3746 6032 -3464 END
START 9536 10144 5340 -3354 5526 -2739 END
START 9504 10288 5456 -2959 5031 -1963 END
START 9492 10508 5328 -2470 4363 -1150 END
START 9564 10716 5320 -1956 3692 -283 END
START 9508 10836 5092 -1425 2948 610 END
START 9472 10948 5104 -834 2274 1500 END
START 9360 11144 4884 -254 1645 2406 END
START 9276 11212 4952 390 999 3355 END
START 9100 11172 4852 887 528 4170 END
START 8844 11020 4832 1372 -2 4983 END
START 8636 10932 5012 1751 -455 5637 END
START 8548 10484 5044 2081 -842 6371 END
START 8388 10344 4760 2389 -1139 6961 END
START 8300 10180 4576 2625 -1284 7513 END
START 8256 9956 4512 2846 -1343 8030 END
START 7872 9688 4500 2989 -1314 8485 END
START 7452 9372 4364 3096 -1217 8877 END
START 7120 9056 4500 3157 -1125 9149 END
START 6744 8544 4736 3162 -995 9320 END
START 6356 8160 4688 3141 -805 9415 END
START 6228 7764 4640 3075 -592 9434 END
START 5908 7624 4396 2952 -298 9361 END
START 5764 7572 4188 2806 104 9250 END
START 5412 7360 4324 2681 564 9116 END
START 5392 7252 3884 2609 1068 9049 END
START 5556 7196 3584 2532 1618 8881 END
START 5416 7384 3736 2404 2188 8805 END
START 5260 7348 3936 2344 2746 8801 END
START 5164 7288 4240 2260 3215 8753 END
START 5204 7444 4444 2131 3580 8741 END
START 5196 7584 4480 2028 4025 8745 END
START 5068 7468 5004 2011 4327 8812 END
START 5104 7500 5364 2046 4564 8959 END
START 5184 7916 5736 2136 4748 9119 END
START 5204 8396 6224 2192 4844 9300 END
START 5132 8476 6668 2193 4814 9531 END
START 4944 8844 7396 2278 4608 9952 END
START 4960 9252 7856 2413 4313 10434 END
START 4716 9772 8256 2640 3879 11068 END
START 4516 10208 8464 2941 3334 11726 END
START 4188 10616 8972 3326 2647 12476 END
START 3744 10952 9156 3827 1892 13283 END
START 3216 11320 9724 4392 1022 14257 END
START 2528 11552 10108 5028 43 15200 END
START 1808 11688 10488 5708 -944 16146 END
START 1056 11516 10684 6414 -1988 17116 END
START 228 11152 10960 7156 -3023 17976 END
START -548 10660 10960 7873 -3953 18808 END
START -1292 9976 11128 8585 -4788 19477 END
START -1948 9152 11220 9206 -5479 19977 END
START -2448 8284 11456 9801 -5990 20375 END
START -2980 7748 11568 10251 -6422 20627 END
START -3744 7088 11716 10629 -6567 20682 END
START -4020 6368 11784 10868 -6562 20701 END
START -4396 5764 12304 11049 -6448 20573 END
START -4740 5056 12864 11144 -6178 20387 END
START -5008 4484 13100 11117 -5722 20110 END
START -5264 4092 13344 11022 -5203 19763 END
START -5800 3968 13784 10821 -4593 19398 END
START -6344 3744 14608 10565 -4002 19041 END
START -6772 3568 15172 10257 -3420 18717 END
START -7452 3360 15752 9967 -2857 18414 END
START -8004 3360 16420 9661 -2445 18175 END
START -8820 3424 17056 9331 -2149 17939 END
START -9612 3384 17892 8997 -1965 17729 END
START -10552 2860 18608 8724 -1962 17543 END
START -11376 2472 19344 8477 -2112 17329 END
START -12136 1912 19880 8227 -2396 17058 END
START -12668 1452 20520 8054 -2786 16765 END
START -13360 1012 20976 7850 -3287 16342 END
START -13668 720 21336 7711 -3778 15961 END
START -14124 432 21408 7586 -4311 15600 END
START -14404 52 21688 7592 -4861 15377 END
START -14628 -548 21916 7661 -5418 15166 END
START -14688 -968 22000 7828 -6011 14982 END
START -14608 -1464 22400 7990 -6570 14788 END
START -14616 -1972 22540 8074 -7090 14533 END
START -14624 -2512 22936 8118 -7581 14362 END
START -14604 -2820 22960 8061 -7929 14171 END
START -14540 -3036 23076 7937 -8206 14072 END
START -14564 -3444 22968 7716 -8394 13963 END
START -14560 -3880 22888 7505 -8451 13811 END
START -14608 -4436 22740 7196 -8362 13644 END
START -14736 -4908 22656 6875 -8206 13360 END
START -15092 -5392 22396 6506 -7950 13115 END
START -15612 -5704 22248 6197 -7657 12614 END
START -16164 -6136 22028 5915 -7394 12372 END
START -16796 -6556 22096 5678 -7174 11853 END
START -17252 -7032 21984 5510 -6924 11359 END
START -17692 -7656 21820 5343 -6656 10779 END
START -18020 -7972 21500 5230 -6316 10158 END
START -18292 -7988 21356 5063 -5914 9515 END
START -18808 -8080 21188 4889 -5455 8877 END
START -19172 -8180 21348 4747 -5038 8259 END
START -19816 -8144 21408 4562 -4688 7653 END
START -20360 -8264 21600 4371 -4388 6999 END
START -20952 -8360 21640 4238 -4174 6309 END
START -21296 -8588 21784 4104 -4021 5526 END
START -21540 -8880 22084 3935 -3867 4676 END
START -21616 -9068 21972 3762 -3782 3785 END
START -21604 -9004 22088 3524 -3797 2868 END
START -21452 -8792 21964 3279 -3800 1942 END
START -21392 -8604 21636 3017 -3801 1009 END
START -21220 -8332 21220 2737 -3760 113 END
START -20956 -8108 20716 2488 -3760 -730 END
START -20692 -7808 20256 2272 -3699 -1593 END
START -20204 -7396 19528 2075 -3567 -2481 END
START -19728 -6912 18768 1924 -3360 -3321 END
START -19224 -6416 18016 1870 -3045 -4103 END
START -18724 -5620 17508 1841 -2744 -4819 END
START -18280 -4972 17152 1872 -2449 -5444 END
START -17668 -4236 16840 1877 -2179 -5965 END
START -17024 -3996 16412 1896 -2020 -6385 END
START -16516 -3348 16388 1905 -1897 -6735 END
START -15944 -2692 16264 1900 -1849 -6999 END
START -15428 -2112 16116 1937 -1838 -7198 END
START -15092 -1660 15700 1959 -1918 -7342 END
START -14620 -1048 15596 1991 -2044 -7452 END
START -14160 -400 15120 2049 -2181 -7530 END
START -13752 -140 14524 2059 -2320 -7606 END
START -13300 388 13824 2095 -2400 -7668 END
START -13020 824 13008 2180 -2438 -7679 END
START -12664 1224 12180 2299 -2396 -7706 END
START -12648 1636 11388 2493 -2355 -7707 END
START -12432 1912 10832 2782 -2326 -7720 END
START -12468 2024 10240 3184 -2407 -7718 END
START -12532 2308 9608 3629 -2434 -7775 END
START -12648 2376 9268 4135 -2529 -7850 END
START -12720 2660 8756 4699 -2594 -8005 END
START -12816 2888 8348 5236 -2663 -8268 END
START -12820 2956 8260 5727 -2749 -8583 END
START -12680 3132 8208 6131 -2898 -8915 END
START -12548 3128 7960 6511 -3011 -9284 END
START -12132 3568 7676 6807 -3051 -9670 END
START -11760 3900 7324 7071 -3029 -10013 END
START -11288 4236 7036 7225 -2862 -10374 END
START -11048 4460 6504 7371 -2646 -10763 END
START -10984 4784 6232 7478 -2335 -11194 END
START -10692 5224 5668 7561 -2039 -11575 END
START -10664 5632 5592 7663 -1665 -12036 END
START -10300 5888 5416 7755 -1257 -12465 END
START -9900 6176 5460 7837 -906 -12908 END
START -9496 6384 5392 7907 -586 -13288 END
START -9176 6992 5580 7960 -343 -13590 END
START -8748 7456 5372 8006 -117 -13864 END
START -8016 7860 5224 7991 82 -14038 END
START -7452 8072 5080 8082 322 -14085 END
START -6812 8340 4792 8162 549 -14092 END
START -6468 8604 4584 8277 805 -14059 END
START -6296 8748 4404 8468 983 -13964 END
START -5912 9016 4404 8666 1158 -13841 END
START -5900 9216 4528 8901 1256 -13662 END
START -5740 9324 4380 9183 1263 -13441 END
START -5468 9392 4284 9517 1279 -13229 END
START -5140 9304 4244 9869 1281 -13032 END
START -4744 9248 4324 10222 1277 -12792 END
START -4620 9224 4496 10568 1203 -12555 END
START -4456 9196 4792 10931 1000 -12321 END
START -4364 9384 4968 11392 722 -12062 END
START -4128 9372 5256 11851 380 -11788 END
START -4012 9416 5440 12350 3 -11509 END
START -3832 9408 5636 12813 -409 -11212 END
START -3644 9312 5696 13380 -868 -10900 END
START -3456 9436 5712 13962 -1335 -10629 END
START -3192 9388 5828 14469 -1738 -10426 END
START -3120 9492 5760 15031 -2110 -10183 END
START -2916 9668 5824 15518 -2378 -9993 END
START -2688 9732 6164 16016 -2624 -9796 END
START -2484 9824 6484 16549 -2872 -9637 END
START -2336 9884 6512 16988 -3061 -9430 END
START -2240 10088 6764 17495 -3138 -9227 END
START -2200 10080 7068 17969 -3119 -9042 END
START -2408 10292 7740 18369 -3030 -8912 END
START -2692 10184 8392 18669 -2938 -8843 END
START -2828 10040 8868 18854 -2808 -8884 END
START -2668 9784 9636 18871 -2634 -8998 END
START -2612 9496 10064 18806 -2331 -9222 END
START -2220 9348 10828 18620 -1871 -9514 END
START -1916 9144 11192 18365 -1237 -9888 END
START -1512 9264 11784 18095 -508 -10245 END
START -1128 9200 12644 17720 275 -10640 END
START -852 9500 13152 17276 1010 -10954 END
START -320 9632 13928 16768 1760 -11219 END
START 116 9752 14972 16221 2396 -11415 END
START 412 9692 15472 15774 2815 -11546 END
START 884 9700 16408 15319 3183 -11565 END
START 1144 9840 16916 14966 3331 -11522 END
START 1524 9856 17668 14718 3443 -11427 END
START 1768 9960 18164 14541 3474 -11273 END
START 1996 10216 18688 14410 3475 -11057 END
START 2164 10240 19232 14386 3506 -10805 END
START 2444 10264 20132 14347 3504 -10549 END
START 2576 10204 21088 14309 3475 -10252 END
START 2608 10296 21832 14168 3421 -9948 END
START 2672 10524 22872 14015 3411 -9671 END
START 2764 10796 23600 13750 3474 -9393 END
START 2732 10800 24520 13462 3502 -9125 END
START 3000 10852 25360 13124 3494 -8791 END
START 3108 11128 26100 12693 3568 -8453 END
START 3236 11220 26780 12228 3661 -8121 END
START 3312 11296 27408 11831 3790 -7764 END
START 3256 11396 28184 11316 3932 -7446 END
START 3080 11280 28852 10839 3972 -7135 END
START 2972 11312 29588 10307 3993 -6831 END
START 2864 11220 30260 9802 3946 -6553 END
START 2800 11032 30968 9321 3837 -6254 END
START 2716 10908 31620 8804 3653 -5964 END
START 2620 10920 32116 8293 3420 -5639 END
START 2688 10664 32767 7792 3099 -5324 END
START 2604 10492 32767 7296 2753 -5016 END
START 2588 10400 32767 6767 2304 -4681 END
START 2788 10188 32767 6312 1860 -4402 END
START 2884 10068 32767 5837 1416 -4068 END
START 2852 9936 32767 5414 925 -3721 END
START 2920 9884 32767 4978 444 -3371 END
START 2904 9880 32767 4533 -27 -2999 END
START 2880 10004 32767 4086 -508 -2591 END
START 2752 10048 32767 3625 -984 -2205 END
START 2848 10068 32767 3146 -1464 -1772 END
START 2716 9992 32767 2651 -1836 -1346 END
START 2788 10048 32767 2176 -2203 -900 END
START 2512 10132 32767 1645 -2561 -436 END
START 2484 10064 32767 1091 -2895 37 END
START 2276 9968 32767 549 -3249 494 END
START 2248 9792 32767 21 -3520 930 END
START 2216 9668 32767 -506 -3666 1337 END
START 2244 9368 32767 -1040 -3899 1690 END
START 2176 9196 32767 -1543 -4032 2057 END
START 1868 9012 32767 -2121 -4253 2378 END
START 1860 8848 32767 -2680 -4414 2643 END
START 1740 8752 32767 -3310 -4648 2888 END
START 1520 8388 32767 -3864 -4877 3084 END
START 1580 7952 32767 -4433 -5071 3215 END
START 1656 7764 32767 -4967 -5291 3331 END
START 1608 7596 32767 -5425 -5508 3449 END
START 1856 7632 32767 -5877 -5660 3534 END