START -604 320 11116 1591 442 2560 END
START 2448 800 6488 1702 -18 3041 END
START 952 -888 8096 2035 1070 3539 END
START 736 -516 10208 2475 1321 4039 END
START 228 -148 10548 3014 1489 4519 END
START -816 -564 11516 3475 1341 4874 END
START -1728 -1272 12364 3901 1051 5249 END
START -2280 -1784 13168 4360 498 5519 END
START -2724 -2104 13736 4706 -46 5613 END
START -2780 -2504 14040 4998 -687 5616 END
START -3120 -2732 14452 5215 -1417 5443 END
START -3460 -2920 15068 5328 -2087 5164 END
START -3772 -3060 15636 5383 -2762 4889 END
START -3644 -3064 15696 5336 -3234 4551 END
START -3608 -3232 15804 5240 -3608 4169 END
START -3460 -3312 15512 5107 -3680 3847 END
START -3280 -3032 15164 4862 -3588 3462 END
START -3236 -2520 14820 4506 -3278 3054 END
START -3156 -2292 14156 4034 -2849 2658 END
START -2968 -1964 13596 3562 -2156 2236 END
START -2716 -1548 13148 3098 -1335 1805 END
START -2632 -1332 12684 2697 -369 1434 END
START -2704 -1264 12680 2362 573 1088 END
START -2772 -1332 12996 2084 1496 808 END
START -3016 -1264 13340 1862 2226 614 END
START -3236 -1264 13880 1590 2750 446 END
START -3432 -1352 14512 1386 3030 315 END
START -3828 -1328 14932 1182 3096 211 END
START -3684 -1400 15588 1027 3072 120 END
START -3720 -1328 15768 980 2990 69 END
START -3600 -1292 16132 886 2852 20 END
START -3780 -1156 16520 846 2645 67 END
START -3680 -1068 16680 741 2416 167 END
START -3680 -1032 17004 601 2044 264 END
START -3608 -992 17356 459 1690 343 END
START -3356 -828 17336 381 1344 462 END
START -3372 -672 17464 232 964 606 END
START -3352 -268 17404 174 600 795 END
START -3460 -460 17364 108 200 1025 END
START -3260 -964 17664 68 -232 1270 END
START -3384 -1116 17520 145 -615 1571 END
START -3416 -1180 17472 129 -990 1809 END
START -3488 -1328 17308 136 -1380 2055 END
START -3636 -1632 17040 180 -1722 2178 END
START -3660 -1840 16944 170 -1984 2285 END
START -3860 -2052 16612 151 -2209 2323 END
START -4056 -2304 16504 137 -2361 2319 END
START -4392 -2684 16588 69 -2549 2229 END
START -4576 -3036 16376 48 -2759 2157 END
START -4764 -3264 16248 17 -2948 1987 END
START -4808 -3500 15828 119 -3040 1780 END
START -4932 -3620 15484 240 -3019 1492 END
START -5040 -3548 15044 320 -2978 1135 END
START -5120 -3652 14904 416 -2793 766 END
START -5028 -3408 14788 498 -2531 402 END
START -4912 -3352 14556 493 -2228 84 END
START -4816 -3436 14512 444 -1833 -211 END
START -4548 -3636 14416 348 -1393 -502 END
START -4484 -3452 14400 221 -845 -834 END
START -4536 -3160 14540 -15 -411 -1208 END
START -4492 -3088 14852 -210 38 -1506 END
START -4404 -2828 15060 -440 355 -1822 END
START -4544 -2756 15136 -576 621 -2030 END
START -4636 -2516 15392 -693 810 -2190 END
START -4504 -2252 15572 -799 926 -2351 END
START -4392 -1948 15508 -846 1016 -2432 END
START -4272 -1780 15552 -946 1054 -2473 END
START -3928 -1556 15512 -1014 1124 -2488 END
START -3948 -1400 15412 -1090 1175 -2462 END
START -3624 -1272 15480 -1154 1249 -2372 END
START -3464 -1200 15564 -1222 1240 -2221 END
START -3500 -1008 15852 -1287 1081 -2009 END
START -3340 -632 15988 -1321 903 -1761 END
START -3284 -468 15892 -1343 668 -1467 END
START -3252 -408 15944 -1288 360 -1159 END
START -3200 -444 16000 -1287 5 -817 END
START -3280 -44 16192 -1229 -430 -508 END
START -3468 -496 15944 -1189 -979 -180 END
START -3308 -992 16032 -1082 -1575 140 END
START -3368 -952 15724 -1017 -2029 358 END
START -3384 -1036 15492 -880 -2496 600 END
START -3340 -976 15188 -751 -2885 767 END
START -3320 -1028 14656 -670 -3146 879 END
START -3060 -1252 13984 -564 -3242 916 END
START -3192 -1396 13784 -517 -3239 884 END
START -3404 -1488 13496 -468 -3139 813 END
START -3632 -1588 13168 -560 -3092 696 END
START -3860 -1740 12956 -546 -3040 491 END
START -3960 -1788 12720 -603 -2979 254 END
START -3932 -1972 12448 -569 -2849 -50 END
START -4044 -2036 12056 -517 -2676 -400 END
START -4104 -2144 11556 -367 -2466 -839 END
START -3968 -2124 11256 -259 -2177 -1244 END
START -3876 -2024 10768 -167 -1859 -1692 END
START -3756 -1736 10648 -72 -1544 -2106 END
START -3588 -1476 10496 -23 -1274 -2504 END
START -3352 -1112 10380 33 -1022 -2794 END
START -3216 -1044 10344 106 -778 -3002 END
START -2872 -636 10172 212 -522 -3248 END
START -2568 -276 9916 220 -306 -3306 END
START -2276 84 9892 330 -82 -3396 END
START -2052 376 9660 310 143 -3364 END
START -1876 488 9844 360 347 -3330 END
START -1620 616 9628 322 506 -3259 END
START -1280 824 9260 312 728 -3166 END
START -1172 984 8900 309 940 -3056 END
START -860 1124 9028 336 1126 -2937 END
START -832 1148 8704 406 1311 -2829 END
START -860 1164 8564 448 1368 -2648 END
START -928 1268 8524 506 1433 -2481 END
START -848 1348 8400 614 1440 -2275 END
START -948 1504 8244 735 1332 -2082 END
START -928 1468 8356 894 1217 -1922 END
START -1040 1580 8216 1117 1031 -1729 END
START -1204 1552 8180 1335 724 -1560 END
START -1256 1620 8148 1641 398 -1418 END
START -1456 1676 7940 1944 -46 -1320 END
START -1492 1808 7868 2323 -477 -1171 END
START -1448 1920 7636 2710 -937 -1038 END
START -1400 2052 7632 3129 -1388 -884 END
START -1308 2184 7216 3639 -1900 -697 END
START -1152 2300 6900 4166 -2274 -456 END
START -976 2544 6544 4694 -2649 -177 END
START -580 2732 6284 5214 -2946 100 END
START -700 3044 6172 5723 -3154 377 END
START -548 2888 5908 6190 -3306 648 END
START -472 2864 5712 6651 -3434 941 END
START -256 2824 5640 7029 -3529 1194 END
START -288 3048 5420 7397 -3612 1422 END
START -148 3072 5256 7806 -3603 1670 END
START -168 2888 4932 8298 -3518 1931 END
START -236 2636 4720 8825 -3374 2148 END
START -204 2684 4776 9386 -3175 2334 END
START -384 2516 4780 9979 -2912 2484 END
START -672 2308 5116 10524 -2648 2545 END
START -1016 2120 5700 10994 -2342 2510 END
START -1128 1876 6120 11256 -2055 2380 END
START -1456 1616 6520 11534 -1868 2247 END
START -1664 1380 7004 11587 -1686 2025 END
START -1860 1300 7296 11571 -1464 1762 END
START -2140 1224 7720 11766 -1283 1451 END
START -2244 1052 7812 11826 -1074 1151 END
START -2384 1124 8116 11613 -914 828 END
START -2400 1024 8168 11942 -767 575 END
START -2596 1172 8248 11744 -678 316 END
START -2452 1264 8508 12152 -634 29 END
START -2440 1352 8608 12169 -574 -155 END
START -2348 1412 8764 12212 -601 -306 END
START -2196 1552 8852 12709 -600 -414 END
START -2244 1808 9080 12857 -650 -487 END
START -2084 2036 9240 13150 -721 -540 END
START -2012 2452 9660 13337 -819 -524 END
START -1884 2588 9972 13478 -969 -467 END
START -1740 2856 10212 13669 -1198 -440 END
START -1716 3148 10712 13858 -1391 -318 END
START -1480 3440 10776 14056 -1736 -177 END
START -1368 3576 11208 14202 -2001 18 END
START -1108 3928 11368 14389 -2305 168 END
START -1008 4136 11248 14526 -2532 380 END
START -776 4388 11372 14728 -2790 583 END
START -760 4540 11492 14898 -2923 816 END
START -628 4596 11324 15126 -3078 1064 END
START -436 4508 11496 15391 -3222 1291 END
START -400 4472 11452 15599 -3324 1515 END
START -164 4520 11508 15861 -3426 1764 END
START -12 4532 11368 16070 -3459 1957 END
START 144 4924 11420 16281 -3385 2169 END
START -36 4736 11508 16466 -3259 2308 END
START 176 4412 11556 16693 -3076 2428 END
START 40 4120 11768 16851 -2800 2492 END
START 24 4200 12108 17049 -2436 2471 END
START 136 4168 12276 17152 -2055 2424 END
START 112 4124 12572 17194 -1657 2265 END
START 64 3924 12744 17104 -1193 2130 END
START 120 3928 13100 16965 -734 1937 END
START 248 4064 13280 16823 -209 1704 END
START 176 4156 13604 16598 283 1475 END
START 364 4132 13772 16379 791 1273 END
START 220 4320 14064 16193 1278 1135 END
START 140 4520 14056 16030 1750 988 END
START 188 4576 14340 15915 2189 906 END
START 84 4680 14680 15870 2643 863 END
START -288 4900 14964 15825 2967 836 END
START -576 4904 15032 15836 3295 799 END
START -768 4940 15692 15859 3558 755 END
START -1204 5080 16084 15839 3715 760 END
START -1556 5252 16528 15833 3830 696 END
START -1964 5300 17128 15855 3906 709 END
START -2068 5236 17504 15867 3818 755 END
START -2396 5396 18144 15928 3618 840 END
START -2800 5444 18844 16002 3285 929 END
START -3068 5548 19396 16089 2868 1052 END
START -3396 5848 20112 16244 2394 1209 END
START -3276 5960 20820 16406 1764 1393 END
START -3412 6140 21464 16587 1186 1575 END
START -3164 6392 21732 16714 656 1779 END
START -3012 6556 22216 16855 199 2011 END
START -2808 6840 22572 16845 -59 2234 END
START -2776 7008 23016 16774 -281 2416 END
START -2696 7108 23532 16594 -469 2646 END
START -2800 7348 24136 16396 -698 2832 END
START -2808 7392 24588 16148 -816 3031 END
START -2740 7400 25040 15848 -955 3277 END
START -2804 7552 25188 15586 -1048 3471 END
START -3000 7488 25888 15282 -1143 3665 END
START -3152 7528 25848 15003 -1235 3859 END
START -3228 7556 26184 14625 -1283 4014 END
START -3348 7580 26356 14289 -1247 4139 END
START -3624 7580 26372 13879 -1235 4238 END
START -3996 7408 26832 13522 -1207 4273 END
START -4416 7392 27020 13127 -1259 4255 END
START -4820 7052 27196 12883 -1278 4225 END
START -5316 6752 27468 12605 -1299 4016 END
START -5548 6548 27764 11995 -1289 3813 END
START -5904 6384 27928 11896 -1324 3565 END
START -6080 6276 28160 11370 -1306 3196 END
START -6284 6248 28296 10861 -1295 2899 END
START -6336 5968 28416 10196 -1193 2479 END
START -6248 5868 28200 9476 -1033 2065 END
START -6116 5796 28160 8744 -796 1645 END
START -5804 5872 27852 7969 -511 1204 END
START -5696 5824 27760 7237 -80 762 END
START -5412 5820 27568 6521 295 414 END
START -5180 5876 27488 5803 753 118 END
START -5048 6048 27404 5124 1011 -78 END
START -4948 6072 27552 4516 1226 -186 END
START -4780 6196 27396 3915 1277 -262 END
START -4644 6272 27428 3378 1293 -284 END
START -4512 6160 27052 2883 1248 -230 END
START -4324 6100 26812 2495 1209 -225 END
START -4000 6020 26420 2121 1152 -151 END
START -3868 5956 26200 1759 1043 -39 END
START -3716 6020 25784 1403 976 111 END
START -3584 5968 25744 1031 873 275 END
START -3312 5972 25176 772 816 492 END
START -3476 5828 24816 469 750 676 END
START -3484 5636 24628 212 684 911 END
START -3424 5636 24488 -62 600 1066 END
START -3600 5420 24064 -270 563 1207 END
START -3600 5352 23956 -462 467 1281 END
START -3692 5200 23684 -669 365 1327 END
START -3808 4996 23528 -857 283 1360 END
START -3728 4844 23356 -1012 206 1392 END
START -3808 4928 23140 -1218 174 1430 END
START -3828 4852 22856 -1457 222 1403 END
START -3824 4720 22604 -1705 272 1413 END
START -3892 4644 22344 -1910 322 1390 END
START -3860 4424 22268 -2174 367 1333 END
START -3848 4384 22108 -2433 460 1242 END
START -3804 4372 22096 -2721 519 1158 END
START -3832 4432 22032 -3022 616 1007 END
START -3724 4332 21816 -3321 720 918 END
START -3724 4364 21736 -3613 766 797 END
START -3748 4424 21624 -3919 826 683 END
START -3620 4500 21424 -4197 935 532 END
START -3636 4484 21160 -4440 981 449 END
START -3628 4460 21072 -4650 1063 322 END
START -3540 4592 20904 -4848 1151 214 END
START -3428 4520 20652 -5004 1212 79 END
START -3504 4584 20652 -5182 1275 -1 END
START -3568 4548 20548 -5377 1313 -103 END
START -3556 4664 20584 -5547 1364 -215 END
START -3560 4700 20156 -5736 1399 -275 END
START -3432 4836 20028 -5857 1455 -373 END
START -3460 4920 20104 -6013 1531 -395 END
START -3428 4924 19996 -6112 1581 -450 END
START -3540 4932 19924 -6291 1654 -514 END
START -3628 4932 20064 -6429 1690 -537 END
START -3680 5096 20116 -6584 1714 -590 END
START -3616 5100 20084 -6767 1712 -646 END
START -3756 5120 20320 -6936 1719 -693 END
START -3648 5232 20196 -7144 1739 -784 END
START -3512 5320 20336 -7351 1761 -801 END
START -3600 5272 20224 -7555 1806 -831 END
START -3608 5352 20304 -7755 1798 -839 END
START -3648 5480 20340 -8031 1779 -819 END
START -3556 5468 20276 -8293 1744 -822 END
START -3492 5612 19976 -8532 1727 -819 END
START -3480 5396 19768 -8755 1752 -830 END
START -3484 5472 19784 -9010 1754 -810 END
START -3352 5280 19500 -9203 1812 -829 END
START -3588 5496 19436 -9412 1831 -806 END
START -3500 5432 19072 -9586 1863 -827 END
START -3640 5388 18880 -9747 1894 -795 END
START -3820 5296 18768 -9881 1895 -837 END
START -3996 5236 18524 -9994 1993 -769 END
START -4196 5076 18664 -10104 1955 -741 END
START -4532 5088 18600 -10173 1940 -679 END
START -4772 4816 18644 -10256 1843 -706 END
START -5168 4640 18780 -10327 1673 -675 END
START -5472 4504 18748 -10376 1487 -707 END
START -5704 4392 18628 -10428 1265 -724 END
START -5816 4200 18832 -10543 1070 -751 END
START -6180 4072 18724 -10596 815 -772 END
START -6520 4048 18744 -10710 547 -787 END
START -6676 3908 18504 -10834 274 -794 END
START -7008 3716 18356 -10918 41 -858 END
START -7252 3536 18280 -11034 -246 -934 END
START -7316 3368 18252 -11119 -434 -1016 END
START -7564 3224 18024 -11209 -676 -1111 END
START -7760 3072 17916 -11263 -842 -1226 END
START -7964 2964 17700 -11313 -1117 -1459 END
START -8116 2980 17508 -11438 -1342 -1644 END
START -8240 2840 17488 -11490 -1507 -1855 END
START -8400 2852 17192 -11563 -1630 -2075 END
START -8468 2796 17036 -11643 -1815 -2251 END
START -8544 2796 16772 -11730 -1912 -2452 END
START -8668 2536 16528 -11747 -2060 -2682 END
START -8792 2436 16456 -11728 -2204 -2908 END
START -8900 2304 16340 -11678 -2333 -3137 END
START -8960 2368 16396 -11639 -2497 -3396 END
START -9052 2312 16192 -11619 -2674 -3644 END
START -9132 2300 16192 -11547 -2877 -3860 END
START -9144 2276 16020 -11531 -3126 -4071 END
START -9080 2368 16024 -11473 -3298 -4240 END
START -8940 2336 15780 -11411 -3510 -4422 END
START -9004 2220 15720 -11370 -3717 -4551 END
START -8924 2184 15732 -11318 -3966 -4668 END
START -8960 2156 15600 -11323 -4252 -4810 END
START -9092 2000 15552 -11301 -4557 -4968 END
START -8988 2136 15556 -11299 -4900 -5126 END
START -9004 2020 15404 -11238 -5280 -5234 END
START -9000 1900 15268 -11201 -5603 -5383 END
START -8848 1868 15148 -11112 -5962 -5515 END
START -8864 1828 14964 -11013 -6291 -5618 END
START -8808 1732 14560 -10945 -6623 -5716 END
START -8740 1764 14332 -10867 -6939 -5837 END
START -8652 1668 14004 -10741 -7236 -5930 END
START -8328 1676 13432 -10611 -7440 -6063 END
START -8324 1676 13100 -10463 -7563 -6174 END
START -8204 1560 12712 -10272 -7692 -6329 END
START -8180 1404 12336 -10118 -7697 -6406 END
START -8120 1368 12068 -9922 -7772 -6511 END
START -8076 1196 11772 -9780 -7825 -6663 END
START -8152 1016 11700 -9563 -7829 -6861 END
START -7928 780 11568 -9366 -7848 -7053 END
START -7932 772 11424 -9161 -7902 -7323 END
START -8000 664 11448 -8963 -7949 -7580 END
START -7928 636 11380 -8731 -7972 -7891 END
START -7804 528 11040 -8544 -8030 -8205 END
START -7732 388 10904 -8324 -8014 -8496 END
START -7608 436 10572 -8148 -7966 -8884 END
START -7268 344 10384 -7973 -7855 -9260 END
START -6844 272 10108 -7812 -7619 -9624 END
START -6480 416 9912 -7712 -7282 -10035 END
START -6176 592 9860 -7621 -6946 -10356 END
START -5868 548 9880 -7574 -6494 -10703 END
START -5360 448 9832 -7612 -6060 -11013 END
START -5108 504 9788 -7612 -5610 -11321 END
START -4928 600 9748 -7767 -5153 -11636 END
START -4560 676 9620 -7865 -4715 -11872 END
START -4312 748 9400 -7987 -4229 -12194 END
START -3956 852 9200 -8072 -3726 -12452 END
START -3624 840 8976 -8145 -3172 -12707 END
START -3476 788 8820 -8154 -2605 -12961 END
START -2972 812 8420 -8130 -2058 -13235 END
START -2768 920 8508 -8046 -1569 -13457 END
START -2488 1012 8652 -7954 -1198 -13684 END
START -2024 1112 8744 -7817 -934 -13910 END
START -1764 1304 8656 -7636 -729 -14043 END
START -1376 1576 8524 -7417 -619 -14156 END
START -900 1820 8548 -7157 -498 -14205 END
START -288 2060 8072 -6818 -370 -14174 END
START 268 2152 8300 -6506 -304 -14128 END
START 756 2500 8420 -6091 -235 -14029 END
START 1068 2640 8636 -5786 -283 -13893 END
START 1440 2848 8668 -5406 -391 -13713 END
START 1984 3056 8944 -5100 -603 -13485 END
START 2364 3440 9184 -4745 -840 -13281 END
START 2936 3532 9260 -4436 -1148 -13039 END
START 3484 3780 9384 -4031 -1445 -12726 END
START 3900 4104 9384 -3733 -1735 -12414 END
START 4388 4348 9424 -3421 -2047 -12038 END
START 4928 4552 9512 -3099 -2322 -11668 END
START 5592 4844 9136 -2834 -2549 -11277 END
START 5976 5008 8972 -2572 -2655 -10880 END
START 6532 5276 8680 -2322 -2730 -10474 END
START 7056 5472 8332 -2095 -2678 -10081 END
START 7536 5700 8044 -1870 -2493 -9699 END
START 7776 5688 8056 -1656 -2263 -9375 END
START 8132 5992 7856 -1444 -1915 -8985 END
START 8428 6240 7808 -1229 -1534 -8679 END
START 8668 6300 7872 -1021 -1064 -8271 END
START 8840 6532 8284 -871 -668 -7906 END
START 9052 6684 8480 -791 -276 -7498 END
START 9216 6804 8864 -737 -1 -7158 END
START 9280 6972 9264 -705 172 -6788 END
START 9360 7048 9520 -696 409 -6435 END
START 9560 7316 9564 -641 541 -6087 END
START 9592 7572 9872 -619 712 -5716 END
START 9668 7668 10028 -545 839 -5320 END
START 9584 7688 10232 -481 881 -4926 END
START 9572 7808 10428 -393 901 -4502 END
START 9688 7760 10636 -269 886 -4121 END
START 9592 7800 10584 -151 863 -3728 END
START 9532 7864 10656 -2 832 -3361 END
START 9468 7784 10728 136 821 -3004 END
START 9496 7780 10552 266 780 -2733 END
START 9416 7776 10380 415 826 -2403 END
START 9452 7732 10400 498 865 -2169 END
START 9420 7640 10408 621 963 -1897 END
START 9432 7652 10212 730 1103 -1634 END
START 9464 7732 10236 840 1298 -1380 END
START 9600 7824 10540 947 1446 -1155 END
START 9680 7860 10384 1029 1592 -866 END
START 9780 7860 10604 1097 1697 -582 END
START 9908 7992 10796 1105 1867 -274 END
START 9896 8032 10760 1117 1971 67 END
START 10112 8128 10876 1115 2077 416 END
START 10196 8064 10772 1079 2135 825 END
START 10236 8144 10756 1083 2259 1243 END
START 10416 8124 10620 1096 2348 1658 END
START 10424 8032 10524 1098 2485 2106 END
START 10408 7956 10364 1192 2587 2543 END
START 10440 8060 10416 1240 2730 2966 END
START 10300 8164 10280 1359 2763 3392 END
START 10240 8048 10252 1465 2847 3828 END
START 10112 7968 10356 1652 2893 4275 END
START 9968 7976 10104 1790 2959 4697 END
START 9784 8020 10204 2009 3008 5168 END
START 9568 8088 10320 2221 3073 5574 END
START 9312 8052 10320 2436 3074 5992 END
START 9108 7904 10372 2610 3126 6426 END
START 8808 7972 10572 2737 3125 6848 END
START 8516 7780 10596 2820 3120 7252 END
START 8024 7616 10832 2903 3146 7642 END
START 7680 7484 10780 3016 3124 8027 END
START 7280 7264 10984 3070 3139 8335 END
START 6932 7084 11016 3167 3160 8623 END
START 6728 7032 11176 3276 3236 8891 END
START 6268 6900 11288 3356 3265 9168 END
START 5816 6732 11312 3412 3291 9442 END
START 5376 6612 11344 3487 3319 9695 END
START 5012 6408 11396 3522 3305 9950 END
START 4656 6376 11276 3622 3338 10157 END
START 4296 6168 11372 3711 3377 10385 END
START 3908 5944 11584 3836 3488 10581 END
START 3540 5748 11576 3956 3572 10791 END
START 3116 5528 11564 4094 3616 10989 END
START 2532 5472 11760 4172 3680 11135 END
START 2200 5196 11964 4267 3669 11295 END
START 1788 4968 12044 4366 3705 11362 END
START 1340 4836 12316 4419 3707 11447 END
START 1172 4508 12424 4530 3605 11452 END
START 820 4420 12732 4580 3536 11420 END
START 596 4304 12872 4655 3458 11409 END
START 288 4280 12976 4758 3430 11345 END
START 44 4116 13108 4847 3389 11398 END
START -144 3952 13340 4930 3333 11416 END
START -360 3844 13424 4995 3340 11472 END
START -440 3876 13416 5017 3413 11563 END
START -924 3700 13868 4976 3435 11638 END
START -1108 3680 13900 4952 3497 11721 END
START -1568 3340 14064 4910 3548 11745 END
START -1792 3172 14076 4845 3580 11799 END
START -1912 3160 14204 4790 3638 11864 END
START -2372 2876 14260 4783 3716 11872 END
START -2716 2764 14144 4758 3791 11926 END
START -3156 2464 14164 4733 3811 11958 END
START -3508 2296 14464 4723 3897 12052 END
START -3992 2060 14320 4760 3942 12079 END
START -4508 1804 14316 4831 3992 12051 END
START -4836 1560 14172 4850 4013 12006 END
START -5296 1156 14360 4936 4014 11993 END
START -5572 944 14352 4973 4031 11807 END
START -5988 684 14504 5041 3995 11671 END
START -6268 416 14552 5134 3964 11491 END
START -6732 216 14640 5248 3960 11291 END
START -6984 52 14540 5303 3979 11069 END
START -7200 -156 14616 5318 4041 10838 END
START -7592 -328 14780 5339 4081 10658 END
START -7768 -264 14892 5309 4122 10421 END
START -8084 -596 15176 5296 4215 10224 END
START -8316 -768 15188 5277 4316 9971 END
START -8720 -860 15388 5278 4343 9739 END
START -9040 -1048 15452 5262 4482 9485 END
START -9400 -1076 15608 5178 4599 9245 END
START -9896 -1064 15744 5075 4716 9018 END
START -10420 -1140 16052 4996 4819 8848 END
START -10980 -1192 16160 4915 4890 8641 END
START -11668 -1284 16636 4913 4908 8491 END
START -12376 -1488 16700 4910 4877 8282 END
START -13176 -1664 17048 4947 4766 8036 END
START -13772 -1760 17548 5028 4628 7751 END
START -14344 -1884 17684 5136 4398 7463 END
START -14972 -1904 18028 5217 4185 7135 END
START -15532 -2000 18056 5262 3889 6809 END
START -16124 -2056 18648 5393 3539 6456 END
START -16708 -2208 18892 5489 3187 6078 END
START -17016 -2248 19104 5569 2687 5660 END
START -17348 -2384 19300 5645 2256 5212 END
START -17624 -2312 19444 5726 1773 4740 END
START -17808 -2356 19596 5779 1285 4251 END
START -17972 -2228 19640 5824 857 3750 END
START -17884 -2164 19516 5871 480 3267 END
START -17680 -2124 19236 5868 206 2818 END
START -17544 -1980 19264 5810 22 2338 END
START -17456 -1856 19040 5758 0 1874 END
START -17280 -1840 18980 5676 -16 1428 END
START -17072 -1744 18836 5550 33 962 END
START -17088 -1536 18868 5365 146 509 END
START -16892 -1524 18452 5185 245 38 END
START -16824 -1476 18460 4954 414 -439 END
START -16632 -1460 18568 4753 485 -893 END
START -16496 -1300 18280 4479 612 -1361 END
START -16456 -1224 18060 4298 709 -1837 END
START -16368 -964 17972 4048 745 -2282 END
START -16208 -644 17668 3716 786 -2703 END
START -16040 -892 17160 3503 861 -3189 END
START -15840 -828 16812 3382 912 -3675 END
START -15640 -792 16568 3341 968 -4142 END
START -15440 -756 16048 3406 1008 -4603 END
START -15348 -704 15728 3395 1073 -5091 END
START -15016 -576 15316 3418 1129 -5628 END
START -14688 -424 14952 3360 1189 -6131 END
START -14564 -400 14736 3284 1224 -6613 END
START -14224 -208 14304 3225 1353 -7101 END
START -13648 -172 13912 3146 1498 -7601 END
START -13296 100 13364 3069 1745 -8122 END
START -13116 244 13068 3018 2049 -8569 END
START -12776 404 12636 3036 2298 -9035 END
START -12484 488 12388 3061 2564 -9533 END
START -12100 892 12236 3059 2817 -10034 END
START -11784 596 11664 3102 3046 -10545 END
START -11292 464 11360 3142 3326 -11017 END
START -10728 660 10876 3232 3616 -11513 END
START -10344 1264 10260 3294 3905 -11894 END
START -9956 1808 9872 3472 4193 -12304 END
START -9472 2160 9484 3623 4410 -12555 END
START -8996 2472 9328 3869 4587 -12742 END
START -8720 2668 9020 4268 4680 -12837 END
START -8440 3284 8880 4683 4692 -12914 END
START -8048 3564 8816 5244 4604 -12915 END
START -7640 3800 8812 5811 4445 -12895 END
START -7500 4048 8968 6406 4121 -12800 END
START -7008 4100 9116 7050 3649 -12665 END
START -6648 4424 9436 7700 3036 -12471 END
START -6276 4784 9668 8326 2403 -12250 END
START -5844 5132 9912 9010 1660 -12013 END
START -5376 5428 10036 9622 891 -11703 END
START -4832 5744 10036 10292 176 -11331 END
START -4260 5932 10096 10796 -435 -11018 END
START -3792 6092 10076 11304 -983 -10632 END
START -3400 6312 10004 11787 -1433 -10256 END
START -2888 6484 10108 12081 -1820 -9889 END
START -2612 6564 10324 12211 -2188 -9551 END
START -2224 6644 10516 12780 -2493 -9215 END
START -1860 6792 10724 13046 -2694 -8931 END
START -1460 6820 11144 13341 -2795 -8683 END
START -1108 6992 11356 13528 -2819 -8454 END
START -1068 7064 11636 13642 -2769 -8330 END
START -732 7304 11716 13644 -2609 -8230 END
START -600 7332 11996 13529 -2430 -8169 END
START -280 7508 12428 13377 -2178 -8105 END
START -144 7588 12660 13189 -1920 -8142 END
START 248 7692 13072 13054 -1633 -8156 END
START 620 7848 13352 12803 -1292 -8233 END
START 1028 7996 13888 12705 -958 -8284 END
START 1168 8172 14332 12502 -630 -8330 END
START 1404 8420 14992 12235 -329 -8374 END
START 1756 8892 15544 12343 -45 -8390 END
START 2264 9200 16260 12089 194 -8347 END
START 2636 9352 17124 11873 401 -8266 END
START 2984 9560 17716 11397 643 -8208 END
START 3600 9956 18204 11000 868 -8099 END
START 3924 10164 18784 10530 1137 -7993 END
START 4308 10412 19376 10041 1378 -7808 END
START 4732 10856 20136 9478 1625 -7558 END
START 4696 11200 20732 8888 1759 -7263 END
START 4824 11440 21132 8365 1840 -6918 END
START 5024 11548 21764 7738 1853 -6548 END
START 4988 11684 22116 7210 1793 -6089 END
START 4900 11460 22480 6687 1643 -5623 END
START 5000 11392 22924 6222 1442 -5166 END
START 5112 11236 22728 5811 1132 -4773 END
START 5168 11104 23128 5399 833 -4320 END
START 5068 10872 23120 4983 458 -3932 END
START 5208 10676 23248 4597 87 -3464 END
START 5168 10252 23068 4249 -359 -2983 END
START 5116 10252 22520 3930 -704 -2570 END
START 4740 10208 22216 3630 -1067 -2139 END
START 4768 9992 22064 3355 -1345 -1768 END
START 4700 9492 21752 3103 -1622 -1426 END
START 4536 9052 21100 2915 -1803 -1135 END
START 4480 8696 20808 2695 -1893 -860 END
START 4464 8532 20404 2529 -1983 -665 END
START 4364 8356 20100 2360 -1919 -480 END
START 4304 8296 20004 2199 -1898 -291 END
START 4280 8296 19756 2001 -1768 -162 END
START 4112 8164 19932 1727 -1650 22 END
START 3876 7920 19752 1520 -1556 204 END
START 3840 7820 19864 1230 -1444 414 END
START 3824 7824 19948 946 -1401 596 END
START 3780 7808 19780 671 -1340 811 END
START 3712 7580 19884 406 -1276 1041 END
START 3380 7388 19808 178 -1288 1273 END
START 3412 7472 19728 -91 -1251 1577 END
START 3164 7248 19804 -324 -1262 1862 END
START 2756 7124 19820 -540 -1413 2153 END
START 2504 6980 19672 -689 -1514 2410 END
START 2136 6808 19552 -852 -1673 2660 END
START 1852 6632 19484 -1014 -1818 2876 END
START 1452 6420 19436 -1137 -2031 3095 END
START 1116 6208 19424 -1241 -2223 3301 END
START 684 6148 19220 -1289 -2433 3504 END
START 536 5924 19256 -1340 -2561 3641 END
START 268 5764 18980 -1421 -2675 3764 END
START -60 5624 18904 -1473 -2783 3826 END
START -352 5388 19004 -1574 -2866 3846 END
START -456 5460 18796 -1651 -2934 3885 END
START -692 5332 18892 -1809 -2908 3864 END
START -924 5416 18860 -1941 -2873 3830 END