START -1420 2476 3112 776 -193 1020 END
START -8164 2716 12304 458 -2359 991 END
START -840 3296 1948 653 -619 1122 END
START -1260 2880 332 791 613 1388 END
START 96 3180 -336 794 1293 1593 END
START 472 2888 -632 799 1928 1890 END
START 116 3232 76 723 2679 2143 END
START -444 3124 416 744 3116 2388 END
START -344 3288 692 756 3379 2636 END
START -504 3320 1108 803 3790 2901 END
START -692 3368 1768 900 4078 3144 END
START -1016 3276 2232 1048 4166 3421 END
START -948 3204 2004 1245 4139 3725 END
START -1680 3272 2580 1514 3981 4008 END
START -2072 3124 2924 1874 3724 4328 END
START -2332 3180 3140 2280 3244 4570 END
START -2652 3084 3336 2767 2628 4745 END
START -2824 3188 3276 3300 2070 4880 END
START -3016 3104 3416 3899 1485 4912 END
START -3120 2856 3408 4485 930 4904 END
START -3268 2772 3384 4997 351 4785 END
START -3400 2744 3352 5582 -303 4647 END
START -3524 2716 3264 6051 -907 4429 END
START -3540 2692 3220 6600 -1489 4220 END
START -3600 2656 3036 7097 -1996 3973 END
START -3576 2656 2932 7603 -2534 3687 END
START -3416 2732 2876 8127 -2981 3447 END
START -3240 2888 2660 8642 -3258 3206 END
START -3192 3064 2480 9134 -3456 2980 END
START -2968 3284 2228 9603 -3489 2841 END
START -2644 3396 2000 10051 -3384 2674 END
START -2304 3600 1608 10381 -3111 2587 END
START -2084 3632 1476 10718 -2686 2519 END
START -1724 3692 1472 10977 -2215 2485 END
START -1332 3636 1276 11147 -1566 2504 END
START -1228 3872 1276 11366 -836 2538 END
START -916 3960 1224 11464 -42 2653 END
START -756 4164 1396 11570 723 2753 END
START -684 4464 1720 11808 1496 2874 END
START -764 4544 2236 11851 2236 3049 END
START -856 4656 2580 12121 2828 3236 END
START -1076 4688 3176 12232 3220 3479 END
START -1256 4708 3812 12163 3524 3739 END
START -1456 4652 4728 12604 3531 3956 END
START -1876 4652 5376 12922 3365 4223 END
START -2144 4732 6240 13321 2950 4404 END
START -2332 4632 6880 13800 2432 4609 END
START -2748 4708 7504 14402 1671 4792 END
START -3028 4664 8092 15069 833 4932 END
START -3256 4652 8536 15770 -48 5080 END
START -3516 4648 9160 16545 -975 5142 END
START -3668 4580 9444 17340 -2013 5211 END
START -3860 4320 9608 18119 -3108 5218 END
START -3912 4120 9900 18881 -4171 5103 END
START -3892 4048 10004 19545 -5085 4977 END
START -3916 3992 10016 20171 -5868 4792 END
START -3564 4272 9468 20590 -6506 4600 END
START -3372 4080 10124 21126 -6858 4405 END
START -3268 4408 9708 21565 -6934 4231 END
START -3152 4716 9608 21947 -6861 4132 END
START -2868 4964 9700 22155 -6553 4098 END
START -2660 5500 9880 22339 -6067 4095 END
START -2380 5716 10228 22382 -5417 4152 END
START -2444 5784 10576 22341 -4713 4299 END
START -2436 6008 11000 22288 -3953 4495 END
START -2304 6048 11688 22103 -3104 4706 END
START -2528 6192 12376 21989 -2326 4927 END
START -2856 6300 13288 21831 -1678 5139 END
START -3032 6264 14148 21653 -1139 5387 END
START -3448 6356 15172 21470 -800 5526 END
START -3676 6212 16072 21249 -573 5633 END
START -3908 5992 17040 21023 -580 5698 END
START -4232 5560 18076 20816 -730 5728 END
START -4608 5304 19096 20646 -1166 5700 END
START -5036 5044 19984 20487 -1768 5581 END
START -5088 4784 20788 20387 -2510 5443 END
START -5348 4612 21340 20280 -3491 5197 END
START -5336 4396 21716 20199 -4493 4913 END
START -5384 4292 21796 20093 -5435 4590 END
START -5196 4336 21936 20044 -6270 4245 END
START -5132 4352 21828 19892 -6927 3915 END
START -4928 4412 21496 19765 -7391 3590 END
START -4588 4544 21160 19527 -7585 3278 END
START -4260 4660 20696 19251 -7416 3000 END
START -3816 4972 20376 18962 -6890 2753 END
START -3528 5148 19868 18622 -6129 2595 END
START -3388 5592 19744 18226 -5117 2531 END
START -2964 6000 19580 17747 -3941 2490 END
START -2688 6444 19504 17193 -2601 2506 END
START -2484 6720 19816 16561 -1162 2622 END
START -2404 6880 20104 15970 254 2766 END
START -2276 7180 20460 15214 1694 3017 END
START -2564 7456 21084 14489 2929 3343 END
START -2840 7232 21632 13739 3987 3617 END
START -3008 7108 22380 12975 4729 3919 END
START -3288 6836 23152 12192 5340 4201 END
START -3604 6392 23984 11782 5603 4431 END
START -3896 6136 24576 11226 5556 4633 END
START -4336 6120 25212 10668 5247 4780 END
START -4588 6016 25696 10179 4534 4947 END
START -5020 5968 25948 9754 3560 5078 END
START -5344 5708 26104 9400 2409 5212 END
START -5528 5400 25732 9229 1080 5281 END
START -5676 5060 25196 9183 -237 5296 END
START -5648 4768 24752 9232 -1543 5203 END
START -5620 4576 24180 9416 -2788 5070 END
START -5528 4396 23252 9650 -3907 4872 END
START -5352 4536 22416 9902 -4861 4628 END
START -4992 4460 21800 10131 -5598 4377 END
START -4636 4376 20736 10332 -6151 4134 END
START -4152 4592 19828 10496 -6413 3861 END
START -3888 4736 18912 10561 -6447 3685 END
START -3620 5044 18332 10636 -6274 3497 END
START -3104 5140 17528 10693 -5823 3386 END
START -2760 5444 16856 10732 -5141 3314 END
START -2408 5596 16532 10752 -4158 3215 END
START -2388 5832 16268 10726 -3123 3129 END
START -2244 6064 16224 10616 -1934 3036 END
START -2128 6160 16468 10453 -792 3013 END
START -2020 6452 16800 10225 305 3033 END
START -2188 6476 17012 9884 1416 3073 END
START -2172 6612 17588 9561 2414 3198 END
START -2232 6676 18056 9126 3368 3301 END
START -2424 6764 18436 8715 4156 3446 END
START -2624 6832 18860 8251 4832 3537 END
START -2820 6688 19268 7820 5296 3671 END
START -3048 6536 19820 7447 5574 3799 END
START -3348 6376 20372 7106 5676 3901 END
START -3784 6116 20892 6907 5543 4003 END
START -4040 5996 21300 6775 5150 4144 END
START -4352 5772 21756 6666 4577 4290 END
START -4652 5544 22228 6706 3870 4370 END
START -4984 5192 22520 6735 3022 4455 END
START -5092 4984 22756 6746 2069 4472 END
START -5232 4756 22772 6785 1046 4464 END
START -5444 4608 22496 6802 177 4381 END
START -5484 4412 22364 6865 -671 4263 END
START -5744 4308 22256 6906 -1428 4056 END
START -5968 4200 22112 7008 -2065 3895 END
START -6156 4100 22052 7075 -2558 3653 END
START -6260 4212 21916 7041 -2917 3408 END
START -6292 4000 21864 6950 -3134 3117 END
START -6424 3972 21756 6759 -3321 2750 END
START -6472 3832 21772 6486 -3335 2342 END
START -6532 3868 21908 6067 -3353 1949 END
START -6444 3956 21552 5541 -3215 1496 END
START -6228 4004 21508 4950 -2933 1002 END
START -6160 4204 21316 4368 -2525 607 END
START -5864 4568 21196 3740 -2005 221 END
START -5660 4740 21036 3188 -1453 -99 END
START -5184 4876 20644 2599 -738 -288 END
START -4928 5032 20552 2071 63 -437 END
START -4804 5032 20672 1582 687 -516 END
START -4636 4860 20892 1080 1247 -512 END
START -4476 4896 20940 620 1698 -478 END
START -4548 4828 21100 113 1937 -451 END
START -4604 4776 21268 -286 2076 -395 END
START -4648 4780 21212 -633 2059 -269 END
START -4676 4640 21352 -985 1908 -154 END
START -4796 4472 21556 -1282 1603 -31 END
START -4860 4356 21612 -1506 1124 82 END
START -5128 4128 21528 -1639 494 207 END
START -5228 4096 21512 -1689 -259 296 END
START -5232 3928 21400 -1656 -1121 404 END
START -5320 3636 21204 -1561 -2038 458 END
START -5400 3596 20692 -1372 -2809 509 END
START -5316 3548 20116 -1145 -3532 485 END
START -5224 3620 19240 -854 -4121 512 END
START -5016 3692 18556 -643 -4415 490 END
START -4784 3828 17932 -433 -4524 475 END
START -4864 3804 17316 -258 -4553 421 END
START -4744 4004 17012 -115 -4292 310 END
START -4880 4168 16752 -3 -4110 164 END
START -4924 4292 16528 111 -3753 30 END
START -5020 4536 16476 203 -3450 -130 END
START -5140 4416 16716 329 -3146 -272 END
START -5368 4232 16968 412 -2855 -453 END
START -5520 4072 17060 532 -2645 -698 END
START -5736 3856 17284 632 -2426 -953 END
START -5724 3728 17328 751 -2195 -1239 END
START -5804 3628 17544 849 -1943 -1630 END
START -5628 3596 17668 874 -1587 -2070 END
START -5696 3460 17600 790 -1203 -2496 END
START -5440 3540 17788 659 -782 -2965 END
START -5048 3596 18004 459 -306 -3400 END
START -4864 3540 18100 172 118 -3811 END
START -4632 3688 18308 -219 573 -4209 END
START -4468 3820 18496 -606 1028 -4506 END
START -4356 3852 18844 -1052 1372 -4835 END
START -4140 4016 18992 -1490 1679 -5024 END
START -4024 4188 19116 -1922 1983 -5192 END
START -3860 4396 19428 -2385 2222 -5301 END
START -3704 4604 19640 -2757 2376 -5341 END
START -3612 4660 20044 -3156 2420 -5302 END
START -3592 4740 20324 -3517 2352 -5229 END
START -3496 4676 20828 -3838 2166 -5151 END
START -3648 4840 20912 -4183 1814 -5044 END
START -3888 4752 21032 -4449 1311 -4951 END
START -3992 4844 21176 -4694 772 -4843 END
START -3980 4692 21108 -4882 112 -4761 END
START -4000 4576 20936 -4967 -526 -4691 END
START -3960 4416 20824 -5037 -1203 -4567 END
START -3960 4284 20384 -5049 -1774 -4467 END
START -3956 4260 20216 -5038 -2299 -4375 END
START -4016 4160 19744 -5032 -2780 -4305 END
START -4220 4156 19560 -5024 -3100 -4258 END
START -4236 4140 19152 -5060 -3307 -4219 END
START -4464 3968 18828 -5134 -3416 -4283 END
START -4456 4000 18552 -5274 -3414 -4326 END
START -4672 3624 18016 -5500 -3251 -4448 END
START -4716 3416 17768 -5737 -2979 -4593 END
START -4928 3252 17436 -6011 -2474 -4803 END
START -5152 3224 17444 -6337 -1834 -5062 END
START -5548 2912 17348 -6763 -1130 -5380 END
START -5864 2680 17448 -7252 -249 -5788 END
START -6160 2156 17640 -7825 643 -6253 END
START -6280 1752 17964 -8477 1559 -6782 END
START -6428 1420 18100 -9295 2437 -7406 END
START -6484 948 18308 -10225 3321 -8090 END
START -6392 536 18560 -11178 4131 -8792 END
START -6424 296 18704 -12259 5013 -9537 END
START -6556 532 18844 -13388 5814 -10306 END
START -6568 636 18952 -14508 6517 -11068 END
START -6432 784 18984 -15614 7178 -11770 END
START -6160 928 18784 -16640 7824 -12463 END
START -6064 888 18676 -17532 8451 -13039 END
START -5804 1076 18420 -18403 9113 -13671 END
START -5708 1224 17932 -19237 9730 -14288 END
START -5420 1316 18004 -19911 10260 -14888 END
START -5272 1412 17508 -20518 10683 -15465 END
START -5068 1616 17000 -21087 11038 -16066 END
START -5036 1772 17024 -21528 11251 -16624 END
START -4984 2084 16988 -21873 11344 -17154 END
START -4796 2404 16464 -22075 11340 -17624 END
START -4556 2840 15748 -22183 11230 -18014 END
START -4272 3352 15300 -22152 11170 -18290 END
START -4048 3648 14448 -21918 11051 -18486 END
START -3752 4000 13876 -21546 10930 -18631 END
START -3464 4236 13184 -21060 10830 -18706 END
START -3276 4420 12660 -20444 10639 -18719 END
START -3276 4632 12196 -19717 10416 -18688 END
START -2772 4796 11676 -18928 10197 -18580 END
START -2636 4940 11168 -18056 10008 -18494 END
START -2268 5092 10696 -17168 9994 -18305 END
START -2052 5440 10332 -16211 9983 -18055 END
START -2016 6236 10124 -15399 9961 -17685 END
START -1576 6844 9888 -14666 10037 -17369 END
START -1524 7188 9744 -13993 10078 -16967 END
START -1628 7432 9844 -13384 10060 -16533 END
START -1568 7720 9884 -12850 9981 -16053 END
START -1468 7864 9840 -12366 9924 -15543 END
START -1004 7940 9744 -11911 9950 -14965 END
START -556 8212 9552 -11571 10123 -14409 END
START -240 8556 9456 -11275 10212 -13864 END
START 304 9148 9532 -11086 10384 -13318 END
START 464 9680 9600 -10900 10436 -12674 END
START 808 9956 9964 -10771 10495 -12083 END
START 1196 10184 10356 -10661 10377 -11370 END
START 1420 10324 10664 -10559 10147 -10512 END
START 1536 10408 11016 -10448 9626 -9533 END
START 1900 10620 11096 -10301 9029 -8544 END
START 2160 10496 10952 -10066 8402 -7441 END
START 2440 10532 10664 -9710 7811 -6358 END
START 2648 10352 10360 -9288 7317 -5197 END
START 2948 10260 10128 -8761 6856 -4109 END
START 3080 10300 9640 -8200 6488 -2962 END
START 3176 10332 9260 -7651 6208 -1905 END
START 3284 10400 8896 -7049 5915 -758 END
START 3252 10556 8420 -6517 5781 271 END
START 3452 10244 7892 -6007 5731 1352 END
START 3416 10116 7696 -5536 5701 2517 END
START 3196 9892 7392 -5045 5732 3572 END
START 3100 10004 7292 -4516 5752 4630 END
START 2640 10124 7244 -4016 5725 5570 END
START 2208 10308 7348 -3444 5681 6499 END
START 1944 10292 7224 -2860 5565 7349 END
START 1564 10040 7444 -2238 5437 8165 END
START 1460 9580 7752 -1546 5265 8945 END
START 1192 9240 7924 -952 5096 9674 END
START 952 8704 7944 -295 4939 10382 END
START 732 8256 8200 338 4807 10929 END
START 576 8132 8316 925 4667 11443 END
START 276 8012 8580 1535 4518 11864 END
START 156 8076 8772 2079 4407 12283 END
START -4 8156 9224 2591 4263 12885 END
START -164 8320 9560 3095 4123 13067 END
START -464 8660 9984 3510 3906 13701 END
START -640 9128 10556 3924 3649 14350 END
START -676 9380 11208 4259 3388 15068 END
START -840 9584 11544 4557 3072 15950 END
START -900 9556 12224 4859 2704 16963 END
START -864 9580 12796 5124 2369 17996 END
START -992 9384 13172 5372 2060 19112 END
START -1060 9116 13472 5592 1783 20252 END
START -1064 8972 14108 5734 1592 21420 END
START -1444 8960 14624 5789 1363 22476 END
START -1668 8704 14968 5762 1152 23567 END
START -2024 8492 15892 5705 857 24567 END
START -2600 8144 16608 5607 536 25461 END
START -2888 8020 16972 5413 178 26268 END
START -3348 7432 17768 5114 -230 27031 END
START -4060 7052 18388 4720 -696 27690 END
START -4892 6596 18816 4233 -1266 28152 END
START -5248 6064 18940 3657 -1902 28531 END
START -5640 5556 18952 2987 -2423 28803 END
START -5972 5084 19076 2259 -2825 28909 END
START -6280 4540 19024 1477 -3178 28887 END
START -6752 4024 18712 664 -3446 28798 END
START -7300 3260 18860 -109 -3618 28583 END
START -7896 2684 18400 -792 -3693 28337 END
START -8376 1996 18128 -1403 -3722 28014 END
START -8888 1448 17864 -1991 -3770 27616 END
START -9268 1104 17672 -2510 -3687 27075 END
START -9840 640 17684 -3002 -3542 26450 END
START -10528 488 17412 -3465 -3324 25704 END
START -11260 284 17600 -3889 -3193 24923 END
START -11836 312 17600 -4346 -3088 24089 END
START -12080 32 17888 -4811 -3034 23296 END
START -12484 -304 18144 -5200 -3027 22516 END
START -12576 -592 18292 -5602 -3103 21719 END
START -12948 -960 18544 -6000 -3278 20908 END
START -13252 -1172 18780 -6321 -3653 20062 END
START -13568 -1396 18964 -6579 -4147 19261 END
START -13780 -1576 18888 -6762 -4718 18391 END
START -14060 -1688 19056 -6821 -5464 17517 END
START -14464 -1808 19084 -6794 -6176 16666 END
START -14612 -1904 19228 -6668 -6932 15785 END
START -14608 -1980 19332 -6482 -7732 14975 END
START -14676 -2056 19276 -6342 -8548 14105 END
START -14736 -2280 19104 -6171 -9408 13325 END
START -14576 -2476 18716 -5995 -10223 12379 END
START -14296 -2604 18728 -5860 -10934 11649 END
START -14252 -2756 18584 -5743 -11694 10737 END
START -14176 -2920 18368 -5635 -12464 9844 END
START -13948 -3156 18196 -5526 -13141 8990 END
START -13940 -3132 18024 -5378 -13751 8139 END
START -14028 -3220 17828 -5223 -14387 7307 END
START -14004 -3280 17540 -5068 -14941 6436 END
START -14020 -3232 17232 -4818 -15414 5524 END
START -13880 -3396 16784 -4629 -15725 4647 END
START -13688 -3360 16204 -4420 -15906 3749 END
START -13760 -3432 15356 -4275 -15933 2895 END
START -13692 -3732 14792 -4053 -15887 1925 END
START -13908 -3576 13800 -3847 -15632 979 END
START -13720 -3836 12792 -3552 -15309 -3 END
START -13824 -4032 11728 -3140 -14752 -1041 END
START -13736 -4292 10712 -2654 -14147 -2138 END
START -13780 -4516 9856 -2033 -13315 -3363 END
START -13936 -4564 9144 -1305 -12463 -4629 END
START -13840 -4180 8764 -528 -11595 -6012 END
START -13952 -4040 8440 341 -10840 -7421 END
START -14032 -3544 8036 1227 -10132 -8856 END
START -13764 -3420 8188 2126 -9612 -10249 END
START -13616 -3132 8328 3025 -9196 -11648 END
START -13508 -2632 8384 3882 -8954 -12952 END
START -13264 -2028 8436 4752 -8801 -14168 END
START -13044 -1252 8496 5555 -8831 -15308 END
START -12772 -280 8452 6330 -8871 -16350 END
START -12280 488 8624 7075 -9066 -17203 END
START -11852 1144 8724 7816 -9384 -18008 END
START -11536 1824 8816 8560 -9658 -18658 END
START -11048 2340 8968 9297 -9919 -19276 END
START -10840 3008 9072 9987 -10221 -19704 END
START -10304 3512 9052 10603 -10690 -20156 END
START -9788 3876 8876 11187 -11095 -20579 END
START -9120 4448 8616 11577 -11378 -20917 END
START -8504 5112 8396 12215 -11534 -21260 END
START -7904 5912 8212 12192 -11480 -21527 END
START -7056 6612 7476 12552 -11462 -21692 END
START -6248 6880 7104 12747 -11192 -21726 END
START -5504 7100 6808 12911 -10859 -21695 END
START -5072 7172 6308 13156 -10438 -21666 END
START -4488 7160 6164 13487 -9988 -21623 END
START -3868 7052 5996 13827 -9589 -21601 END
START -3220 7044 5896 14275 -9118 -21609 END
START -2772 7108 5908 14737 -8745 -21673 END
START -2136 7168 5568 15219 -8392 -21667 END
START -1596 7476 5448 15742 -8078 -21655 END
START -1144 7756 5112 16231 -7693 -21542 END
START -644 8376 4748 16715 -7375 -21359 END
START -192 9260 4336 17221 -6898 -21043 END
START 480 9820 4060 17696 -6352 -20676 END
START 1068 10136 3824 18207 -5724 -20229 END
START 1560 10176 4032 18763 -5026 -19660 END
START 1944 10168 4200 19425 -4270 -18987 END
START 2412 10084 4620 20039 -3552 -18311 END
START 2680 10276 5316 20616 -2790 -17542 END
START 2968 10372 6188 21125 -2157 -16758 END
START 3308 10520 7036 21490 -1496 -15889 END
START 3588 10536 7956 21667 -852 -14981 END
START 3732 10544 9004 21656 -384 -14068 END
START 3728 10764 10272 21412 21 -13108 END
START 3780 10976 11628 21055 342 -12131 END
START 3804 11064 12736 20472 527 -11139 END
START 3816 10724 13968 19759 565 -10088 END
START 3808 10372 15284 18990 457 -9068 END
START 3840 10020 16352 18130 277 -8085 END
START 3720 9872 17108 17270 -16 -7083 END
START 3468 9732 17936 16430 -344 -6170 END
START 3304 9764 18380 15627 -712 -5312 END
START 2964 9764 19192 14804 -1122 -4401 END
START 2596 9668 19632 13980 -1620 -3586 END
START 2128 9628 20212 13155 -2098 -2793 END
START 1788 9440 20740 12178 -2500 -2098 END
START 1296 9132 20880 11688 -3001 -1488 END
START 960 8720 20856 10875 -3364 -984 END
START 608 8424 20796 10141 -3659 -547 END
START 556 8156 20820 9492 -3878 -166 END
START 232 7924 20620 8931 -3884 134 END
START -72 7868 20540 8354 -3788 372 END
START -352 7912 20448 7817 -3675 532 END
START -708 7932 20384 7285 -3530 689 END
START -852 7712 20392 6781 -3303 811 END
START -1148 7660 20312 6302 -3067 862 END
START -1396 7416 20432 5885 -2781 907 END
START -1600 7104 20488 5431 -2509 921 END
START -1876 6908 20488 5053 -2291 864 END
START -2084 6672 20444 4655 -2056 710 END
START -2296 6324 20280 4250 -1896 518 END
START -2400 6136 20428 3890 -1696 189 END
START -2468 5868 20512 3569 -1575 -77 END
START -2660 5868 20388 3236 -1394 -422 END
START -2584 5636 20312 2935 -1340 -805 END
START -2604 5508 20356 2702 -1230 -1165 END
START -2712 5440 20448 2480 -1179 -1552 END
START -2704 5456 20532 2288 -1141 -1898 END
START -2684 5468 20652 2099 -1223 -2294 END
START -2568 5288 20728 1957 -1238 -2622 END
START -2452 5184 20848 1781 -1363 -2966 END
START -2332 5496 20816 1547 -1481 -3289 END
START -1996 5396 20852 1364 -1489 -3573 END
START -1796 5832 20788 1078 -1459 -3787 END
START -1416 5988 20624 828 -1429 -4000 END
START -1212 6268 20560 491 -1357 -4204 END
START -1120 6368 20404 147 -1294 -4319 END