START -3400 -1392 14424 279 474 -460 END
START -1216 -1440 12012 158 -313 -562 END
START -2452 -3148 12036 42 700 -428 END
START -1988 -2112 13236 -21 712 -475 END
START -1984 -1716 13156 -22 844 -526 END
START -2296 -1808 13240 40 1053 -600 END
START -2136 -1960 13368 38 1243 -676 END
START -2408 -1884 13512 26 1504 -710 END
START -2260 -1788 13596 11 1740 -660 END
START -2132 -1912 13596 -1 1851 -630 END
START -2292 -1784 13964 -10 1929 -559 END
START -2628 -1752 14200 3 1958 -474 END
START -2836 -1800 14572 5 1840 -432 END
START -2988 -1936 14732 47 1750 -432 END
START -2916 -2328 14920 146 1491 -426 END
START -2824 -2700 14996 246 1363 -487 END
START -2624 -2740 15140 352 1324 -561 END
START -2808 -2356 15104 388 1277 -721 END
START -2992 -1908 15152 363 1221 -813 END
START -2992 -1416 15128 307 1190 -905 END
START -2996 -1136 15092 230 1221 -914 END
START -2920 -1004 15356 120 1248 -840 END
START -2932 -988 15628 2 1256 -757 END
START -2776 -920 15624 -139 1199 -641 END
START -2576 -1132 15904 -317 1153 -523 END
START -2284 -1456 15832 -470 1111 -438 END
START -2228 -1668 15856 -608 1045 -333 END
START -2060 -1936 15644 -691 1082 -252 END
START -2108 -1924 15516 -793 1133 -170 END
START -2308 -1948 15416 -776 1132 -161 END
START -2556 -1984 15392 -745 1114 -139 END
START -2760 -2328 15428 -755 972 -133 END
START -3108 -2664 15412 -739 869 -142 END
START -3176 -2836 15436 -715 671 -132 END
START -3236 -3036 15556 -691 542 -249 END
START -3204 -3192 15716 -639 378 -327 END
START -3352 -3472 15652 -642 229 -494 END
START -3452 -3520 15672 -673 128 -649 END
START -3480 -3628 15596 -699 -49 -772 END
START -3632 -3692 15636 -790 -150 -907 END
START -3536 -3672 15548 -835 -272 -1051 END
START -3552 -3672 15500 -939 -379 -1184 END
START -3484 -3600 15576 -1013 -414 -1345 END
START -3588 -3656 15556 -1127 -470 -1482 END
START -3536 -3552 15496 -1190 -545 -1615 END
START -3428 -3484 15436 -1279 -621 -1692 END
START -3424 -3472 15464 -1349 -704 -1778 END
START -3368 -3412 15248 -1423 -784 -1841 END
START -3356 -3420 15140 -1492 -855 -1906 END
START -3340 -3312 15080 -1500 -923 -1956 END
START -3332 -3420 14572 -1522 -943 -2010 END
START -3064 -3568 14288 -1441 -951 -2055 END
START -2772 -3648 13740 -1339 -796 -2115 END
START -2612 -3828 13436 -1181 -592 -2139 END
START -2376 -3760 13108 -981 -256 -2196 END
START -2168 -3336 12852 -835 101 -2177 END
START -2004 -2724 12628 -674 523 -2198 END
START -1972 -2248 12856 -580 916 -2113 END
START -1936 -2024 13164 -456 1192 -1972 END
START -1848 -2316 13720 -399 1356 -1774 END
START -1848 -2416 14092 -350 1422 -1574 END
START -1940 -2340 14408 -257 1437 -1387 END
START -1952 -2192 14628 -185 1380 -1252 END
START -2044 -2136 14852 -207 1250 -1123 END
START -2184 -2100 15056 -182 1109 -930 END
START -2036 -1992 14932 -186 907 -754 END
START -2096 -1896 14904 -199 709 -459 END
START -2060 -1904 14796 -131 487 -218 END
START -2204 -2036 14892 -107 301 49 END
START -2004 -2164 14864 -31 82 295 END
START -2244 -2284 14644 46 -115 480 END
START -2384 -2428 14740 126 -304 669 END
START -2420 -2540 14656 213 -485 795 END
START -2476 -2388 14608 244 -683 942 END
START -2632 -2356 14492 274 -762 1028 END
START -2584 -2464 14528 179 -868 1140 END
START -2652 -2652 14532 155 -925 1220 END
START -2868 -2660 14580 64 -944 1281 END
START -2972 -2864 14352 -92 -981 1307 END
START -3084 -3344 14328 -189 -1013 1268 END
START -3300 -3724 14312 -315 -997 1102 END
START -3316 -3932 14080 -412 -1010 869 END
START -3292 -3756 13884 -425 -928 588 END
START -3336 -3876 13748 -448 -793 307 END
START -3284 -3716 13504 -425 -634 81 END
START -3300 -3700 13268 -410 -455 -135 END
START -3256 -3600 13172 -420 -240 -397 END
START -3296 -3484 13316 -420 -27 -557 END
START -3400 -3432 13344 -411 109 -738 END
START -3296 -3452 13400 -421 216 -906 END
START -3392 -3496 13328 -377 311 -1106 END
START -3468 -3404 13404 -381 335 -1274 END
START -3496 -3336 13796 -335 290 -1478 END
START -3464 -3144 13648 -337 218 -1668 END
START -3396 -3024 13564 -315 115 -1830 END
START -3128 -2952 13096 -368 104 -1931 END
START -3020 -2748 13080 -294 128 -2012 END
START -2776 -2424 12836 -246 156 -2130 END
START -2624 -2300 12740 -148 191 -2132 END
START -2364 -2136 12704 -77 265 -2106 END
START -2208 -1792 12508 14 311 -2003 END
START -2092 -1556 12540 0 360 -1914 END
START -1944 -1412 12468 27 359 -1756 END
START -1848 -1312 12244 42 344 -1607 END
START -1876 -1164 12356 50 313 -1416 END
START -1768 -916 12228 88 307 -1191 END
START -1768 -896 12256 134 276 -1055 END
START -1688 -864 12092 177 240 -887 END
START -1724 -864 12120 199 181 -724 END
START -1664 -940 11796 245 118 -610 END
START -1800 -796 11732 322 15 -489 END
START -1720 -580 11320 390 -76 -338 END
START -1568 -608 11148 450 -147 -240 END
START -1568 -732 10832 546 -166 -159 END
START -1420 -688 10484 726 -163 -36 END
START -1344 -740 10260 903 -134 9 END
START -1256 -680 9912 1140 -81 78 END
START -1144 -672 9772 1360 36 113 END
START -1136 -588 9528 1603 6 151 END
START -1076 -548 9456 1800 51 232 END
START -976 -320 9440 2003 -2 294 END
START -952 -424 9544 2205 -30 356 END
START -816 -188 9508 2436 -129 459 END
START -668 -176 9500 2674 -193 563 END
START -504 -236 9528 2953 -307 652 END
START -496 -208 9640 3147 -420 820 END
START -296 32 9416 3348 -577 951 END
START -120 196 9408 3451 -699 1080 END
START -192 24 9136 3587 -770 1199 END
START -108 204 9096 3670 -734 1290 END
START -124 180 8816 3784 -713 1386 END
START -260 136 8692 3918 -606 1439 END
START -440 24 8340 4079 -570 1473 END
START -472 -112 8436 4192 -480 1493 END
START -456 -100 8172 4385 -356 1457 END
START -700 -116 7960 4566 -210 1428 END
START -816 -80 7944 4715 -61 1401 END
START -832 -172 7800 4883 31 1328 END
START -1120 -112 7872 5004 173 1301 END
START -1360 -76 7836 5155 259 1284 END
START -1364 -152 7848 5313 348 1246 END
START -1552 -92 7808 5400 411 1171 END
START -1592 -84 7884 5549 465 1102 END
START -1700 -96 7720 5646 566 1036 END
START -1844 72 7540 5742 708 930 END
START -1944 116 7408 5795 878 892 END
START -1880 140 7436 5862 1013 795 END
START -1924 236 7284 5861 1172 724 END
START -2048 344 7220 5951 1377 647 END
START -2068 424 6920 6003 1577 570 END
START -2264 648 6820 6088 1733 509 END
START -2292 712 6864 6212 1846 502 END
START -2440 708 6740 6347 1949 416 END
START -2476 776 6628 6571 1964 413 END
START -2516 852 6688 6774 1931 375 END
START -2476 996 6752 7073 1902 347 END
START -2620 920 6732 7390 1722 321 END
START -2592 920 6676 7743 1584 319 END
START -2472 1244 6644 8168 1363 364 END
START -2532 1408 6444 8527 1138 370 END
START -2376 1516 6720 8957 890 488 END
START -2432 1836 6620 9350 670 594 END
START -2140 1896 6260 9812 563 753 END
START -1876 2172 6216 10242 384 850 END
START -1876 2252 6224 10674 315 1011 END
START -1752 2440 6380 11033 265 1144 END
START -1728 2332 6580 11468 282 1298 END
START -1836 2428 6720 11790 241 1380 END
START -1856 2472 6852 12169 253 1539 END
START -2068 2392 7096 12250 213 1575 END
START -2184 2396 7092 12222 324 1705 END
START -2276 2404 7080 12655 516 1661 END
START -2364 2408 6940 12689 874 1579 END
START -2448 2436 6908 12782 1376 1465 END
START -2748 2380 7388 12852 1949 1240 END
START -2800 2424 7528 12753 2571 984 END
START -3052 2556 7864 12674 3243 692 END
START -3320 2680 8208 12564 3949 349 END
START -3696 3016 8592 12110 4670 -30 END
START -3936 3212 9068 11944 5352 -402 END
START -4176 3416 9356 11839 5965 -828 END
START -4316 3648 9692 11366 6707 -1251 END
START -4240 3904 10084 11004 7324 -1712 END
START -4308 4396 10320 10646 8082 -2156 END
START -4300 4896 10612 10325 8754 -2509 END
START -4352 5252 10780 10019 9342 -2821 END
START -4268 5740 11408 9741 9819 -3014 END
START -4256 6180 12024 9509 10158 -3142 END
START -4208 6612 12488 9362 10277 -3164 END
START -4176 7072 12924 9296 10229 -3085 END
START -4296 7560 13656 9434 9989 -2947 END
START -4340 7676 14184 9708 9409 -2583 END
START -4212 7596 14956 10178 8520 -2108 END
START -4104 7624 15484 10809 7404 -1434 END
START -3884 7508 15420 11606 6303 -758 END
START -3892 7224 15336 12537 5138 69 END
START -3820 6960 15404 13541 4011 870 END
START -3880 6552 15556 14738 3006 1632 END
START -4148 5992 15896 16006 1996 2364 END
START -4176 5484 16580 17229 1028 3034 END
START -4508 5092 17412 18241 115 3522 END
START -4812 4744 18408 19110 -784 3961 END
START -5000 4308 19300 19665 -1545 4233 END
START -4952 3892 19904 19946 -2173 4414 END
START -4744 3472 20312 20016 -2515 4441 END
START -4444 3092 20224 19779 -2513 4343 END
START -4364 3024 20108 19473 -2179 4158 END
START -4192 3072 20440 19063 -1590 3834 END
START -4192 3192 20724 18583 -852 3476 END
START -4344 3396 21396 18033 -41 3098 END
START -4376 3540 21680 17399 763 2746 END
START -4576 3720 22260 16695 1454 2388 END
START -4836 3804 23032 15869 2112 1970 END
START -4832 3828 23544 15115 2656 1585 END
START -4920 4068 23712 14404 3102 1200 END
START -4928 4312 23780 13641 3625 823 END
START -4744 4352 23564 12876 4145 475 END
START -4812 4396 23492 12098 4725 166 END
START -4896 4304 23184 11750 5386 -129 END
START -5076 4328 23248 10940 6059 -453 END
START -5264 4484 23344 10372 6618 -657 END
START -5384 4304 23500 9873 7157 -939 END
START -5548 4184 23508 9378 7584 -1121 END
START -5692 4020 24072 8985 7862 -1308 END
START -5840 4004 24496 8591 7972 -1414 END
START -5876 4004 24768 8268 7913 -1459 END
START -6072 3932 25100 7993 7700 -1448 END
START -5940 3648 25432 7793 7275 -1354 END
START -6020 3344 25652 7607 6742 -1270 END
START -5684 3260 26052 7420 6055 -1151 END
START -6444 2852 28020 7619 5084 -671 END
START -5684 3028 26840 8028 3961 -175 END
START -5844 3000 26796 8320 2774 196 END
START -5612 2816 26636 8559 1713 587 END
START -5348 2480 26536 8709 663 957 END
START -5132 2488 25964 8847 -206 1257 END
START -5048 2276 25900 8939 -1009 1614 END
START -4984 2440 25724 9014 -1587 1994 END
START -5032 2340 25696 9097 -2072 2380 END
START -4944 2372 25600 9161 -2422 2787 END
START -4956 2124 25512 9120 -2637 3131 END
START -5076 1804 25352 8950 -2719 3327 END
START -5268 1660 25220 8706 -2646 3447 END
START -5440 1416 25604 8236 -2544 3435 END
START -5756 1180 25644 7777 -2336 3367 END
START -6048 1020 25996 7271 -2129 3235 END
START -6252 948 26124 6754 -1858 3084 END
START -6412 852 26072 6220 -1540 2852 END
START -6520 912 26032 5632 -1103 2601 END
START -6540 992 25864 4934 -668 2274 END
START -6572 960 25992 4270 -164 1958 END
START -6512 840 26012 3536 276 1675 END
START -6652 944 26068 2842 746 1356 END
START -6688 1144 25980 2175 997 1122 END
START -6916 1200 26088 1529 1221 936 END
START -7036 1296 26240 1106 1335 828 END
START -6936 1236 25876 651 1483 735 END
START -7048 1180 25588 269 1530 635 END
START -7012 1104 25028 -163 1618 526 END
START -7260 1076 24792 -526 1718 389 END
START -7184 1036 24636 -816 1817 277 END
START -7368 1196 24724 -1054 1896 245 END
START -7556 1280 24700 -1275 1913 126 END
START -7628 1196 24848 -1542 1847 81 END
START -7992 1316 25048 -1827 1674 33 END
START -8172 1264 25104 -2160 1373 -24 END
START -8224 1192 25120 -2452 999 -105 END
START -8260 1200 24932 -2747 649 -131 END
START -8348 1320 24636 -3028 248 -157 END
START -8132 1532 24052 -3229 -84 -170 END
START -7960 1640 23752 -3478 -335 -154 END
START -8000 1820 22928 -3722 -552 -80 END
START -7912 1900 22460 -3934 -732 -36 END
START -7752 1776 22048 -4142 -848 36 END
START -7684 1808 21472 -4332 -899 62 END
START -7616 1740 20936 -4549 -921 42 END
START -7580 1812 20832 -4672 -958 -7 END
START -7636 1696 20332 -4870 -934 -98 END
START -7772 1808 20104 -5036 -947 -204 END
START -7796 1692 19720 -5231 -998 -282 END
START -7676 1704 19216 -5435 -1087 -384 END
START -7772 1868 18704 -5604 -1044 -501 END
START -7640 1864 18008 -5734 -972 -595 END
START -7516 1808 17508 -5860 -874 -712 END
START -7572 1744 17232 -5878 -707 -766 END
START -7496 1720 16772 -5895 -557 -884 END
START -7604 1684 16452 -5876 -411 -1010 END
START -7616 1620 16404 -5779 -309 -1201 END
START -7796 1688 16184 -5714 -270 -1307 END
START -7844 1684 16240 -5620 -264 -1451 END
START -7848 1764 16188 -5575 -276 -1575 END
START -7828 1796 16412 -5528 -385 -1656 END
START -7832 1872 16336 -5532 -454 -1786 END
START -7812 1988 16248 -5554 -491 -1865 END
START -7928 1996 16184 -5613 -591 -1939 END
START -7928 1988 16112 -5620 -657 -2012 END
START -8080 1940 16136 -5689 -662 -2092 END
START -8276 1856 15964 -5665 -707 -2185 END
START -8496 1748 15820 -5688 -702 -2344 END
START -8524 1776 15920 -5677 -654 -2509 END
START -8696 1776 15852 -5612 -575 -2645 END
START -9020 1796 15948 -5601 -619 -2787 END
START -9224 1804 16324 -5564 -583 -2916 END
START -9528 1832 16528 -5477 -603 -3034 END
START -9784 1904 16752 -5462 -632 -3116 END
START -10056 2012 16936 -5447 -681 -3192 END
START -10328 1952 17016 -5471 -816 -3274 END
START -10536 1948 17260 -5514 -909 -3365 END
START -10820 1824 17308 -5539 -1008 -3484 END
START -11248 1844 17460 -5638 -1154 -3583 END
START -11668 1896 17596 -5670 -1263 -3712 END
START -11904 1912 17496 -5699 -1431 -3825 END
START -11960 1668 17476 -5752 -1591 -4004 END
START -11892 1320 17376 -5759 -1784 -4161 END
START -11900 1008 17360 -5744 -1851 -4314 END
START -11808 1048 17144 -5747 -1938 -4561 END
START -11848 1036 17104 -5793 -1945 -4782 END
START -11852 1100 16936 -5868 -1903 -4997 END
START -11828 988 16852 -6002 -1855 -5124 END
START -11900 944 16876 -6235 -1777 -5286 END
START -11928 892 16796 -6460 -1646 -5454 END
START -12028 724 16704 -6668 -1579 -5657 END
START -12012 612 16444 -6866 -1468 -5915 END
START -12068 408 16444 -7046 -1360 -6175 END
START -12168 64 16200 -7192 -1321 -6477 END
START -12256 -16 15784 -7254 -1283 -6780 END
START -12288 -80 15508 -7303 -1340 -7091 END
START -12324 -284 15276 -7308 -1384 -7420 END
START -12276 -364 15160 -7241 -1483 -7739 END
START -12216 -516 14880 -7237 -1505 -8057 END
START -12140 -516 14640 -7103 -1639 -8377 END
START -11916 -576 14408 -7034 -1765 -8683 END
START -11800 -500 14224 -6929 -1962 -8989 END
START -11512 -436 14120 -6868 -2152 -9277 END
START -11228 -312 13844 -6769 -2309 -9521 END
START -10904 -360 13572 -6654 -2448 -9720 END
START -10676 -264 13088 -6540 -2587 -9943 END
START -10388 -252 13076 -6414 -2650 -10118 END
START -10228 -172 12996 -6271 -2779 -10336 END
START -10052 -248 12776 -6133 -2983 -10528 END
START -9860 -100 12644 -5969 -3174 -10766 END
START -9328 -112 12372 -5817 -3238 -11017 END
START -9044 -116 12340 -5635 -3387 -11237 END
START -8536 20 12240 -5468 -3413 -11469 END
START -7996 240 11896 -5371 -3421 -11606 END
START -7324 500 11568 -5266 -3296 -11756 END
START -7048 740 11548 -5234 -3181 -11846 END
START -6444 792 11224 -5164 -3016 -11923 END
START -6184 904 11068 -5132 -2858 -12016 END
START -5728 968 11152 -5084 -2693 -12069 END
START -5440 1024 10992 -5053 -2488 -12210 END
START -5016 1324 10952 -5062 -2279 -12372 END
START -4780 1608 10828 -5066 -2033 -12531 END
START -4260 1776 10664 -5053 -1724 -12694 END
START -3744 2064 10524 -5115 -1460 -12824 END
START -3248 2280 10400 -5172 -1109 -12955 END
START -2672 2480 10280 -5252 -765 -13062 END
START -2128 2896 10252 -5334 -479 -13107 END
START -1724 3028 10332 -5402 -268 -13113 END
START -1292 3312 10108 -5416 -143 -13074 END
START -768 3500 10040 -5337 -70 -13057 END
START -488 3712 9804 -5136 -13 -12994 END
START 108 4088 9664 -4926 8 -12911 END
START 720 4416 9444 -4609 -3 -12794 END
START 1384 4752 9160 -4335 93 -12651 END
START 1616 5100 9096 -4077 93 -12433 END
START 2212 5408 8880 -3775 98 -12199 END
START 2760 5760 8944 -3576 119 -11950 END
START 3236 6012 9048 -3322 51 -11669 END
START 3744 6308 9112 -3078 -11 -11381 END
START 4152 6712 9204 -2865 -93 -11022 END
START 4540 6988 9292 -2661 -245 -10652 END
START 4996 7356 9112 -2450 -403 -10197 END
START 5516 7620 9104 -2248 -499 -9825 END
START 5880 7748 9020 -2074 -569 -9344 END
START 6512 8052 8760 -1881 -580 -8871 END
START 6904 8416 8776 -1725 -556 -8359 END
START 7152 8732 8508 -1570 -475 -7812 END
START 7420 8864 8588 -1388 -431 -7259 END
START 7536 9032 8404 -1182 -371 -6753 END
START 7840 9124 8548 -970 -289 -6255 END
START 7924 9228 8640 -794 -227 -5842 END
START 8180 9192 8716 -583 -187 -5395 END
START 8288 9440 8704 -483 -110 -4969 END
START 8352 9648 8688 -348 -28 -4549 END
START 8412 9840 8828 -236 38 -4144 END
START 8532 9916 8820 -140 141 -3731 END
START 8688 10028 8996 -46 268 -3325 END
START 8720 10136 8900 78 432 -2940 END
START 8996 10512 8932 163 572 -2614 END
START 8900 10664 9096 217 772 -2285 END
START 9040 11096 9276 255 909 -1912 END
START 9260 11136 9140 267 1061 -1606 END
START 9516 11304 9072 271 1329 -1281 END
START 9932 11444 9212 313 1539 -925 END
START 10164 11624 9252 364 1848 -537 END
START 10240 12040 9304 389 2095 -115 END
START 10256 12288 9340 448 2314 352 END
START 10420 12460 9668 525 2502 874 END
START 10384 12568 9888 624 2645 1381 END
START 10260 12776 10088 761 2702 1932 END
START 10180 12776 10448 916 2736 2505 END
START 10148 12892 10788 1053 2639 3098 END
START 10132 13020 11104 1266 2525 3748 END
START 9968 13148 11340 1412 2368 4435 END
START 9816 13316 11612 1557 2190 5127 END
START 9644 13432 11712 1678 2033 5883 END
START 9360 13232 11796 1794 1820 6740 END
START 9144 13096 11864 1856 1676 7508 END
START 8824 12820 11932 1918 1523 8265 END
START 8412 12388 11992 1985 1416 8880 END
START 7772 12048 11964 2108 1328 9478 END
START 7392 11728 11836 2177 1303 10041 END
START 6948 11372 11800 2252 1340 10561 END
START 6428 11156 11928 2239 1361 11042 END
START 5836 10880 11928 2249 1400 11529 END
START 5332 10456 11964 2286 1416 11902 END
START 4848 10080 12076 2286 1454 12261 END
START 4244 9664 11992 2357 1494 12782 END
START 3780 9276 12260 2428 1518 12985 END
START 3236 8712 12452 2521 1522 12895 END
START 2684 8376 12648 2591 1513 13348 END
START 2412 8152 12836 2617 1485 13335 END
START 1916 7792 12676 2702 1501 13451 END
START 1536 7544 13056 2767 1453 13467 END
START 1232 7296 13172 2837 1527 13496 END
START 908 7184 13220 2913 1621 13596 END
START 448 7088 13284 2962 1743 13661 END
START 172 6996 13536 2977 1727 13797 END
START -404 6848 14000 3006 1817 13989 END
START -944 6712 14260 2939 1788 14198 END
START -1416 6388 14660 2984 1761 14388 END
START -2076 6104 14988 2943 1713 14566 END
START -2900 5748 15236 2957 1598 14747 END
START -3596 5268 15544 2940 1485 14877 END
START -4368 5056 15784 2918 1383 15039 END
START -5044 4672 15924 2863 1267 15175 END
START -5764 4064 16024 2832 1147 15309 END
START -6592 3532 15880 2780 1065 15444 END
START -6868 3180 16124 2749 1033 15548 END
START -7720 2432 16000 2697 956 15609 END
START -8624 1988 16180 2648 866 15609 END
START -9352 1312 16196 2541 746 15548 END
START -10196 792 16412 2453 694 15467 END
START -10928 136 16400 2394 457 15311 END
START -11720 -400 16516 2331 386 15097 END
START -12516 -936 16416 2307 206 14830 END
START -13052 -1316 16156 2283 116 14533 END
START -13852 -1876 16188 2243 -12 14221 END
START -14680 -2332 16088 2200 -131 13882 END
START -15320 -2876 16360 2159 -300 13461 END
START -16016 -3308 16204 2153 -421 13042 END
START -16500 -3944 16200 2126 -572 12497 END
START -17024 -4304 16200 2189 -679 11888 END
START -17584 -4680 16000 2237 -797 11287 END
START -17916 -4976 16084 2262 -885 10603 END
START -18360 -5252 16128 2237 -1026 9907 END
START -18840 -5452 15796 2237 -1101 9230 END
START -19064 -5528 15552 2229 -1164 8565 END
START -19540 -5688 15312 2178 -1163 7896 END
START -19824 -5972 14804 2182 -1059 7206 END
START -19952 -6008 14668 2223 -890 6460 END
START -20136 -6040 14340 2323 -717 5754 END
START -20284 -6120 13896 2445 -444 4962 END
START -20240 -6180 13968 2558 -204 4231 END
START -20120 -6268 13596 2652 123 3432 END
START -20100 -6156 13544 2725 446 2659 END
START -20172 -5876 13672 2777 731 1960 END
START -20284 -5760 13604 2824 1053 1239 END
START -20128 -5596 13644 2855 1253 529 END
START -20032 -5644 13812 2866 1446 -152 END
START -20064 -5620 14048 2905 1563 -830 END
START -19964 -5336 14032 2910 1598 -1537 END
START -19864 -5172 14128 2902 1610 -2245 END
START -19572 -4840 14200 2930 1534 -2902 END
START -19324 -4644 14072 2949 1461 -3561 END
START -19064 -4540 13768 3024 1378 -4182 END
START -18736 -4196 13360 3153 1333 -4754 END
START -18480 -3832 12840 3315 1309 -5320 END
START -18412 -3408 12940 3561 1214 -5845 END
START -17912 -2792 12344 3670 1347 -6341 END
START -17688 -2736 11912 3812 1457 -6879 END
START -17624 -2704 11628 4086 1579 -7374 END
START -17472 -2684 11408 4474 1736 -7900 END
START -17488 -2100 11152 4840 1904 -8458 END
START -17592 -1656 10876 5200 2034 -9018 END
START -17516 -1204 10540 5472 2123 -9524 END
START -17520 -948 10208 5712 2301 -10003 END
START -17100 -724 9988 6082 2511 -10418 END
START -16916 -224 9860 6420 2726 -10848 END
START -16644 328 9428 6820 2925 -11261 END
START -16424 648 9140 7241 3216 -11665 END
START -16084 836 9584 7700 3357 -11972 END
START -15908 980 9860 8089 3376 -12282 END
START -15444 988 10200 8504 3234 -12533 END
START -14900 828 10464 8905 3022 -12826 END
START -14428 988 10524 9256 2793 -13080 END
START -13820 1320 10616 9587 2450 -13381 END
START -13276 1696 10596 9872 2238 -13644 END
START -12372 2212 10328 10103 2055 -13818 END
START -11412 2692 9988 10233 2023 -13914 END
START -10568 3120 9952 10358 2118 -13906 END
START -9820 3592 9564 10435 2244 -13839 END
START -8912 3688 9504 10505 2396 -13728 END
START -8364 3896 9692 10588 2591 -13616 END
START -7764 4164 9600 10721 2764 -13550 END
START -7192 4580 9724 10863 2878 -13440 END
START -6660 5000 10012 11029 2912 -13312 END
START -6156 5252 10436 11162 2843 -13132 END
START -5688 5388 10844 11441 2618 -12920 END
START -5076 5712 11096 11766 2305 -12681 END
START -4392 6272 11652 11808 1846 -12396 END
START -3768 6688 11936 12204 1388 -12056 END
START -3092 6964 12200 12329 905 -11657 END
START -2564 7296 12328 12840 486 -11206 END
START -2120 7664 12380 13155 56 -10734 END
START -1864 7888 12592 13524 -368 -10237 END
START -1656 8000 13056 13816 -760 -9876 END
START -1180 8144 13472 14129 -1137 -9574 END
START -848 8184 14192 14370 -1516 -9351 END
START -524 8364 14888 14550 -1877 -9157 END
START -392 8708 15964 14595 -2314 -8935 END
START -72 8836 17032 14545 -2713 -8739 END
START 540 8868 17824 14303 -3117 -8551 END
START 1284 9084 18308 13970 -3344 -8438 END
START 1920 9456 18868 13444 -3346 -8277 END
START 2632 9772 19420 12684 -3225 -8130 END
START 3268 10028 19724 11644 -2814 -7899 END
START 3596 10488 19896 10832 -2278 -7614 END
START 4008 10792 20236 9699 -1611 -7281 END
START 4212 10948 20388 8665 -913 -6980 END
START 4292 10852 20420 7656 -203 -6663 END
START 4372 10776 20668 6683 544 -6395 END
START 4328 10724 21140 5839 1240 -6141 END
START 4044 10684 21524 5071 1714 -5922 END
START 3944 10648 22068 4357 2104 -5676 END
START 3992 10620 22712 3710 2247 -5377 END
START 3876 10668 22864 3142 2270 -5081 END
START 3880 10752 23300 2589 2215 -4744 END
START 3844 10828 23384 2119 2001 -4356 END
START 3976 10612 23432 1698 1735 -3913 END
START 3912 10372 23452 1332 1440 -3488 END
START 3888 10416 23236 1097 1052 -2979 END
START 3888 10536 23304 807 670 -2412 END
START 3916 10320 23496 596 217 -1870 END
START 3800 10056 23344 407 -186 -1364 END
START 3668 9712 23276 265 -691 -925 END
START 3548 9488 23048 134 -1104 -521 END
START 3228 9292 22924 -15 -1522 -108 END
START 3156 9028 22648 -194 -1869 214 END
START 2920 8768 22404 -440 -2178 494 END
START 2660 8388 22044 -692 -2472 805 END
START 2368 8208 21728 -931 -2672 1085 END
START 2276 8028 21408 -1209 -2823 1314 END
START 1896 7844 21084 -1473 -3025 1572 END
START 1664 7400 20856 -1722 -3183 1795 END
START 1168 7128 20440 -1936 -3364 1997 END
START 788 6768 20152 -2144 -3494 2178 END
START 332 6504 19804 -2321 -3676 2391 END
START -40 6068 19436 -2475 -3808 2516 END
START -372 5840 19156 -2548 -3926 2604 END
START -696 5476 18744 -2697 -4011 2647 END
START -912 5316 18484 -2776 -4085 2643 END
START -1064 5180 18008 -2894 -4109 2662 END
START -1160 5200 17612 -2963 -4092 2667 END
START -1252 5268 17472 -3115 -3963 2701 END
START -1296 5336 17052 -3261 -3828 2745 END
START -1324 5292 16944 -3457 -3680 2865 END
START -1260 5196 16792 -3648 -3517 3019 END
START -1236 5196 16684 -3899 -3376 3219 END
START -1212 5296 16288 -4083 -3160 3411 END
START -1556 5096 16272 -4293 -3085 3619 END
START -1720 4884 16368 -4414 -3084 3890 END
START -1980 4812 16176 -4504 -2999 4126 END
START -2208 4784 16064 -4552 -3009 4371 END
START -2468 4672 15916 -4591 -3008 4534 END