START -7260 -1028 9248 2467 10807 5587 END
START -7568 -1004 9588 2739 11246 4878 END
START -8120 -920 10428 2941 11588 4077 END
START -8620 -1100 11308 3081 11819 3237 END
START -8960 -1100 12436 3126 11850 2433 END
START -9048 -1264 13396 3043 11782 1628 END
START -9756 -1044 14300 2943 11420 722 END
START -10268 -528 15000 2811 11013 -130 END
START -10192 -188 15460 2709 10545 -936 END
START -10136 352 15744 2683 10103 -1638 END
START -9932 968 16168 2706 9628 -2180 END
START -9508 1668 16624 2682 9065 -2579 END
START -9084 2288 16832 2703 8484 -2794 END
START -8628 3036 17296 2711 7923 -2773 END
START -8212 3620 17532 2707 7145 -2537 END
START -8016 4196 18016 2691 6273 -2150 END
START -7652 4560 18388 2696 5346 -1627 END
START -7488 4820 18220 2692 4359 -998 END
START -7440 4876 18196 2727 3376 -343 END
START -7504 5184 17672 2869 2400 363 END
START -7604 5268 17340 3094 1533 1041 END
START -7460 5056 16796 3399 777 1758 END
START -7160 4672 16452 3733 230 2404 END
START -7292 4192 15888 4031 -241 2952 END
START -7392 3984 15836 4256 -653 3360 END
START -7760 3864 15588 4476 -1068 3745 END
START -7988 3692 15196 4687 -1399 4022 END
START -8284 3360 15036 5011 -1701 4224 END
START -8668 3148 14960 5247 -1887 4324 END
START -9068 2780 14948 5559 -2100 4356 END
START -9352 2504 14844 5812 -2279 4272 END
START -9712 2320 14788 6050 -2342 4066 END
START -10000 2076 14852 6311 -2313 3694 END
START -10572 1764 14812 6493 -2196 3263 END
START -10980 1524 14924 6655 -2067 2649 END
START -11336 1512 15368 6679 -1896 1942 END
START -11556 1384 15584 6715 -1642 1214 END
START -11656 1488 15748 6616 -1473 503 END
START -11744 1680 16140 6506 -1233 -218 END
START -11648 1984 16492 6329 -1029 -901 END
START -11548 2484 16640 6103 -781 -1595 END
START -11248 2996 16868 5855 -492 -2151 END
START -10872 3528 16956 5490 -242 -2564 END
START -10632 4048 17080 5104 89 -2905 END
START -10312 4548 17204 4740 404 -3129 END
START -9932 4624 17352 4418 729 -3311 END
START -9580 4756 17592 4118 1029 -3394 END
START -9356 4916 17912 3829 1253 -3435 END
START -9520 5192 18244 3552 1345 -3414 END
START -9600 5316 18724 3332 1354 -3358 END
START -9440 5240 19044 3144 1274 -3245 END
START -9700 5148 19344 3027 1049 -3044 END
START -9780 5136 19636 2905 619 -2877 END
START -10012 5084 19596 2806 198 -2655 END
START -9856 5052 19592 2760 -255 -2441 END
START -9988 5088 19440 2720 -707 -2266 END
START -10008 4832 19248 2744 -1149 -2021 END
START -10088 4724 19100 2748 -1440 -1867 END
START -9968 4440 18832 2820 -1804 -1711 END
START -10104 4120 18736 2863 -2099 -1584 END
START -10220 3996 18580 2899 -2445 -1528 END
START -10344 3688 18556 3036 -2685 -1491 END
START -10512 3452 18540 3142 -3004 -1529 END
START -10576 3128 18684 3248 -3343 -1555 END
START -10824 2872 18616 3359 -3698 -1608 END
START -11004 2644 18556 3448 -4159 -1717 END
START -11084 2268 18524 3574 -4514 -1840 END
START -11260 2108 18592 3623 -4831 -2016 END
START -11312 1780 18424 3719 -5100 -2267 END
START -11360 1564 18280 3773 -5405 -2580 END
START -11392 1396 18196 3803 -5579 -2880 END
START -11332 1236 17992 3819 -5690 -3232 END
START -11352 1324 17904 3833 -5769 -3538 END
START -11336 1244 17812 3836 -5806 -3832 END
START -11156 1196 17768 3841 -5800 -4111 END
START -11008 1256 17904 3813 -5797 -4350 END
START -10656 1356 17952 3773 -5706 -4564 END
START -10588 1340 18008 3678 -5652 -4749 END
START -10600 1548 18280 3587 -5540 -4917 END
START -10256 1700 18276 3507 -5453 -4993 END
START -10244 1700 18248 3436 -5347 -5099 END
START -10184 1676 18508 3325 -5219 -5133 END
START -10068 1764 18564 3224 -5132 -5149 END
START -10008 1608 18728 3097 -5062 -5125 END
START -10008 1688 19004 2962 -5067 -5119 END
START -10016 1664 19128 2814 -4968 -5093 END
START -10152 1716 19148 2625 -4959 -5074 END
START -10256 1536 19300 2522 -4909 -5066 END
START -10168 1472 19184 2405 -4862 -5074 END
START -10232 1364 19252 2273 -4776 -5083 END
START -10104 1400 19340 2149 -4691 -5128 END
START -10148 1276 19468 1983 -4648 -5191 END
START -10176 1000 19576 1790 -4586 -5213 END
START -10204 1020 19788 1605 -4540 -5309 END
START -10240 816 19780 1425 -4555 -5440 END
START -10276 680 20060 1249 -4538 -5573 END
START -10300 468 20144 1000 -4506 -5757 END
START -10172 460 20124 784 -4548 -6000 END
START -10056 324 20268 616 -4570 -6221 END
START -10028 344 20340 464 -4574 -6420 END
START -9908 516 20148 276 -4582 -6647 END
START -9728 732 20096 166 -4622 -6811 END
START -9512 788 20084 56 -4604 -6983 END
START -9336 876 20100 -91 -4569 -7096 END
START -9124 900 20060 -159 -4472 -7267 END
START -8844 1020 20100 -276 -4392 -7385 END
START -8540 1104 20104 -387 -4299 -7470 END
START -8408 1196 20328 -559 -4261 -7515 END
START -8320 1180 20504 -658 -4220 -7633 END
START -8216 1172 20572 -814 -4194 -7691 END
START -8152 1140 20624 -926 -4213 -7759 END
START -8280 1172 20636 -983 -4325 -7816 END
START -8256 1192 20528 -1008 -4388 -7893 END
START -7892 1136 20544 -973 -4545 -7943 END
START -7856 1164 20636 -956 -4650 -7946 END
START -7528 1160 20584 -924 -4798 -7956 END
START -7308 1164 20552 -901 -4910 -8005 END
START -7020 1304 20456 -885 -4904 -8016 END
START -6756 1408 20252 -958 -4931 -8020 END
START -6412 1508 20308 -982 -4926 -8008 END
START -5940 1724 20328 -1098 -4815 -7956 END
START -5560 2016 20200 -1207 -4622 -7855 END
START -5192 2328 20128 -1313 -4440 -7786 END
START -4608 2436 19960 -1489 -4109 -7672 END
START -4460 2496 20216 -1687 -3775 -7542 END
START -3992 2576 20432 -1964 -3462 -7426 END
START -3728 2756 20348 -2283 -3102 -7298 END
START -3520 2852 20440 -2603 -2759 -7145 END
START -3468 3020 20776 -2902 -2398 -7006 END
START -3208 3068 20680 -3288 -2083 -6824 END
START -3056 3284 20920 -3626 -1783 -6643 END
START -3116 3344 20996 -3983 -1493 -6440 END
START -3208 3272 20976 -4308 -1205 -6294 END
START -3252 3224 21048 -4657 -958 -6196 END
START -3476 3132 21224 -4962 -705 -6108 END
START -3704 3112 21020 -5283 -528 -6078 END
START -3848 2992 21196 -5525 -363 -6136 END
START -3840 2852 21248 -5778 -176 -6156 END
START -3884 2744 21236 -6071 -77 -6246 END
START -4028 2880 21336 -6291 56 -6361 END
START -4004 2880 21392 -6564 76 -6413 END
START -4036 3056 21444 -6765 108 -6520 END
START -4096 3092 21468 -6979 74 -6604 END
START -4056 2984 21220 -7119 50 -6682 END
START -4088 3004 21224 -7190 14 -6805 END
START -4072 2932 21036 -7227 -100 -6886 END
START -3968 2916 20776 -7235 -146 -6967 END
START -4048 3204 20496 -7182 -189 -7054 END
START -4108 3472 20408 -7141 -228 -7114 END
START -4088 3632 20364 -7118 -287 -7201 END
START -3852 3716 20368 -7074 -305 -7248 END
START -3496 3784 20212 -7044 -321 -7292 END
START -3180 4004 20304 -7049 -315 -7232 END
START -3020 4368 20236 -7129 -322 -7150 END
START -2740 4632 20280 -7212 -307 -7065 END
START -2432 5136 20484 -7370 -285 -6890 END
START -2080 5168 20660 -7530 -320 -6724 END
START -1968 5308 20652 -7728 -299 -6520 END
START -1800 5528 20828 -7897 -336 -6289 END
START -1560 5588 20632 -8147 -395 -6058 END
START -1420 5832 20676 -8406 -439 -5836 END
START -1252 5912 20580 -8643 -511 -5596 END
START -1208 6092 20448 -8940 -529 -5363 END
START -1172 5980 20260 -9182 -567 -5099 END
START -1144 6116 19984 -9411 -596 -4887 END
START -896 6128 19748 -9674 -594 -4664 END
START -804 6176 19556 -9834 -530 -4475 END
START -800 6100 19260 -10079 -490 -4299 END
START -644 6088 19176 -10250 -464 -4086 END
START -632 6044 19080 -10430 -460 -3897 END
START -744 5988 18800 -10544 -470 -3718 END
START -724 5876 18384 -10644 -492 -3572 END
START -912 5704 18040 -10694 -559 -3441 END
START -1076 5548 17648 -10682 -585 -3427 END
START -1136 5512 17384 -10635 -572 -3361 END
START -1104 5520 17236 -10553 -587 -3333 END
START -1380 5332 17356 -10478 -640 -3317 END
START -1436 5332 17112 -10447 -712 -3346 END
START -1524 5304 17148 -10423 -772 -3417 END
START -1456 5264 17192 -10472 -875 -3478 END
START -1384 5240 16988 -10539 -960 -3551 END
START -1204 5288 16752 -10631 -1039 -3616 END
START -912 5396 16568 -10750 -1056 -3635 END
START -928 5512 16400 -10863 -1010 -3681 END
START -692 5528 16204 -11017 -1015 -3720 END
START -560 5744 16164 -11150 -1026 -3689 END
START -444 5688 16008 -11286 -986 -3658 END
START -356 5744 15908 -11412 -1033 -3572 END
START -292 5840 15600 -11542 -1014 -3510 END
START -136 5864 15272 -11633 -1016 -3381 END
START 28 5908 15080 -11771 -1031 -3261 END
START 120 6008 14900 -11836 -1008 -3172 END
START 348 6144 14572 -11916 -944 -3025 END
START 516 6116 14516 -11967 -891 -2838 END
START 752 6176 14160 -12087 -828 -2624 END
START 876 6264 13944 -12190 -763 -2359 END
START 1016 6252 13464 -12423 -656 -1923 END
START 1080 6180 13228 -12453 -584 -1660 END
START 1080 6168 12764 -12549 -450 -1388 END
START 1108 6076 12604 -12523 -391 -1131 END
START 1212 5980 12316 -12535 -317 -862 END
START 1280 5872 12260 -12450 -264 -567 END
START 1192 5924 12212 -12475 -335 -264 END
START 1188 5824 11880 -12511 -413 27 END
START 1168 5820 11796 -12498 -485 296 END
START 1228 5824 11384 -12453 -534 578 END
START 1244 5648 10988 -12419 -598 829 END
START 1152 5456 10896 -12308 -710 1098 END
START 1112 5388 10576 -12181 -825 1428 END
START 1212 5196 10316 -12039 -921 1647 END
START 1224 5156 9896 -11932 -999 1924 END
START 1220 5136 9484 -11745 -1023 2178 END
START 1236 5080 9152 -11635 -1072 2385 END
START 1308 4968 8844 -11487 -1065 2647 END
START 1364 4864 8556 -11363 -1005 2832 END
START 1364 4692 8556 -11268 -897 3040 END
START 1188 4492 8380 -11169 -754 3246 END
START 1224 4352 8180 -11122 -644 3386 END
START 1272 4156 7980 -11140 -479 3516 END
START 1248 4320 7820 -11182 -268 3618 END
START 1236 4364 7560 -11214 -74 3818 END
START 1376 4368 7408 -11256 137 3959 END
START 1336 4312 7068 -11279 325 4142 END
START 1364 4376 6964 -11314 573 4378 END
START 1364 4332 6680 -11338 805 4620 END
START 1404 4476 6472 -11370 1052 4858 END
START 1392 4420 6356 -11365 1377 5108 END
START 1300 4428 5984 -11364 1613 5333 END
START 1320 4432 6028 -11334 1917 5567 END
START 1348 4156 5996 -11346 2166 5850 END
START 1424 4216 5856 -11319 2486 6120 END
START 1396 4188 5704 -11374 2739 6357 END
START 1212 4240 5508 -11400 3012 6611 END
START 960 4200 5624 -11397 3267 6875 END
START 796 4068 5716 -11447 3431 7096 END
START 528 3928 5760 -11465 3562 7249 END
START 136 3728 5908 -11480 3660 7362 END
START -48 3472 5564 -11454 3716 7412 END
START -304 3396 5476 -11370 3761 7414 END
START -568 3096 5396 -11284 3751 7398 END
START -724 2972 5296 -11130 3751 7357 END
START -1056 2588 5116 -10951 3716 7238 END
START -1240 2468 5012 -10750 3640 7170 END
START -1492 2416 5016 -10522 3545 7049 END
START -1788 2448 4820 -10243 3411 6936 END
START -1888 2448 4704 -10004 3300 6834 END
START -2040 2412 4516 -9647 3158 6715 END
START -2096 2408 4312 -9299 3012 6615 END
START -2036 2196 4244 -8918 2923 6460 END
START -2164 2236 3980 -8504 2760 6412 END
START -2264 2304 3792 -8051 2622 6349 END
START -2300 2296 3644 -7593 2430 6354 END
START -2248 2460 3588 -7121 2266 6372 END
START -2276 2492 3376 -6605 2074 6467 END
START -2208 2404 3220 -6095 1969 6513 END
START -2268 2448 3008 -5575 1781 6607 END
START -2380 2548 2956 -5013 1687 6677 END
START -2344 2616 2908 -4440 1615 6723 END
START -2536 2608 3140 -3913 1518 6787 END
START -2740 2600 3004 -3422 1432 6864 END
START -2764 2588 3132 -2923 1326 6891 END
START -2952 2588 3108 -2478 1225 6911 END
START -3264 2500 3084 -2079 1136 6908 END
START -3452 2304 3552 -1716 1059 6848 END
START -3672 2196 3344 -1375 1005 6746 END
START -3764 2056 3232 -1042 955 6629 END
START -3944 1748 3160 -726 926 6480 END
START -4060 1464 3272 -484 948 6315 END
START -4216 1372 2968 -221 952 6165 END
START -4492 1228 2944 30 1027 5978 END
START -4476 1228 2792 291 1109 5823 END
START -4504 1276 2592 544 1260 5647 END
START -4352 1244 2384 791 1456 5497 END
START -4268 980 2220 1091 1758 5348 END
START -4220 924 2280 1290 2043 5221 END
START -4288 924 2228 1457 2385 5045 END
START -4340 988 2276 1585 2783 4853 END
START -4304 1032 2376 1697 3139 4710 END
START -4440 888 2460 1817 3460 4567 END
START -4480 912 2700 1845 3761 4431 END
START -4480 792 2844 1950 4024 4378 END
START -4672 768 2988 2056 4238 4300 END
START -4748 812 3096 2176 4425 4231 END
START -4912 712 3000 2368 4574 4142 END
START -4956 676 3048 2563 4636 4107 END
START -5076 612 3428 2832 4608 4049 END
START -5312 480 3592 3149 4559 4019 END
START -5496 560 3540 3495 4431 3996 END
START -5720 636 3576 3901 4224 3983 END
START -5924 668 3740 4284 3963 3916 END
START -6040 588 3916 4744 3614 3886 END
START -6020 632 4272 5189 3263 3886 END
START -6144 720 4084 5712 2825 3885 END
START -6312 796 4228 6239 2410 3878 END
START -6268 948 4376 6747 2017 3905 END
START -6332 1188 4356 7237 1626 3954 END
START -6372 1408 4580 7723 1253 3990 END
START -6412 1436 4356 8213 954 4071 END
START -6712 1604 4376 8638 662 4125 END
START -6756 1744 4312 9110 486 4200 END
START -6760 1872 4304 9461 330 4199 END
START -7040 2036 4328 9854 287 4200 END
START -7120 2216 4424 10198 312 4198 END
START -7320 2312 4284 10560 375 4143 END
START -7580 2208 4524 10847 516 4062 END
START -7652 2076 4692 11128 700 3947 END
START -7920 1860 5064 11382 880 3787 END
START -8132 1712 5128 11649 1032 3567 END
START -8312 1648 5504 11788 1199 3223 END
START -8468 1648 5740 11894 1391 2860 END
START -8444 1772 6036 12000 1491 2490 END
START -8436 2052 6252 12137 1706 2191 END
START -8348 2308 6460 12124 1904 1805 END
START -8212 2460 6928 12264 2040 1536 END
START -8004 2908 7044 12498 2197 1279 END
START -7872 3348 7608 12667 2310 1134 END
START -7772 3600 7740 12679 2479 998 END
START -7536 3824 8096 12746 2624 866 END
START -7472 4168 8328 12729 2725 853 END
START -7532 4480 8828 12724 2761 815 END
START -7516 4648 9152 12785 2850 773 END
START -7528 4784 9392 12802 2912 774 END
START -7548 4976 9820 12722 2860 827 END
START -7732 5216 10104 12845 2787 871 END
START -7744 5364 10452 12813 2618 977 END
START -7708 5368 10812 12874 2379 1072 END
START -7976 5460 11096 12930 2134 1219 END
START -7960 5696 11464 13073 1864 1369 END
START -8084 5724 11688 13226 1548 1523 END
START -8208 5852 11676 13333 1177 1687 END
START -8224 5840 11900 13456 897 1805 END
START -8216 5632 12108 13656 553 1982 END
START -8488 5656 12252 13799 274 2090 END
START -8692 5568 12208 13977 -4 2146 END
START -8848 5480 12572 14088 -278 2159 END
START -8908 5308 12700 14242 -523 2149 END
START -8892 5112 12492 14311 -723 2076 END
START -8872 4860 12552 14424 -873 2021 END
START -9004 4832 12528 14535 -965 1908 END
START -8904 4556 12588 14685 -1055 1719 END
START -9016 4568 12592 14829 -1035 1552 END
START -9056 4576 12772 14988 -1053 1346 END
START -9060 4560 12880 15160 -1032 1150 END
START -9028 4568 13196 15225 -1008 864 END
START -8784 4632 13316 15327 -973 670 END
START -8596 4704 13492 15372 -905 434 END
START -8280 4940 13712 15368 -761 276 END
START -8092 5092 13836 15405 -570 112 END
START -7872 5216 13900 15365 -393 13 END
START -7892 5300 14116 15311 -181 -55 END
START -7524 5460 14432 15240 122 -46 END
START -7448 5580 14664 15132 421 -43 END
START -7384 5948 14972 14966 807 16 END
START -7588 6096 15136 14759 1191 59 END
START -7864 6280 15432 14554 1567 188 END
START -7888 6280 15684 14350 1934 263 END
START -8004 6388 15992 14072 2299 376 END
START -8172 6240 16172 13809 2561 446 END
START -8476 6084 16440 13545 2828 539 END
START -8736 6032 17040 13312 2970 593 END
START -8980 5764 17300 13104 3058 666 END
START -9256 5576 17980 13019 2951 761 END
START -9476 5688 18032 13043 2845 842 END
START -9840 5524 18324 12996 2526 891 END
START -10088 5424 18628 13028 2170 966 END
START -10252 5228 19024 13121 1711 1013 END
START -10440 4948 19184 13292 1199 1030 END
START -10756 4628 19508 13338 687 961 END
START -10808 4196 19772 13446 94 896 END
START -10968 4160 20072 13576 -469 772 END
START -11020 3952 20088 13696 -1072 631 END
START -10984 3888 20196 13778 -1602 447 END
START -10592 3852 20080 13894 -2070 306 END
START -10352 3724 20172 14012 -2440 101 END
START -10212 3768 19944 14082 -2763 -77 END
START -9896 3996 19752 14107 -2879 -244 END
START -9632 4088 19704 14130 -2866 -368 END
START -9144 4012 19752 14056 -2730 -478 END
START -8580 3968 19808 13961 -2521 -583 END
START -8384 3908 19760 13779 -2306 -703 END
START -8256 3972 19892 13573 -2020 -791 END
START -7984 3940 19916 13413 -1716 -853 END
START -7804 3776 19876 13231 -1304 -921 END
START -7772 3752 20168 13124 -952 -985 END
START -7864 3804 20608 12976 -638 -1013 END
START -7896 3932 21068 12782 -417 -995 END
START -8100 3996 21528 12620 -290 -951 END
START -8264 4064 21820 12126 -206 -915 END
START -8344 4168 22340 11916 -215 -835 END
START -8316 4084 22396 11926 -91 -758 END
START -8252 4228 22576 11397 61 -693 END
START -8400 4144 22852 11088 199 -665 END
START -8372 4132 22952 10685 282 -593 END
START -8396 4072 23144 10231 418 -523 END
START -8472 3936 23132 9765 542 -430 END
START -8632 3708 23268 9411 637 -408 END
START -8640 3344 23256 9042 701 -401 END
START -8916 3156 23216 8681 775 -470 END
START -9112 2964 23396 8401 820 -571 END
START -9136 2760 23356 8141 818 -676 END
START -9240 2664 23320 7921 822 -816 END
START -9324 2540 23196 7698 744 -901 END
START -9180 2484 23380 7503 699 -1059 END
START -9144 2216 23508 7330 554 -1151 END
START -9020 2088 23496 7169 365 -1291 END
START -9076 1868 23524 7061 198 -1389 END
START -8840 2012 23716 6864 71 -1508 END
START -8792 2008 23868 6722 -123 -1623 END
START -8664 2156 23608 6559 -270 -1731 END
START -8668 2156 23760 6374 -382 -1795 END
START -8532 2308 23596 6179 -490 -1880 END
START -8436 2204 23524 6000 -560 -1958 END
START -8428 2216 23556 5828 -616 -2075 END
START -8368 2204 23496 5664 -632 -2176 END
START -8332 2420 23328 5419 -597 -2304 END
START -8376 2448 23280 5243 -581 -2400 END
START -8340 2652 23208 5028 -574 -2489 END
START -8276 2708 23188 4840 -537 -2603 END
START -8332 2800 23328 4613 -526 -2633 END
START -8284 2852 23376 4423 -571 -2738 END
START -8348 3104 23524 4154 -581 -2801 END
START -8260 3152 23376 3885 -680 -2881 END
START -8296 3248 23512 3530 -724 -2947 END
START -7948 3376 23584 3191 -737 -3020 END
START -7832 3416 23492 2854 -794 -3039 END
START -7616 3560 23444 2476 -837 -3087 END
START -7644 3788 23268 2075 -834 -3124 END
START -7548 3776 23188 1677 -847 -3069 END