START 1900 5636 4204 792 -1663 9654 END
START 1524 5072 4400 1330 -1149 10109 END
START 980 4360 5356 1878 -488 10538 END
START 588 3592 5784 2500 143 10865 END
START 280 2960 6096 3156 712 11161 END
START -512 2412 6040 3822 1043 11309 END
START -1444 1816 6460 4512 1212 11259 END
START -2120 1264 6480 5200 1251 11137 END
START -2784 156 6788 5869 1162 10790 END
START -3668 -484 6856 6533 1058 10253 END
START -4624 -1012 7308 7166 795 9539 END
START -5640 -1456 7712 7690 417 8667 END
START -6544 -1676 8028 8154 -87 7677 END
START -7024 -1748 8288 8481 -538 6684 END
START -7044 -2256 8456 8751 -1021 5622 END
START -7000 -2592 8460 8954 -1464 4471 END
START -6900 -2980 8480 9046 -1782 3387 END
START -6980 -3068 8172 9136 -1919 2249 END
START -6724 -3040 7664 9283 -1804 1141 END
START -6660 -2832 7524 9425 -1478 56 END
START -6628 -2576 7264 9603 -1097 -962 END
START -6544 -2388 7196 9771 -542 -1911 END
START -6428 -1872 7124 9882 182 -2755 END
START -6300 -932 7428 9943 895 -3487 END
START -6240 132 7772 9931 1686 -4109 END
START -6268 1244 8272 9760 2548 -4584 END
START -6280 1600 8572 9568 3386 -4868 END
START -6248 1956 9640 9300 4228 -4997 END
START -6476 2144 10644 8927 5018 -5058 END
START -6988 2296 11596 8578 5625 -5078 END
START -7600 2332 12596 8240 6143 -5072 END
START -8244 2604 13636 7927 6483 -5115 END
START -8864 2500 14984 7717 6679 -5137 END
START -9344 2760 15648 7547 6673 -5142 END
START -9932 3040 16588 7439 6631 -5057 END
START -10344 3400 17708 7366 6386 -5003 END
START -10772 3644 18672 7306 5994 -4840 END
START -11176 3512 19868 7323 5425 -4620 END
START -11520 3576 20780 7392 4751 -4384 END
START -12076 3424 21688 7527 3977 -4161 END
START -12568 3304 22516 7660 3066 -3953 END
START -12968 3164 23412 7840 2023 -3782 END
START -13356 3236 23928 8034 943 -3635 END
START -13408 3196 24316 8199 -108 -3493 END
START -13316 3156 24756 8459 -1121 -3352 END
START -13264 3236 25108 8673 -1947 -3218 END
START -13336 3220 25408 8856 -2731 -3121 END
START -13532 3148 25840 8883 -3380 -3090 END
START -13972 3160 26172 8835 -3937 -3168 END
START -14300 3172 26548 8701 -4483 -3304 END
START -14632 3124 26764 8475 -4831 -3604 END
START -14804 3036 26772 8179 -5029 -4006 END
START -14916 3064 26704 7831 -5001 -4516 END
START -14900 3164 26836 7427 -4824 -5145 END
START -14772 3256 26804 6953 -4421 -5772 END
START -14892 3740 27148 6471 -3867 -6459 END
START -14684 4172 27296 5924 -3315 -7093 END
START -14416 4680 27848 5271 -2712 -7671 END
START -13844 4884 28252 4536 -2128 -8177 END
START -13728 5088 28824 3757 -1624 -8634 END
START -13524 5356 29480 3019 -1179 -9010 END
START -13208 5548 29968 2294 -958 -9298 END
START -12872 5868 30412 1590 -682 -9553 END
START -12780 5940 30652 967 -506 -9787 END
START -12488 6132 31340 301 -546 -10046 END
START -12316 6476 31448 -400 -601 -10205 END
START -11964 6636 31720 -1017 -734 -10393 END
START -11556 6708 31628 -1653 -833 -10563 END
START -11064 6864 31528 -2250 -900 -10679 END
START -10456 7120 31260 -2810 -949 -10808 END
START -10052 7128 31316 -3416 -1003 -10938 END
START -9944 7352 31248 -3934 -1098 -11014 END
START -9832 7332 31264 -4494 -1265 -11116 END
START -9672 7440 31284 -4984 -1552 -11208 END
START -9548 7592 31168 -5410 -1898 -11219 END
START -9268 7828 31248 -5838 -2415 -11261 END
START -8652 8312 30908 -6153 -2822 -11246 END
START -8044 8636 30460 -6437 -3194 -11143 END
START -7616 8972 30372 -6718 -3585 -10978 END
START -7116 9296 30044 -6991 -3957 -10834 END
START -6524 9664 29708 -7294 -4199 -10629 END
START -6016 9896 29496 -7664 -4408 -10455 END
START -5580 10080 29224 -7983 -4587 -10269 END
START -5056 10404 29092 -8331 -4710 -10129 END
START -4836 10280 29124 -8708 -4795 -9986 END
START -4560 10336 29028 -9059 -4938 -9876 END
START -4032 10348 28928 -9452 -5106 -9787 END
START -4044 10508 28672 -9851 -5177 -9756 END
START -3676 10504 28364 -10235 -5209 -9732 END
START -3572 10556 28004 -10650 -5297 -9760 END
START -3232 10732 27684 -10967 -5312 -9756 END
START -2940 10748 27368 -11270 -5231 -9825 END
START -2496 10856 26864 -11593 -5201 -9889 END
START -1992 11052 26584 -11901 -5092 -9966 END
START -1668 11388 25968 -12252 -4812 -10006 END
START -1184 11552 25348 -12614 -4487 -10059 END
START -772 11752 24980 -12948 -4174 -10072 END
START -516 11764 24604 -13260 -3784 -10093 END
START -172 11952 24488 -13560 -3493 -10088 END
START 44 12052 24424 -13830 -3243 -10100 END
START 460 12296 24420 -14101 -3030 -10081 END
START 804 12504 24356 -14360 -2875 -10009 END
START 1204 12912 24100 -14623 -2763 -9908 END
START 1984 13044 23856 -14969 -2639 -9769 END
START 2684 13112 23536 -15241 -2538 -9596 END
START 3064 13268 23368 -15551 -2500 -9353 END
START 3356 13628 23048 -15844 -2424 -9097 END
START 3680 13964 22796 -16125 -2378 -8779 END
START 3888 14292 22276 -16454 -2336 -8458 END
START 4196 14388 21900 -16820 -2257 -8120 END
START 4612 14368 21600 -17221 -2119 -7821 END
START 4920 14336 21192 -17573 -2019 -7518 END
START 5112 14464 20916 -17935 -1857 -7237 END
START 5236 14696 20724 -18279 -1845 -6902 END
START 5492 14904 20516 -18649 -1783 -6502 END
START 5636 15032 20128 -18954 -1810 -6136 END
START 5824 14856 19800 -19237 -1843 -5737 END
START 5836 14788 19168 -19440 -1869 -5329 END
START 5940 14756 18680 -19606 -1953 -4969 END
START 6168 14628 17960 -19739 -2054 -4572 END
START 6092 14508 17456 -19793 -2077 -4191 END
START 6080 14432 16832 -19837 -2121 -3841 END
START 5900 14364 16400 -19843 -2219 -3466 END
START 5876 14224 15684 -19795 -2361 -3110 END
START 5740 13732 15172 -19726 -2373 -2808 END
START 5776 13648 14628 -19618 -2438 -2555 END
START 5752 13480 14148 -19542 -2444 -2252 END
START 5660 13160 13676 -19445 -2468 -1999 END
START 5592 13020 13036 -19386 -2461 -1747 END
START 5516 12616 12420 -19323 -2388 -1502 END
START 5396 12260 12024 -19258 -2351 -1284 END
START 5292 11908 11576 -19213 -2246 -1075 END
START 5192 11588 10996 -19087 -2114 -924 END
START 4844 11288 10732 -18983 -2023 -787 END
START 4804 11032 10424 -18883 -1890 -701 END
START 4432 10780 10044 -18796 -1831 -625 END
START 4396 10604 9700 -18708 -1741 -520 END
START 4324 10508 9356 -18631 -1716 -456 END
START 4300 10304 8916 -18521 -1668 -352 END
START 4356 10232 8536 -18463 -1641 -235 END
START 4404 10120 8048 -18354 -1584 -61 END
START 4540 9896 7556 -18258 -1471 85 END
START 4548 9788 7220 -18133 -1394 324 END
START 4608 9576 6756 -17997 -1328 519 END
START 4652 9432 6444 -17845 -1204 748 END
START 4580 9296 6056 -17681 -1141 976 END
START 4484 8900 5732 -17503 -1104 1216 END
START 4408 8684 5640 -17303 -1096 1461 END
START 4160 8404 5520 -17088 -1178 1671 END
START 4152 8188 5028 -16830 -1265 1895 END
START 3940 7920 4836 -16582 -1356 2132 END
START 4024 7628 4316 -16305 -1487 2328 END
START 3904 7320 3856 -16044 -1542 2589 END
START 3836 7264 3548 -15712 -1623 2806 END
START 3712 6876 3108 -15304 -1655 3026 END
START 3604 6568 2520 -14845 -1621 3235 END
START 3212 6488 2068 -14422 -1677 3426 END
START 3092 6464 1756 -13884 -1697 3581 END
START 2804 6408 1584 -13517 -1698 3785 END
START 2764 6156 1212 -13124 -1699 3966 END
START 2708 5772 1060 -12739 -1720 4157 END
START 2524 5652 712 -12307 -1654 4300 END
START 2500 5456 592 -11934 -1585 4454 END
START 2488 5328 192 -11576 -1503 4587 END
START 2312 5148 -44 -11208 -1349 4715 END
START 2264 5048 -180 -10847 -1226 4829 END
START 2264 4952 -468 -10567 -1108 4964 END
START 2172 4912 -656 -10251 -908 5045 END
START 2028 4764 -932 -9930 -706 5123 END
START 1780 4668 -680 -9577 -515 5277 END
START 1652 4688 -852 -9222 -413 5371 END
START 1520 4716 -692 -8918 -286 5558 END
START 1304 4796 -812 -8654 -227 5710 END
START 1224 4756 -620 -8436 -188 5889 END
START 1044 4464 -688 -8239 -134 6014 END
START 788 4260 -528 -8081 -179 6134 END
START 652 4196 -368 -7895 -213 6255 END
START 312 4248 -496 -7740 -282 6337 END
START 264 4260 -456 -7598 -318 6399 END
START 72 4236 -436 -7500 -363 6508 END
START 104 4248 -588 -7485 -356 6539 END
START 172 4140 -996 -7438 -209 6601 END
START 400 3952 -1372 -7411 -44 6651 END
START 388 3792 -1784 -7340 315 6696 END
START 256 3724 -2036 -7208 671 6672 END
START 180 3716 -2236 -7064 977 6689 END
START 188 3528 -2416 -6876 1317 6711 END
START 312 3240 -2500 -6697 1623 6763 END
START -104 3088 -2624 -6444 1899 6805 END
START -216 3072 -2940 -6103 2074 6765 END
START -496 2968 -2848 -5689 2204 6836 END
START -492 2768 -3068 -5306 2298 6841 END
START -664 2452 -3356 -4836 2331 6904 END
START -764 2316 -3656 -4298 2378 6930 END
START -976 2076 -3976 -3756 2436 6988 END
START -1092 1776 -4428 -3104 2468 6913 END
START -1204 1492 -4500 -2338 2502 6966 END
START -1380 1332 -4984 -1599 2629 6899 END
START -1508 1148 -5152 -807 2738 6885 END
START -1572 1104 -5220 5 2824 6850 END
START -1616 1000 -5464 801 2926 6804 END
START -1980 792 -5196 1567 3001 6732 END
START -1972 600 -5076 2297 3097 6629 END
START -2116 484 -5012 3023 3164 6549 END
START -2292 448 -4964 3722 3354 6412 END
START -2368 652 -4836 4434 3488 6317 END
START -2496 596 -4776 5136 3702 6209 END
START -2424 588 -4716 5787 3896 6117 END
START -2612 788 -4384 6425 4106 6053 END
START -2688 784 -4268 7065 4351 6019 END
START -2848 1056 -4040 7641 4515 5964 END
START -3052 1208 -3864 8316 4747 5961 END
START -3232 1204 -3440 8948 4885 5968 END
START -3424 1300 -3032 9539 5060 5976 END
START -3660 1532 -2592 10118 5104 5976 END
START -3936 1664 -2272 10679 5129 6026 END
START -4156 1804 -1980 11215 5194 6068 END
START -4324 1892 -1684 11849 5225 6061 END
START -4760 1952 -1680 12404 5230 6038 END
START -4980 2056 -1500 12846 5266 5996 END
START -5224 2028 -1496 13483 5377 5846 END
START -5516 2192 -1384 14138 5565 5656 END
START -5796 2048 -1012 14751 5707 5406 END
START -6348 2084 -736 15355 5867 5038 END
START -6544 2456 -324 15891 5990 4676 END
START -6748 2672 228 16381 6120 4305 END
START -6748 2940 924 16867 6204 3888 END
START -6736 3180 1444 17292 6306 3510 END
START -6700 3608 1992 17675 6347 3140 END
START -6664 4172 2448 18040 6416 2777 END
START -6356 4500 2772 18386 6436 2545 END
START -6336 4888 3248 18698 6570 2312 END
START -6360 5324 3612 18983 6562 2066 END
START -6292 5816 4156 19258 6597 1887 END
START -6404 6100 5000 19531 6510 1697 END
START -6648 6504 5640 19849 6394 1578 END
START -6544 6864 6404 20071 6204 1491 END
START -6444 7172 6612 20348 6109 1401 END
START -6400 7552 7228 20558 5937 1335 END
START -6392 7980 8072 20783 5750 1281 END
START -6260 8496 8868 20903 5538 1236 END
START -6420 9048 9428 21040 5226 1282 END
START -6408 9484 10080 21123 4947 1350 END
START -6408 9840 10536 21226 4594 1458 END
START -6420 10096 10884 21311 4223 1617 END
START -6396 10168 11284 21494 3816 1774 END
START -6184 10088 11740 21634 3479 1914 END
START -6148 9956 11944 21774 3160 2054 END
START -6408 9920 12428 21955 2789 2145 END
START -6496 10028 12668 22086 2498 2168 END
START -6560 10120 13232 22270 2153 2172 END
START -6864 10152 13540 22374 1826 2089 END
START -6888 10392 13932 22472 1484 1974 END
START -6984 10396 14192 22556 1132 1842 END
START -6936 10316 14564 22650 857 1701 END
START -6668 10088 14592 22749 642 1490 END
START -6500 9852 14844 22861 516 1277 END
START -6412 9920 15132 22908 426 992 END
START -6488 10076 15388 22974 375 684 END
START -6348 10368 15584 23001 387 386 END
START -6216 10504 15828 22997 353 103 END
START -6136 10756 16216 23012 356 -160 END
START -5944 10812 16556 23033 393 -377 END
START -5644 10904 17020 23015 318 -564 END
START -5496 10856 17456 22991 265 -727 END
START -5324 11068 17952 22950 202 -830 END
START -5272 11488 18464 22880 101 -905 END
START -5044 11844 19172 22865 62 -1001 END
START -5160 12104 19640 22738 -79 -947 END
START -4996 12276 20244 22613 -230 -905 END
START -5116 12328 21016 22418 -433 -832 END
START -4996 12216 21440 22260 -717 -740 END
START -5012 12028 22184 22034 -1004 -647 END
START -5148 11652 22616 21827 -1282 -584 END
START -5244 11400 23192 21600 -1579 -630 END
START -5472 11100 23740 21306 -1917 -715 END
START -5564 11052 24276 20968 -2194 -868 END
START -5668 10896 24468 20629 -2480 -1029 END
START -5660 10608 24688 20195 -2733 -1234 END
START -5768 10360 24864 19772 -2888 -1448 END
START -5724 10268 25144 19372 -3065 -1694 END
START -5604 9976 25432 18938 -3156 -1926 END
START -5552 9928 25668 18454 -3211 -2210 END
START -5552 9960 25940 17919 -3202 -2434 END
START -5300 10072 26120 17329 -3225 -2646 END
START -5308 9980 26112 16693 -3126 -2823 END
START -5168 10116 26148 16080 -2985 -3008 END
START -5076 9948 26132 15476 -2838 -3209 END
START -5044 10208 26332 14898 -2562 -3438 END
START -5036 10300 26332 14331 -2313 -3663 END
START -4896 10232 26412 13744 -1961 -3978 END
START -4768 10160 26592 13108 -1535 -4235 END
START -4800 10004 26892 12448 -1142 -4471 END
START -4972 9904 27172 11897 -704 -4688 END
START -5120 9828 27480 11045 -308 -4859 END
START -5296 9764 27784 10293 132 -5051 END
START -5620 9564 28128 9523 506 -5182 END
START -5932 9304 28376 8759 814 -5399 END
START -6148 8804 28544 8031 1128 -5617 END
START -6512 8380 28980 7334 1286 -5952 END