START 748 -188 5016 1371 5249 3042 END
START 2692 748 4296 1369 3344 3191 END
START 944 -116 3984 1930 4015 3456 END
START 2424 -1300 -1712 2435 3570 3509 END
START 1544 -1084 416 3076 3215 3550 END
START 544 -1088 1620 3742 3162 3608 END
START -512 -1104 3152 4441 3091 3679 END
START -1376 -1116 3716 5163 2796 3637 END
START -1908 -1048 3820 5899 2175 3572 END
START -1832 -972 3736 6687 1470 3480 END
START -1716 -1004 3416 7489 834 3367 END
START -2240 -1012 3844 8205 365 3228 END
START -2000 -944 3756 9024 -133 3030 END
START -1876 -856 3728 9838 -542 2850 END
START -1744 -736 3424 10547 -829 2634 END
START -1824 -620 3460 11206 -974 2438 END
START -1720 -512 3536 11702 -1061 2249 END
START -1524 -292 3524 12271 -1007 2053 END
START -1208 204 3624 12680 -826 1896 END
START -1008 492 3436 12953 -509 1726 END
START -812 968 3408 13123 -118 1626 END
START -468 1296 3732 13123 395 1523 END
START -268 1676 3932 13120 946 1519 END
START -40 1828 3944 13010 1508 1481 END
START 144 2240 4204 12862 2077 1509 END
START 376 2520 4532 12729 2693 1587 END
START 284 2436 4592 12561 3214 1645 END
START 292 2560 5176 12367 3730 1773 END
START 468 2516 5496 12408 4212 1905 END
START 272 2452 5852 12165 4571 2047 END
START 144 2512 6196 12502 4841 2173 END
START -56 2492 6724 12110 4951 2293 END
START -84 2324 7240 12303 5071 2437 END
START -136 2336 7528 12363 4961 2562 END
START -184 2208 7404 12343 4856 2683 END
START -244 2068 7568 12378 4650 2785 END
START -196 1844 7576 12667 4524 2910 END
START -212 1844 7588 12720 4332 3013 END
START -280 1828 7372 12882 4180 3156 END
START -436 1680 7552 13031 4052 3255 END
START -384 1476 7324 13239 3980 3409 END
START -472 1436 7268 13492 3913 3527 END
START -700 1484 7208 13713 3964 3660 END
START -648 1364 7328 13927 3989 3724 END
START -1008 1324 7268 14137 4004 3794 END
START -1352 1244 7476 14321 4056 3799 END
START -1628 948 7608 14553 4043 3774 END
START -1960 724 7616 14799 4033 3659 END
START -2212 628 7912 15121 3996 3487 END
START -2560 496 8280 15437 3942 3312 END
START -2920 460 8544 15798 3759 3091 END
START -3000 512 8732 16230 3531 2807 END
START -3088 580 8904 16617 3320 2560 END
START -3176 648 9148 17135 3133 2296 END
START -3140 996 9544 17581 3066 2049 END
START -3252 1152 9752 18054 2984 1877 END
START -3164 1300 10264 18478 3075 1744 END
START -3036 1612 10764 18842 3189 1694 END
START -3032 1844 11200 19114 3420 1671 END
START -2908 2144 11836 19327 3675 1601 END
START -2936 2288 12572 19423 4057 1567 END
START -2696 2540 13084 19454 4485 1532 END
START -2772 2600 14100 19366 4882 1504 END
START -2860 2784 15004 19182 5195 1421 END
START -2844 2892 16024 18987 5525 1402 END
START -2772 2896 17072 18703 5672 1332 END
START -2828 2856 17956 18408 5777 1308 END
START -2712 2752 18708 18055 5830 1342 END
START -2616 2776 19568 17690 5823 1364 END
START -2712 2984 20124 17388 5840 1460 END
START -2772 3128 20876 16979 5767 1491 END
START -2776 3064 21760 16577 5601 1542 END
START -2876 2960 22292 16203 5455 1605 END
START -3116 2804 23052 15907 5133 1698 END
START -3296 2820 23752 15615 4831 1762 END
START -3348 2756 24052 15449 4419 1782 END
START -3588 2596 24668 15283 3901 1834 END
START -3708 2396 25236 15206 3390 1879 END
START -3668 2464 25452 15185 2810 1900 END
START -3684 2492 25860 15186 2299 1946 END
START -3572 2500 25808 15164 1868 1975 END
START -3592 2452 26364 15118 1488 2050 END
START -3696 2428 26508 15031 1109 2170 END
START -3744 2560 26964 14920 790 2302 END
START -3688 2528 27176 14760 514 2360 END
START -3804 2640 27548 14589 343 2455 END
START -3848 2680 27928 14483 173 2597 END
START -3856 2684 28416 14384 36 2919 END
START -4000 2572 28676 14196 -154 3108 END
START -4164 2448 29076 13914 -317 3313 END
START -4300 2232 29240 13551 -390 3448 END
START -4220 2124 29380 13036 -411 3505 END
START -4276 1860 29548 12526 -386 3503 END
START -4644 1632 30068 11746 -375 3471 END
START -4620 1580 30012 11294 -324 3375 END
START -4648 1304 30204 10509 -175 3225 END
START -4968 1064 30228 9747 0 3063 END
START -5120 968 30320 9062 128 2886 END
START -5420 1056 30284 8305 245 2709 END
START -5860 1072 30316 7622 284 2480 END
START -6100 972 30552 6964 306 2216 END
START -6428 1000 30476 6389 206 1948 END
START -6768 1020 30608 5949 7 1672 END
START -6956 960 30644 5542 -291 1426 END
START -7180 940 30644 5268 -681 1158 END
START -7232 944 30396 5065 -1051 943 END
START -7244 1048 30252 4909 -1461 737 END
START -7216 1236 30268 4756 -1851 496 END
START -7132 1368 29892 4563 -2263 335 END
START -7104 1468 29780 4399 -2643 143 END
START -6984 1532 29444 4134 -3083 -18 END
START -6860 1468 29212 3929 -3359 -124 END
START -6560 1404 29096 3717 -3607 -289 END
START -6220 1524 28356 3463 -3772 -396 END
START -5944 1524 28016 3185 -3854 -467 END
START -5568 1868 27640 2868 -3858 -536 END
START -5268 1904 27120 2538 -3768 -526 END
START -4984 2072 26676 2176 -3574 -512 END
START -4936 2120 25992 1762 -3396 -420 END
START -4796 2176 25916 1376 -3152 -391 END
START -4744 2260 25552 884 -2881 -383 END
START -4528 2228 25096 421 -2699 -296 END
START -4464 2140 24896 9 -2462 -289 END
START -4396 2280 24540 -470 -2222 -310 END
START -4404 2200 24176 -827 -2036 -287 END
START -4444 2052 23900 -1250 -1839 -292 END
START -4376 1964 23660 -1567 -1761 -273 END
START -4404 1932 23328 -1830 -1656 -279 END
START -4504 2024 23096 -2070 -1625 -300 END
START -4512 2052 22796 -2279 -1598 -281 END
START -4620 2120 22224 -2445 -1537 -241 END
START -4544 2140 21860 -2594 -1508 -220 END
START -4720 2092 21496 -2672 -1565 -212 END
START -4832 2172 21240 -2794 -1606 -179 END
START -4852 2060 21060 -2851 -1714 -205 END
START -4928 1940 20596 -2927 -1835 -208 END
START -4904 1816 20312 -2991 -1987 -324 END
START -4752 1624 20200 -3050 -2111 -457 END
START -4700 1504 19484 -3072 -2241 -544 END
START -4660 1516 19336 -3018 -2376 -713 END
START -4512 1508 18776 -3035 -2458 -835 END
START -4368 1568 18504 -3020 -2477 -929 END
START -4152 1840 18300 -2991 -2488 -1029 END
START -4020 1948 17968 -2987 -2491 -1100 END
START -3952 2040 17696 -2957 -2410 -1166 END
START -3860 2180 17352 -2939 -2339 -1180 END
START -3828 2296 17196 -2919 -2259 -1234 END
START -3564 2320 17068 -2936 -2213 -1314 END
START -3560 2324 16980 -2854 -2107 -1353 END
START -3520 2480 16768 -2816 -2002 -1431 END
START -3288 2484 17052 -2757 -2001 -1509 END
START -3352 2668 16852 -2709 -1909 -1568 END
START -3404 2744 17168 -2617 -1916 -1626 END
START -3284 2876 16944 -2557 -1967 -1721 END
START -3112 3048 17316 -2504 -1997 -1753 END
START -3004 3108 17440 -2423 -2048 -1808 END
START -2804 3384 17408 -2431 -2077 -1794 END
START -2776 3420 17772 -2435 -2123 -1822 END
START -2600 3532 17696 -2450 -2130 -1763 END
START -2536 3748 17772 -2494 -2187 -1749 END
START -2372 3764 17724 -2553 -2216 -1669 END
START -2284 3836 17856 -2629 -2211 -1608 END
START -2260 3832 17828 -2646 -2240 -1533 END
START -2128 3972 17744 -2711 -2251 -1462 END
START -2144 3968 17764 -2735 -2207 -1378 END
START -1992 3916 17548 -2781 -2176 -1313 END