START -2128 5012 5780 152 6257 -1432 END
START -1848 5212 5260 570 6923 -1292 END
START -2136 5352 5356 771 7178 -1305 END
START -2620 5384 5876 949 7403 -1376 END
START -2816 5384 5944 1015 7542 -1503 END
START -2884 5616 6452 999 7645 -1674 END
START -2356 6116 6420 866 7822 -1724 END
START -1940 6436 6532 617 8035 -1688 END
START -1520 7032 6996 274 8275 -1573 END
START -1116 7320 7156 -139 8460 -1477 END
START -760 7400 7488 -653 8614 -1326 END
START -472 7288 7416 -1053 8634 -1168 END
START -324 7072 7140 -1362 8823 -930 END
START -220 6868 6600 -1511 8886 -752 END
START -232 6920 5956 -1465 8996 -533 END
START -308 6552 5256 -1239 9244 -344 END
START -396 6072 4868 -802 9423 -225 END
START -1100 5500 5116 -248 9305 -180 END
START -1156 5088 5168 354 9139 -225 END
START -1464 4960 5680 909 8769 -283 END
START -1588 5120 6216 1419 8241 -285 END
START -1688 5484 6216 1846 7733 -161 END
START -1484 6044 6308 2194 7207 31 END
START -1156 6356 5868 2499 6855 232 END
START -980 6104 5660 2747 6573 501 END
START -800 5864 5268 2946 6422 693 END
START -480 5468 5128 3209 6341 838 END
START -644 5332 4960 3475 6343 883 END
START -1260 5564 5388 3692 6293 887 END
START -1696 5876 5888 3824 6096 912 END
START -1692 6152 6092 3918 5761 952 END
START -1788 6288 6388 3924 5405 1036 END
START -1836 6184 6632 3914 4975 1123 END
START -1824 6040 6776 3914 4601 1238 END
START -2040 6076 6696 3911 4160 1326 END
START -2012 5888 6648 3900 3814 1347 END
START -2028 5896 6408 3883 3516 1354 END
START -2240 5796 6212 3882 3245 1255 END
START -2300 5712 5936 3880 3065 1160 END
START -2448 5576 5476 3986 2894 1008 END
START -2832 5352 5116 4077 2848 851 END
START -2920 5348 4484 4211 2804 714 END
START -2844 5256 4028 4373 2863 624 END
START -3068 5440 3724 4550 3020 534 END
START -2960 5476 3584 4739 3133 443 END
START -2696 5420 3436 4914 3302 371 END
START -2840 5236 3716 5135 3416 295 END
START -2856 5276 3772 5375 3436 264 END
START -2756 5400 4260 5598 3400 235 END
START -2720 5596 4680 5805 3261 201 END
START -2396 5728 5076 5987 3100 242 END
START -2244 5984 5384 6112 2785 346 END
START -1932 6100 5672 6218 2502 573 END
START -1768 6432 5728 6320 2066 870 END
START -1580 6608 5704 6490 1594 1228 END
START -1344 6604 5632 6673 1077 1591 END
START -1240 6632 5144 6919 573 1999 END
START -948 6568 5000 7230 141 2344 END
START -944 6524 4704 7602 -250 2687 END
START -600 6556 4464 7942 -574 3010 END
START -460 6640 4408 8279 -906 3325 END
START -520 6852 4432 8629 -1139 3662 END
START -552 6884 4280 8911 -1372 4001 END
START -424 6668 4100 9228 -1545 4297 END
START -680 6200 4044 9551 -1686 4547 END
START -936 5832 4108 9948 -1757 4704 END
START -1124 5732 4076 10317 -1865 4763 END
START -1308 5564 4200 10691 -1934 4780 END
START -1384 5768 4128 11012 -1940 4706 END
START -1272 5988 3792 11245 -1775 4677 END
START -1092 6100 3616 11428 -1465 4608 END
START -1040 6296 3584 11590 -1019 4549 END
START -1076 6164 3600 11705 -535 4438 END
START -1036 6088 4000 11840 -77 4312 END
START -1308 6188 4224 11990 328 4180 END
START -1640 6224 4764 12188 624 4065 END
START -1948 6240 5148 12216 806 3927 END
START -2224 6200 5776 12603 826 3752 END
START -2360 6312 5824 12774 924 3566 END
START -2512 6548 6052 13055 1017 3374 END
START -2540 6920 6356 13382 1064 3252 END
START -2356 7304 6812 13669 1165 3222 END
START -2240 7828 7428 13885 1310 3247 END
START -2020 8108 7972 14076 1417 3309 END
START -1852 8284 8308 14184 1555 3452 END
START -1556 8324 8940 14301 1786 3547 END
START -1716 8220 9656 14366 2004 3627 END
START -1996 8468 10600 14362 2072 3745 END
START -2352 8572 11556 14264 1981 3818 END
START -2368 8508 12216 14135 1857 3927 END
START -2140 8436 12720 13996 1704 3953 END
START -2076 8276 12844 13875 1682 3953 END
START -2108 8244 13244 13691 1618 3903 END
START -2132 8512 13600 13501 1636 3824 END
START -1940 8724 13680 13254 1647 3821 END
START -1828 8784 14000 13072 1800 3849 END
START -1580 8968 14312 12873 1958 3896 END
START -1548 9108 14672 12666 2108 3994 END
START -1452 9092 15196 12509 2257 4062 END
START -1660 9136 15788 12375 2191 4165 END
START -1800 9352 16404 12439 2108 4287 END
START -1804 9372 16872 12192 1969 4451 END
START -1588 9380 17232 12354 1876 4711 END
START -1848 9468 17580 12282 1817 4937 END
START -1984 9520 17916 12171 1796 5181 END
START -2220 9356 17880 12319 1752 5414 END
START -2688 9128 18348 12277 1730 5628 END
START -2920 8804 18584 12128 1745 5778 END
START -3308 8548 18848 12196 1783 5943 END
START -3728 8400 19012 12384 1843 5957 END
START -4184 8156 19300 12190 1922 5957 END
START -4556 7964 19280 12162 2088 5966 END
START -4988 7856 19504 12365 2337 5951 END
START -5596 7724 19864 12241 2519 5916 END
START -5976 7572 20288 12261 2663 5855 END
START -6332 7356 20756 12417 2706 5806 END
START -6792 7020 21732 12312 2669 5702 END
START -7020 6604 22376 12385 2531 5553 END
START -7152 6188 23048 12179 2261 5348 END
START -7428 5980 23508 12321 2080 5102 END
START -7620 6312 23968 12153 1920 4834 END
START -7704 6688 24244 11921 1814 4626 END
START -7468 6840 24484 11466 1757 4544 END
START -7512 6624 24860 11038 1824 4436 END
START -7652 6552 25056 10542 1882 4306 END
START -7784 6428 25656 10109 1935 4086 END
START -8084 6180 25840 9667 1996 3826 END
START -8316 6240 25848 9233 1995 3609 END
START -8368 6276 26404 8831 1948 3383 END
START -8560 6416 26876 8371 1808 3160 END
START -8668 6624 26984 8018 1632 3026 END
START -8576 6716 27004 7632 1286 2911 END
START -8732 6716 27032 7344 997 2852 END
START -8836 6584 27068 7085 663 2818 END
START -9100 6568 26892 6897 304 2816 END
START -9560 6708 26912 6790 -102 2827 END
START -9956 6740 26924 6623 -596 2866 END
START -10256 6648 26684 6481 -1042 2913 END
START -10708 6504 26392 6280 -1410 2938 END
START -11096 6352 25736 6054 -1717 2854 END
START -11428 6064 25420 5853 -1884 2744 END
START -11848 5660 24896 5659 -1930 2511 END
START -12372 5420 24820 5451 -1917 2261 END
START -12848 5380 24696 5191 -1891 1967 END
START -13072 5252 24548 4881 -1956 1622 END
START -13432 5212 24364 4509 -1958 1217 END
START -14184 5224 24340 4150 -1965 745 END
START -14348 5088 24076 3805 -2063 215 END
START -14516 4912 24048 3395 -2173 -259 END
START -14376 5012 23612 2984 -2220 -741 END
START -14196 5336 23220 2516 -2272 -1200 END
START -13740 5364 22824 2119 -2259 -1635 END
START -13300 5220 22336 1809 -2317 -2006 END
START -12928 5276 21944 1538 -2341 -2311 END
START -12584 5472 21632 1340 -2439 -2592 END
START -12312 5560 21232 1230 -2588 -2712 END
START -12088 5564 20984 1188 -2804 -2821 END
START -11752 5588 20748 1156 -3084 -2810 END
START -11472 5452 20340 1165 -3312 -2782 END
START -10956 5244 20028 1147 -3545 -2733 END
START -10792 5280 19788 1164 -3721 -2622 END
START -10916 5016 19492 1213 -3891 -2560 END
START -10976 4844 19264 1270 -4046 -2548 END
START -11116 4744 19180 1293 -4134 -2547 END
START -11468 4432 19248 1243 -4250 -2588 END
START -11616 4116 18936 1129 -4280 -2681 END
START -11928 3928 18280 989 -4131 -2884 END
START -12236 3616 17688 870 -3934 -3118 END
START -12548 3208 17116 803 -3569 -3368 END
START -12880 3044 16716 796 -3215 -3698 END
START -13368 2820 16792 841 -2843 -4053 END
START -13908 2664 16604 908 -2543 -4456 END
START -14284 2656 16876 968 -2298 -4865 END
START -14732 2764 17092 996 -2161 -5223 END
START -14932 2700 16908 1001 -2072 -5547 END
START -15152 2736 17100 1023 -1962 -5837 END
START -15264 2748 17108 993 -1911 -6156 END
START -15480 2868 17140 918 -1915 -6489 END
START -15572 3000 17316 863 -1955 -6777 END
START -15588 2932 17104 737 -1977 -7030 END
START -15732 2936 17236 615 -2020 -7313 END
START -15900 2884 17056 464 -2061 -7635 END
START -16176 2788 16900 371 -2114 -8017 END
START -16404 2528 16640 240 -2215 -8475 END
START -16736 2388 16496 192 -2287 -8961 END
START -16892 2420 16104 181 -2434 -9455 END
START -16940 2432 16088 202 -2569 -9916 END
START -17044 2588 15868 206 -2737 -10419 END
START -17104 2708 15692 228 -2946 -10873 END
START -17068 2944 15196 194 -3253 -11318 END
START -16900 2964 15052 240 -3535 -11753 END
START -16760 2944 14716 255 -3801 -12233 END
START -16764 2892 14320 398 -4149 -12752 END
START -16580 2784 14132 516 -4508 -13300 END
START -16460 2876 13624 740 -4874 -13852 END
START -16276 3004 13052 993 -5192 -14414 END
START -15620 3108 12772 1329 -5477 -14970 END
START -15040 3356 12520 1626 -5764 -15490 END
START -14580 3792 11960 1914 -6031 -15924 END
START -13896 4288 11788 2131 -6241 -16337 END
START -12816 4836 11504 2371 -6403 -16696 END
START -11880 5140 11388 2552 -6511 -16952 END
START -10888 5640 11268 2656 -6525 -17126 END
START -10024 6112 11212 2793 -6490 -17259 END
START -9344 6520 11192 2836 -6456 -17303 END
START -8736 6696 11212 2872 -6425 -17348 END
START -8172 6988 11152 2864 -6511 -17328 END
START -7740 7240 11080 2895 -6652 -17288 END
START -7308 7368 10840 2955 -6790 -17259 END
START -6728 7532 10704 3056 -6942 -17256 END
START -6284 7640 10044 3206 -7008 -17260 END
START -5596 7992 9836 3405 -7031 -17272 END
START -4852 8116 9520 3588 -7020 -17307 END
START -3916 8424 9324 3730 -6896 -17334 END
START -3440 8564 9380 3817 -6779 -17355 END
START -2544 8780 9352 3869 -6581 -17318 END
START -1676 8948 9112 3868 -6301 -17294 END
START -888 9272 9084 3859 -5961 -17218 END
START -220 9868 8780 3880 -5526 -17157 END
START 660 10104 8760 3822 -5062 -17041 END
START 1532 10272 8804 3810 -4552 -16970 END
START 2236 10704 8984 3748 -4005 -16870 END
START 3116 11116 9212 3646 -3465 -16754 END
START 3880 11488 9444 3569 -2939 -16560 END
START 4508 11880 9668 3475 -2451 -16334 END
START 5344 12284 9940 3395 -1945 -16070 END
START 5940 12672 10268 3386 -1459 -15767 END
START 6596 13172 10364 3377 -955 -15398 END
START 7276 13520 11080 3369 -543 -14957 END
START 7804 14052 11416 3342 -184 -14493 END
START 8364 14408 12080 3230 136 -13979 END
START 8796 15000 12804 3155 352 -13404 END
START 9264 15332 13540 3096 468 -12807 END
START 9576 15540 14000 3009 474 -12158 END
START 9920 15976 14164 2963 473 -11472 END
START 10296 16200 14188 2918 507 -10707 END
START 10472 16324 14260 2968 590 -9923 END
START 10560 16308 14520 3083 658 -9199 END
START 10652 16140 15184 3228 673 -8487 END
START 10736 16176 15656 3407 589 -7797 END
START 10612 16292 16100 3495 475 -7130 END
START 10592 16428 16928 3553 306 -6431 END
START 10484 16388 17464 3560 103 -5772 END
START 10436 16404 18032 3509 -119 -5101 END
START 10524 16428 18488 3425 -315 -4435 END
START 10552 16460 18796 3323 -416 -3828 END
START 10576 16588 18976 3100 -503 -3191 END
START 10564 16832 19156 2825 -495 -2610 END
START 10432 17048 19312 2486 -406 -2009 END
START 10564 17116 19528 2086 -175 -1478 END
START 10648 16940 19696 1606 112 -975 END
START 10604 16716 19784 1084 496 -484 END
START 10192 16328 20016 488 852 -25 END
START 9924 16064 20288 -109 1144 412 END
START 9308 15740 20180 -695 1389 766 END
START 8848 15220 20396 -1258 1610 1076 END