START -8760 3412 17008 3384 6277 8350 END
START -9028 3452 17232 3213 6500 7744 END
START -9060 3440 17700 2991 6722 7083 END
START -9512 3528 18124 2829 6764 6449 END
START -9888 3740 18624 2527 6735 5800 END
START -10212 3924 18932 2274 6583 5147 END
START -10276 4104 19332 1992 6480 4589 END
START -10280 4328 19648 1648 6406 4000 END
START -10176 4472 19996 1340 6517 3542 END
START -9992 4576 20280 990 6679 3078 END
START -10144 4692 20572 652 6870 2762 END
START -10272 4700 21264 250 6968 2462 END
START -10520 4612 21820 -109 6886 2173 END
START -10656 4436 22492 -518 6646 1920 END
START -10960 4260 23136 -857 6339 1623 END
START -11004 3948 23524 -1149 5842 1264 END
START -11156 3596 23992 -1367 5304 799 END
START -11136 3316 24456 -1491 4668 312 END
START -11000 3120 24524 -1546 4077 -277 END
START -11076 3056 24896 -1582 3483 -900 END
START -10904 3024 25228 -1570 2836 -1524 END
START -10924 2988 25328 -1549 2138 -2210 END
START -10820 3196 25608 -1561 1435 -2882 END
START -10672 3392 25752 -1599 662 -3519 END
START -10660 3768 25744 -1677 -51 -4106 END
START -10384 4044 25740 -1776 -715 -4617 END
START -10136 4444 25624 -1956 -1277 -5066 END
START -9956 4864 25600 -2169 -1764 -5491 END
START -9684 5128 25292 -2383 -2132 -5793 END
START -9368 5376 25084 -2639 -2386 -6036 END
START -9004 5556 24992 -2972 -2570 -6259 END
START -8972 5688 24952 -3272 -2693 -6403 END
START -8772 5848 25064 -3605 -2708 -6544 END
START -8516 5816 24992 -3941 -2714 -6657 END
START -8344 5788 24820 -4349 -2711 -6738 END
START -8112 5852 24740 -4751 -2688 -6887 END
START -7948 5868 24744 -5144 -2630 -7052 END
START -7896 5928 24708 -5543 -2574 -7261 END
START -7612 6004 24596 -5936 -2470 -7455 END
START -7492 5980 24284 -6343 -2304 -7648 END
START -7148 5900 24156 -6734 -2089 -7833 END
START -7092 5824 24164 -7119 -1858 -8003 END
START -7100 5764 24052 -7519 -1646 -8193 END
START -6976 5588 23856 -7878 -1396 -8358 END
START -6704 5636 23868 -8202 -1094 -8608 END
START -6972 5496 23744 -8558 -778 -8840 END
START -6880 5284 23576 -8862 -518 -9123 END
START -6856 5248 23808 -9172 -287 -9421 END
START -6752 5060 23856 -9461 -143 -9735 END
START -6748 5128 23948 -9733 -113 -10069 END
START -6644 5088 24032 -10033 -47 -10410 END
START -6776 5208 23904 -10277 -131 -10714 END
START -6624 5228 23736 -10550 -211 -11035 END
START -6400 5212 23544 -10823 -284 -11343 END
START -6248 5352 23240 -11035 -320 -11661 END
START -5968 5480 22784 -11246 -253 -11954 END
START -5864 5456 22824 -11404 -291 -12207 END
START -5624 5612 22348 -11580 -257 -12449 END
START -5376 5596 22292 -11706 -214 -12643 END
START -5152 5832 22180 -11812 -203 -12837 END
START -4964 5884 21848 -11912 -128 -12970 END
START -4968 6024 21756 -12008 -100 -13058 END
START -4728 6292 21376 -12088 -58 -13170 END
START -4488 6652 21284 -12121 -35 -13241 END
START -4296 6736 21012 -12172 -23 -13292 END
START -4292 6804 21008 -12261 2 -13328 END
START -4184 6996 21004 -12294 -71 -13323 END
START -3968 7176 20944 -12350 -145 -13300 END
START -3712 7256 20428 -12456 -182 -13216 END
START -3404 7276 20500 -12596 -198 -13164 END
START -3152 7372 20248 -12711 -155 -13137 END
START -2912 7436 19852 -12927 -107 -13073 END
START -2540 7472 19648 -13131 3 -13026 END
START -2324 7592 19380 -13402 130 -13014 END
START -1916 7532 19008 -13716 294 -13018 END
START -1760 7440 18856 -14055 543 -13008 END
START -1440 7548 18592 -14416 734 -13059 END
START -1224 7576 18148 -14788 868 -13125 END
START -960 7588 18052 -15189 1074 -13224 END
START -792 7548 17764 -15565 1191 -13341 END
START -424 7504 17148 -15925 1384 -13514 END
START 28 7472 16808 -16284 1629 -13638 END
START 468 7528 16420 -16563 1900 -13721 END
START 692 7448 15908 -16871 2222 -13830 END
START 1028 7472 15328 -17117 2567 -13878 END
START 1212 7560 14768 -17305 2957 -13938 END
START 1528 7636 14468 -17501 3388 -13946 END
START 1808 7692 14048 -17634 3790 -13922 END
START 2020 7788 13932 -17674 4212 -13890 END
START 2436 7760 13464 -17658 4720 -13784 END
START 2504 7836 13076 -17618 5228 -13623 END
START 2560 7748 13008 -17516 5728 -13338 END
START 2600 7644 12848 -17362 6165 -13044 END
START 2700 7536 12688 -17179 6641 -12691 END
START 2760 7432 12576 -16976 7085 -12327 END
START 2776 7188 12580 -16819 7477 -11956 END
START 2624 6932 12576 -16625 7765 -11576 END
START 2740 6476 12632 -16426 8024 -11201 END
START 2468 6252 12412 -16238 8138 -10863 END
START 2172 6108 12448 -16035 8234 -10570 END
START 1924 5876 12448 -15827 8202 -10271 END
START 1820 5644 12460 -15611 8132 -10022 END
START 1660 5456 12416 -15398 7943 -9735 END
START 1508 5188 12656 -15180 7648 -9458 END
START 1152 4996 12780 -14967 7148 -9159 END
START 688 4956 12944 -14683 6417 -8850 END
START 308 5012 13132 -14402 5568 -8554 END
START 8 4892 12868 -14055 4576 -8227 END
START -100 4688 12752 -13702 3622 -7922 END
START -212 4396 12316 -13254 2680 -7589 END
START -536 4280 11720 -12802 1755 -7303 END
START -608 4292 11368 -12361 940 -7007 END
START -424 4208 10824 -11890 162 -6718 END
START -304 3924 10092 -11432 -456 -6385 END
START -64 3512 9432 -11051 -841 -6119 END
START 12 3272 9024 -10604 -1088 -5836 END
START 64 3156 8388 -10218 -1186 -5556 END
START -68 2948 7796 -9829 -1198 -5322 END
START -224 2788 7604 -9490 -1210 -5108 END
START -216 2664 7308 -9179 -1124 -4930 END
START -328 2688 7008 -8944 -992 -4774 END
START -384 2584 6636 -8698 -821 -4647 END
START -268 2368 6380 -8555 -631 -4571 END
START -292 2156 5936 -8429 -441 -4521 END
START -436 2052 5756 -8355 -172 -4487 END
START -436 1944 5548 -8299 71 -4450 END
START -332 1744 5128 -8239 318 -4474 END
START -268 1696 4948 -8241 625 -4489 END
START -364 1588 4780 -8255 963 -4540 END
START -436 1484 4656 -8243 1227 -4601 END
START -604 1380 4372 -8276 1451 -4648 END
START -536 1152 4264 -8271 1681 -4704 END
START -544 1044 3932 -8261 1820 -4799 END
START -644 972 3592 -8239 1939 -4830 END
START -596 816 3408 -8191 2051 -4896 END
START -576 704 3016 -8075 2159 -4912 END
START -560 652 2744 -7977 2188 -4969 END
START -468 492 2356 -7802 2191 -4961 END
START -576 652 2164 -7565 2157 -4988 END
START -496 476 1780 -7254 2157 -4926 END
START -328 528 1396 -6956 2058 -4894 END
START -256 412 1248 -6545 2006 -4806 END
START -132 324 904 -6097 1995 -4694 END
START -76 300 408 -5612 1950 -4546 END
START 140 364 4 -5139 1918 -4410 END
START 288 552 -120 -4617 1892 -4297 END
START 472 632 -532 -4079 1940 -4072 END
START 688 668 -780 -3559 2018 -3874 END
START 832 732 -1052 -3004 2123 -3608 END
START 868 752 -1052 -2490 2195 -3347 END
START 984 832 -1364 -1979 2268 -3076 END
START 1016 1096 -1328 -1506 2352 -2774 END
START 980 1188 -1540 -1041 2471 -2491 END
START 948 1264 -1524 -603 2481 -2181 END
START 1000 1172 -1444 -163 2515 -1855 END
START 1004 996 -1536 247 2520 -1513 END
START 1036 748 -1428 707 2517 -1140 END
START 1012 620 -1560 1124 2535 -864 END
START 912 528 -1536 1552 2563 -581 END
START 900 508 -1740 2052 2601 -356 END
START 628 492 -1708 2509 2613 -216 END
START 616 464 -1720 3099 2637 -87 END
START 460 444 -1672 3654 2691 -14 END
START 340 348 -1844 4275 2784 61 END
START 300 304 -1772 4839 2843 109 END
START 200 396 -1764 5472 2981 192 END
START 80 476 -1668 6048 3116 242 END
START -44 672 -1472 6644 3224 346 END
START -372 648 -1288 7224 3319 441 END
START -552 724 -888 7799 3359 501 END
START -672 704 -720 8258 3367 593 END
START -804 440 -208 8825 3327 628 END
START -1088 304 172 9319 3291 591 END
START -988 144 500 9807 3196 524 END
START -956 80 848 10208 3127 406 END
START -940 112 936 10600 3036 270 END
START -1120 396 1340 10933 2913 67 END
START -984 584 1636 11210 2807 -107 END
START -808 636 1832 11385 2687 -278 END
START -616 920 1876 11530 2626 -384 END
START -616 1140 1960 11588 2606 -446 END
START -392 1396 2132 11621 2561 -530 END
START -268 1544 2212 11703 2575 -526 END
START -112 1764 2236 11720 2644 -503 END
START 164 2208 2208 11669 2784 -499 END
START 376 2388 2172 11635 3047 -428 END
START 616 2576 2236 11762 3364 -345 END
START 680 2800 2452 11739 3686 -227 END
START 848 3072 2424 11642 4104 -72 END
START 680 3384 2448 11624 4501 160 END
START 720 3548 2844 11673 4834 367 END
START 828 3712 3212 11712 5203 618 END
START 796 3616 3308 11657 5510 870 END
START 540 3832 3684 11651 5793 1140 END
START 468 3840 4160 11841 5952 1419 END
START 200 4108 4732 11917 6038 1651 END
START -32 4196 5420 12178 6008 1898 END
START -476 4364 5768 12224 5855 2125 END
START -728 4352 6312 12654 5482 2351 END
START -924 4348 6964 12905 5068 2574 END
START -1196 4396 7284 13285 4423 2755 END
START -1232 4480 7660 13712 3754 2904 END
START -1444 4440 8108 14211 2964 3021 END
START -1492 4344 8292 14725 2162 3095 END
START -1332 4352 8300 15267 1345 3186 END
START -1008 4476 8276 15795 626 3224 END
START -740 4488 8116 16294 6 3282 END
START -484 4780 7880 16739 -469 3329 END
START -228 5080 7596 17129 -889 3329 END
START -112 5244 7268 17512 -1186 3363 END
START 380 5656 7020 17796 -1331 3373 END
START 696 5820 6684 18097 -1338 3414 END
START 1120 5904 6504 18393 -1110 3552 END
START 1428 6200 6128 18705 -679 3667 END
START 1656 6344 6212 18996 -64 3846 END
START 1748 6588 6360 19232 701 4058 END
START 1720 6756 6632 19442 1520 4348 END
START 1592 6784 7020 19666 2274 4638 END
START 1512 6752 7448 19764 3130 4954 END
START 1388 6840 7844 19784 3965 5240 END
START 1104 6864 8480 19745 4843 5477 END
START 612 6692 9320 19572 5621 5713 END
START 184 6732 9996 19372 6311 5946 END
START -124 6584 10888 19117 6929 6109 END
START -792 6512 11952 18827 7366 6298 END
START -1268 6576 12796 18519 7609 6385 END
START -1852 6428 13620 18159 7757 6452 END
START -2300 6364 14500 17863 7784 6493 END
START -2996 6392 15288 17519 7614 6424 END
START -3392 6332 16108 17224 7229 6432 END
START -3800 6108 16732 16996 6694 6336 END
START -4008 6100 16980 16843 6144 6237 END
START -4080 6228 17368 16758 5546 6120 END
START -4264 6300 17664 16773 5026 5998 END
START -4512 6512 18032 16861 4440 5920 END
START -4684 6780 18464 17058 3872 5889 END
START -4728 6944 18652 17315 3325 5886 END
START -5060 6900 19096 17594 2732 5913 END
START -5012 7020 19404 17925 2114 5994 END
START -5256 7140 19976 18232 1509 6056 END
START -5164 7208 20044 18489 933 6082 END
START -5232 7200 20564 18690 317 6114 END
START -5168 7280 20728 18879 -237 6118 END
START -5176 7240 21160 19004 -739 6162 END
START -5208 7220 21448 19043 -1168 6158 END
START -5232 7460 21896 19016 -1554 6157 END
START -5156 7392 22040 18893 -1891 6139 END
START -5132 7504 21984 18636 -2108 6061 END
START -4748 7320 21956 18330 -2175 6007 END
START -4672 7264 21968 17945 -2120 5861 END
START -4392 6964 21848 17528 -1886 5657 END
START -4340 6932 21988 17084 -1590 5413 END
START -4444 6944 22084 16681 -1223 5081 END
START -4388 6984 22500 16332 -843 4730 END
START -4476 7080 23088 15985 -390 4392 END
START -4672 7152 23292 15650 -72 4073 END
START -4900 7384 23828 15290 282 3797 END
START -4976 7524 24312 14880 490 3587 END
START -5128 7752 24520 14460 581 3411 END
START -5316 7764 25008 14101 520 3241 END
START -5284 7768 25120 13718 365 3055 END
START -5092 7604 25236 13410 257 2827 END
START -4996 7664 25248 13168 196 2613 END
START -4728 7624 25344 12959 80 2337 END
START -4660 7752 25324 12716 -53 2124 END
START -4532 7912 25380 12537 -204 1953 END
START -4200 8100 25244 12293 -370 1844 END
START -4024 8204 25204 12073 -442 1847 END
START -3732 8416 25104 11870 -492 1902 END
START -3388 8440 24916 11836 -484 2044 END
START -3220 8564 24836 11526 -407 2291 END
START -3148 8748 25136 11401 -306 2546 END
START -3064 8640 25240 11204 -135 2807 END
START -3264 8648 25412 11081 6 3118 END
START -3312 8548 25908 11008 120 3390 END
START -3692 8524 26292 10969 250 3657 END
START -3888 8400 26568 10957 320 3951 END
START -4116 8456 26996 10896 383 4245 END
START -4532 8544 27496 10793 456 4486 END
START -4836 8536 28000 10563 500 4721 END
START -5192 8428 28628 10291 511 4852 END
START -5596 8328 29360 9990 509 5005 END
START -6092 8100 29836 9734 421 5078 END
START -6288 7912 30424 9405 290 5056 END
START -6632 7732 30892 9051 173 5003 END
START -7168 7560 31484 8640 28 4816 END
START -7360 7388 31996 8189 -199 4628 END
START -7700 7340 32320 7714 -473 4372 END
START -7944 7328 32756 7110 -778 4117 END
START -8320 7104 32767 6560 -1111 3793 END
START -8568 7064 32767 5931 -1527 3484 END
START -8680 6888 32767 5328 -1973 3160 END
START -9140 6916 32767 4740 -2351 2797 END
START -9196 6940 32767 4202 -2659 2437 END
START -9188 7004 32767 3641 -2905 2078 END
START -8972 6708 32767 3123 -3077 1716 END
START -8928 6748 32767 2625 -3130 1342 END
START -8728 6740 32767 2130 -3080 995 END
START -8656 6868 32767 1582 -2986 631 END
START -8516 6972 32568 1032 -2864 333 END
START -8392 7144 32580 476 -2659 79 END
START -8480 7208 32564 -143 -2511 -159 END
START -8356 7300 32468 -761 -2307 -348 END
START -8300 7376 32388 -1406 -2137 -533 END
START -8228 7352 32256 -2077 -2069 -705 END
START -8304 7408 32176 -2781 -1929 -838 END
START -8304 7236 32116 -3454 -1876 -1028 END
START -8168 7368 31920 -4090 -1760 -1218 END
START -8232 7348 31696 -4766 -1686 -1431 END
START -8152 7468 31276 -5339 -1680 -1608 END
START -8112 7348 31208 -5851 -1642 -1837 END
START -8276 7464 30892 -6346 -1611 -1974 END
START -8160 7432 30804 -6791 -1605 -2107 END
START -8300 7400 30340 -7145 -1609 -2246 END
START -8408 7412 30344 -7457 -1594 -2373 END
START -8440 7492 30040 -7689 -1553 -2493 END
START -8500 7460 29964 -7916 -1493 -2650 END
START -8520 7344 29588 -8116 -1396 -2808 END
START -8664 7220 29596 -8284 -1316 -2938 END
START -8728 7188 29572 -8481 -1287 -3082 END
START -8916 7020 29556 -8696 -1264 -3262 END
START -9020 6924 29388 -8929 -1280 -3462 END
START -9196 6864 29352 -9184 -1350 -3699 END
START -9244 6880 29536 -9446 -1437 -3926 END
START -9396 6976 29372 -9732 -1563 -4175 END
START -9532 7136 29196 -10048 -1765 -4464 END
START -9592 7308 29104 -10373 -1920 -4746 END
START -9728 7400 29040 -10743 -2179 -5000 END
START -9684 7216 28520 -11099 -2430 -5275 END
START -9736 7328 28548 -11456 -2753 -5510 END
START -9528 7336 28172 -11807 -3010 -5736 END
START -9548 7068 27772 -12111 -3249 -6023 END
START -9448 7040 27212 -12483 -3468 -6307 END
START -9124 6812 26792 -12807 -3628 -6633 END
START -8840 6820 26068 -13102 -3693 -6965 END
START -8644 6760 25468 -13406 -3702 -7307 END
START -8452 6804 24880 -13723 -3610 -7609 END
START -8208 6800 24296 -14026 -3520 -7898 END
START -7912 6832 23832 -14330 -3315 -8194 END
START -7652 6928 23128 -14683 -3031 -8430 END
START -7640 6928 22756 -15024 -2750 -8655 END
START -7560 6876 22276 -15366 -2442 -8857 END
START -7312 6852 21868 -15693 -2088 -9139 END
START -7148 6768 21264 -16039 -1729 -9412 END
START -6984 6848 20804 -16401 -1342 -9652 END
START -6772 6860 20276 -16726 -928 -9946 END
START -6668 6724 19996 -17097 -518 -10189 END
START -6532 6696 19660 -17437 -135 -10479 END
START -6396 6744 19216 -17754 297 -10685 END
START -6380 6792 18836 -18054 734 -10888 END
START -6192 6752 18536 -18358 1177 -11086 END
START -5984 6616 18136 -18634 1679 -11270 END
START -5824 6528 17876 -18868 2177 -11510 END
START -5792 6500 17560 -19110 2643 -11657 END
START -5900 6596 17440 -19317 3060 -11841 END
START -6040 6628 17244 -19490 3412 -12012 END
START -6188 6732 17224 -19611 3686 -12161 END
START -6132 6576 17236 -19717 3908 -12295 END
START -6148 6548 16896 -19778 4098 -12449 END
START -6268 6340 16768 -19799 4229 -12594 END
START -6116 6348 16476 -19780 4390 -12765 END
START -6024 6352 16144 -19779 4571 -12886 END
START -6072 6236 15964 -19724 4641 -13009 END
START -6100 6168 15676 -19667 4765 -13134 END
START -5964 6104 15468 -19642 4812 -13270 END
START -5980 6132 15160 -19547 4785 -13404 END
START -6048 5984 14944 -19499 4726 -13511 END
START -5928 5908 14664 -19392 4635 -13626 END
START -5976 5592 14164 -19299 4452 -13747 END
START -5812 5440 13784 -19170 4226 -13902 END
START -5744 5232 13240 -18991 4055 -14060 END
START -5616 5164 13148 -18773 3893 -14238 END
START -5732 5088 12872 -18516 3697 -14402 END
START -5652 4968 12472 -18192 3445 -14625 END
START -5688 4832 12084 -17898 3149 -14809 END
START -5684 4804 11808 -17494 2824 -15005 END
START -5448 4588 11268 -17128 2454 -15109 END
START -5200 4776 11100 -16701 2086 -15235 END
START -5064 5088 10828 -16260 1737 -15374 END
START -4920 5388 10412 -15833 1295 -15458 END
START -4672 5744 10148 -15381 875 -15434 END
START -4460 6024 9768 -14927 438 -15436 END
START -4180 6328 9272 -14496 93 -15245 END
START -3976 6420 9112 -14060 -150 -15039 END
START -3696 6452 8604 -13597 -379 -14736 END
START -3284 6468 8372 -13145 -572 -14429 END
START -2800 6384 8060 -12729 -673 -14046 END
START -2420 6164 7840 -12291 -672 -13669 END
START -2024 5976 7848 -11893 -589 -13292 END
START -1928 6008 7872 -11544 -522 -12960 END
START -1708 5952 7680 -11217 -471 -12601 END
START -1616 5940 7636 -10968 -472 -12241 END
START -1476 5828 7456 -10799 -519 -11869 END
START -1436 5780 7448 -10641 -640 -11530 END
START -1328 5624 7264 -10558 -762 -11190 END
START -1232 5412 7000 -10469 -891 -10899 END
START -1084 5208 6560 -10383 -934 -10627 END
START -896 4916 6168 -10321 -1020 -10355 END
START -828 4720 5808 -10208 -1031 -10164 END
START -804 4564 5396 -10101 -1137 -9930 END
START -704 4348 5004 -9984 -1208 -9782 END
START -588 4136 4748 -9837 -1242 -9582 END
START -396 4088 4296 -9668 -1284 -9403 END
START -440 3956 3772 -9436 -1283 -9212 END
START -436 3852 3352 -9228 -1282 -9052 END
START -204 3868 2808 -8977 -1199 -8835 END
START -20 3972 2292 -8677 -1094 -8664 END
START -100 3956 1984 -8367 -970 -8448 END
START -16 3984 1648 -8023 -694 -8231 END
START 204 3996 1136 -7714 -469 -7995 END
START 192 4136 880 -7342 -170 -7739 END
START 216 4192 524 -6972 105 -7452 END
START 244 4252 312 -6629 393 -7197 END
START 368 4248 228 -6225 603 -6921 END
START 392 4320 432 -5859 712 -6642 END
START 292 4360 524 -5464 804 -6395 END
START 384 4236 508 -5047 842 -6080 END
START 332 4172 420 -4654 833 -5823 END
START 404 4180 676 -4227 760 -5493 END
START 240 4104 588 -3844 637 -5180 END
START 256 4068 652 -3453 501 -4890 END
START 352 4236 696 -3050 299 -4589 END
START 228 4168 496 -2680 -10 -4283 END
START 560 4260 592 -2297 -292 -3975 END
START 656 4196 288 -1909 -530 -3674 END
START 800 4048 0 -1489 -771 -3385 END
START 972 4032 -172 -1080 -879 -3090 END
START 1108 3960 -544 -637 -982 -2766 END
START 1156 3992 -692 -186 -984 -2437 END
START 1280 3884 -1044 296 -980 -2091 END
START 1428 3756 -1408 763 -917 -1791 END
START 1480 3768 -1656 1222 -824 -1458 END
START 1432 3656 -1792 1626 -634 -1162 END
START 1588 3760 -2168 2065 -508 -842 END
START 1544 3668 -2372 2463 -332 -617 END
START 1640 3568 -2676 2837 -158 -436 END
START 1624 3604 -2900 3186 60 -223 END
START 1572 3488 -3228 3552 252 -92 END
START 1696 3660 -3344 3904 442 11 END
START 1548 3680 -3700 4242 666 123 END
START 1592 3692 -3740 4589 940 214 END
START 1636 3804 -3860 4954 1219 284 END
START 1784 3744 -3916 5323 1555 362 END
START 1648 3796 -3848 5631 1823 424 END
START 1540 3932 -3784 6013 2030 490 END
START 1436 4140 -3596 6348 2216 529 END
START 1392 4320 -3308 6687 2326 622 END
START 1440 4344 -3052 7009 2397 687 END
START 1432 4500 -2812 7309 2370 801 END
START 1372 4684 -2632 7600 2339 916 END
START 1228 4564 -2252 7889 2201 1110 END
START 1272 4704 -2372 8209 2119 1279 END
START 1232 4880 -2204 8537 1975 1537 END
START 1188 4968 -2216 8910 1875 1724 END
START 1324 5008 -2168 9257 1829 1894 END
START 1160 5116 -2128 9686 1797 2121 END
START 1292 5044 -2140 10053 1843 2313 END
START 1312 5124 -1924 10501 1859 2541 END
START 1104 5216 -2244 10937 2032 2801 END
START 1084 5480 -2236 11296 2225 3044 END
START 1008 5508 -2324 11673 2520 3303 END
START 896 5688 -2232 11954 2868 3542 END
START 748 5816 -2052 12170 3210 3777 END
START 484 6020 -2008 12256 3599 3994 END
START 176 6352 -1824 12423 3973 4193 END
START -296 6392 -1476 12497 4335 4422 END
START -616 6604 -1180 12603 4640 4563 END
START -1184 6732 -696 12744 4880 4725 END
START -1544 6600 -100 12872 4978 4870 END
START -1992 6400 620 12962 4936 4952 END
START -2252 6188 888 13062 4809 5057 END
START -2552 6048 1256 13246 4520 5090 END
START -2592 6044 1448 13410 4325 5152 END
START -2764 6072 1868 13604 4015 5217 END
START -2912 5952 1888 13818 3763 5221 END
START -2900 6024 2264 14070 3489 5295 END
START -2936 5984 2368 14315 3223 5388 END
START -2912 6124 2364 14632 3017 5516 END
START -2564 6344 2328 14916 2872 5631 END
START -2388 6372 2368 15224 2935 5778 END
START -2028 6516 2488 15546 3123 5958 END
START -1760 6768 2444 15846 3426 6155 END
START -1840 7012 2452 16152 3840 6393 END
START -1724 7400 2500 16410 4315 6670 END
START -1836 7712 2456 16622 4879 6975 END
START -1920 8144 2480 16826 5475 7304 END
START -2020 8256 2560 16979 6173 7664 END
START -2452 8460 2692 17196 6902 7990 END
START -2680 8456 2904 17415 7691 8351 END
START -3116 8516 3392 17734 8482 8685 END
START -3760 8508 4104 18080 9156 8983 END
START -4752 8608 5184 18524 9681 9223 END
START -5632 8564 6396 18961 9879 9439 END
START -6608 8460 7668 19438 9915 9618 END
START -7436 8144 9208 19941 9604 9716 END
START -8176 7572 10456 20481 9079 9749 END
START -9056 7016 11812 20960 8338 9689 END
START -9568 6600 12820 21454 7407 9559 END
START -10008 5968 13532 21954 6342 9263 END
START -10212 5700 14264 22418 5249 8813 END
START -10332 5488 14740 22871 4245 8340 END
START -10164 5368 15284 23272 3286 7754 END
START -10132 5296 15356 23701 2542 7149 END
START -9888 5396 15664 24011 1918 6531 END
START -9696 5484 16080 24364 1462 5953 END
START -9508 5608 16320 24606 1266 5455 END
START -9084 5900 16920 24832 1246 5025 END
START -8792 6264 17384 24973 1447 4636 END
START -8556 6732 18016 25033 1765 4277 END
START -8284 7280 18836 24964 2247 4022 END
START -7924 7840 19792 24750 2844 3847 END
START -7888 8464 20976 24439 3433 3738 END
START -7916 8892 22076 23957 4013 3685 END
START -7984 9156 22868 23389 4404 3676 END
START -8096 9528 24180 22743 4734 3749 END
START -8168 9772 25512 21978 4976 3830 END
START -8188 9896 26528 21208 5106 3930 END
START -8252 10084 27612 20368 5149 4024 END
START -8424 10288 28692 19480 5024 4130 END
START -8608 10380 29648 18574 4721 4234 END
START -8692 10344 30368 17632 4279 4358 END
START -8712 10436 31108 16708 3663 4475 END
START -8824 10464 31468 15889 2936 4603 END
START -8984 10416 31928 15099 2046 4714 END
START -9032 10140 31852 14421 1178 4786 END
START -9132 10004 31884 13916 355 4822 END
START -9056 9628 31732 13515 -455 4782 END
START -8856 9396 31296 13202 -1216 4691 END
START -8920 9128 30892 12995 -1851 4521 END
START -8928 9120 30636 12732 -2477 4301 END
START -8760 8944 29944 12513 -2989 4021 END
START -8536 8964 29456 12310 -3461 3729 END
START -8324 8792 28748 11982 -3717 3393 END
START -7908 8628 28172 11915 -3914 3093 END
START -7652 8384 27500 11557 -3993 2791 END
START -7220 8424 27140 11309 -3891 2397 END
START -7008 8284 26756 11030 -3698 2028 END
START -6688 8396 26348 10721 -3413 1650 END
START -6340 8612 26156 10389 -3052 1290 END
START -6184 8900 25992 9994 -2640 923 END
START -5852 9028 25864 9613 -2214 613 END
START -5784 9448 26068 9174 -1855 347 END
START -5672 9556 26240 8696 -1552 106 END
START -5728 9768 26352 8231 -1413 -68 END
START -5568 9748 26600 7727 -1365 -238 END
START -5384 9736 26496 7263 -1420 -388 END
START -5404 9664 26568 6826 -1530 -484 END
START -5272 9660 26628 6432 -1830 -580 END
START -5012 9788 26648 6087 -2093 -568 END
START -5136 9792 26656 5811 -2424 -534 END
START -5044 9812 26728 5681 -2769 -382 END
START -4800 10020 26336 5469 -3127 -193 END
START -4528 10136 26184 5196 -3477 -42 END
START -4604 10272 25880 4839 -3833 102 END
START -4640 10076 25772 4496 -4184 254 END
START -4588 9896 25576 4191 -4580 436 END
START -4716 9688 25160 3896 -4975 646 END
START -4688 9580 24904 3629 -5348 839 END
START -4952 9588 24604 3440 -5644 1010 END
START -5084 9444 24468 3215 -5897 1180 END
START -5068 9308 24168 3028 -6165 1331 END
START -5172 9116 23824 2870 -6288 1449 END
START -5368 8940 23544 2751 -6327 1504 END
START -5608 8772 23192 2580 -6320 1561 END
START -5904 8496 22928 2410 -6306 1580 END
START -6064 8504 22516 2216 -6300 1568 END
START -6108 8280 22200 1996 -6199 1554 END
START -6452 8172 21392 1705 -6067 1498 END
START -6580 7944 21032 1386 -5916 1419 END
START -6720 7880 20364 1017 -5726 1333 END
START -6748 7692 19844 675 -5548 1167 END
START -6768 7336 19276 308 -5297 927 END
START -6696 7092 18544 -94 -5058 669 END
START -6656 6872 18192 -434 -4777 340 END
START -6496 6728 17656 -769 -4397 -56 END
START -6284 6436 17376 -1061 -4003 -511 END