START -8228 2944 20356 3753 572 2583 END
START -8368 2800 20324 3863 554 2149 END
START -8528 2776 20728 3960 563 1695 END
START -9008 2784 21376 4051 499 1285 END
START -9072 3060 21796 4116 391 800 END
START -9232 3168 21948 4142 317 415 END
START -9212 3452 22532 4133 246 44 END
START -9176 3596 23084 4080 300 -342 END
START -9272 3516 23776 3955 254 -655 END
START -9188 3676 24288 3733 300 -955 END
START -9124 3700 24852 3467 321 -1172 END
START -9164 3712 25448 3121 327 -1465 END
START -9336 3768 26000 2683 323 -1717 END
START -9316 3740 26376 2222 293 -2029 END
START -9248 3904 26832 1671 210 -2301 END
START -9272 4292 27520 1059 55 -2619 END
START -9176 4604 27900 429 -112 -2926 END
START -9040 5100 28300 -274 -339 -3164 END
START -8836 5348 28668 -1047 -557 -3370 END
START -8504 5584 29072 -1864 -797 -3454 END
START -8196 5568 29148 -2779 -1103 -3480 END
START -7832 5692 29236 -3678 -1323 -3451 END
START -7544 5808 29144 -4477 -1528 -3373 END
START -7284 5824 29088 -5323 -1697 -3271 END
START -6904 5680 28792 -6081 -1822 -3173 END
START -6608 5568 28560 -6765 -1869 -3108 END
START -6140 5328 28164 -7335 -1832 -3076 END
START -6092 5124 28064 -7879 -1807 -3078 END
START -5940 5080 27728 -8338 -1716 -3120 END
START -5928 4760 27584 -8712 -1678 -3198 END
START -5772 4608 27196 -9069 -1673 -3368 END
START -5536 4340 27008 -9325 -1672 -3501 END
START -5392 4184 26800 -9478 -1598 -3738 END
START -5300 4268 26728 -9611 -1553 -3965 END
START -5100 4380 26444 -9708 -1537 -4175 END
START -5104 4636 26500 -9755 -1510 -4375 END
START -5092 4656 26200 -9808 -1512 -4551 END
START -4968 4656 25976 -9826 -1511 -4702 END
START -4836 4548 26020 -9870 -1416 -4898 END
START -4708 4644 25712 -9889 -1372 -5037 END
START -4516 4736 25668 -9939 -1275 -5277 END
START -4348 4744 25380 -9968 -1107 -5551 END
START -4104 4824 25320 -10030 -912 -5795 END
START -3844 4916 25244 -10064 -629 -6102 END
START -3568 5264 25152 -10138 -307 -6396 END
START -3168 5580 25268 -10237 89 -6632 END
START -2764 6016 25476 -10400 515 -6783 END
START -2252 6356 25384 -10610 1000 -6865 END
START -1976 6732 25824 -10942 1527 -6913 END
START -1656 7068 26260 -11392 2026 -6861 END
START -1384 7380 26556 -11908 2433 -6743 END
START -1048 7640 26780 -12523 2784 -6630 END
START -672 7764 27104 -13231 3050 -6429 END
START -468 7800 27172 -13868 3189 -6243 END
START -196 7872 27380 -14528 3303 -6057 END
START 24 7924 27440 -15147 3312 -5906 END
START 68 7940 27408 -15727 3273 -5702 END
START 176 8064 27300 -16209 3227 -5533 END
START 172 8180 27124 -16664 3103 -5283 END
START 280 8256 26908 -17028 2906 -5062 END
START 256 8348 26816 -17355 2690 -4801 END
START 492 8548 26484 -17613 2450 -4519 END
START 472 8644 26068 -17917 2166 -4193 END
START 524 8720 25884 -18147 1854 -3931 END
START 444 8608 25440 -18389 1431 -3652 END
START 476 8596 25004 -18619 1031 -3436 END
START 476 8384 24608 -18814 535 -3218 END
START 576 8152 23864 -18992 40 -3058 END
START 720 7856 22956 -19106 -377 -2962 END
START 868 7676 22280 -19134 -728 -2915 END
START 948 7372 21416 -19151 -1014 -2912 END
START 1008 7336 20712 -19098 -1198 -2951 END
START 1104 7300 20076 -19037 -1332 -2974 END
START 1220 7228 19328 -18924 -1404 -2994 END
START 1280 7336 18632 -18860 -1415 -3026 END
START 1268 7400 17936 -18839 -1380 -3039 END
START 1356 7496 17296 -18754 -1282 -3071 END
START 1280 7396 16828 -18706 -1168 -3104 END
START 1336 7260 16116 -18694 -1068 -3198 END
START 1508 6972 15336 -18630 -826 -3294 END
START 1748 6740 14892 -18563 -546 -3385 END
START 1736 6540 14436 -18516 -239 -3538 END
START 1684 6460 13916 -18466 15 -3654 END
START 1740 6492 13808 -18428 274 -3778 END
START 1736 6472 13360 -18429 525 -3902 END
START 1856 6460 12924 -18448 784 -3987 END
START 1996 6512 12452 -18477 1034 -4086 END
START 2128 6608 12268 -18507 1262 -4092 END
START 2116 6764 11932 -18565 1526 -4066 END
START 2040 6768 11712 -18686 1639 -3995 END
START 2116 6816 11260 -18722 1707 -3879 END
START 2196 6768 10976 -18800 1738 -3730 END
START 2176 6552 10624 -18839 1749 -3562 END
START 2176 6496 10388 -18799 1765 -3329 END
START 2204 6408 9756 -18749 1731 -3097 END
START 2148 6200 9008 -18708 1690 -2847 END
START 2140 6128 8460 -18606 1674 -2554 END
START 2140 5976 7876 -18500 1653 -2225 END
START 1796 5952 7376 -18363 1649 -1904 END
START 1536 5940 6832 -18166 1573 -1596 END
START 1348 5908 6296 -17910 1501 -1290 END
START 1144 5908 5800 -17605 1428 -986 END
START 924 5412 5096 -17269 1316 -726 END
START 660 5196 4340 -16873 1258 -474 END
START 544 4836 3960 -16467 1229 -264 END
START 312 4648 3552 -15990 1208 -76 END
START 52 4176 2976 -15518 1210 14 END
START -400 3628 2388 -15047 1187 50 END
START -680 3152 1868 -14473 1179 26 END
START -1136 2800 1432 -13914 1184 -54 END
START -1344 2540 1080 -13372 1244 -185 END
START -1532 2296 384 -12765 1300 -372 END
START -1900 2296 -52 -12184 1383 -591 END
START -2132 2064 -448 -11638 1497 -795 END
START -2344 1940 -1000 -11047 1631 -1007 END
START -2532 1900 -1296 -10470 1811 -1247 END
START -2512 1676 -1648 -9871 1956 -1486 END
START -2572 1628 -2024 -9309 2124 -1724 END
START -2500 1596 -2068 -8715 2310 -1981 END
START -2524 1484 -2084 -8183 2471 -2226 END
START -2480 1440 -2108 -7665 2549 -2475 END
START -2492 1480 -2064 -7172 2535 -2669 END
START -2388 1460 -2144 -6760 2486 -2857 END
START -2160 1536 -2516 -6359 2485 -2982 END
START -2080 1588 -2516 -6031 2438 -3069 END
START -1948 1684 -2660 -5687 2393 -3142 END
START -1780 1680 -2876 -5386 2272 -3183 END
START -1628 1896 -3048 -5070 2140 -3237 END
START -1460 1908 -3432 -4717 2000 -3263 END
START -1240 1988 -3852 -4354 1947 -3240 END
START -1092 2168 -4128 -4004 1864 -3204 END
START -828 2420 -4476 -3596 1827 -3095 END
START -716 2564 -4712 -3226 1822 -2924 END
START -476 2584 -5128 -2860 1830 -2760 END
START -276 2764 -5604 -2499 1852 -2564 END
START -44 2824 -5964 -2149 1992 -2317 END
START -36 2928 -6324 -1805 2175 -2078 END
START 60 3072 -6804 -1423 2411 -1811 END
START 180 3032 -6964 -1025 2667 -1610 END
START 220 2976 -7192 -558 2936 -1367 END
START 144 2904 -7288 -77 3171 -1173 END
START -4 2940 -7524 458 3443 -983 END
START 132 2872 -7560 933 3630 -835 END
START 32 2892 -7828 1499 3825 -674 END
START -148 2796 -7796 2077 3994 -534 END
START -160 2680 -7768 2696 4181 -401 END
START -164 2584 -7864 3412 4288 -300 END
START -304 2284 -7760 4127 4404 -208 END
START -388 2192 -7540 4929 4418 -157 END
START -492 1932 -7320 5784 4434 -171 END
START -428 1840 -6836 6660 4366 -147 END
START -744 1812 -6580 7415 4284 -183 END
START -840 1904 -6020 8283 4068 -186 END
START -820 1928 -5864 9070 3783 -189 END
START -808 2136 -5660 9808 3514 -222 END
START -840 2244 -5352 10517 3351 -195 END
START -628 2468 -5140 11184 3132 -184 END
START -648 2732 -5048 11728 3036 -145 END
START -584 3036 -4868 12255 2924 -79 END
START -372 3288 -4896 12777 2937 34 END
START -320 3224 -4780 13136 3044 154 END
START -268 3432 -4764 13492 3299 274 END
START -224 3600 -4536 13765 3532 387 END
START -216 3664 -4476 13978 3904 491 END
START -216 3844 -4224 14160 4247 581 END
START -216 3752 -3976 14330 4635 690 END
START -460 4012 -3596 14456 5057 780 END
START -444 3996 -3212 14610 5466 867 END
START -572 4220 -2792 14798 5832 989 END
START -536 4308 -2484 14932 6183 1072 END
START -644 4516 -1896 15124 6556 1213 END
START -680 4624 -1400 15307 6824 1350 END
START -928 4864 -800 15498 7068 1525 END
START -980 4988 -212 15745 7342 1696 END
START -1192 5232 460 15985 7487 1849 END
START -1508 5232 1104 16190 7582 2064 END
START -1764 5436 1756 16470 7648 2245 END
START -2028 5496 2212 16672 7632 2433 END
START -2248 5496 2952 16965 7531 2607 END
START -2464 5472 3708 17235 7404 2747 END
START -2816 5408 4248 17488 7189 2852 END
START -3080 5312 4976 17770 6916 2939 END
START -3492 5280 5848 18055 6552 2991 END
START -3752 5076 6384 18328 6167 2984 END
START -3964 4896 7016 18628 5782 2916 END
START -4032 4968 7676 18957 5410 2827 END
START -4296 4776 8184 19316 5000 2748 END
START -4512 4728 8828 19600 4581 2638 END
START -4768 4756 9440 19898 4207 2498 END
START -4868 4568 10176 20247 3781 2351 END
START -5056 4624 10384 20573 3388 2215 END
START -5224 4540 11084 20874 3023 2083 END
START -5388 4532 11696 21139 2686 1890 END
START -5492 4548 12384 21412 2329 1707 END
START -5572 4560 12824 21714 2020 1469 END
START -5704 4644 13156 21893 1797 1222 END
START -5696 4692 14028 22072 1602 933 END
START -5916 4884 14852 22239 1369 673 END
START -5888 5184 15608 22382 1224 430 END
START -5820 5456 16296 22441 1114 154 END
START -5556 5616 17012 22482 1064 -28 END
START -5412 5760 17724 22370 1131 -183 END
START -5252 5700 18336 22196 1267 -348 END
START -5120 5856 19216 21884 1473 -478 END
START -5036 6084 19472 21558 1782 -606 END
START -4692 6160 20348 21135 2137 -780 END
START -4660 6216 20832 20687 2538 -945 END
START -4388 6404 21364 20210 2976 -1141 END
START -4536 6576 22084 19703 3447 -1337 END
START -4444 6688 22688 19224 3877 -1493 END
START -4420 6688 23416 18731 4333 -1613 END
START -4396 6844 24364 18237 4678 -1680 END
START -4352 6960 25288 17722 4943 -1734 END
START -4584 7032 25976 17261 5132 -1745 END
START -4408 7208 26952 16844 5222 -1714 END
START -4524 7272 27684 16452 5228 -1664 END
START -4516 7456 28852 16107 5148 -1588 END
START -4884 7596 29840 15851 4918 -1491 END
START -5024 7720 30784 15556 4506 -1278 END
START -5188 7556 31632 15288 3998 -1070 END
START -5408 7488 32304 15059 3397 -857 END
START -5484 7392 32716 14870 2783 -599 END
START -5532 7268 32767 14633 2055 -421 END
START -5784 7224 32767 14389 1268 -207 END
START -5832 7088 32767 14124 610 -117 END
START -5784 7020 32767 13822 -8 24 END
START -5680 6704 32767 13489 -508 110 END
START -5676 6700 32767 13132 -890 190 END
START -5652 6476 32767 12743 -1131 263 END
START -5680 6584 32767 12184 -1138 319 END
START -5752 6552 32767 11748 -992 362 END
START -5868 6516 32767 11351 -770 431 END
START -6108 6548 32767 10884 -479 427 END
START -6276 6564 32767 10395 -163 489 END
START -6452 6528 32767 9849 247 501 END
START -6872 6336 32767 9308 601 460 END
START -7080 6252 32767 8761 938 389 END
START -7540 6128 32767 8179 1222 274 END
START -7940 6020 32767 7551 1411 82 END
START -8208 5912 32767 6962 1465 -139 END
START -8632 5724 32767 6413 1350 -331 END
START -8728 5656 32767 5814 1131 -473 END
START -8736 5712 32767 5131 820 -683 END
START -8980 5564 32767 4463 508 -882 END
START -8988 5572 32767 3825 164 -1089 END
START -9160 5424 32767 3213 -267 -1270 END
START -9164 5356 32767 2578 -699 -1414 END
START -9148 5308 32767 2005 -1199 -1598 END
START -9148 5120 32767 1387 -1789 -1791 END
START -9044 5136 32767 744 -2335 -2004 END
START -8848 5044 32767 166 -2824 -2251 END
START -8648 4972 32767 -463 -3265 -2473 END
START -8376 4840 32767 -1004 -3582 -2762 END
START -8108 4912 32767 -1497 -3857 -2955 END
START -7772 5036 32767 -1989 -3896 -3124 END
START -7648 5376 32767 -2455 -3963 -3232 END
START -7528 5584 32767 -2905 -3854 -3265 END
START -7452 5768 32767 -3403 -3745 -3294 END
START -7264 5688 32767 -3853 -3588 -3317 END
START -7148 5676 32767 -4243 -3389 -3319 END
START -7264 5484 32767 -4700 -3180 -3401 END
START -7296 5428 32767 -5127 -2969 -3453 END
START -7216 5324 32767 -5529 -2786 -3520 END
START -7280 5244 32767 -5934 -2654 -3647 END
START -7304 5272 32767 -6373 -2552 -3674 END
START -7268 5204 32767 -6836 -2492 -3803 END
START -7248 5248 32588 -7309 -2458 -3840 END
START -7332 5276 32340 -7748 -2462 -3941 END
START -7420 5444 32004 -8227 -2460 -4002 END
START -7336 5440 31696 -8651 -2444 -4036 END
START -7352 5432 31360 -9064 -2460 -4080 END
START -7444 5372 31248 -9441 -2511 -4123 END
START -7468 5308 30812 -9833 -2607 -4181 END
START -7500 5332 30636 -10144 -2727 -4225 END
START -7604 5224 30260 -10497 -2921 -4342 END
START -7648 5180 30000 -10774 -3112 -4429 END
START -7688 5060 29668 -11072 -3315 -4537 END
START -7564 4920 29284 -11293 -3475 -4679 END
START -7544 5028 28796 -11535 -3659 -4851 END
START -7524 5056 28424 -11761 -3819 -5039 END
START -7372 5100 28192 -12051 -3970 -5221 END
START -7388 5040 27736 -12283 -4119 -5400 END
START -7180 5200 27132 -12536 -4245 -5615 END
START -7112 5324 26904 -12824 -4345 -5796 END
START -6952 5560 26620 -13105 -4501 -5926 END
START -6820 5468 26352 -13398 -4631 -6075 END
START -6672 5652 25924 -13716 -4753 -6194 END
START -6520 5744 25580 -13992 -4921 -6287 END
START -6344 5628 25204 -14357 -4995 -6438 END
START -5932 5632 24640 -14691 -5115 -6568 END
START -5860 5720 24264 -15036 -5178 -6723 END
START -5680 5720 23852 -15388 -5205 -6866 END
START -5512 5896 23252 -15726 -5253 -7015 END
START -5204 5804 22880 -16099 -5294 -7123 END
START -4936 5948 22228 -16405 -5270 -7246 END
START -4832 6124 21612 -16724 -5242 -7305 END
START -4500 6164 21008 -16983 -5133 -7380 END
START -4288 6284 20192 -17271 -5017 -7468 END
START -3932 6380 19492 -17453 -4824 -7545 END
START -3648 6492 18748 -17640 -4586 -7630 END
START -3420 6576 18092 -17812 -4274 -7692 END
START -3156 6728 17404 -17932 -3987 -7794 END
START -2992 6644 16784 -18059 -3619 -7859 END
START -2728 6756 16056 -18123 -3210 -7942 END
START -2508 6700 15716 -18190 -2739 -7983 END
START -2340 6712 15240 -18247 -2297 -8029 END
START -2172 6608 14708 -18283 -1849 -8081 END
START -1948 6584 13872 -18328 -1381 -8108 END
START -1768 6500 13544 -18296 -911 -8171 END
START -1592 6408 13468 -18261 -516 -8215 END
START -1620 6260 13172 -18180 -59 -8243 END
START -1656 6072 12920 -18084 318 -8311 END
START -1708 5952 12844 -18005 498 -8322 END
START -1652 5716 12920 -17896 579 -8386 END
START -1532 5724 12764 -17774 548 -8421 END
START -1752 5556 12680 -17657 417 -8458 END
START -1664 5648 12384 -17491 194 -8518 END
START -1740 5780 12032 -17312 -12 -8569 END
START -1564 5792 11516 -17073 -333 -8612 END
START -1384 5752 11004 -16800 -618 -8597 END
START -1320 5788 10224 -16508 -819 -8555 END
START -1128 6012 9708 -16123 -1045 -8479 END
START -1124 6388 9052 -15780 -1242 -8330 END
START -972 6724 8368 -15418 -1413 -8142 END
START -876 6832 7584 -15014 -1577 -7948 END
START -568 6780 7024 -14634 -1695 -7696 END
START -504 6700 6496 -14179 -1805 -7386 END
START -344 6444 6256 -13740 -1858 -7120 END
START -84 6188 5556 -13292 -1922 -6831 END
START 204 5976 5452 -12890 -1964 -6518 END
START 404 5544 4860 -12497 -1939 -6273 END
START 592 5448 4468 -12137 -2010 -6043 END
START 736 5144 4276 -11777 -2029 -5838 END
START 868 4944 3788 -11438 -2112 -5662 END
START 972 4652 3608 -11087 -2196 -5492 END
START 996 4460 3312 -10745 -2310 -5305 END
START 1072 4320 2900 -10386 -2408 -5103 END
START 1068 4144 2508 -10063 -2558 -4870 END
START 1228 3984 2060 -9728 -2597 -4629 END
START 1428 3920 1572 -9404 -2620 -4375 END
START 1508 3728 1104 -9081 -2547 -4103 END
START 1540 3640 800 -8817 -2535 -3797 END
START 1312 3480 464 -8521 -2453 -3485 END
START 1292 3460 108 -8228 -2394 -3189 END
START 1336 3352 -464 -8000 -2331 -2878 END
START 1312 3148 -1012 -7783 -2168 -2558 END
START 1408 2868 -1568 -7591 -1972 -2234 END
START 1292 2884 -2092 -7370 -1777 -1939 END
START 1300 2688 -2520 -7124 -1590 -1630 END
START 1192 2432 -2892 -6838 -1473 -1278 END
START 1088 2184 -3516 -6509 -1342 -939 END
START 1088 2104 -4200 -6182 -1228 -626 END
START 1076 1916 -5140 -5820 -1115 -313 END
START 1148 1792 -5960 -5389 -852 -29 END
START 1080 1628 -6632 -4937 -525 248 END
START 908 1400 -7116 -4438 -169 466 END
START 704 1340 -7952 -3877 205 731 END
START 452 1284 -8456 -3276 597 957 END
START 132 1092 -8816 -2707 888 1192 END
START 0 1044 -9008 -2033 1219 1413 END
START -424 840 -9328 -1372 1467 1652 END
START -604 660 -9512 -684 1705 1847 END
START -1020 424 -9604 -1 1875 2015 END
START -1152 240 -10008 646 2075 2144 END
START -1332 156 -10036 1323 2253 2194 END
START -1364 116 -10180 1965 2426 2190 END
START -1576 -32 -10428 2552 2628 2172 END
START -1800 -124 -10616 3117 2797 2149 END
START -2000 -92 -10668 3685 2984 2146 END
START -2160 -128 -10984 4172 3178 2145 END
START -2332 48 -11096 4726 3429 2195 END
START -2512 156 -11260 5228 3677 2267 END
START -2716 188 -11460 5730 3900 2333 END
START -2876 244 -11756 6238 4158 2385 END
START -2932 140 -11884 6762 4446 2418 END
START -3208 160 -11996 7338 4768 2404 END
START -3420 84 -12168 7916 5034 2393 END
START -3748 168 -12196 8514 5239 2268 END
START -3888 96 -12184 9148 5426 2146 END
START -4132 -24 -12200 9830 5630 1944 END
START -4424 -32 -11996 10543 5785 1664 END
START -4708 72 -11736 11329 5897 1391 END
START -4912 152 -11180 12181 5888 1057 END
START -5112 516 -10688 12926 5804 708 END
START -5360 832 -10508 13749 5620 394 END
START -5276 1192 -9792 14568 5426 67 END
START -5224 1648 -9284 15337 5193 -185 END
START -5140 2156 -8996 16079 5020 -380 END
START -4944 2652 -8492 16776 4892 -551 END
START -4932 3188 -7828 17444 4743 -693 END
START -4608 3680 -7384 18045 4704 -796 END
START -4660 4200 -6660 18572 4600 -893 END
START -4476 4612 -5820 19048 4503 -1014 END
START -4740 5056 -5248 19467 4294 -1134 END
START -4704 5488 -4340 19811 4117 -1269 END
START -4684 5692 -3484 20143 3921 -1427 END
START -4548 6300 -2824 20401 3738 -1562 END
START -4412 6628 -2156 20641 3534 -1742 END
START -4268 6900 -1732 20871 3408 -1835 END
START -4216 7316 -1020 21079 3255 -1962 END
START -4160 7676 -540 21301 3093 -2056 END
START -4016 8100 276 21536 2936 -2145 END
START -4016 8572 1124 21722 2824 -2274 END
START -3876 8940 1588 21939 2667 -2381 END
START -3784 9336 2488 22143 2513 -2481 END
START -3724 9424 3164 22384 2414 -2617 END
START -3420 9568 3624 22629 2340 -2732 END
START -3172 9836 3972 22856 2320 -2820 END
START -3024 10308 4416 23060 2469 -2907 END
START -2892 10760 4972 23262 2567 -2930 END
START -3020 11216 5688 23450 2693 -2922 END
START -2908 11536 6340 23670 2760 -2845 END
START -3072 11744 7088 23887 2841 -2745 END
START -3104 11704 7640 24111 2924 -2569 END
START -2920 11780 8388 24299 3084 -2366 END
START -2680 11732 8900 24514 3230 -2127 END
START -2696 11808 9728 24619 3429 -1832 END
START -2828 11760 10300 24674 3596 -1525 END
START -2904 11580 10960 24682 3813 -1150 END
START -3160 11604 11756 24665 3981 -784 END
START -3452 11512 12644 24668 4103 -425 END
START -3740 11400 13356 24657 4202 -154 END
START -4220 11252 14464 24654 4177 137 END
START -4736 10868 15520 24648 4055 369 END
START -5168 10468 16524 24647 3851 559 END
START -5676 10116 17460 24642 3578 721 END
START -6076 9956 18592 24621 3203 746 END
START -6808 9860 19480 24556 2763 705 END
START -6996 9800 20020 24460 2266 591 END
START -7616 9800 20996 24376 1726 393 END
START -7948 9864 21628 24257 1138 157 END
START -8380 9888 22468 24110 652 -109 END
START -8488 9996 22876 23949 221 -395 END
START -8488 10044 23372 23783 -116 -742 END
START -8480 10392 23796 23539 -306 -1109 END
START -8272 10620 24044 23215 -396 -1563 END
START -8084 10668 24496 22753 -369 -2026 END
START -7892 10740 24792 22245 -230 -2472 END
START -7448 10736 25036 21613 4 -2928 END
START -7112 10796 25140 21000 356 -3392 END
START -6712 10720 25076 20321 780 -3853 END
START -6236 10876 25192 19607 1333 -4339 END
START -5724 11044 25076 18897 1876 -4790 END
START -5200 11340 24984 18171 2588 -5188 END
START -4764 11612 24876 17507 3267 -5464 END
START -4396 11968 25080 16881 4000 -5600 END
START -4360 12520 24980 16308 4690 -5690 END
START -4076 12832 24964 15823 5356 -5635 END
START -3844 13232 24864 15439 6108 -5486 END
START -3716 13340 25032 15117 6850 -5315 END
START -3592 13448 25464 14865 7514 -5086 END
START -3696 13468 26064 14663 8115 -4824 END
START -3720 13512 26524 14464 8558 -4542 END
START -3820 13572 27376 14249 8910 -4242 END
START -4172 13628 28400 14065 8989 -3898 END
START -4276 13588 28864 13802 8861 -3619 END
START -4548 13424 30276 13512 8452 -3365 END
START -4780 13340 30956 13258 7748 -3029 END
START -4944 13244 31536 12909 6899 -2757 END
START -4924 13160 31736 12460 5978 -2513 END
START -5112 12936 31960 12107 5033 -2323 END
START -5128 12816 32252 11640 4005 -2062 END
START -5320 12572 32372 11317 2991 -1772 END
START -5092 12528 32248 11127 2060 -1417 END
START -5208 12448 31876 10930 1203 -1102 END
START -5156 12428 31548 10789 450 -813 END
START -5192 12284 30988 10532 -223 -574 END
START -5116 12200 30324 10271 -772 -390 END
START -5112 11984 29676 9871 -1124 -280 END
START -4992 11816 29076 9423 -1366 -226 END
START -4984 11636 28556 8972 -1530 -189 END
START -5012 11644 28292 8512 -1514 -179 END
START -5104 11496 27868 8068 -1442 -180 END
START -5128 11344 27748 7616 -1312 -156 END
START -5272 11192 27532 7162 -1115 -179 END
START -5352 11060 27432 6734 -901 -219 END
START -5380 10960 27452 6282 -732 -283 END
START -5428 10788 27300 5798 -529 -406 END
START -5204 10704 27028 4956 -195 -620 END
START -5056 10888 26924 4388 28 -735 END
START -4948 10944 26532 3840 310 -842 END
START -4812 10864 26232 3254 525 -906 END
START -4752 10960 26084 2653 759 -1001 END
START -4664 11164 26076 2088 925 -1046 END
START -4724 11132 25860 1499 1043 -1069 END
START -4588 11156 25560 944 1041 -1102 END
START -4536 11108 25260 274 965 -1096 END
START -4472 10888 25056 -160 787 -1076 END
START -4404 10692 24908 -503 544 -1037 END
START -4436 10504 24516 -830 208 -1016 END
START -4252 10352 24148 -1078 -220 -974 END
START -4272 10100 23876 -1241 -648 -922 END
START -3972 10048 23140 -1360 -1094 -918 END
START -3776 10032 22944 -1407 -1528 -856 END
START -3612 9976 22420 -1423 -1882 -808 END
START -3464 9928 22196 -1405 -2241 -736 END
START -3312 9932 21844 -1346 -2597 -685 END
START -3100 9856 21536 -1282 -2853 -614 END
START -2908 9812 21172 -1212 -3165 -545 END
START -2812 9800 20936 -1130 -3397 -504 END
START -2600 9600 20788 -1018 -3570 -457 END
START -2528 9592 20756 -944 -3697 -429 END