START -10256 -2092 15976 -7459 -1052 362 END
START -14492 -2520 18516 -7513 -1995 83 END
START -13028 -2368 14380 -7185 -2081 -362 END
START -11052 -2492 12056 -6988 -2557 -697 END
START -9528 -2368 9956 -6664 -2495 -1046 END
START -9120 -2568 9436 -6339 -2333 -1437 END
START -9628 -2460 9680 -5988 -2057 -1692 END
START -10316 -2388 10004 -5660 -2016 -1975 END
START -10516 -2332 9760 -5297 -1971 -2191 END
START -10316 -2276 9256 -4993 -1944 -2450 END
START -9948 -2432 8836 -4643 -1767 -2678 END
START -9548 -2420 8004 -4346 -1427 -2871 END
START -9172 -2700 7684 -4060 -974 -3078 END
START -9420 -2780 7988 -3819 -598 -3331 END
START -9272 -2732 7508 -3557 -193 -3591 END
START -9264 -2776 7248 -3337 171 -3879 END
START -9304 -2804 7344 -3135 573 -4105 END
START -9364 -2768 7272 -3016 985 -4376 END
START -9476 -2888 7228 -2851 1276 -4577 END
START -9380 -2880 7248 -2774 1552 -4814 END
START -9352 -2760 7296 -2643 1761 -5038 END
START -9276 -2696 7188 -2542 1983 -5282 END
START -9244 -2648 7292 -2387 2013 -5506 END
START -9152 -2684 7412 -2148 2059 -5722 END
START -9292 -2640 7620 -1943 1969 -5925 END
START -9396 -2704 7600 -1634 1672 -6123 END
START -9508 -2724 7960 -1279 1315 -6292 END
START -9428 -2856 8264 -898 787 -6505 END
START -9484 -2828 8364 -521 230 -6692 END
START -9568 -2632 8536 -138 -431 -6948 END
START -9444 -2516 8592 243 -1141 -7157 END
START -9316 -2356 8364 611 -1892 -7400 END
START -9184 -2388 8400 906 -2633 -7624 END
START -9084 -2144 8236 1249 -3398 -7808 END
START -8936 -1988 8076 1581 -4173 -8015 END
START -8848 -1956 7968 1906 -4978 -8217 END
START -8696 -1840 7620 2262 -5655 -8418 END
START -8556 -1780 7340 2688 -6274 -8606 END
START -8304 -1720 6820 3081 -6736 -8791 END
START -7956 -1568 6664 3465 -7190 -8991 END
START -7880 -1404 6088 3837 -7451 -9168 END
START -7548 -1272 5448 4167 -7633 -9322 END
START -7124 -1276 5068 4524 -7620 -9467 END
START -6696 -1276 4460 4873 -7446 -9621 END
START -6320 -1224 3956 5116 -7142 -9760 END
START -5808 -1164 3636 5460 -6689 -9884 END
START -5444 -1172 3288 5747 -6161 -9995 END
START -5064 -976 2964 6037 -5465 -10118 END
START -4832 -944 2952 6327 -4793 -10232 END
START -4740 -932 2840 6655 -4069 -10305 END
START -4284 -596 2624 6955 -3300 -10403 END
START -4224 -488 2468 7228 -2538 -10475 END
START -3732 -280 2444 7470 -1717 -10576 END
START -3520 -64 2316 7754 -762 -10603 END
START -3216 176 2192 8026 190 -10651 END
START -3060 388 2428 8324 1209 -10707 END
START -2924 592 2468 8579 2110 -10704 END
START -3020 888 2828 8853 3009 -10714 END
START -2936 916 3360 9157 3718 -10688 END
START -2960 1168 3848 9453 4265 -10716 END
START -3024 1344 4424 9845 4702 -10693 END
START -2944 1580 4868 10196 4955 -10735 END
START -2900 1824 5316 10661 5124 -10711 END
START -2804 2060 5952 11114 5155 -10740 END
START -2620 2072 6224 11565 5126 -10727 END
START -2636 2140 6476 12257 5038 -10717 END
START -2584 2244 6916 12388 4904 -10701 END
START -2268 2428 7152 13115 4713 -10697 END
START -2308 2448 7632 13530 4551 -10762 END
START -2180 2612 7888 13909 4266 -10821 END
START -2144 2720 8292 14236 3933 -10963 END
START -1944 2996 8584 14565 3595 -11120 END
START -1736 3108 8884 14833 3254 -11274 END
START -1592 3200 8972 15120 2934 -11439 END
START -1124 3392 9316 15332 2619 -11615 END
START -708 3628 9472 15581 2316 -11739 END
START -540 3880 9384 15711 2019 -11850 END
START -32 3984 9416 15947 1899 -11926 END
START 488 4204 9336 16142 1775 -11955 END
START 888 4388 9304 16312 1765 -11964 END
START 1496 4528 9068 16507 1879 -11966 END
START 2096 4808 9012 16665 2180 -11868 END
START 2588 5204 8996 16801 2535 -11710 END
START 3112 5524 8740 16842 3127 -11464 END
START 3780 5844 8528 16860 3846 -11085 END
START 4572 5952 8588 16817 4715 -10624 END
START 4888 6204 8852 16759 5735 -10063 END
START 5208 6396 9028 16616 6729 -9454 END
START 5584 6628 9260 16480 7883 -8764 END
START 5660 6568 9680 16290 8886 -8105 END
START 5604 6692 10292 16086 9881 -7436 END
START 5296 6860 10748 15971 10644 -6795 END
START 4892 7044 11484 15839 11388 -6027 END
START 4728 6836 12252 15790 11988 -5340 END
START 4376 6528 13200 15728 12451 -4665 END
START 3832 6512 14244 15715 12656 -4061 END
START 3580 6180 14980 15686 12873 -3470 END
START 3060 6168 15788 15645 12742 -2940 END
START 2496 5952 16708 15544 12372 -2436 END
START 2092 5704 17468 15502 11914 -1986 END
START 1580 5460 18392 15427 11318 -1572 END
START 996 5060 19200 15248 10618 -1250 END
START 692 4924 19916 15037 9731 -928 END
START 544 4700 20548 14795 8738 -645 END
START 344 4820 21116 14569 7678 -463 END
START 36 4760 21548 14305 6438 -271 END
START -60 4680 22032 14024 5221 -58 END
START -236 4684 22268 13763 3958 149 END
START -304 4692 22672 13545 2716 379 END
START -104 4912 22628 13295 1563 589 END
START -80 5052 22696 13075 540 893 END
START 220 5172 22512 12705 -341 1158 END
START 356 5232 22440 12366 -1145 1511 END
START 708 5184 21944 11983 -1746 1867 END
START 908 5124 21944 11908 -2140 2259 END
START 1100 4948 21608 11425 -2384 2617 END
START 1144 4948 21500 11076 -2467 2929 END
START 1184 4816 21056 10661 -2395 3238 END
START 1284 4680 21156 10211 -2239 3507 END
START 1428 4544 20804 9755 -1974 3694 END
START 1320 4512 20940 9304 -1531 3927 END
START 1208 4408 20744 8886 -1131 4082 END
START 992 4384 20732 8485 -656 4251 END
START 872 4444 20588 8125 -205 4457 END
START 824 4480 20708 7765 261 4594 END
START 744 4420 20856 7443 769 4765 END
START 596 4464 21012 7199 1280 4927 END
START 488 4432 21304 6950 1758 5080 END
START 224 4332 21512 6795 2187 5235 END
START 36 4284 21976 6643 2545 5386 END
START -156 4268 22400 6540 2802 5529 END
START -304 4116 22948 6440 2988 5717 END
START -412 4060 23348 6309 3107 5841 END
START -568 4072 23740 6212 3073 6043 END
START -940 4148 24084 6010 2976 6239 END
START -948 4116 24532 5821 2848 6385 END
START -1404 4004 25312 5680 2640 6552 END
START -1632 3868 25772 5431 2336 6711 END
START -1980 3816 26332 5188 1927 6820 END
START -2296 3704 26644 4888 1452 6971 END
START -2440 3520 27044 4560 961 7120 END
START -2752 3452 27516 4176 496 7201 END
START -2888 3256 27540 3674 46 7239 END
START -2888 3220 27672 3184 -348 7374 END
START -3084 3224 27908 2608 -773 7435 END
START -3224 3268 27740 1939 -1156 7527 END
START -3392 3168 27820 1330 -1497 7618 END
START -3708 3228 28048 667 -1858 7705 END
START -3876 3116 27868 55 -2189 7787 END
START -3964 2996 27968 -479 -2472 7825 END
START -4224 2772 28048 -1003 -2766 7911 END
START -4384 2644 27880 -1475 -3095 7985 END
START -4584 2576 27732 -1930 -3351 8064 END
START -4764 2528 27860 -2348 -3518 8128 END
START -4872 2516 27676 -2749 -3741 8214 END
START -5180 2500 27672 -3150 -3912 8268 END
START -5436 2468 27592 -3578 -4068 8332 END
START -5788 2488 27640 -3983 -4235 8386 END
START -5844 2532 27492 -4389 -4378 8423 END
START -6096 2436 27288 -4829 -4488 8510 END
START -6360 2192 27116 -5214 -4604 8528 END
START -6500 1852 26848 -5690 -4635 8546 END
START -6632 1728 26632 -6064 -4585 8492 END
START -6892 1568 26240 -6493 -4448 8396 END
START -6964 1392 26164 -6872 -4230 8280 END
START -7164 1388 25624 -7278 -3990 8128 END
START -7400 1240 25368 -7671 -3672 7963 END
START -7552 1124 25308 -8011 -3376 7772 END
START -7812 980 25092 -8351 -3087 7591 END
START -7948 768 24992 -8700 -2775 7332 END
START -8000 632 24872 -8995 -2469 7069 END
START -8028 464 24924 -9280 -2192 6834 END
START -8108 452 24832 -9630 -1885 6520 END
START -8212 624 24860 -9903 -1700 6240 END
START -8456 656 24892 -10250 -1509 5938 END
START -8308 652 24828 -10602 -1414 5623 END
START -8608 596 24864 -10971 -1432 5354 END
START -8440 536 24948 -11284 -1408 5067 END
START -8548 528 24740 -11622 -1534 4802 END
START -8492 324 24628 -11869 -1655 4538 END
START -8476 380 24376 -12150 -1800 4268 END
START -8356 228 24300 -12337 -2001 4024 END
START -8304 260 23976 -12485 -2212 3785 END
START -8304 196 23676 -12643 -2400 3555 END
START -8032 128 23416 -12769 -2579 3381 END
START -7864 76 23252 -12911 -2746 3182 END
START -7900 76 23144 -13053 -2882 3062 END
START -7812 68 22704 -13222 -3051 2886 END
START -7900 124 22352 -13395 -3217 2753 END
START -7740 76 22128 -13581 -3363 2632 END
START -7648 -24 21648 -13777 -3504 2469 END
START -7508 52 21380 -13978 -3572 2309 END
START -7408 -28 21020 -14175 -3661 2129 END
START -7324 -60 20520 -14381 -3706 2014 END
START -7188 -76 20296 -14555 -3662 1872 END
START -7120 -64 19936 -14698 -3667 1762 END
START -6920 -196 19488 -14850 -3605 1665 END
START -6724 -344 19036 -14978 -3460 1537 END
START -6656 -452 18644 -15094 -3331 1420 END
START -6308 -500 18424 -15209 -3148 1333 END
START -6112 -492 17988 -15337 -2995 1240 END
START -6160 -528 17924 -15496 -2925 1204 END
START -6128 -524 17532 -15663 -2838 1172 END
START -6192 -572 17232 -15845 -2723 1107 END
START -6132 -548 16908 -16009 -2684 1064 END
START -6136 -484 16640 -16118 -2654 976 END
START -6224 -600 16256 -16271 -2607 914 END
START -6312 -728 15884 -16358 -2576 827 END
START -6336 -824 15260 -16394 -2574 723 END
START -6324 -1072 15096 -16425 -2543 611 END
START -6388 -1144 14608 -16399 -2475 491 END
START -6568 -1444 14228 -16331 -2493 347 END
START -6804 -1620 13872 -16245 -2475 171 END
START -6964 -1648 13220 -16091 -2490 -13 END
START -7104 -1840 12804 -15917 -2529 -182 END
START -7204 -1856 12204 -15639 -2597 -397 END
START -7196 -2140 11900 -15373 -2646 -593 END
START -7300 -2252 11392 -14998 -2599 -839 END
START -7408 -2372 11116 -14639 -2551 -1041 END
START -7328 -2628 10712 -14219 -2510 -1280 END
START -7456 -2800 10608 -13801 -2447 -1527 END
START -7432 -2916 10056 -13356 -2376 -1755 END
START -7564 -3280 9780 -12916 -2331 -2030 END
START -7508 -3468 9468 -12482 -2216 -2256 END
START -7504 -3568 9124 -12037 -2102 -2573 END
START -7660 -3656 8904 -11633 -1970 -2905 END
START -7604 -3672 8668 -11200 -1780 -3226 END
START -7716 -3708 8508 -10866 -1638 -3614 END
START -7812 -3840 8368 -10503 -1499 -3986 END
START -7932 -4124 8232 -10218 -1374 -4390 END
START -8024 -4168 8048 -9897 -1265 -4797 END
START -8072 -4332 7864 -9596 -1159 -5181 END
START -8012 -4444 7780 -9320 -1087 -5603 END
START -7944 -4580 7780 -8952 -995 -6065 END
START -7896 -4700 7664 -8631 -898 -6522 END
START -7992 -4700 7552 -8308 -888 -6949 END
START -7936 -4664 7360 -8000 -808 -7348 END
START -7696 -4588 7308 -7684 -768 -7770 END
START -7688 -4524 7180 -7372 -741 -8146 END
START -7616 -4468 7212 -7070 -698 -8537 END
START -7532 -4392 7024 -6769 -673 -8854 END
START -7276 -4212 7016 -6521 -656 -9156 END
START -7196 -4156 6800 -6268 -635 -9429 END
START -7128 -3968 6480 -6005 -620 -9714 END
START -6952 -3832 6832 -5718 -614 -9911 END
START -6820 -3616 6452 -5441 -635 -10095 END
START -6392 -3512 6372 -5148 -586 -10181 END
START -6340 -3376 6052 -4879 -460 -10276 END
START -6276 -3200 5900 -4512 -340 -10329 END
START -5992 -3196 5668 -4316 -208 -10376 END
START -5928 -3156 5532 -3939 -60 -10423 END
START -5844 -3148 5272 -3635 54 -10468 END
START -5676 -3020 4948 -3319 216 -10558 END
START -5588 -2968 5020 -2917 381 -10648 END
START -5524 -3212 4864 -2567 552 -10730 END
START -5420 -3168 4756 -2122 654 -10835 END
START -5392 -3100 4680 -1641 788 -10938 END
START -5364 -2856 4708 -1161 815 -11035 END
START -5200 -2700 4760 -662 856 -11113 END
START -5276 -2392 4812 -178 862 -11173 END
START -5176 -2292 4748 293 845 -11181 END
START -5076 -2028 4824 759 727 -11236 END
START -5072 -1756 4920 1208 596 -11216 END
START -5040 -1628 4944 1653 361 -11246 END
START -4928 -1524 4980 2171 177 -11204 END
START -4840 -1452 5092 2635 -78 -11209 END
START -4536 -1484 5168 3114 -275 -11223 END
START -4428 -1480 5192 3585 -506 -11207 END
START -4328 -1460 5400 4036 -807 -11212 END
START -4264 -1140 5440 4495 -1094 -11207 END
START -4084 -1036 5356 4883 -1322 -11218 END
START -3892 -780 5268 5260 -1507 -11165 END
START -3496 -544 5188 5641 -1708 -11163 END
START -3144 -296 5080 5952 -1754 -11082 END
START -2840 -36 4976 6246 -1741 -11030 END
START -2664 408 4880 6473 -1689 -10995 END
START -2336 580 4784 6784 -1569 -10902 END
START -1908 780 4752 7086 -1351 -10808 END
START -1496 888 4408 7329 -988 -10647 END
START -1076 1104 4348 7575 -591 -10530 END
START -756 1288 4156 7865 -101 -10366 END
START -444 1548 4156 8094 414 -10177 END
START -220 1704 4144 8256 967 -10020 END
START 116 2016 4296 8480 1515 -9772 END
START 240 2192 4340 8651 2047 -9568 END
START 536 2348 4536 8879 2590 -9282 END
START 836 2532 4760 9093 3133 -8984 END
START 1064 2644 4768 9292 3657 -8646 END
START 1196 2864 4884 9462 4226 -8277 END
START 1376 2856 4996 9644 4692 -7879 END
START 1484 3124 5128 9778 5192 -7502 END
START 1668 3100 5092 9944 5682 -7129 END
START 1772 3272 5232 10141 6159 -6762 END
START 1632 3584 5624 10383 6667 -6366 END
START 1612 3720 5820 10621 7025 -5988 END
START 1580 3668 5948 10900 7384 -5626 END
START 1520 3792 6364 11227 7586 -5255 END
START 1416 3736 6828 11486 7753 -4854 END
START 1340 3660 7388 11900 7855 -4480 END
START 1092 3696 7924 11894 7797 -4164 END
START 808 3664 8360 12194 7699 -3887 END
START 832 3872 8940 12282 7496 -3676 END
START 600 3800 9232 12663 7216 -3440 END
START 408 3868 9720 12932 6812 -3273 END
START 180 3976 10348 13107 6303 -3092 END
START 120 3896 10888 13350 5583 -2936 END
START -220 3980 11536 13535 4783 -2786 END
START -196 3960 12144 13757 3923 -2603 END
START -304 4008 12608 13975 2870 -2463 END
START -140 4148 12976 14183 1965 -2318 END
START 0 4292 12988 14368 1056 -2093 END
START 184 4588 13080 14482 269 -1954 END
START 444 4804 12964 14580 -489 -1690 END
START 580 4968 12996 14626 -1103 -1476 END
START 876 5052 12968 14716 -1657 -1236 END
START 1148 5224 12864 14767 -2060 -982 END
START 1500 5196 12696 14806 -2269 -654 END
START 1808 5228 12708 14849 -2313 -320 END
START 1968 5120 12632 14762 -2259 21 END
START 1992 5040 12456 14761 -2180 301 END
START 2444 4864 12220 14626 -1974 632 END
START 2736 4860 12092 14544 -1598 902 END
START 3088 4756 12028 14443 -1044 1166 END
START 3252 4484 11856 14307 -358 1428 END
START 3408 4432 12084 14226 385 1615 END
START 3388 4444 12056 14088 1171 1877 END
START 3348 4520 12120 13904 1830 2036 END
START 3304 4468 12528 13729 2607 2241 END
START 3372 4500 12728 13542 3335 2406 END
START 3512 4632 13192 13370 4052 2579 END
START 3312 4788 13644 13229 4711 2733 END
START 3252 4748 14380 13014 5196 2889 END
START 3008 4756 14856 12944 5576 3027 END
START 3044 4748 15524 12864 5887 3149 END
START 3020 4664 16248 12744 6077 3291 END
START 2844 4680 16868 12730 6150 3425 END
START 2684 4636 17672 12800 6153 3590 END
START 2648 4520 18488 12711 6054 3736 END
START 2684 4476 19160 12621 5817 3879 END
START 2788 4512 20020 12539 5489 3975 END
START 2700 4420 20500 12386 5072 4141 END
START 2792 4580 21216 12393 4589 4301 END
START 2852 4532 21708 12019 4071 4495 END
START 3036 4780 21984 11985 3599 4653 END
START 3132 4808 22596 11948 3124 4811 END
START 3272 4776 23100 11450 2622 5043 END
START 3336 4796 23616 11287 2193 5272 END
START 3464 4860 24016 10899 1714 5452 END
START 3652 4848 24124 10486 1308 5732 END
START 4112 5000 24288 10011 1020 5898 END
START 4408 5028 24472 9477 882 6191 END
START 4824 4996 24284 8908 829 6445 END
START 5140 5168 24360 8233 884 6757 END
START 5352 5164 24180 7559 1008 7104 END
START 5528 5432 24292 6875 1202 7446 END
START 5684 5608 24436 6192 1469 7870 END
START 5872 5672 24296 5559 1774 8270 END
START 5848 5916 24104 4910 2108 8731 END
START 5864 5916 23908 4362 2437 9174 END
START 5772 5900 23740 3864 2926 9622 END
START 5748 5944 23700 3380 3496 10063 END
START 5260 6040 23504 2996 3935 10443 END
START 4800 6012 23704 2672 4406 10859 END
START 4308 6008 24176 2488 4713 11198 END
START 3608 5744 24360 2274 4975 11553 END
START 3112 5532 24436 2214 5076 11846 END
START 2528 5184 24756 2103 5236 12057 END
START 1960 4748 24916 2064 5263 12215 END
START 1436 4548 25212 2010 5344 12487 END
START 692 4236 25480 1913 5522 12498 END
START 120 4000 25880 1743 5634 12377 END
START -692 3672 26400 1507 5712 12392 END
START -1648 3356 26752 1238 5623 12108 END
START -2312 2780 27156 837 5459 11868 END
START -2916 2444 27536 430 5303 11568 END
START -3328 2112 27740 -27 5235 11218 END
START -3768 1760 27940 -456 5206 10865 END
START -4212 1572 28412 -951 5164 10436 END
START -4848 1428 28896 -1444 5081 10100 END
START -5644 1192 29144 -1983 4892 9692 END
START -6252 1248 29712 -2546 4648 9343 END
START -6968 1304 30152 -3053 4317 8978 END
START -7596 1300 30688 -3637 3895 8635 END
START -8096 1412 30904 -4226 3430 8229 END
START -8720 1404 31436 -4842 2767 7798 END
START -9584 1356 31752 -5474 1882 7357 END
START -10016 1412 31956 -6101 1012 6928 END
START -10288 1472 32160 -6729 -8 6429 END
START -10728 1592 32012 -7341 -1079 6040 END
START -10756 1820 31776 -7929 -2083 5617 END
START -10848 1856 31448 -8484 -2948 5250 END
START -10664 2004 30968 -9054 -3739 4900 END
START -10560 2172 30476 -9633 -4456 4621 END
START -10336 2308 29676 -10215 -5102 4312 END
START -10196 2396 29136 -10732 -5635 4028 END
START -9824 2408 28104 -11210 -6099 3792 END
START -9512 2448 27428 -11626 -6444 3534 END
START -9028 2244 26612 -12047 -6597 3371 END
START -8652 1980 25888 -12264 -6549 3160 END
START -8396 1812 24836 -12369 -6529 3070 END
START -7852 1832 24216 -12603 -6403 2859 END
START -7456 1912 23332 -12830 -6076 2635 END
START -7124 1944 22744 -13002 -5605 2408 END
START -6664 1884 22444 -13182 -5074 2194 END
START -6516 1768 21956 -13319 -4493 2001 END
START -6672 1984 21640 -13468 -3953 1812 END
START -6492 2008 21444 -13626 -3412 1701 END
START -6532 1768 21172 -13722 -2974 1561 END
START -6456 1644 20880 -13765 -2432 1411 END
START -6348 1480 20472 -13786 -1959 1203 END
START -6476 1292 20524 -13772 -1520 1009 END
START -6516 1336 20540 -13747 -1112 808 END
START -6576 1272 20388 -13701 -810 666 END
START -6624 1268 20352 -13696 -522 521 END
START -6724 1380 20332 -13700 -311 436 END
START -6732 1404 20324 -13719 -129 311 END
START -7064 1364 20236 -13753 -23 198 END
START -7124 1560 20020 -13782 73 101 END
START -7452 1516 20124 -13812 74 -47 END
START -7544 1456 20256 -13888 18 -142 END
START -7692 1320 20184 -13945 -92 -206 END
START -7900 1252 20176 -13995 -234 -339 END
START -8124 1152 20144 -14042 -457 -434 END
START -8308 984 20016 -14093 -839 -585 END
START -8496 676 19884 -14100 -1195 -747 END
START -8504 452 19648 -14126 -1537 -920 END
START -8652 332 19480 -14133 -1969 -1174 END
START -8616 0 19392 -14117 -2454 -1434 END
START -8760 -160 19224 -14081 -2956 -1692 END
START -8780 -336 18988 -14103 -3539 -2010 END
START -8788 -552 18744 -14042 -4131 -2340 END
START -8684 -736 18332 -14002 -4676 -2630 END
START -8548 -740 17884 -13936 -5149 -2941 END
START -8388 -820 17316 -13902 -5590 -3225 END
START -8108 -920 17108 -13856 -5947 -3468 END
START -8032 -892 16504 -13797 -6261 -3736 END
START -7756 -800 16292 -13747 -6523 -3990 END
START -7648 -832 15864 -13722 -6756 -4194 END
START -7424 -736 15644 -13689 -6939 -4388 END
START -7288 -780 15280 -13630 -7111 -4585 END
START -6936 -840 14816 -13570 -7260 -4784 END
START -6900 -852 14772 -13510 -7355 -4913 END
START -6584 -1000 14452 -13446 -7470 -5071 END
START -6360 -976 14052 -13336 -7555 -5223 END
START -6424 -1072 13756 -13307 -7582 -5294 END
START -6160 -1024 13340 -13220 -7646 -5421 END
START -5912 -1080 12624 -13139 -7610 -5498 END
START -5700 -1100 11952 -13036 -7579 -5621 END
START -5428 -1212 11348 -12919 -7414 -5715 END
START -5376 -1248 10936 -12684 -7149 -5799 END
START -5284 -1260 10496 -12437 -6935 -5856 END
START -5280 -1320 10260 -12162 -6696 -5939 END
START -5108 -1304 9992 -11833 -6486 -5985 END
START -4972 -1356 9620 -11436 -6243 -5992 END
START -4836 -1572 9420 -11047 -6009 -6025 END
START -4888 -1648 9340 -10638 -5793 -6046 END
START -4892 -1836 9084 -10235 -5559 -6088 END
START -4756 -1848 8780 -9807 -5367 -6112 END
START -4772 -2048 8728 -9463 -5198 -6174 END
START -4624 -2168 8632 -9059 -5016 -6183 END
START -4640 -2272 8596 -8739 -4915 -6289 END
START -4736 -2672 8436 -8407 -4797 -6330 END
START -4752 -2836 8524 -8090 -4721 -6421 END
START -4792 -2920 8320 -7781 -4711 -6499 END
START -4720 -2988 8000 -7456 -4730 -6607 END
START -4704 -3196 7976 -7136 -4649 -6743 END
START -4592 -3208 7756 -6812 -4680 -6899 END
START -4512 -3192 7636 -6511 -4638 -7039 END
START -4620 -3256 7380 -6199 -4671 -7243 END
START -4456 -3188 6984 -5870 -4643 -7430 END
START -4436 -3140 6928 -5507 -4698 -7636 END
START -4484 -3132 6576 -5104 -4790 -7791 END
START -4420 -3228 6372 -4679 -4984 -7981 END
START -4500 -3096 6080 -4186 -5076 -8113 END
START -4188 -3064 5848 -3682 -5127 -8301 END
START -4076 -2980 5340 -3138 -5144 -8438 END
START -3820 -2824 5180 -2588 -5177 -8587 END
START -3608 -2696 4912 -1973 -5049 -8696 END
START -3376 -2720 4708 -1471 -4954 -8771 END
START -3300 -2524 4428 -952 -4794 -8792 END
START -3052 -2252 4012 -455 -4586 -8871 END
START -3036 -1984 3808 -39 -4381 -8888 END
START -2820 -1804 3680 395 -4186 -8891 END
START -2568 -1520 3324 811 -3948 -8888 END
START -2460 -1384 3028 1270 -3679 -8836 END
START -2172 -1348 3032 1720 -3349 -8753 END
START -1928 -1328 2980 2147 -3097 -8654 END
START -1732 -1316 2960 2564 -2853 -8596 END
START -1272 -1324 2784 2927 -2587 -8430 END
START -1060 -1168 2640 3271 -2286 -8307 END
START -712 -1092 2588 3571 -2009 -8162 END
START -592 -1128 2400 3834 -1641 -8024 END
START -168 -1144 2324 4107 -1390 -7925 END
START -96 -1152 2216 4359 -1037 -7845 END
START -84 -1200 2188 4682 -758 -7774 END
START 120 -1344 2060 4930 -509 -7743 END
START 236 -1256 2052 5282 -265 -7754 END
START 256 -1228 2260 5576 -161 -7760 END
START 484 -1248 2180 5934 -40 -7802 END
START 560 -1220 2124 6228 42 -7813 END
START 680 -1188 2276 6594 173 -7862 END
START 940 -1124 2172 6937 207 -7855 END
START 1016 -1052 2436 7310 258 -7909 END
START 1216 -968 2396 7658 289 -7893 END
START 1376 -696 2572 8059 249 -7912 END
START 1580 -648 2732 8412 184 -7900 END
START 1828 -400 2704 8773 113 -7892 END
START 2052 -332 2728 9161 30 -7787 END
START 2336 -244 2744 9563 -60 -7702 END
START 2400 -92 2764 9974 -121 -7486 END
START 2868 208 2808 10384 -242 -7300 END
START 3168 392 2712 10815 -254 -7028 END
START 3572 576 2700 11274 -286 -6744 END
START 3864 912 2844 11836 -250 -6358 END
START 4160 1188 3008 12219 -184 -5994 END
START 4316 1372 3084 12423 -96 -5534 END
START 4596 1688 3120 12914 55 -5027 END
START 4772 2000 3472 13257 208 -4443 END
START 5008 2332 3668 13606 389 -3856 END
START 5248 2628 3780 13932 606 -3197 END
START 5532 2788 4140 14186 892 -2476 END
START 5780 2984 4300 14384 1117 -1780 END
START 5960 3116 4520 14525 1471 -992 END
START 6056 3408 4492 14644 1858 -215 END
START 6136 3496 4480 14713 2350 605 END
START 6208 3576 4480 14756 2884 1334 END
START 6260 3524 4576 14804 3490 2081 END
START 5956 3340 4468 14869 4127 2760 END
START 5708 3216 4824 14978 4724 3331 END
START 5448 2976 4820 15082 5457 3835 END
START 5248 2716 5084 15206 6049 4247 END
START 4860 2520 5424 15354 6692 4641 END
START 4604 2172 5732 15488 7383 4976 END
START 4168 2200 6220 15648 7984 5231 END
START 3696 1920 6700 15773 8522 5397 END
START 3228 1732 7124 15876 9057 5489 END
START 2760 1716 7804 15953 9524 5504 END
START 2292 1452 8076 16030 9938 5493 END
START 1896 1136 8792 16057 10265 5373 END
START 1280 932 9496 16045 10629 5219 END
START 832 516 10064 16025 10888 5020 END
START 392 324 10632 15983 11137 4773 END
START 120 24 10900 15892 11443 4471 END
START -100 16 11320 15762 11857 4142 END
START -292 -116 11916 15596 12334 3868 END
START -648 20 12280 15367 12695 3521 END
START -1000 220 12692 15093 13291 3213 END
START -1404 108 13432 14736 14001 2934 END
START -1856 92 14132 14290 14564 2650 END
START -2212 -20 14768 13745 15103 2402 END
START -2664 -144 15368 13197 15698 2116 END
START -2876 -432 15736 12513 16168 1819 END
START -3384 -644 16224 12193 16711 1481 END
START -3956 -668 16972 11260 17097 1150 END
START -4480 -740 17588 10650 17443 844 END
START -5172 -684 18012 9913 17598 535 END
START -5720 -584 18664 9200 17688 230 END
START -6300 -240 19120 8512 17642 -38 END
START -6780 168 19492 7880 17507 -328 END
START -7288 684 19796 7268 17267 -634 END
START -7764 1016 20220 6807 16982 -917 END
START -8208 1176 20500 6420 16678 -1164 END
START -8664 1264 20888 6119 16358 -1463 END
START -8836 1368 21272 5947 16030 -1729 END
START -9236 1376 21584 5869 15619 -2044 END
START -9576 1724 21872 5778 15199 -2367 END
START -9928 1944 22140 5620 14707 -2771 END
START -10044 2096 22672 5466 14250 -3180 END
START -10184 2196 22900 5421 13766 -3705 END
START -10160 2200 23280 5490 13400 -4226 END
START -10176 2392 23828 5574 12901 -4754 END
START -10260 2528 24248 5707 12774 -5313 END
START -10192 2704 24796 5838 12035 -5893 END
START -10116 2876 25744 5932 11449 -6517 END
START -10048 3092 26460 6044 10724 -7082 END
START -9816 3316 27304 6085 9939 -7630 END
START -9204 3504 27932 6048 9142 -8084 END
START -8440 3876 28736 5989 8300 -8539 END
START -7752 4268 29276 5837 7630 -8943 END
START -6928 4724 29960 5622 6922 -9340 END
START -6056 5312 30624 5320 6226 -9699 END
START -5152 5888 30984 4940 5551 -9985 END
START -4412 6300 31452 4451 4929 -10131 END
START -3440 6900 31740 3837 4330 -10242 END
START -2424 7416 32076 3115 3760 -10200 END
START -1340 8108 32332 2288 3220 -10014 END
START -228 8640 32280 1394 2715 -9676 END
START 780 9192 31964 446 2292 -9244 END
START 1976 9476 31764 -524 2027 -8714 END
START 2904 9792 31436 -1546 1958 -8151 END
START 3868 9916 30692 -2549 1957 -7458 END
START 4532 10156 30304 -3604 2082 -6740 END
START 5096 10236 29940 -4632 2185 -5928 END
START 5424 10332 29392 -5570 2356 -5122 END
START 5780 10344 29008 -6488 2506 -4210 END
START 5932 10248 28428 -7255 2675 -3388 END
START 6176 10196 28240 -7956 2848 -2434 END
START 5892 10032 27456 -8552 2969 -1494 END