START -8376 -1684 9352 -1885 1339 -7660 END
START -13536 -1536 14792 -1856 1177 -7953 END
START -11556 -1156 10328 -1253 1493 -8011 END
START -8752 -1324 6212 -779 1190 -8203 END
START -7320 -936 4548 -247 1080 -8360 END
START -7344 -952 4280 205 950 -8454 END
START -7884 -904 4480 768 1173 -8624 END
START -8208 -624 4804 1286 1291 -8723 END
START -8252 -484 4720 1852 1284 -8809 END
START -7800 -368 4052 2399 1313 -8884 END
START -7612 -164 3872 2960 1537 -8920 END
START -7460 -188 3824 3504 1782 -8998 END
START -7068 -64 3584 4096 2007 -9053 END
START -6720 32 3344 4642 2253 -9112 END
START -6420 144 3144 5165 2507 -9161 END
START -6184 196 3272 5705 2820 -9185 END
START -6136 280 3360 6209 3097 -9280 END
START -6152 356 3696 6709 3300 -9333 END
START -5988 540 3832 7194 3433 -9400 END
START -6120 660 4400 7638 3489 -9513 END
START -5980 856 4928 8121 3407 -9629 END
START -5912 1056 5304 8574 3241 -9756 END
START -5624 1236 5540 9028 3067 -9841 END
START -5300 1332 5968 9436 2898 -9911 END
START -4740 1612 6184 9830 2678 -9979 END
START -4448 1664 6452 10194 2485 -9977 END
START -4040 2184 6776 10524 2270 -9933 END
START -3848 2364 6768 10797 2058 -9851 END
START -3508 2636 6800 11077 1845 -9769 END
START -3224 2952 6904 11292 1633 -9617 END
START -2836 3236 7048 11544 1411 -9465 END
START -2492 3588 7096 11767 1277 -9265 END
START -2052 3840 7204 12115 1194 -9028 END
START -1728 4036 7336 12161 1100 -8762 END
START -1308 4132 7416 12243 1014 -8456 END
START -1100 4204 7492 12656 932 -8152 END
START -712 4368 7540 12788 890 -7857 END
START -420 4528 7744 12979 880 -7566 END
START -152 4528 7656 13212 889 -7278 END
START -180 4688 7948 13344 987 -6988 END
START 72 4828 7904 13528 1023 -6693 END
START 208 5064 8068 13676 1101 -6414 END
START 268 5128 8244 13900 1146 -6132 END
START 380 5216 8464 14128 1291 -5909 END
START 656 5280 8524 14301 1432 -5647 END
START 736 5588 8648 14568 1646 -5375 END
START 980 5672 8764 14827 1852 -5117 END
START 1048 5812 8852 15066 2061 -4814 END
START 1308 5928 8992 15359 2263 -4534 END
START 1304 6136 9104 15635 2509 -4218 END
START 1368 6128 9472 15966 2732 -3860 END
START 1508 6144 9656 16320 2948 -3504 END
START 1592 6072 10012 16604 3175 -3138 END
START 1488 6088 10440 16920 3358 -2762 END
START 1336 6168 10980 17190 3565 -2423 END
START 1292 6076 11500 17411 3633 -2141 END
START 1124 6240 12028 17531 3592 -1875 END
START 936 6364 12676 17653 3485 -1635 END
START 908 6204 12952 17642 3324 -1435 END
START 812 6140 13440 17681 3133 -1172 END
START 900 6096 13808 17651 2975 -958 END
START 884 6272 14072 17635 2799 -664 END
START 756 6152 14164 17599 2592 -476 END
START 688 6288 14396 17593 2450 -195 END
START 664 6268 14460 17627 2302 17 END
START 564 6344 14724 17638 2198 301 END
START 444 6316 14916 17661 2131 529 END
START 320 6156 15412 17702 2022 778 END
START 220 6072 15684 17723 1862 993 END
START 52 5960 15808 17717 1788 1279 END
START 84 5892 15908 17695 1728 1511 END
START 120 5852 16148 17615 1725 1768 END
START 152 5876 16152 17521 1843 2009 END
START 160 5804 16256 17381 1974 2290 END
START -36 5804 16392 17183 2128 2535 END
START -100 5632 16688 17020 2350 2783 END
START -132 5636 17148 16821 2475 3025 END
START -460 5512 17420 16631 2579 3229 END
START -616 5212 18040 16504 2632 3413 END
START -728 5120 18228 16298 2560 3560 END
START -760 5032 18764 16119 2470 3800 END
START -912 5000 19220 15981 2427 3939 END
START -960 5040 19440 15796 2209 4115 END
START -1104 5116 19828 15623 2069 4285 END
START -1312 5056 20260 15474 1821 4451 END
START -1312 4816 20512 15305 1646 4622 END
START -1472 4764 20960 15182 1427 4745 END
START -1708 4560 21432 15064 1198 4982 END
START -1800 4348 21800 14890 983 5122 END
START -1932 4332 22124 14726 801 5278 END
START -2072 4336 22696 14505 605 5456 END
START -2256 4252 23084 14280 398 5604 END
START -2476 4148 23700 13963 113 5690 END
START -2764 4036 24116 13605 -97 5859 END
START -2848 3900 24612 13229 -319 5951 END
START -3008 3664 25004 12822 -562 6070 END
START -3284 3620 25408 12348 -840 6202 END
START -3444 3520 25804 12126 -1122 6338 END
START -3648 3504 26284 11768 -1404 6427 END
START -3932 3480 26488 11206 -1766 6535 END
START -4068 3472 26980 10780 -2097 6628 END
START -4332 3296 27384 10410 -2504 6759 END
START -4528 3248 27832 9980 -2903 6877 END
START -4728 3072 27980 9593 -3256 7020 END
START -4796 3052 28216 9152 -3602 7199 END
START -5016 3044 28464 8738 -3943 7328 END
START -5048 2896 28480 8258 -4273 7535 END
START -5056 2568 28460 7794 -4557 7717 END
START -5272 2328 28276 7285 -4693 7850 END
START -5348 2188 28180 6767 -4795 8018 END
START -5484 1916 28240 6239 -4811 8076 END
START -5732 1772 28296 5654 -4787 8166 END
START -6060 1536 28436 5083 -4807 8151 END
START -6408 1260 28260 4503 -4771 8113 END
START -6644 972 28048 3904 -4729 8019 END
START -6864 712 28244 3330 -4647 7888 END
START -7172 456 28100 2809 -4527 7800 END
START -7480 260 27972 2242 -4448 7645 END
START -7524 168 27888 1796 -4296 7514 END
START -7868 -12 27804 1236 -4112 7324 END
START -8080 -108 27592 728 -3980 7164 END
START -8168 -204 27536 269 -3754 7002 END
START -8412 -356 27572 -240 -3597 6820 END
START -8524 -524 27624 -729 -3447 6672 END
START -8696 -556 27408 -1216 -3279 6445 END
START -8888 -616 27476 -1735 -3146 6251 END
START -9184 -608 27292 -2165 -3035 6100 END
START -9472 -616 27280 -2616 -2889 5900 END
START -9532 -724 27220 -3062 -2859 5694 END
START -9728 -940 27096 -3506 -2775 5508 END
START -9876 -1072 26944 -3928 -2748 5280 END
START -10032 -1212 26776 -4397 -2669 5087 END
START -10092 -1248 26560 -4811 -2670 4884 END
START -10188 -1144 26308 -5209 -2590 4624 END
START -10280 -1192 26144 -5643 -2528 4386 END
START -10216 -1088 25948 -6001 -2404 4171 END
START -10424 -1188 25692 -6409 -2263 3925 END
START -10384 -1240 25472 -6782 -2162 3741 END
START -10520 -1220 25300 -7142 -2088 3479 END
START -10520 -1260 25160 -7462 -2020 3233 END
START -10540 -1220 25016 -7821 -1856 3022 END
START -10556 -1228 24832 -8131 -1787 2752 END
START -10544 -1016 24924 -8435 -1661 2505 END
START -10460 -992 24500 -8797 -1558 2245 END
START -10516 -860 24576 -9157 -1471 2034 END
START -10400 -664 24276 -9556 -1423 1823 END
START -10304 -480 24204 -9936 -1416 1643 END
START -10112 -560 23968 -10330 -1379 1443 END
START -9876 -620 23700 -10711 -1312 1220 END
START -9880 -580 23400 -11089 -1222 1062 END
START -9800 -428 23264 -11443 -1132 882 END
START -9748 -324 23060 -11796 -1117 738 END
START -9708 -172 22768 -12219 -1119 590 END
START -9524 -160 22340 -12533 -1111 425 END
START -9388 -116 22144 -12927 -1087 279 END
START -9248 -44 21648 -13254 -1008 138 END
START -9120 32 21216 -13608 -976 -24 END
START -8920 24 20896 -13963 -899 -168 END
START -8972 140 20552 -14278 -822 -313 END
START -8672 264 20096 -14602 -685 -465 END
START -8584 332 19688 -14890 -613 -604 END
START -8196 344 19176 -15172 -428 -744 END
START -8260 460 18780 -15422 -322 -901 END
START -8088 412 18268 -15622 -186 -982 END
START -7984 476 17996 -15786 -66 -1146 END
START -7924 484 17664 -15897 83 -1287 END
START -7836 560 17276 -15938 106 -1431 END
START -7960 512 17024 -15948 170 -1620 END
START -7936 576 16924 -15875 125 -1793 END
START -7800 616 16608 -15772 80 -1994 END
START -7708 584 16424 -15614 -32 -2198 END
START -7584 380 16016 -15429 -155 -2403 END
START -7308 288 15544 -15252 -178 -2578 END
START -7136 268 15232 -15081 -268 -2761 END
START -6964 236 14956 -14884 -296 -2914 END
START -7000 332 14900 -14676 -360 -3039 END
START -6728 364 14712 -14519 -459 -3158 END
START -6532 500 14420 -14327 -617 -3263 END
START -6432 532 14236 -14148 -771 -3283 END
START -6080 640 13868 -13916 -941 -3304 END
START -5840 680 13636 -13660 -1123 -3290 END
START -5740 612 13328 -13410 -1203 -3245 END
START -5668 672 13256 -13095 -1382 -3130 END
START -5508 692 13084 -12862 -1481 -3056 END
START -5300 620 12848 -12600 -1582 -2955 END
START -5212 612 12744 -12362 -1695 -2832 END
START -5104 656 12432 -12158 -1851 -2695 END
START -4900 788 12276 -11950 -1860 -2522 END
START -4916 668 12268 -11805 -1993 -2366 END
START -4840 636 12140 -11690 -2069 -2192 END
START -4720 436 11788 -11567 -2161 -2044 END
START -4736 500 11788 -11405 -2233 -1886 END
START -4856 328 11544 -11224 -2334 -1769 END
START -4984 316 11628 -11090 -2526 -1675 END
START -5100 300 11508 -10898 -2706 -1625 END
START -5220 256 11452 -10674 -2887 -1580 END
START -5196 188 11192 -10407 -3037 -1542 END
START -5348 88 10900 -10153 -3188 -1534 END
START -5356 -36 10776 -9904 -3366 -1562 END
START -5496 -132 10624 -9687 -3442 -1623 END
START -5424 -236 10456 -9458 -3536 -1690 END
START -5496 -440 10076 -9273 -3608 -1769 END
START -5632 -560 10012 -9098 -3653 -1932 END
START -5560 -584 9784 -8915 -3614 -2067 END
START -5484 -520 9176 -8816 -3447 -2206 END
START -5496 -528 8932 -8664 -3283 -2350 END
START -5472 -572 8748 -8533 -3072 -2502 END
START -5348 -588 8480 -8373 -2831 -2641 END
START -5368 -688 8108 -8217 -2460 -2755 END
START -5208 -696 7680 -8073 -2083 -2845 END
START -4964 -708 7488 -7973 -1562 -2951 END
START -4880 -880 7412 -7828 -1110 -3066 END
START -4892 -668 7192 -7715 -641 -3197 END
START -5056 -740 7112 -7609 -129 -3273 END
START -4800 -680 7104 -7484 367 -3410 END
START -4896 -840 7040 -7409 885 -3493 END
START -4928 -840 6968 -7240 1327 -3565 END
START -4964 -868 6720 -7139 1874 -3689 END
START -5064 -960 6728 -7027 2384 -3746 END
START -5180 -884 6764 -6872 2927 -3865 END
START -5252 -948 6756 -6791 3333 -4012 END
START -5408 -1032 6952 -6586 3755 -4199 END
START -5448 -1356 7004 -6435 3980 -4405 END
START -5680 -1460 7160 -6244 4154 -4617 END
START -5816 -1424 7360 -6049 4255 -4895 END
START -5940 -1332 7400 -5820 4269 -5115 END
START -5908 -1552 7568 -5578 4211 -5356 END
START -5832 -1372 7564 -5362 4163 -5592 END
START -5876 -1296 7624 -5153 3980 -5796 END
START -5816 -1340 7504 -4904 3794 -5978 END
START -5712 -1132 7476 -4690 3626 -6136 END
START -5508 -1012 7344 -4406 3441 -6251 END
START -5348 -1024 7120 -4113 3347 -6347 END
START -5372 -872 7148 -3851 3179 -6444 END
START -5384 -864 7060 -3555 3091 -6492 END
START -5136 -656 7020 -3245 2928 -6526 END
START -5176 -704 6852 -2952 2778 -6526 END
START -5052 -592 6624 -2637 2620 -6574 END
START -5000 -528 6440 -2304 2492 -6574 END
START -4916 -516 6464 -1963 2340 -6571 END
START -4676 -476 6240 -1577 2209 -6571 END
START -4644 -396 6280 -1112 2071 -6550 END
START -4468 -300 6244 -725 1962 -6518 END
START -4428 -236 6280 -276 1790 -6498 END
START -4412 -132 6344 120 1649 -6410 END
START -4372 112 6296 490 1484 -6339 END
START -4492 240 6368 891 1364 -6257 END
START -4416 288 6340 1175 1239 -6165 END
START -4464 292 6344 1544 1129 -6135 END
START -4648 160 6456 1870 992 -6162 END
START -4624 96 6504 2146 834 -6171 END
START -4724 144 6456 2484 671 -6235 END
START -4808 216 6808 2824 494 -6332 END
START -4728 124 6704 3133 218 -6456 END
START -4728 332 6848 3517 -16 -6597 END
START -4844 496 6952 3895 -305 -6732 END
START -4812 532 6832 4328 -649 -6875 END
START -4648 616 6956 4716 -987 -7013 END
START -4340 676 6780 5142 -1255 -7154 END
START -3944 872 6724 5572 -1450 -7233 END
START -3796 1132 6548 5950 -1600 -7354 END
START -3436 1284 6152 6291 -1610 -7415 END
START -3128 1448 6064 6625 -1571 -7482 END
START -2832 1676 5680 6941 -1398 -7543 END
START -2568 1720 5712 7204 -1175 -7531 END
START -2284 1828 5588 7422 -888 -7540 END
START -1924 2096 5328 7622 -521 -7523 END
START -1708 2368 5328 7781 -141 -7478 END
START -1360 2532 5268 7918 304 -7410 END
START -984 2752 5400 8031 836 -7312 END
START -624 2976 5228 8126 1310 -7170 END
START -440 3320 5536 8210 1805 -7029 END
START -344 3468 5520 8273 2277 -6849 END
START -364 3592 5768 8410 2708 -6708 END
START -212 3744 5996 8551 3017 -6524 END
START -24 3936 6276 8785 3302 -6367 END
START 28 4064 6428 9015 3432 -6195 END
START 56 4200 6664 9295 3547 -6007 END
START 112 4404 6912 9619 3611 -5796 END
START 288 4496 7056 9901 3618 -5540 END
START 404 4704 7264 10264 3616 -5309 END
START 532 4928 7580 10602 3546 -5035 END
START 416 5064 8024 11000 3373 -4770 END
START 420 5224 8572 11387 3067 -4473 END
START 420 5468 8920 11917 2710 -4210 END
START 356 5488 9100 11981 2298 -3934 END
START 320 5556 9476 12646 1788 -3661 END
START 352 5620 9456 12968 1325 -3413 END
START 472 5668 9556 13451 860 -3078 END
START 440 5612 9512 13858 483 -2828 END
START 816 5692 9456 14276 164 -2570 END
START 1052 5708 9488 14588 -72 -2275 END
START 1176 5680 9352 14878 -157 -2023 END
START 1204 5652 9324 15168 -112 -1758 END
START 1484 5688 9272 15359 -75 -1486 END
START 1584 5780 9304 15563 100 -1190 END
START 1620 5808 9352 15660 333 -890 END
START 1664 5832 9408 15752 725 -541 END
START 1808 5928 9404 15790 1171 -198 END
START 1908 5988 9356 15775 1712 182 END
START 1844 6020 9192 15683 2346 585 END
START 1832 6032 9524 15548 3065 973 END
START 1608 5832 9404 15432 3848 1317 END
START 1520 5764 9672 15176 4708 1620 END
START 1532 5532 9756 14925 5562 1990 END
START 1344 5528 10052 14639 6396 2301 END
START 1220 5388 10368 14351 7190 2661 END
START 1000 5528 10896 14081 7898 3037 END
START 568 5540 11244 13827 8597 3495 END
START 232 5488 11740 13607 9024 3915 END
START -252 5304 12224 13477 9335 4338 END
START -796 5120 12944 13403 9460 4724 END
START -1584 4892 13780 13374 9506 5080 END
START -2172 4348 14324 13454 9314 5329 END
START -2924 3880 14908 13554 8943 5558 END
START -3444 3456 15200 13720 8468 5675 END
START -3896 3072 15868 13812 7888 5757 END
START -4552 2896 16216 13994 7302 5795 END
START -4880 2648 16208 14152 6677 5840 END
START -5144 2352 16316 14299 6057 5862 END
START -5436 2140 16252 14455 5538 5943 END
START -5700 1960 16356 14576 5089 6011 END
START -6180 1584 16084 14778 4776 6013 END
START -6388 1284 16124 14931 4584 6058 END
START -6624 1104 16140 15063 4494 6075 END
START -6988 608 16196 15204 4526 6028 END
START -7412 108 16052 15214 4647 5940 END
START -7688 -172 15908 15197 4929 5867 END
START -8008 -636 16008 15094 5424 5745 END
START -8504 -1000 16128 14965 6012 5621 END
START -9108 -1436 16204 14689 6667 5453 END
START -9540 -1844 16432 14357 7357 5217 END
START -10216 -2260 16648 13965 8140 4921 END
START -11096 -2324 17200 13526 8969 4503 END
START -11856 -2768 17700 13064 9648 3989 END
START -12572 -3100 18152 12498 10321 3305 END
START -13320 -3368 18720 11852 10843 2573 END
START -13960 -3488 19104 11617 11402 1762 END
START -14412 -3492 19560 10975 11875 981 END
START -14896 -3448 20048 10438 12209 171 END
START -15448 -3500 20804 9920 12411 -653 END
START -15920 -3324 21556 9436 12316 -1537 END
START -16280 -3264 22496 9052 11913 -2372 END
START -16600 -3048 23400 8768 11186 -3195 END
START -16796 -2584 24736 8542 10166 -4059 END
START -16660 -2104 25360 8453 8943 -4761 END
START -16404 -1612 26136 8463 7607 -5431 END
START -16056 -1024 26588 8591 6136 -5981 END
START -15572 -464 26760 8751 4690 -6372 END
START -14824 -68 26792 8965 3306 -6734 END
START -14408 64 27052 9161 2017 -6927 END
START -13880 504 26976 9374 829 -7060 END
START -13216 960 26976 9519 -182 -7159 END
START -12512 1440 26768 9611 -980 -7212 END
START -11876 2196 26616 9694 -1631 -7261 END
START -11320 2776 26696 9701 -2181 -7283 END
START -10724 3236 27108 9664 -2671 -7285 END
START -10296 3712 27412 9522 -3005 -7281 END
START -9724 4020 27688 9311 -3273 -7244 END
START -9176 4380 27724 9045 -3423 -7210 END
START -8312 4768 28072 8643 -3443 -7185 END
START -7660 5084 28268 8119 -3243 -7100 END
START -6876 5468 28332 7468 -2884 -7054 END
START -6176 6008 28436 6716 -2449 -6963 END
START -5728 6564 28584 5822 -1841 -6876 END
START -5152 7144 28580 4818 -1254 -6696 END
START -4448 7540 28740 3850 -488 -6475 END
START -3696 7964 28704 2724 314 -6305 END
START -3444 8260 28800 1627 1147 -6120 END
START -3148 8492 28740 481 1869 -5919 END
START -3024 8464 28692 -622 2541 -5760 END
START -2896 8408 28708 -1759 3028 -5597 END
START -2716 8500 28484 -2859 3377 -5410 END
START -2668 8484 28280 -3852 3631 -5262 END
START -2388 8484 27844 -4841 3837 -5023 END
START -2216 8592 27208 -5701 3997 -4814 END
START -1964 8636 26708 -6516 4121 -4531 END
START -1804 8468 26184 -7171 4190 -4232 END
START -1676 8364 25428 -7804 4193 -3912 END
START -1408 8272 24612 -8263 4088 -3527 END
START -1208 8128 23948 -8663 4032 -3156 END
START -1080 7936 23080 -8984 3911 -2743 END
START -1016 7832 22344 -9156 3764 -2301 END
START -1248 7696 21776 -9320 3560 -1881 END
START -1252 7500 21012 -9370 3325 -1443 END
START -1392 7388 20664 -9401 2972 -982 END
START -1464 7152 20104 -9403 2566 -583 END
START -1600 6920 19416 -9368 2097 -140 END
START -1816 6516 18892 -9236 1604 268 END
START -1876 6280 18208 -9117 1161 652 END
START -1900 6000 17832 -8953 695 1010 END
START -2124 5884 16904 -8763 272 1312 END
START -2172 5696 16288 -8553 -108 1566 END
START -2260 5400 15564 -8308 -425 1844 END
START -2460 5048 14760 -8061 -648 2077 END
START -2424 4928 14192 -7808 -796 2225 END
START -2716 4668 13644 -7562 -927 2364 END
START -2740 4476 13288 -7305 -1041 2500 END
START -3052 4204 12828 -7062 -1188 2516 END
START -3068 4096 12732 -6802 -1327 2497 END
START -3420 3964 12400 -6567 -1565 2480 END
START -3464 3944 12328 -6254 -1844 2452 END
START -3564 3772 12156 -5986 -2109 2356 END
START -3636 3776 12116 -5672 -2363 2331 END
START -3668 3720 11824 -5314 -2657 2276 END
START -3768 3816 11976 -4943 -2925 2217 END
START -3796 3724 11820 -4613 -3233 2221 END
START -3636 3680 11924 -4294 -3453 2178 END
START -3572 3844 11796 -4004 -3695 2248 END
START -3344 3912 11736 -3761 -3774 2298 END
START -3340 4000 11736 -3534 -3852 2395 END
START -3160 4200 12000 -3406 -3832 2539 END
START -3160 4284 11852 -3258 -3773 2651 END
START -2992 4372 12064 -3169 -3680 2875 END
START -3072 4572 12136 -3188 -3506 3004 END
START -3080 4684 12396 -3175 -3381 3204 END
START -3220 4804 12440 -3227 -3208 3352 END
START -3328 4700 12516 -3293 -3115 3522 END
START -3524 4704 12932 -3359 -2992 3652 END
START -3636 4732 13200 -3436 -2948 3787 END
START -3700 4684 13412 -3450 -2885 3897 END
START -3848 4736 13600 -3504 -2871 4025 END