START -3108 2864 13680 726 3103 1477 END
START 1680 2952 5964 635 1868 1501 END
START -1196 3072 9288 669 2323 1835 END
START -1960 3176 12384 609 2526 2003 END
START -2340 3260 13136 650 2490 2191 END
START -2552 3380 13448 608 2431 2430 END
START -2540 3352 13520 567 2367 2628 END
START -2440 3484 13452 494 2224 2899 END
START -2652 3564 13428 423 2070 3179 END
START -2648 3624 13392 370 1923 3444 END
START -2656 3796 13240 283 1759 3686 END
START -2484 3956 12908 237 1552 3902 END
START -2360 3872 12604 161 1418 4040 END
START -2268 3816 12380 205 1404 4222 END
START -2248 3576 11844 231 1341 4359 END
START -2188 3388 11768 354 1397 4535 END
START -2128 2756 11756 605 1418 4691 END
START -2044 2292 11496 995 1554 4787 END
START -2120 2060 11244 1432 1684 4782 END
START -2024 1800 11124 1916 1872 4629 END
START -2428 1736 11340 2442 2082 4464 END
START -2576 1584 11224 2881 2183 4181 END
START -2948 1788 11392 3294 2257 3885 END
START -3064 1864 11572 3668 2244 3535 END
START -3272 1952 11912 3951 2160 3211 END
START -3400 2032 12156 4201 2023 2875 END
START -3532 2200 12192 4425 1831 2549 END
START -3628 2388 12436 4592 1709 2240 END
START -3352 2572 12600 4752 1639 1964 END
START -3308 2720 12552 4902 1551 1725 END
START -3152 2768 12972 5047 1529 1535 END
START -2988 2748 13056 5143 1545 1387 END
START -2780 2864 13148 5245 1538 1206 END
START -2728 2984 13380 5306 1595 1089 END
START -2660 3104 13516 5342 1622 1011 END
START -2516 3424 13704 5388 1818 935 END
START -2548 3552 13932 5398 1979 919 END
START -2588 3700 14244 5351 2056 904 END
START -2696 3744 14248 5213 2130 953 END
START -2668 3956 14664 5114 2140 986 END
START -2700 4068 14872 4889 2155 1118 END
START -2552 4196 14960 4654 2103 1243 END
START -2736 4216 15096 4437 2204 1340 END
START -3096 4168 15304 4234 2207 1456 END
START -3136 4076 15468 4035 2187 1567 END
START -3304 3848 15716 3878 2092 1611 END
START -3504 3840 15756 3748 2073 1621 END
START -3752 3816 15824 3617 2003 1623 END
START -3768 3852 15836 3497 1916 1611 END
START -3968 3948 16068 3350 1803 1561 END
START -3980 3976 15984 3235 1680 1507 END
START -3932 3824 16100 3060 1623 1444 END
START -4040 3920 16076 3031 1596 1424 END
START -4024 4072 16052 2953 1512 1424 END
START -4032 4040 15992 2914 1536 1359 END
START -4036 4116 15896 2874 1478 1351 END
START -3864 4028 16088 2865 1522 1307 END
START -3968 3960 16116 2811 1574 1289 END
START -3984 3968 16260 2812 1605 1232 END
START -4016 3768 16532 2751 1557 1182 END
START -4088 3824 16616 2694 1519 1108 END
START -4292 3796 16604 2646 1434 1042 END
START -4284 3712 16640 2552 1302 966 END
START -4528 3556 16792 2549 1125 869 END
START -4456 3328 17120 2498 956 772 END
START -4332 3320 17024 2506 786 721 END
START -4556 3208 16968 2544 660 620 END
START -4548 3116 17100 2585 526 524 END
START -4496 3092 17116 2640 363 430 END
START -4536 3056 17228 2693 170 351 END
START -4696 3136 17372 2791 -14 283 END
START -4604 3164 17284 2830 -191 202 END
START -4564 3276 17524 2887 -411 148 END
START -4580 3148 17432 2931 -544 104 END
START -4500 3180 17292 2906 -732 106 END
START -4184 3188 17532 2914 -821 30 END
START -4060 3320 17320 2880 -828 38 END
START -4004 3316 17260 2849 -844 12 END
START -3876 3192 17204 2819 -788 30 END
START -3824 3276 17220 2778 -796 52 END
START -3896 3260 17320 2729 -704 49 END
START -3760 3260 17444 2682 -641 57 END
START -3848 3264 17464 2642 -590 77 END
START -3544 3360 17620 2555 -482 105 END
START -3648 3340 17908 2466 -410 149 END
START -3636 3420 17948 2342 -283 186 END
START -3552 3468 17912 2148 -245 265 END
START -3588 3584 18000 1924 -168 324 END
START -3576 3736 18128 1706 -125 416 END
START -3672 3612 18192 1448 -74 487 END
START -3712 3656 18352 1235 -47 551 END
START -3636 3488 18200 1040 20 608 END
START -3744 3340 18352 871 50 679 END
START -3680 3176 18184 728 129 719 END
START -3864 3288 18372 634 223 744 END
START -4056 3224 18548 533 304 754 END
START -4308 3196 18472 444 316 728 END
START -4472 3248 18672 367 310 749 END
START -4576 3172 18716 295 292 678 END
START -4708 3120 18824 237 245 705 END
START -4888 2988 18952 192 194 646 END
START -4920 2972 19112 182 153 605 END
START -4964 2892 19292 132 114 578 END
START -4904 2848 19332 109 78 500 END
START -4948 2872 19368 40 9 442 END
START -4844 2800 19564 -14 -23 428 END
START -4876 2856 19672 -96 -103 380 END
START -4900 2844 19752 -218 -168 324 END
START -4740 2744 19740 -304 -202 270 END
START -4760 2728 19688 -393 -211 249 END
START -4816 2580 19988 -439 -219 300 END
START -4836 2488 20068 -488 -301 306 END
START -4832 2488 20112 -523 -316 356 END
START -4740 2472 20036 -556 -359 387 END
START -4752 2564 20268 -618 -336 434 END
START -4656 2380 20304 -696 -373 415 END
START -4716 2308 20312 -755 -344 417 END
START -4860 2144 20420 -915 -327 448 END
START -4932 2316 20492 -1031 -378 444 END
START -5064 2300 20736 -1127 -356 461 END
START -5064 2340 20688 -1208 -364 463 END
START -5152 2260 20884 -1298 -413 477 END
START -5204 2212 21124 -1334 -318 473 END
START -5164 2132 21296 -1396 -321 527 END
START -5184 2060 21416 -1497 -268 546 END
START -5180 1992 21700 -1644 -178 578 END
START -5036 2084 21764 -1813 -117 646 END
START -5056 2072 21892 -2038 -82 694 END
START -5172 1976 22060 -2322 1 767 END
START -5096 2000 22292 -2613 40 873 END
START -5204 1956 22464 -2950 49 1011 END
START -5236 1908 22772 -3296 96 1153 END
START -5296 1748 22876 -3635 90 1303 END
START -5324 1588 23000 -3917 91 1446 END
START -5292 1336 23012 -4213 113 1589 END
START -5300 936 23048 -4505 132 1725 END
START -5424 856 23120 -4800 118 1860 END
START -5612 612 23272 -5043 104 1997 END
START -5620 360 23288 -5333 126 2102 END
START -5680 208 23264 -5573 154 2147 END
START -5724 172 23172 -5817 169 2221 END
START -5772 -164 23068 -6075 239 2212 END
START -5724 -272 23208 -6348 318 2219 END
START -5820 -280 22964 -6585 473 2164 END
START -5896 -440 22844 -6794 593 2105 END
START -5948 -504 22740 -6992 716 1986 END
START -5960 -652 22780 -7158 913 1918 END
START -6092 -720 22780 -7257 1107 1773 END
START -6060 -840 22788 -7338 1375 1663 END
START -6112 -844 22724 -7387 1650 1544 END
START -6344 -824 22980 -7522 1931 1374 END
START -6472 -860 22888 -7575 2247 1259 END
START -6688 -688 23000 -7732 2488 1104 END
START -6852 -512 22920 -7894 2793 944 END
START -7204 -212 22904 -8118 3065 739 END
START -7552 48 22936 -8317 3260 564 END
START -7788 152 23032 -8530 3519 409 END
START -7980 272 23256 -8716 3660 205 END
START -8312 476 23104 -8952 3868 2 END
START -8524 516 23660 -9091 3972 -225 END
START -8836 704 23776 -9268 3990 -463 END
START -9080 740 23796 -9420 3907 -782 END
START -9180 1096 23928 -9575 3753 -1143 END
START -9196 1396 24152 -9771 3513 -1515 END
START -9204 1560 24100 -9914 3254 -1871 END
START -9160 1612 24148 -10085 2902 -2225 END
START -8968 2036 24032 -10242 2496 -2541 END
START -8812 2276 23856 -10441 2131 -2822 END
START -8628 2724 23608 -10622 1754 -3073 END
START -8316 3016 23252 -10753 1336 -3274 END
START -7896 3440 22924 -10912 1036 -3482 END
START -7636 3604 22388 -11041 715 -3616 END
START -7160 3924 22168 -11171 518 -3778 END
START -6820 4108 21856 -11322 322 -3897 END
START -6556 4364 21532 -11442 190 -3968 END
START -6332 4704 21132 -11612 44 -4015 END
START -5980 4856 20692 -11791 -101 -4000 END
START -5688 5208 20536 -12026 -268 -3970 END
START -5460 5312 20168 -12258 -428 -3966 END
START -4912 5520 19712 -12444 -561 -3955 END
START -4660 5452 19052 -12631 -719 -3882 END
START -4348 5520 18664 -12841 -803 -3823 END
START -4056 5708 18156 -13014 -873 -3776 END
START -3896 5768 17588 -13135 -956 -3664 END
START -3680 5924 16984 -13256 -980 -3625 END
START -3636 6092 16424 -13354 -1086 -3492 END
START -3456 6136 16152 -13489 -1225 -3370 END
START -3348 6068 15596 -13527 -1393 -3249 END
START -3132 5996 14984 -13567 -1490 -3147 END
START -2944 5784 14468 -13527 -1570 -3034 END
START -2804 5616 13916 -13439 -1598 -2962 END
START -2724 5556 13416 -13378 -1691 -2928 END
START -2588 5492 12760 -13280 -1757 -2913 END
START -2700 5480 12320 -13165 -1833 -2880 END
START -2544 5304 11820 -13003 -1916 -2851 END
START -2444 5332 11388 -12813 -2045 -2799 END
START -2360 5052 10884 -12593 -2124 -2727 END
START -2208 5012 10492 -12379 -2274 -2681 END
START -2300 4972 10168 -12079 -2355 -2612 END
START -2196 4824 9772 -11814 -2476 -2534 END
START -2120 4824 9416 -11474 -2607 -2467 END
START -2132 4596 8900 -11175 -2691 -2360 END
START -2004 4576 8624 -10881 -2743 -2274 END
START -1936 4536 8128 -10530 -2767 -2192 END
START -1812 4436 7792 -10236 -2856 -2082 END
START -1880 4244 7332 -9934 -2839 -1999 END
START -1704 4028 6932 -9658 -2811 -1937 END
START -1660 3844 6864 -9410 -2765 -1908 END
START -1768 3652 6708 -9158 -2682 -1866 END
START -1716 3344 6368 -8904 -2632 -1869 END
START -1716 3320 6096 -8706 -2556 -1889 END
START -1596 3196 5976 -8478 -2384 -1931 END
START -1480 3084 5732 -8273 -2211 -2007 END
START -1588 3148 5560 -8094 -1986 -2004 END
START -1580 3168 5408 -7892 -1751 -2061 END
START -1600 3196 5216 -7770 -1500 -2029 END
START -1612 3188 5076 -7636 -1248 -2007 END
START -1724 3108 4992 -7547 -1008 -1961 END
START -1704 3148 4820 -7469 -737 -1935 END
START -1764 2860 4608 -7422 -434 -1915 END
START -1864 2844 4320 -7318 -133 -1913 END
START -1812 2700 4480 -7226 140 -1952 END
START -1948 2688 4456 -7150 450 -1953 END
START -1936 2560 4620 -7025 676 -1942 END
START -2104 2528 4556 -6975 873 -1968 END
START -2060 2440 4604 -6838 1007 -1937 END
START -2152 2324 4408 -6767 1188 -1940 END
START -2184 2208 4568 -6660 1203 -1906 END
START -2380 2216 4580 -6529 1189 -1867 END
START -2448 2180 4676 -6432 1112 -1820 END
START -2556 2096 4596 -6235 988 -1781 END
START -2460 2060 4516 -6123 844 -1692 END
START -2592 1944 4284 -5876 698 -1683 END
START -2564 1872 4112 -5651 516 -1636 END
START -2488 1752 4120 -5345 392 -1568 END
START -2416 1788 3832 -5005 190 -1519 END
START -2504 1680 3540 -4685 69 -1454 END
START -2444 1676 3404 -4344 -56 -1366 END
START -2380 1556 3240 -4030 -243 -1306 END
START -2332 1480 3072 -3681 -326 -1259 END
START -2328 1368 3060 -3351 -415 -1166 END
START -2132 1320 2916 -3029 -552 -1108 END
START -2148 1152 2700 -2675 -638 -1041 END
START -2048 1200 2664 -2374 -646 -975 END
START -1992 944 2376 -2020 -712 -903 END
START -2064 976 2168 -1734 -732 -847 END
START -1992 996 2276 -1398 -715 -744 END
START -1912 984 2016 -1124 -662 -661 END
START -1776 796 1900 -855 -671 -541 END
START -1820 744 1832 -582 -593 -430 END
START -1720 812 1584 -290 -477 -345 END
START -1952 792 1520 86 -369 -221 END
START -1756 732 1372 386 -300 -103 END
START -1836 640 1072 715 -217 18 END
START -1824 464 1164 1035 -46 118 END
START -1912 352 1064 1427 44 193 END
START -2032 112 964 1848 137 229 END
START -2136 88 756 2376 229 316 END
START -2324 84 660 2867 362 319 END
START -2488 -4 760 3387 484 312 END
START -2860 40 764 3865 543 320 END
START -3044 140 1012 4360 564 285 END
START -3372 -40 1160 4895 569 211 END
START -3680 -68 1284 5335 520 122 END
START -3748 -240 1284 5814 444 -7 END
START -3948 -304 1540 6211 361 -171 END
START -3980 -524 1708 6618 284 -411 END
START -3944 -552 1820 6989 211 -619 END
START -3928 -540 1900 7382 152 -873 END
START -3904 -392 2256 7752 66 -1143 END
START -3872 -340 2352 8080 -30 -1297 END
START -3808 -204 2476 8395 -133 -1515 END
START -3780 -40 2496 8739 -166 -1596 END
START -3652 140 2672 9047 -192 -1715 END
START -3452 188 2772 9368 -108 -1761 END
START -3592 112 2676 9734 -22 -1835 END
START -3404 264 2772 10125 145 -1909 END
START -3364 360 3072 10477 364 -2002 END
START -3404 652 3272 10834 550 -2064 END
START -3488 832 3616 11136 724 -2133 END
START -3464 1028 3928 11504 917 -2184 END
START -3396 1180 4156 11860 1139 -2211 END
START -3372 1388 4428 12162 1403 -2206 END
START -3476 1516 4696 12310 1649 -2216 END
START -3476 1668 5040 12231 1881 -2223 END
START -3620 1776 5456 12605 2179 -2187 END
START -3480 1956 5908 12648 2392 -2187 END
START -3560 2220 6324 12724 2589 -2184 END
START -3792 2240 6756 12812 2746 -2203 END
START -3812 2364 7112 12791 2915 -2197 END
START -3912 2456 7620 12885 2975 -2157 END
START -4156 2528 7864 12914 3085 -2165 END
START -4240 2472 8480 13049 3113 -2115 END
START -4364 2652 8748 13183 3130 -2148 END
START -4472 2644 9172 13294 3149 -2171 END
START -4504 2828 9496 13420 3084 -2203 END
START -4728 2896 9820 13520 3020 -2270 END
START -4772 2864 10152 13601 2937 -2330 END
START -4772 2952 10636 13694 2810 -2438 END
START -4768 3008 10744 13759 2701 -2556 END
START -4832 3076 11044 13797 2595 -2621 END
START -4848 3112 11156 13882 2486 -2682 END
START -4864 3356 11480 13971 2375 -2719 END
START -4980 3572 11784 14099 2252 -2775 END
START -5200 3724 12216 14248 2114 -2771 END
START -5148 3756 12448 14397 1893 -2778 END
START -5248 3880 12784 14537 1683 -2777 END
START -5076 4024 12972 14686 1526 -2775 END
START -5132 4100 13316 14842 1322 -2752 END
START -5152 4172 13432 14975 1172 -2752 END
START -5004 4200 13572 15087 1072 -2710 END
START -5060 4340 14140 15204 937 -2714 END
START -4920 4392 14416 15292 872 -2693 END
START -4840 4384 14816 15378 804 -2681 END
START -4848 4312 15240 15433 697 -2702 END
START -4732 4468 15740 15447 590 -2710 END
START -4584 4428 15860 15457 485 -2752 END
START -4376 4572 16172 15405 474 -2744 END
START -4404 4528 16612 15316 497 -2789 END
START -4524 4732 16868 15234 589 -2809 END
START -4620 4768 17144 15124 593 -2866 END
START -4372 4680 17552 14909 649 -2943 END
START -4240 4764 17784 14702 763 -3046 END
START -4168 4632 17828 14517 886 -3161 END
START -4012 4492 18200 14336 1081 -3315 END
START -3996 4452 18544 14117 1313 -3475 END
START -3840 4356 18952 13944 1464 -3629 END
START -3708 4484 19388 13797 1627 -3760 END
START -3712 4640 19948 13645 1816 -3891 END
START -3508 4776 20216 13469 1929 -3953 END
START -3484 5080 20784 13287 1992 -3973 END
START -3204 5388 21152 13114 2061 -3957 END
START -3212 5396 21580 12957 2081 -3899 END
START -3244 5640 22060 12696 2035 -3811 END
START -3104 5716 22444 12502 1997 -3668 END
START -3280 5992 22900 12283 1827 -3502 END
START -3180 6028 23288 12526 1627 -3338 END
START -3316 6232 23784 12039 1346 -3120 END
START -3312 6396 24096 12056 1039 -2885 END
START -3264 6204 24320 12043 678 -2670 END
START -3264 6272 24764 12020 354 -2485 END
START -3312 6212 25068 11973 20 -2269 END
START -3448 6144 25136 11565 -327 -2112 END
START -3444 6216 25360 11495 -579 -2002 END
START -3184 6208 25476 11280 -726 -1922 END
START -3196 6268 25736 11061 -930 -1848 END
START -3188 6228 26032 10844 -1090 -1757 END
START -2960 6200 26252 10629 -1192 -1694 END
START -2740 5876 26324 10386 -1270 -1633 END
START -2556 5736 26644 10108 -1357 -1556 END
START -2560 5624 26644 9816 -1393 -1518 END
START -2252 5344 26896 9470 -1399 -1463 END
START -2088 5164 27264 9061 -1426 -1468 END
START -1932 4916 27228 8681 -1427 -1437 END
START -1860 4820 27388 8218 -1349 -1435 END
START -1940 4632 27436 7749 -1344 -1454 END
START -1684 4572 27272 7260 -1226 -1456 END
START -1612 4472 27380 6799 -1056 -1506 END
START -1576 4404 27304 6356 -905 -1481 END
START -1636 4520 27400 5927 -722 -1479 END
START -1852 4416 27376 5590 -553 -1471 END
START -2108 4568 27592 5228 -481 -1422 END
START -2336 4452 27836 4917 -536 -1324 END
START -2360 4476 28120 4580 -558 -1242 END
START -2356 4612 28112 4316 -651 -1201 END
START -2416 4564 28408 4061 -814 -1135 END
START -2488 4492 28304 3767 -972 -1141 END
START -2528 4252 28456 3540 -1130 -1141 END
START -2512 4140 28604 3277 -1257 -1180 END
START -2352 3984 28484 3009 -1370 -1199 END
START -2104 3936 28436 2772 -1394 -1251 END
START -2232 3908 28364 2424 -1384 -1288 END
START -2132 3884 28196 2114 -1309 -1319 END
START -1952 3796 28172 1688 -1248 -1305 END
START -1992 3872 28064 1381 -1117 -1316 END
START -1936 3800 28036 957 -913 -1253 END
START -1804 3784 27864 583 -723 -1251 END
START -1984 3636 27868 196 -503 -1176 END
START -1916 3604 27840 -155 -298 -1088 END
START -2056 3676 28100 -533 -186 -1018 END
START -2196 3636 28260 -915 -65 -890 END
START -2292 3524 28260 -1317 -27 -716 END
START -2456 3656 28392 -1723 -9 -511 END
START -2760 3484 28228 -2178 -67 -354 END
START -3060 3448 28184 -2566 -56 -158 END
START -3224 3332 28144 -2999 -135 22 END
START -3476 3264 28068 -3372 -194 248 END
START -3768 3088 27856 -3756 -294 421 END
START -3952 2876 27652 -4112 -320 581 END
START -4352 2684 27288 -4425 -365 721 END
START -4696 2600 26916 -4746 -400 805 END
START -4904 2472 26552 -5056 -367 851 END
START -5216 2360 26252 -5318 -355 924 END
START -5364 2124 25844 -5601 -364 891 END
START -5632 1960 25656 -5840 -256 845 END
START -5972 1540 25512 -6057 -183 763 END
START -6404 1432 25292 -6227 -153 621 END
START -6740 1332 25292 -6420 -131 448 END
START -6932 1308 25260 -6622 -166 206 END
START -7044 1212 25032 -6814 -256 5 END
START -7064 1236 25160 -6988 -333 -286 END
START -7064 1284 24884 -7223 -387 -531 END
START -7112 1140 24744 -7423 -448 -789 END
START -6892 1296 24496 -7661 -525 -1079 END
START -6908 1444 24464 -7908 -582 -1287 END
START -6796 1564 24272 -8172 -691 -1473 END
START -6592 1620 24140 -8424 -747 -1659 END
START -6460 1788 23640 -8669 -790 -1771 END
START -6396 1700 23280 -8848 -795 -1872 END
START -6264 1664 22964 -9054 -736 -1993 END
START -6224 1692 22584 -9227 -704 -2069 END
START -6172 1756 22408 -9346 -664 -2196 END
START -6148 1576 22280 -9483 -554 -2337 END
START -6248 1644 21876 -9622 -504 -2488 END
START -6204 1644 21960 -9816 -455 -2600 END
START -6192 1624 21892 -9954 -459 -2777 END
START -6180 1676 21612 -10184 -483 -2904 END
START -6108 1784 21340 -10356 -453 -3022 END
START -5952 1988 21332 -10632 -470 -3137 END
START -5840 2064 20880 -10892 -411 -3255 END
START -5568 2204 20840 -11165 -334 -3338 END
START -5388 2272 20656 -11457 -243 -3364 END
START -5176 2380 20252 -11737 -109 -3357 END
START -4992 2452 19976 -12044 87 -3358 END
START -4920 2564 19740 -12311 266 -3330 END
START -4920 2664 19332 -12491 446 -3321 END
START -4732 2756 19092 -12780 587 -3297 END
START -4760 2872 18760 -12981 741 -3287 END
START -4792 2928 18440 -13173 839 -3256 END
START -4856 2868 18240 -13318 953 -3321 END
START -4592 2736 17760 -13398 1124 -3358 END
START -4688 2836 17580 -13408 1292 -3456 END
START -4856 2800 17272 -13464 1360 -3538 END
START -5068 2908 16852 -13476 1324 -3598 END
START -4960 2880 16852 -13480 1353 -3698 END
START -4964 3112 16556 -13488 1280 -3799 END
START -5064 3212 16592 -13490 1143 -3913 END
START -4900 3232 16088 -13509 1000 -4009 END
START -4608 3252 15840 -13497 908 -4121 END
START -4472 3388 15580 -13496 765 -4165 END
START -4244 3448 15112 -13476 632 -4238 END
START -4084 3492 14880 -13469 541 -4266 END
START -3784 3628 14468 -13463 519 -4255 END
START -3600 3660 13992 -13425 485 -4224 END
START -3300 3616 13680 -13381 511 -4129 END
START -2920 3636 13208 -13377 568 -4070 END
START -2836 3552 12912 -13305 698 -3960 END
START -2672 3548 12640 -13251 824 -3826 END
START -2576 3380 12304 -13230 947 -3708 END
START -2432 3396 12320 -13193 1012 -3528 END
START -2476 3432 12204 -13154 1108 -3413 END
START -2532 3444 12256 -13153 1101 -3248 END
START -2460 3416 11776 -13136 1075 -3115 END
START -2452 3424 11988 -13146 938 -3001 END
START -2532 3512 11808 -13150 823 -2847 END
START -2392 3452 11760 -13155 703 -2710 END
START -2124 3464 11536 -13199 590 -2569 END
START -2052 3772 11364 -13237 455 -2447 END
START -2020 4032 11172 -13403 398 -2378 END
START -1848 4104 11148 -13557 296 -2277 END
START -1688 4260 10928 -13739 224 -2177 END
START -1592 4228 10736 -13989 186 -2009 END
START -1556 4248 10460 -14210 215 -1800 END
START -1436 4104 10132 -14398 171 -1565 END
START -1312 3936 9956 -14551 192 -1349 END
START -1232 3660 9576 -14675 237 -1136 END
START -1168 3376 9180 -14677 296 -1016 END
START -1512 3096 8992 -14607 365 -846 END
START -1732 2832 8684 -14472 367 -704 END
START -2096 2404 8444 -14230 354 -613 END
START -2304 2068 8176 -13928 269 -510 END
START -2280 1836 8060 -13537 229 -484 END
START -2364 1516 7608 -13080 216 -477 END
START -2548 1132 7408 -12593 213 -452 END
START -2704 956 7008 -12051 176 -537 END
START -2580 564 6796 -11512 187 -577 END
START -2664 384 6524 -10968 251 -621 END
START -2884 224 6456 -10416 345 -706 END
START -2860 92 6264 -9832 422 -734 END
START -3144 -24 6012 -9302 386 -802 END
START -3360 -32 5860 -8714 455 -798 END
START -3516 -16 5592 -8186 452 -865 END
START -3708 -4 5428 -7614 441 -884 END
START -3756 -52 5208 -7064 459 -912 END
START -3820 -144 4988 -6539 446 -920 END
START -3876 -120 4864 -5959 459 -949 END
START -3828 -304 4552 -5460 563 -991 END
START -3896 -268 4660 -4950 614 -1030 END
START -4200 -476 4640 -4531 677 -1036 END
START -4336 -380 4504 -4059 675 -1028 END
START -4476 -592 4556 -3692 714 -1043 END
START -4656 -508 4628 -3286 722 -1082 END