START -4340 4332 21444 4566 -417 6566 END
START -4536 4220 21768 5006 448 6650 END
START -5140 4028 22236 5350 1224 6666 END
START -5604 3888 22736 5556 1695 6586 END
START -5884 3684 22936 5656 1954 6434 END
START -6284 3512 23460 5646 2186 6158 END
START -6312 3268 23648 5581 2462 5855 END
START -6664 3080 24024 5453 2741 5458 END
START -6900 2848 24264 5263 3020 4996 END
START -7228 2684 24656 5045 3285 4438 END
START -7408 2576 24996 4726 3506 3814 END
START -7676 2600 25256 4404 3851 3154 END
START -7860 2600 25752 4009 4160 2503 END
START -7920 2496 26212 3555 4429 1765 END
START -8120 2536 26760 3101 4640 1166 END
START -8300 2516 27276 2730 4796 577 END
START -8180 2864 27656 2308 4789 52 END
START -8220 3284 27924 1812 4837 -464 END
START -8084 3860 28688 1186 4840 -1003 END
START -7952 4164 29264 543 4765 -1469 END
START -7900 4404 30024 -124 4527 -1875 END
START -7688 4540 30892 -804 4165 -2164 END
START -7472 4596 31496 -1371 3753 -2381 END
START -7104 4808 32280 -1935 3298 -2502 END
START -6836 4896 32767 -2460 2838 -2591 END
START -6624 5156 32767 -2918 2448 -2606 END
START -6372 5260 32767 -3438 2009 -2613 END
START -6068 5420 32767 -3983 1653 -2609 END
START -5856 5584 32767 -4560 1310 -2611 END
START -5632 5928 32767 -5226 1048 -2636 END
START -5584 6240 32767 -5915 815 -2637 END
START -5540 6592 32767 -6679 610 -2626 END
START -5452 6920 32767 -7434 414 -2633 END
START -5408 7000 32767 -8158 241 -2631 END
START -5392 7080 32767 -8887 131 -2609 END
START -5204 7240 32767 -9527 58 -2655 END
START -5028 7280 32767 -10111 50 -2703 END
START -4992 7252 32496 -10669 67 -2766 END
START -4660 7228 32232 -11122 124 -2907 END
START -4612 7252 32004 -11577 275 -3002 END
START -4348 7228 31672 -11995 408 -3169 END
START -4396 7428 31384 -12371 611 -3310 END
START -4344 7480 31208 -12748 833 -3479 END
START -4204 7664 30796 -13113 1050 -3625 END
START -4276 7628 30532 -13475 1234 -3796 END
START -4316 7692 30360 -13841 1434 -3996 END
START -4124 7680 30248 -14188 1578 -4192 END
START -4160 7708 30004 -14533 1732 -4414 END
START -4092 7716 29920 -14849 1865 -4586 END
START -3964 8024 29604 -15244 1972 -4814 END
START -3996 8160 29444 -15602 2071 -4981 END
START -3908 8264 29192 -15998 2129 -5165 END
START -3784 8452 28952 -16456 2204 -5300 END
START -3612 8632 28540 -16888 2238 -5474 END
START -3240 8556 28204 -17349 2301 -5610 END
START -3112 8572 27672 -17796 2368 -5753 END
START -2900 8672 27188 -18277 2444 -5856 END
START -2608 8608 26712 -18740 2470 -5971 END
START -2468 8684 26160 -19235 2479 -6100 END
START -2392 8720 25616 -19677 2478 -6247 END
START -2136 8944 25008 -20061 2399 -6349 END
START -1920 9184 24204 -20388 2408 -6429 END
START -1832 9440 23600 -20653 2412 -6442 END
START -1516 9408 23240 -20819 2362 -6401 END
START -1492 9468 22784 -20943 2280 -6299 END
START -1364 9516 22356 -21029 2203 -6158 END
START -1196 9688 21800 -21034 2056 -6011 END
START -1164 9716 21376 -21028 1906 -5831 END
START -884 9748 20852 -20983 1779 -5675 END
START -944 9808 20380 -20917 1584 -5498 END
START -712 9772 19964 -20839 1389 -5338 END
START -716 9496 19416 -20769 1225 -5198 END
START -624 9360 18860 -20671 1087 -5027 END
START -560 9144 18352 -20545 905 -4885 END
START -548 8964 17992 -20412 771 -4765 END
START -516 8692 17428 -20299 618 -4707 END
START -516 8700 16884 -20126 571 -4637 END
START -440 8544 16224 -19999 485 -4596 END
START -376 8612 15652 -19875 420 -4625 END
START -220 8544 15216 -19759 441 -4617 END
START -52 8552 14720 -19664 453 -4662 END
START 16 8512 14064 -19608 459 -4660 END
START 168 8500 13464 -19560 536 -4653 END
START 204 8524 13008 -19504 619 -4671 END
START 404 8456 12384 -19464 665 -4621 END
START 384 8412 12020 -19404 732 -4601 END
START 424 8452 11488 -19299 828 -4583 END
START 720 8404 11084 -19169 913 -4574 END
START 700 8324 10320 -19029 996 -4554 END
START 1060 8188 9876 -18876 1094 -4509 END
START 1156 8056 9368 -18692 1259 -4468 END
START 1300 7856 8928 -18548 1417 -4398 END
START 1484 7708 8348 -18390 1626 -4345 END
START 1716 7688 7760 -18219 1806 -4278 END
START 1952 7604 7272 -18115 2021 -4153 END
START 2232 7672 6888 -17957 2249 -4060 END
START 2232 7452 6568 -17791 2453 -3955 END
START 2384 7256 6252 -17605 2602 -3803 END
START 2468 7036 5916 -17412 2725 -3666 END
START 2572 6936 5680 -17163 2839 -3495 END
START 2480 6792 5580 -16907 2903 -3280 END
START 2632 6704 5036 -16569 3011 -3064 END
START 2420 6556 5104 -16242 3037 -2829 END
START 2512 6352 4696 -15870 3069 -2606 END
START 2272 6312 4616 -15512 3038 -2356 END
START 2172 6080 4528 -15072 2909 -2096 END
START 1868 6020 4568 -14632 2721 -1863 END
START 1504 5932 4644 -14169 2380 -1587 END
START 1284 5728 4496 -13677 1937 -1327 END
START 1040 5648 4340 -13140 1468 -1042 END
START 764 5484 3868 -12601 1015 -801 END
START 400 5228 3700 -12102 589 -560 END
START 276 4996 3204 -11508 223 -359 END
START 92 4824 2812 -10999 -45 -224 END
START 188 4532 2332 -10494 -218 -133 END
START -88 4260 1788 -9950 -368 -70 END
START -160 3880 1352 -9433 -408 -63 END
START -124 3700 996 -8897 -367 -71 END
START -284 3632 764 -8410 -212 -109 END
START -148 3444 672 -7923 -62 -114 END
START -488 3428 496 -7510 132 -200 END
START -604 3316 340 -7100 352 -262 END
START -752 3316 228 -6768 490 -348 END
START -788 3144 -184 -6427 684 -449 END
START -860 2916 -284 -6121 988 -584 END
START -680 2892 -620 -5833 1349 -722 END
START -656 2800 -720 -5545 1708 -804 END
START -816 2760 -792 -5279 2164 -956 END
START -812 2860 -1020 -5013 2601 -1062 END
START -844 2916 -928 -4722 3062 -1189 END
START -876 3068 -1080 -4503 3579 -1203 END
START -952 3136 -996 -4313 4059 -1236 END
START -936 3220 -880 -4176 4422 -1217 END
START -1124 3288 -508 -4105 4729 -1188 END
START -1240 3200 -348 -4043 4849 -1144 END
START -1416 3148 -188 -4041 4883 -1047 END
START -1440 2912 -40 -3987 4850 -924 END
START -1460 2856 -156 -3964 4742 -820 END
START -1504 2768 -284 -3868 4642 -698 END
START -1660 2744 -528 -3797 4511 -536 END
START -1748 2624 -576 -3631 4409 -383 END
START -1936 2604 -764 -3470 4293 -185 END
START -2176 2436 -1068 -3274 4124 -5 END
START -2292 2452 -1236 -3083 3918 176 END
START -2480 2356 -1408 -2810 3774 308 END
START -2708 2204 -1684 -2498 3556 451 END
START -2956 2052 -1972 -2146 3360 547 END
START -3068 1940 -2168 -1771 3123 651 END
START -3280 1652 -2576 -1274 2922 657 END
START -3548 1464 -2928 -721 2755 671 END
START -3968 1244 -3176 -131 2598 616 END
START -4196 1072 -3068 475 2434 540 END
START -4752 900 -3004 1177 2171 436 END
START -5036 800 -3048 1830 1883 271 END
START -5264 776 -3172 2545 1571 89 END
START -5544 672 -3052 3226 1246 -163 END
START -5764 464 -3172 3897 964 -446 END
START -5996 676 -3236 4554 727 -727 END
START -6148 500 -3544 5191 479 -1093 END
START -6020 612 -3428 5764 394 -1443 END
START -6176 768 -3648 6377 326 -1856 END
START -6136 832 -3776 6914 292 -2229 END
START -6008 956 -3568 7418 297 -2650 END
START -5932 1092 -3556 7912 287 -3016 END
START -5648 1312 -3524 8312 365 -3417 END
START -5568 1480 -3336 8708 417 -3739 END
START -5392 1640 -3080 9069 500 -4051 END
START -5148 1772 -2888 9412 493 -4334 END
START -4840 2008 -2668 9668 483 -4566 END
START -4500 2160 -2524 9952 470 -4702 END
START -4208 2488 -2328 10155 460 -4851 END
START -3816 2664 -2236 10374 537 -4926 END
START -3412 3048 -2280 10530 606 -4963 END
START -2928 3360 -2232 10669 792 -4947 END
START -2540 3564 -2132 10822 994 -4871 END
START -2172 3824 -2496 10940 1284 -4709 END
START -1860 4004 -2316 11087 1690 -4553 END
START -1680 3976 -2476 11188 2146 -4349 END
START -1420 4272 -2348 11325 2714 -4111 END
START -1376 4400 -2332 11457 3186 -3894 END
START -1448 4676 -2024 11581 3725 -3603 END
START -1572 4832 -1976 11888 4183 -3308 END
START -1556 4968 -1740 11952 4656 -2994 END
START -1740 5084 -1248 12272 5067 -2692 END
START -2240 5248 -892 12749 5451 -2432 END
START -2564 5364 -532 13135 5730 -2225 END
START -3028 5576 92 13569 5906 -2045 END
START -3448 5632 640 14052 6014 -1877 END
START -3868 5644 1404 14504 6013 -1755 END
START -4324 5584 2264 15003 5852 -1682 END
START -4860 5520 3108 15483 5440 -1602 END
START -5192 5368 4196 15943 4907 -1603 END
START -5692 5408 5016 16438 4159 -1640 END
START -6100 5284 5700 16925 3299 -1741 END
START -6252 5356 6064 17367 2402 -1897 END
START -6396 5264 6312 17846 1430 -2122 END
START -6464 5216 6644 18278 520 -2404 END
START -6456 5108 6784 18726 -313 -2673 END
START -6292 5016 6584 19126 -1027 -3060 END
START -6220 5016 6540 19507 -1625 -3425 END
START -5972 5096 6384 19847 -2098 -3837 END
START -5604 5436 6188 20144 -2377 -4220 END
START -5128 5884 5772 20403 -2477 -4664 END
START -4468 6376 5228 20474 -2281 -5087 END
START -3908 6808 5036 20549 -1906 -5369 END
START -3332 7420 5008 20577 -1260 -5577 END
START -2812 7996 4764 20566 -400 -5649 END
START -2408 8684 4772 20514 582 -5629 END
START -1868 9356 4680 20379 1668 -5579 END
START -1460 10236 4804 20146 2939 -5472 END
START -1208 10780 5328 19790 4288 -5339 END
START -1248 11348 5828 19437 5592 -5097 END
START -1364 11496 6676 19118 6756 -4819 END
START -1540 11632 7584 18888 7732 -4487 END
START -1728 11812 8500 18795 8436 -4138 END
START -2020 11692 9560 18822 8966 -3730 END
START -2588 11584 10956 19011 9086 -3423 END
START -2784 11384 12136 19357 8931 -3091 END
START -3044 11208 13408 19852 8416 -2843 END
START -3488 10820 14944 20420 7645 -2655 END
START -3836 10764 15944 21037 6506 -2497 END
START -3912 10488 16924 21687 5227 -2351 END
START -4044 10420 17652 22329 3751 -2256 END
START -4060 10104 18128 22959 2289 -2216 END
START -4000 10028 18548 23479 829 -2259 END
START -3860 9856 18552 23955 -483 -2420 END
START -3612 9692 18584 24265 -1574 -2659 END
START -3276 9692 18360 24555 -2488 -2951 END
START -2824 9868 18160 24755 -3138 -3263 END
START -2572 10136 18052 24859 -3591 -3555 END
START -2248 10536 18036 24907 -3718 -3804 END
START -1904 11112 17884 24850 -3655 -4023 END
START -1600 11540 17924 24693 -3409 -4243 END
START -1432 11884 17972 24500 -2879 -4414 END
START -964 12304 18136 24195 -2264 -4578 END
START -744 12668 18512 23851 -1435 -4697 END
START -428 12940 18920 23425 -586 -4743 END
START -388 13364 19400 22954 289 -4804 END
START -176 13724 20064 22428 1151 -4770 END
START 32 13920 20984 21856 2023 -4669 END
START 188 14268 21724 21242 2803 -4521 END
START 368 14316 22364 20598 3464 -4318 END
START 232 14368 23440 19854 3925 -4023 END
START 200 14336 24256 19121 4215 -3735 END
START 300 14236 25200 18392 4263 -3417 END
START 216 13952 25980 17695 4104 -3069 END
START 156 13948 26292 17051 3759 -2787 END
START 24 13668 27052 16491 3202 -2514 END
START -72 13496 27444 16032 2490 -2262 END
START 52 13184 27676 15726 1654 -2000 END
START 40 13000 27712 15512 798 -1694 END
START 112 12892 27740 15395 -84 -1442 END
START 232 12812 27536 15331 -966 -1136 END
START 244 12808 27496 15359 -1898 -868 END
START 420 12656 27268 15452 -2776 -546 END
START 380 12688 27408 15568 -3575 -210 END
START 532 12756 27496 15738 -4446 158 END
START 344 12832 27288 15900 -5205 479 END
START 188 12856 27348 16075 -5918 839 END
START 104 12724 27356 16206 -6604 1236 END
START -232 12472 27540 16321 -7286 1589 END
START -424 12124 27692 16384 -7927 1834 END
START -672 11644 27664 16373 -8566 1993 END
START -792 11160 27468 16316 -9149 2011 END
START -888 10740 26944 16165 -9586 1927 END
START -932 10392 26552 15990 -9758 1759 END
START -856 9844 25868 15677 -9737 1478 END
START -716 9404 25184 15329 -9414 1116 END
START -524 9048 24396 14833 -8839 671 END
START -360 8832 23644 14289 -7994 234 END
START -112 8940 23044 13631 -6959 -306 END
START -36 8784 22264 12931 -5787 -786 END
START 148 8848 21980 12297 -4524 -1268 END
START 344 9000 21636 11597 -3183 -1745 END
START 404 9020 21532 10843 -1709 -2112 END
START 500 9008 21780 10203 -321 -2430 END
START 440 9268 22052 9614 969 -2632 END
START 268 9588 22744 9121 2102 -2735 END
START 108 9636 23468 8656 2811 -2755 END
START -296 9964 24400 8269 3299 -2656 END
START -720 9912 25248 7978 3464 -2538 END
START -1132 9884 26276 7757 3415 -2322 END
START -1404 9820 27180 7676 3075 -2093 END
START -1708 9764 28040 7670 2599 -1845 END
START -1924 9708 28632 7698 2001 -1599 END
START -2244 9636 29256 7732 1295 -1306 END
START -2472 9608 29720 7761 532 -1052 END
START -2776 9652 30048 7693 -289 -787 END
START -2832 9848 30372 7558 -1075 -614 END
START -3056 9852 30500 7185 -1812 -421 END
START -2944 9984 30424 6817 -2463 -331 END
START -3108 10016 30756 6300 -3070 -272 END
START -2984 9832 31028 5699 -3608 -305 END
START -3228 9960 31128 4916 -4139 -360 END
START -3044 9748 31620 4006 -4642 -486 END
START -2676 9744 31452 3167 -4812 -599 END
START -2400 9848 31136 2366 -4862 -789 END
START -2464 10120 30672 1793 -4748 -962 END
START -2124 10168 30436 1277 -4562 -1084 END
START -2100 10228 30084 853 -4262 -1159 END
START -1928 10384 29536 517 -3848 -1282 END
START -1608 10404 29040 280 -3311 -1389 END
START -1420 10492 28692 136 -2693 -1509 END
START -1340 10432 27916 76 -1934 -1643 END
START -1108 10124 27652 72 -1166 -1820 END
START -1264 9892 27748 28 -472 -2040 END
START -1428 9540 27932 -88 219 -2312 END
START -1708 9496 28212 -367 737 -2627 END
START -1840 10112 28428 -773 1266 -2839 END
START -2036 10652 28968 -1322 1656 -3001 END
START -2232 11024 29272 -2036 1935 -3036 END
START -2292 11484 29856 -2817 2119 -2924 END
START -2340 11632 30620 -3584 2250 -2662 END
START -2608 11696 31236 -4303 2225 -2358 END
START -2808 11684 31588 -5003 2117 -1972 END
START -2968 11784 31936 -5547 1948 -1616 END
START -3300 11636 32168 -6050 1747 -1295 END
START -3604 11660 32480 -6422 1407 -968 END
START -4068 11352 32684 -6738 1056 -726 END
START -4540 11316 32684 -7003 559 -452 END
START -4948 11228 32524 -7211 131 -239 END
START -5264 11104 32592 -7399 -300 -27 END
START -5568 11016 32452 -7615 -650 123 END
START -5896 10960 32276 -7825 -1025 255 END
START -6272 10864 32184 -8073 -1327 302 END
START -6628 10632 31772 -8374 -1603 307 END
START -6916 10632 31784 -8698 -1816 275 END
START -7208 10444 31512 -9102 -1940 166 END
START -7548 10248 31252 -9550 -2009 -69 END
START -7672 10228 30988 -9999 -2026 -310 END
START -7804 10000 30576 -10508 -1946 -655 END
START -7904 9916 30304 -11050 -1740 -1045 END
START -8092 9764 30152 -11566 -1434 -1491 END
START -7972 9576 29756 -12149 -1015 -1974 END
START -8076 9592 29564 -12728 -514 -2463 END
START -8104 9592 29540 -13331 -75 -2920 END
START -8236 9824 29460 -13909 405 -3397 END
START -8232 9980 29436 -14506 908 -3857 END
START -8196 9988 29476 -15121 1401 -4262 END
START -8016 10004 29588 -15704 1924 -4666 END
START -7952 10176 29284 -16330 2428 -5029 END
START -7936 10180 29504 -16988 2933 -5406 END
START -7828 10464 29668 -17643 3328 -5765 END
START -7724 10764 29764 -18368 3674 -6129 END
START -7688 10932 30272 -19036 3787 -6393 END
START -7732 11248 30196 -19792 3797 -6655 END
START -7636 11392 30396 -20439 3600 -6832 END
START -7520 11632 30208 -21072 3396 -6966 END
START -7136 11800 29880 -21656 3178 -7042 END
START -6828 11924 29384 -22158 2973 -7081 END
START -6704 12148 28952 -22618 2733 -7095 END
START -6628 12312 28632 -23038 2375 -7043 END
START -6796 12576 28240 -23396 1975 -6966 END
START -6584 12588 27652 -23700 1532 -6825 END
START -6644 12688 27032 -23935 1049 -6639 END
START -6676 12732 26268 -24110 591 -6467 END
START -6728 12668 25780 -24225 114 -6294 END
START -6688 12700 25128 -24226 -337 -6159 END
START -6860 12580 24224 -24160 -719 -6092 END
START -6812 12604 23668 -24022 -1090 -6023 END
START -6964 12424 23128 -23889 -1439 -6018 END
START -7032 12408 22560 -23724 -1800 -6086 END
START -7000 12284 22036 -23567 -2169 -6211 END
START -6868 12296 21560 -23477 -2530 -6307 END
START -6880 12140 20856 -23407 -2891 -6530 END
START -6748 11940 20424 -23314 -3263 -6727 END
START -6480 11828 19732 -23237 -3580 -6930 END
START -6396 11572 18992 -23147 -3840 -7147 END
START -6072 11544 18248 -23035 -3899 -7327 END
START -5708 11464 17432 -22899 -3909 -7481 END
START -5144 11408 16220 -22759 -3722 -7652 END
START -4924 11324 15372 -22654 -3391 -7822 END
START -4532 11328 14812 -22581 -2942 -7968 END
START -4252 11284 14004 -22598 -2290 -8079 END
START -3908 11360 13488 -22649 -1565 -8212 END
START -3628 11252 12968 -22779 -762 -8289 END
START -3368 11232 12500 -22948 107 -8360 END
START -3148 11188 11996 -23201 955 -8430 END
START -3000 11124 12048 -23460 1697 -8485 END
START -3040 10964 12012 -23761 2303 -8513 END
START -3032 10720 12256 -23996 2650 -8577 END
START -3044 10660 12444 -24220 2726 -8611 END
START -3276 10584 12780 -24344 2436 -8618 END
START -3408 10480 12872 -24384 1997 -8611 END
START -3368 10440 12624 -24296 1262 -8554 END
START -3352 10444 12460 -24072 367 -8462 END
START -3200 10296 12128 -23698 -510 -8364 END
START -3028 10380 11608 -23229 -1485 -8203 END
START -2972 10408 11116 -22728 -2447 -8004 END
START -2936 10412 10528 -22157 -3473 -7723 END
START -2644 10480 9692 -21652 -4453 -7418 END
START -2260 10460 9056 -21121 -5359 -7131 END
START -1972 10344 8124 -20605 -6174 -6800 END
START -1688 10064 7436 -20102 -6887 -6477 END
START -1292 9820 6364 -19654 -7441 -6153 END
START -1048 9572 5344 -19153 -7895 -5884 END
START -848 9292 4536 -18733 -8163 -5591 END
START -496 9068 3372 -18226 -8222 -5299 END
START -256 8660 2448 -17872 -8216 -5026 END
START -80 8444 1604 -17495 -8062 -4753 END
START 16 7992 564 -17192 -7751 -4473 END
START 208 7452 -272 -16864 -7374 -4242 END
START 296 6988 -1156 -16578 -6873 -4069 END
START 448 6696 -1612 -16276 -6248 -3945 END
START 672 6264 -2508 -15929 -5486 -3856 END
START 592 5812 -3160 -15583 -4562 -3769 END
START 996 5460 -3856 -15259 -3686 -3750 END
START 1008 5128 -4304 -14847 -2668 -3645 END
START 904 4820 -4600 -14477 -1768 -3554 END
START 872 4660 -4876 -14051 -808 -3492 END
START 712 4472 -4828 -13598 9 -3397 END
START 420 4320 -5076 -13133 789 -3331 END
START 240 4020 -5092 -12617 1474 -3250 END
START 60 3700 -4824 -12034 2049 -3208 END
START -140 3396 -4372 -11439 2549 -3146 END
START -344 3224 -4004 -10702 2821 -3063 END
START -636 3100 -3776 -9904 2975 -2946 END
START -804 3136 -3448 -9190 2989 -2913 END
START -876 3156 -3244 -8529 2883 -2912 END
START -812 3020 -2984 -7921 2735 -2918 END
START -948 2756 -2656 -7269 2441 -2898 END
START -1112 2688 -2564 -6629 2157 -2880 END
START -1000 2568 -2120 -5952 1813 -2772 END
START -1108 2492 -2100 -5219 1499 -2719 END
START -1208 2272 -1932 -4509 1145 -2628 END
START -1104 2208 -1308 -3736 764 -2504 END
START -1132 2084 -1264 -2923 362 -2347 END
START -1028 1952 -1052 -2166 -44 -2230 END
START -860 1904 -840 -1538 -400 -2192 END
START -976 1824 -572 -1066 -753 -2160 END
START -1012 1648 -488 -659 -1071 -2178 END
START -956 1552 -76 -273 -1410 -2125 END
START -720 1496 40 44 -1635 -2110 END
START -576 1540 -100 289 -1772 -2081 END
START -384 1560 -92 470 -1774 -2122 END
START -316 1608 -144 601 -1784 -2135 END
START -484 1896 -20 622 -1681 -2167 END