START -2700 5992 14204 2398 3935 2932 END
START -3080 6060 14500 2346 3883 2926 END
START -3312 6084 14896 2374 3786 2901 END
START -3568 5996 15264 2471 3607 2907 END
START -3764 6048 15680 2578 3276 2881 END
START -3876 6064 15976 2744 2895 2836 END
START -4084 6140 16336 2856 2455 2778 END
START -4308 6276 16484 3005 1887 2686 END
START -4380 6252 16612 3110 1265 2564 END
START -4380 6228 16888 3219 725 2388 END
START -4396 6140 16788 3339 247 2243 END
START -4200 6072 16920 3433 -178 2051 END
START -4132 6160 16960 3550 -586 1852 END
START -4116 6160 17044 3693 -920 1713 END
START -4092 6360 16996 3820 -1212 1519 END
START -4020 6564 17152 3950 -1475 1393 END
START -3980 6676 17268 4048 -1692 1290 END
START -3880 6760 17284 4134 -1886 1164 END
START -3892 6876 17208 4180 -1996 1047 END
START -3792 7052 17396 4209 -1996 939 END
START -3636 7020 17336 4212 -1925 805 END
START -3588 7288 17552 4128 -1806 704 END
START -3572 7408 17676 4072 -1623 617 END
START -3420 7692 17848 3929 -1419 542 END
START -3304 7756 17996 3780 -1124 461 END
START -3228 7884 17988 3593 -690 489 END
START -3216 7908 18248 3378 -261 516 END
START -3120 8028 18560 3096 204 586 END
START -3076 8216 18988 2831 660 638 END
START -3328 8296 19504 2497 1022 736 END
START -3508 8296 20128 2163 1317 823 END
START -3712 8284 20512 1807 1455 869 END
START -3836 8416 21108 1490 1476 904 END
START -3996 8364 21672 1172 1372 929 END
START -4108 8352 22092 916 1223 912 END
START -4184 8244 22604 655 978 878 END
START -4092 8316 22948 392 680 850 END
START -4156 8332 23400 121 299 825 END
START -4060 8348 23580 -128 -151 808 END
START -4088 8372 23972 -387 -593 837 END
START -3972 8592 24116 -579 -1022 871 END
START -4020 8684 24404 -815 -1460 918 END
START -4068 8816 24580 -1025 -1955 1019 END
START -4044 8920 24668 -1245 -2530 1149 END
START -3928 8936 24704 -1463 -2991 1251 END
START -3784 9028 24804 -1686 -3460 1375 END
START -3772 9020 24680 -1920 -3876 1483 END
START -3848 8848 24504 -2237 -4241 1587 END
START -3628 8808 24300 -2500 -4529 1667 END
START -3500 8636 24088 -2804 -4728 1728 END
START -3388 8700 23704 -3109 -4807 1790 END
START -3488 8696 23520 -3439 -4700 1786 END
START -3520 8716 23272 -3757 -4569 1787 END
START -3512 8856 23024 -4093 -4294 1792 END
START -3472 8640 22836 -4428 -4007 1758 END
START -3612 8616 22732 -4763 -3631 1743 END
START -3704 8400 22588 -5123 -3211 1672 END
START -3876 8468 22740 -5452 -2718 1679 END
START -4000 8292 22836 -5807 -2257 1615 END
START -4040 8272 22812 -6147 -1796 1542 END
START -4164 8160 23024 -6506 -1270 1427 END
START -4188 8168 22928 -6856 -764 1347 END
START -4284 8160 22904 -7216 -259 1237 END
START -4596 8072 23148 -7592 157 1141 END
START -4560 7916 23304 -7951 480 1052 END
START -4720 7944 23468 -8260 718 921 END
START -4916 7936 23724 -8575 890 773 END
START -5004 7776 23856 -8871 906 597 END
START -4952 7736 24040 -9092 859 401 END
START -4924 7748 24196 -9288 777 247 END
START -4900 7824 24188 -9437 624 65 END
START -4796 7972 24396 -9567 413 -21 END
START -4740 8080 24404 -9667 45 -123 END
START -4576 8176 24268 -9814 -223 -196 END
START -4188 8092 24080 -9901 -462 -238 END
START -4124 8124 23756 -10076 -623 -218 END
START -4200 8208 23840 -10240 -789 -242 END
START -4020 8264 23748 -10401 -927 -228 END
START -3956 8304 23544 -10591 -1064 -194 END
START -3876 8320 23740 -10794 -1138 -140 END
START -3844 8344 23620 -10993 -1200 -89 END
START -3828 8340 23540 -11215 -1290 -40 END
START -4036 8308 23496 -11426 -1386 -19 END
START -3908 8368 23464 -11629 -1506 -31 END
START -4032 8444 23444 -11781 -1612 -116 END
START -4008 8400 23540 -11971 -1734 -182 END
START -4028 8244 23428 -12085 -1839 -273 END
START -3860 8240 23092 -12264 -1851 -344 END
START -3896 8272 22880 -12467 -1823 -406 END
START -3844 8140 22684 -12671 -1687 -452 END
START -3712 8116 22384 -12915 -1468 -513 END
START -3672 8208 22168 -13199 -1219 -599 END
START -3568 8128 21852 -13555 -919 -670 END
START -3356 8148 21400 -13920 -528 -752 END
START -3192 8008 21128 -14282 -52 -858 END
START -2908 7912 20760 -14707 463 -932 END
START -2976 8012 20552 -15092 983 -1008 END
START -2936 7972 20552 -15466 1512 -1077 END
START -2944 8052 20472 -15832 1944 -1067 END
START -2988 7848 20448 -16133 2300 -1121 END
START -3028 7836 20580 -16427 2574 -1110 END
START -3184 7860 20644 -16645 2772 -1132 END
START -3408 7760 20648 -16859 2862 -1124 END
START -3448 7748 20676 -16998 2861 -1149 END
START -3656 7736 21016 -17107 2744 -1166 END
START -3908 7844 20600 -17154 2520 -1183 END
START -3932 7820 20512 -17162 2159 -1233 END
START -3820 7884 20492 -17125 1785 -1263 END
START -3760 7744 20084 -17092 1414 -1251 END
START -3780 7728 19860 -17001 1003 -1242 END
START -3736 7836 19720 -16895 584 -1217 END
START -3720 7696 19608 -16828 176 -1206 END
START -3644 7712 19484 -16731 -297 -1166 END
START -3836 7636 19396 -16676 -767 -1175 END
START -3652 7580 19012 -16643 -1269 -1175 END
START -3596 7376 18612 -16575 -1727 -1197 END
START -3452 7172 18228 -16532 -2157 -1258 END
START -3352 7112 17792 -16492 -2528 -1330 END
START -3244 7004 17364 -16450 -2836 -1393 END
START -3040 6872 16508 -16390 -3101 -1458 END
START -2692 6868 16048 -16351 -3245 -1529 END
START -2640 6852 15396 -16311 -3286 -1557 END
START -2480 6888 14804 -16289 -3287 -1629 END
START -2232 6848 14052 -16308 -3121 -1685 END
START -2008 6776 13436 -16335 -2919 -1759 END
START -1860 6716 12692 -16363 -2603 -1851 END
START -1600 6696 12056 -16397 -2149 -1956 END
START -1392 6616 11540 -16385 -1674 -2073 END
START -1188 6612 11088 -16361 -1107 -2172 END
START -1112 6668 10920 -16318 -509 -2269 END
START -1236 6772 10868 -16317 64 -2291 END
START -1240 7088 10772 -16291 548 -2259 END
START -1188 7128 10572 -16394 1031 -2125 END
START -1172 7120 10744 -16515 1481 -1996 END
START -1292 7044 10748 -16680 1882 -1851 END
START -1260 6980 10680 -16851 2229 -1778 END
START -1200 6772 10400 -17042 2556 -1690 END
START -1408 6648 10412 -17137 2874 -1627 END
START -1432 6400 10380 -17243 3110 -1570 END
START -1468 6136 10276 -17285 3234 -1535 END
START -1516 6028 10392 -17290 3284 -1493 END
START -1752 5908 10240 -17230 3260 -1488 END
START -1916 5740 10168 -17145 3103 -1415 END
START -2040 5624 10152 -17057 2891 -1365 END
START -2096 5368 9860 -16913 2538 -1322 END
START -2040 5428 9720 -16787 2118 -1276 END
START -2024 5312 9316 -16607 1702 -1232 END
START -1992 5228 8860 -16412 1146 -1191 END
START -2004 5132 8504 -16132 677 -1134 END
START -1808 4976 7704 -15795 202 -1059 END
START -1724 4800 6972 -15453 -161 -970 END
START -1620 4692 6288 -15089 -477 -893 END
START -1516 4624 5592 -14648 -816 -776 END
START -1220 4460 4912 -14250 -953 -706 END
START -1220 4168 4112 -13826 -1091 -637 END
START -1072 4056 3576 -13383 -1088 -604 END
START -940 4056 2904 -12961 -1047 -584 END
START -948 3916 2496 -12561 -939 -605 END
START -976 3760 1980 -12184 -766 -575 END
START -768 3788 1300 -11819 -587 -575 END
START -932 3728 776 -11462 -307 -567 END
START -844 3520 600 -11074 -30 -577 END
START -904 3472 12 -10717 274 -585 END
START -864 3436 -284 -10380 600 -604 END
START -788 3228 -644 -9984 955 -669 END
START -832 3076 -1072 -9611 1352 -752 END
START -656 2880 -1192 -9209 1743 -830 END
START -740 2852 -1392 -8787 2194 -949 END
START -776 2692 -1532 -8391 2635 -1036 END
START -656 2804 -1548 -7985 3076 -1128 END
START -696 2684 -1444 -7611 3473 -1125 END
START -648 2884 -1476 -7296 3806 -1140 END
START -728 2824 -1384 -6976 4108 -1079 END
START -760 2840 -1064 -6700 4344 -1060 END
START -676 2780 -944 -6369 4454 -1004 END
START -944 2864 -464 -6056 4512 -933 END
START -1036 2760 -376 -5768 4430 -909 END
START -1044 2792 -100 -5420 4249 -854 END
START -1236 2812 112 -5025 3958 -786 END
START -1176 2720 360 -4658 3628 -703 END
START -1264 2764 388 -4251 3128 -610 END
START -1308 2952 708 -3828 2578 -496 END
START -1208 2792 844 -3372 1988 -359 END
START -1332 2808 812 -2930 1364 -234 END
START -1236 2708 768 -2439 688 -98 END
START -1320 2604 764 -1968 33 69 END
START -1228 2508 316 -1462 -580 185 END
START -1032 2432 124 -919 -1093 309 END
START -932 2296 -124 -355 -1533 441 END
START -912 2280 -676 240 -1845 583 END
START -940 2228 -972 770 -2050 706 END
START -964 2228 -1164 1327 -2226 815 END
START -1012 2176 -1544 1863 -2268 924 END
START -1080 2236 -1588 2368 -2249 1061 END
START -1052 2120 -1944 2809 -2177 1143 END
START -1176 2124 -2188 3236 -1961 1225 END
START -1320 1988 -2316 3627 -1720 1233 END
START -1360 1840 -2376 3960 -1358 1239 END
START -1464 1760 -2624 4248 -889 1233 END
START -1448 1672 -2616 4482 -331 1203 END
START -1692 1504 -2648 4737 224 1093 END
START -1900 1528 -2704 4970 822 1005 END
START -1944 1548 -2620 5186 1454 894 END
START -2244 1616 -2344 5408 2077 743 END
START -2736 1568 -1972 5682 2554 611 END
START -3108 1508 -1496 5975 2933 453 END
START -3656 1452 -1092 6309 3170 230 END
START -3904 1180 -700 6660 3327 23 END
START -4172 916 -220 7040 3426 -249 END
START -4276 788 24 7448 3462 -543 END
START -4468 604 440 7899 3444 -823 END
START -4680 404 960 8315 3357 -1129 END
START -4784 296 1320 8754 3192 -1470 END
START -4972 440 1644 9169 2908 -1840 END
START -5064 312 2060 9568 2582 -2199 END
START -5060 488 2304 10022 2192 -2610 END
START -5124 528 2796 10446 1850 -2995 END
START -4884 804 2984 10841 1455 -3378 END
START -4640 1068 2960 11315 1126 -3737 END
START -4356 1416 3276 11789 809 -4036 END
START -4108 1724 3280 12005 551 -4245 END
START -3708 1968 3332 12557 396 -4418 END
START -3408 2184 3388 12890 285 -4536 END
START -3180 2576 3316 13178 374 -4594 END
START -2880 2992 3536 13448 594 -4617 END
START -2696 3236 3524 13653 853 -4568 END
START -2568 3596 3552 13842 1288 -4482 END
START -2480 4136 3776 13966 1827 -4375 END
START -2320 4420 3896 14003 2497 -4227 END
START -2468 4716 4276 14016 3134 -4086 END
START -2628 4764 4820 13995 3756 -3954 END
START -2660 4880 5316 13976 4336 -3866 END
START -2856 4928 6072 13977 4811 -3778 END
START -3096 4972 6892 13937 5123 -3700 END
START -3508 4860 7572 14022 5291 -3660 END
START -3792 4872 8468 14114 5265 -3621 END
START -4120 4812 9284 14308 5199 -3575 END
START -4348 4648 10032 14554 4947 -3594 END
START -4572 4640 10748 14862 4546 -3620 END
START -4944 4656 11768 15211 4020 -3629 END
START -5300 4756 12604 15603 3212 -3698 END
START -5536 4644 13460 16010 2307 -3773 END
START -5668 4572 14336 16461 1179 -3827 END
START -5644 4416 14924 16891 13 -3905 END
START -5736 4520 15280 17305 -1138 -3979 END
START -5848 4596 15720 17765 -2356 -4077 END
START -5720 4720 15972 18166 -3552 -4168 END
START -5604 4688 16072 18532 -4666 -4231 END
START -5596 4652 16200 18883 -5658 -4303 END
START -5308 4680 15928 19129 -6365 -4391 END
START -5352 4792 15564 19332 -6770 -4443 END
START -5108 4828 14820 19361 -6818 -4524 END
START -4904 4912 14356 19298 -6465 -4623 END
START -4796 4820 13884 19059 -5726 -4803 END
START -4700 4920 13252 18662 -4569 -4975 END
START -4776 5004 12704 18066 -3062 -5227 END
START -4780 5004 12224 17331 -1300 -5526 END
START -4844 4884 12180 16470 684 -5881 END
START -4892 4824 12212 15578 2718 -6324 END
START -5104 4740 12320 14612 4723 -6777 END
START -5336 4572 12576 13687 6687 -7345 END
START -5660 4536 12908 12825 8531 -7959 END
START -5908 4328 13584 12105 10128 -8610 END
START -6344 4192 14724 11479 11362 -9274 END
START -6604 4200 15752 11079 12171 -10004 END
START -6908 4276 16920 10892 12505 -10662 END
START -6944 4712 18700 10905 12395 -11346 END
START -6848 5184 19716 11073 11796 -11898 END
START -6584 5784 20748 11465 10821 -12305 END
START -6092 6372 21648 11947 9527 -12591 END
START -5544 7044 22120 12405 8136 -12724 END
START -4756 7696 22268 12927 6586 -12738 END
START -3820 8204 22376 13454 5045 -12562 END
START -2996 8848 22412 14025 3609 -12241 END
START -1956 9292 22152 14534 2396 -11774 END
START -948 9560 21844 14954 1419 -11146 END
START -272 9908 21872 15290 654 -10397 END
START 180 10092 21628 15497 35 -9547 END
START 692 10240 21584 15616 -431 -8574 END
START 1008 10400 21620 15626 -754 -7592 END
START 1108 10504 21436 15540 -1003 -6542 END
START 984 10268 21324 15338 -1118 -5554 END
START 940 10052 21108 15061 -1133 -4606 END
START 516 9784 20864 14751 -1044 -3753 END
START 160 9496 20600 14337 -851 -3011 END
START -704 9224 20452 13917 -699 -2390 END
START -1000 9080 20216 13480 -542 -1895 END
START -1716 8816 19752 13019 -291 -1552 END
START -2452 8308 19364 12530 -48 -1407 END
START -3004 7832 18752 12317 254 -1327 END
START -3420 7548 18320 11988 537 -1398 END
START -3768 7184 17576 11692 927 -1596 END
START -4180 6944 17232 11473 1414 -1898 END
START -4592 6784 17240 11336 1804 -2226 END
START -5016 6792 17076 11353 2120 -2611 END
START -5248 6820 17036 11381 2302 -3028 END
START -5372 6916 17552 11529 2339 -3469 END
START -5332 6968 17632 11691 2276 -3938 END
START -5220 7008 17816 11964 2125 -4399 END
START -4756 7208 17928 12110 1980 -4886 END
START -4316 7208 17816 12258 1828 -5208 END
START -3656 7496 18116 12221 1698 -5515 END
START -3344 7704 18396 12218 1564 -5665 END
START -2896 8056 18592 12336 1414 -5647 END
START -2580 8460 18540 12112 1291 -5513 END
START -2244 8856 18688 11966 1153 -5238 END
START -2060 9136 18664 11672 1053 -4854 END
START -1864 9260 18832 11340 963 -4429 END
START -1840 9352 18808 11033 831 -3979 END
START -1936 9304 18712 10761 718 -3530 END
START -2048 9232 18784 10519 598 -3110 END
START -2256 9180 18776 10308 463 -2691 END
START -2380 9212 18500 10131 322 -2303 END
START -2588 8940 18080 9991 199 -1969 END
START -2536 8876 17724 9818 95 -1656 END
START -2840 8740 17380 9669 58 -1396 END
START -3048 8596 16916 9535 71 -1185 END
START -3264 8524 16588 9426 113 -1032 END
START -3512 8296 16092 9319 204 -998 END
START -3720 7980 15636 9292 395 -1024 END
START -3908 7816 15132 9301 630 -1193 END
START -3980 7696 14940 9351 937 -1380 END
START -4132 7500 14744 9391 1302 -1646 END
START -4064 7484 14772 9452 1705 -1948 END
START -4092 7600 14808 9524 2228 -2295 END
START -4040 7628 14540 9540 2684 -2598 END
START -3824 7828 14852 9520 3209 -2909 END
START -3696 7824 15004 9465 3757 -3181 END
START -3408 8052 15268 9339 4285 -3388 END
START -3288 8316 15604 9224 4718 -3572 END
START -3120 8476 16164 9038 5107 -3692 END
START -3128 8724 16664 8874 5375 -3796 END
START -3116 9036 17308 8746 5489 -3815 END
START -3292 9152 18196 8635 5433 -3816 END
START -3308 9328 18828 8569 5236 -3752 END
START -3328 9564 19444 8497 4902 -3616 END
START -3384 9472 20212 8427 4495 -3431 END
START -3428 9628 20952 8340 3988 -3208 END
START -3392 9596 21328 8215 3401 -2931 END
START -3344 9628 21608 8085 2791 -2606 END
START -3608 9592 21868 7884 2145 -2316 END
START -3884 9768 22072 7648 1516 -2058 END
START -4020 9652 22168 7391 890 -1817 END
START -3952 9612 21976 7165 354 -1706 END
START -3876 9556 21904 6944 -98 -1576 END
START -4016 9472 21860 6769 -475 -1510 END
START -4000 9552 21812 6585 -803 -1436 END
START -4004 9692 21784 6433 -1084 -1391 END
START -4216 9820 21908 6317 -1404 -1346 END
START -4332 10016 22080 6211 -1687 -1303 END
START -4416 10112 22488 6150 -1945 -1221 END
START -4324 10016 22416 6112 -2074 -1205 END
START -4116 10008 22400 6090 -2079 -1166 END
START -3824 9972 22448 6011 -1874 -1158 END
START -3396 10000 22732 5877 -1488 -1169 END
START -3120 9912 22812 5584 -934 -1207 END
START -2572 10044 23148 5152 -185 -1229 END
START -2404 10268 23940 4505 525 -1150 END
START -2292 10468 24572 3691 1248 -1057 END
START -2260 10520 25196 2818 2014 -958 END
START -2100 10444 25612 1968 2709 -866 END
START -2180 10340 26100 1073 3381 -721 END
START -2156 10116 26600 292 3858 -594 END
START -2456 9960 26980 -341 4221 -482 END
START -2964 9644 27664 -886 4344 -386 END
START -3368 9360 28200 -1326 4313 -254 END
START -3964 9256 28620 -1754 4009 -134 END
START -4284 9224 28760 -2076 3602 28 END
START -4620 9064 29068 -2388 3104 228 END
START -5080 9036 29132 -2715 2449 451 END
START -5260 9100 28860 -3002 1852 687 END
START -5400 8952 28820 -3275 1234 920 END
START -5720 8744 28292 -3566 654 1124 END
START -5668 8472 28004 -3860 117 1375 END
START -5948 8428 27620 -4146 -321 1586 END
START -6096 8196 27140 -4457 -671 1741 END
START -6388 8040 26772 -4757 -956 1886 END
START -6508 7944 26124 -5099 -1172 2017 END
START -6840 7724 25944 -5404 -1250 2036 END
START -7244 7504 25592 -5731 -1327 2098 END
START -7644 7436 25256 -6090 -1374 2105 END
START -8060 7332 25076 -6417 -1444 2041 END
START -8344 7208 24828 -6676 -1486 1955 END
START -8572 6996 24736 -6937 -1497 1823 END
START -8824 6696 24524 -7108 -1460 1634 END
START -9008 6500 24568 -7247 -1402 1402 END
START -9244 6380 24396 -7339 -1260 1140 END
START -9480 6348 24312 -7428 -1134 844 END
START -9600 6284 24508 -7517 -956 525 END
START -9724 6200 24396 -7626 -783 225 END
START -9836 6288 24468 -7797 -608 -111 END
START -9704 6212 24532 -7996 -406 -405 END
START -9684 6296 24460 -8259 -209 -684 END
START -9516 6352 24412 -8553 68 -945 END
START -9540 6284 24580 -8851 328 -1159 END
START -9496 6476 24648 -9193 532 -1398 END
START -9576 6672 24732 -9502 699 -1589 END
START -9512 6776 24668 -9862 832 -1768 END
START -9236 6560 24768 -10132 948 -1947 END
START -9276 6552 24796 -10391 989 -2098 END
START -9320 6608 24920 -10555 959 -2198 END
START -9400 6608 25336 -10685 745 -2310 END
START -9376 6704 25456 -10811 431 -2341 END
START -9344 6744 25736 -10864 44 -2371 END
START -9452 6832 25700 -10957 -410 -2380 END
START -9320 7004 25684 -11021 -842 -2355 END
START -9204 7148 25480 -11124 -1306 -2402 END
START -8940 7520 25192 -11285 -1737 -2415 END
START -8712 7840 24984 -11499 -2068 -2379 END
START -8552 7944 24836 -11759 -2395 -2321 END
START -8428 8016 24640 -12037 -2695 -2226 END
START -8384 8340 24432 -12378 -2965 -2103 END
START -8248 8484 24060 -12761 -3205 -1992 END
START -8212 8592 23612 -13121 -3461 -1899 END
START -8260 8848 23316 -13441 -3674 -1859 END
START -8140 8840 22888 -13739 -3820 -1872 END
START -7976 8668 22492 -14021 -4021 -1902 END
START -7856 8648 21908 -14211 -4167 -1998 END
START -7660 8588 21352 -14392 -4301 -2028 END
START -7588 8760 20992 -14486 -4300 -2071 END
START -7444 8852 20372 -14541 -4302 -2070 END
START -7396 9120 20064 -14567 -4259 -2084 END
START -7300 9176 19132 -14578 -4132 -2076 END
START -7180 9244 18728 -14564 -3961 -2077 END
START -7192 9284 18128 -14544 -3750 -2157 END
START -7100 9232 17536 -14576 -3381 -2271 END
START -6876 9260 17052 -14651 -2911 -2471 END
START -6620 9200 16528 -14716 -2315 -2635 END
START -6544 9132 16292 -14929 -1633 -2890 END
START -6644 9188 16284 -15081 -1024 -3086 END
START -6560 9112 16360 -15304 -547 -3349 END
START -6512 9020 16472 -15514 -165 -3610 END
START -6524 9008 16792 -15659 70 -3859 END
START -6460 9024 16932 -15773 179 -4081 END
START -6508 9192 17060 -15824 137 -4285 END
START -6196 9276 17540 -15832 -3 -4450 END
START -6216 9412 17556 -15822 -282 -4530 END
START -5928 9704 17680 -15758 -697 -4580 END
START -5560 9808 17516 -15691 -1204 -4573 END
START -5348 10064 17528 -15618 -1732 -4556 END
START -4844 10192 17168 -15553 -2279 -4490 END
START -4592 10188 17024 -15485 -2814 -4298 END
START -4292 10216 16808 -15417 -3339 -4080 END
START -3912 10388 16452 -15348 -3830 -3820 END
START -3728 10464 16064 -15350 -4313 -3542 END
START -3448 10712 15524 -15282 -4821 -3206 END
START -3228 10788 15144 -15223 -5308 -2829 END
START -2984 10828 14488 -15220 -5681 -2451 END
START -2764 10724 14000 -15242 -5923 -2079 END
START -2612 10712 13188 -15273 -6118 -1666 END
START -2548 10596 12480 -15323 -6263 -1338 END
START -2496 10508 11884 -15405 -6301 -985 END
START -2472 10232 11124 -15482 -6302 -681 END
START -2636 9956 10300 -15556 -6233 -426 END
START -2748 9684 9436 -15550 -6160 -210 END
START -2768 9308 8752 -15544 -5994 -64 END
START -2936 8860 7824 -15465 -5735 14 END
START -2936 8464 7012 -15315 -5440 38 END
START -3000 8276 6580 -15150 -5082 16 END
START -3228 8124 6140 -14914 -4679 -27 END
START -3588 7948 5612 -14633 -4270 -88 END
START -3872 7668 5408 -14340 -3930 -196 END
START -4032 7452 5004 -14035 -3632 -323 END
START -4124 7128 5004 -13743 -3332 -489 END
START -4184 6924 5164 -13422 -3156 -653 END
START -4532 6748 5116 -13142 -3054 -851 END
START -4456 6628 4976 -12913 -2988 -1073 END
START -4488 6476 5236 -12705 -3023 -1301 END
START -4424 6352 4888 -12511 -3030 -1515 END
START -4180 6068 4916 -12400 -3103 -1702 END
START -3884 5776 4620 -12227 -3107 -1891 END
START -3496 5588 4440 -12118 -3049 -2015 END
START -3156 5536 4268 -12028 -3020 -2120 END
START -3032 5508 4240 -11914 -2990 -2175 END
START -2876 5712 4132 -11842 -2959 -2216 END
START -2640 5724 4072 -11734 -2982 -2183 END
START -2408 5756 3844 -11619 -2967 -2144 END
START -2476 5716 3836 -11499 -2998 -2087 END
START -2312 5724 3624 -11394 -3092 -1976 END
START -2100 5576 3304 -11187 -3169 -1839 END
START -1916 5392 3052 -10978 -3291 -1722 END
START -1868 5272 2824 -10660 -3410 -1602 END
START -1752 5104 2624 -10316 -3595 -1490 END
START -1712 5056 2600 -9857 -3733 -1433 END
START -1608 4972 2312 -9382 -3938 -1391 END
START -1668 4900 2328 -8904 -4081 -1343 END
START -1628 4896 2124 -8339 -4272 -1295 END
START -1584 4836 1988 -7847 -4442 -1273 END
START -1632 4852 1920 -7332 -4565 -1195 END
START -1744 4948 1928 -6869 -4677 -1126 END
START -1724 4796 1624 -6415 -4709 -1009 END
START -1768 4844 1388 -6050 -4718 -947 END