START -2040 4224 16720 2276 3099 -1806 END
START -3356 4212 17412 2645 3663 -1465 END
START -4128 4152 17588 2905 4134 -1075 END
START -4044 4000 17756 3151 4807 -678 END
START -3832 3848 18528 3353 5254 -294 END
START -4156 3784 19136 3470 5422 62 END
START -4452 3852 19580 3504 5527 389 END
START -5052 3800 20064 3457 5546 753 END
START -5596 3600 20912 3369 5336 1023 END
START -6076 3372 21752 3141 4960 1180 END
START -6104 3300 22300 2855 4617 1225 END
START -6520 2868 22984 2499 4236 1105 END
START -6580 2696 23284 2037 3929 919 END
START -6844 2316 23884 1463 3523 559 END
START -6700 2176 24364 859 3255 147 END
START -6656 2036 24872 173 3018 -321 END
START -6236 1808 25084 -601 2878 -827 END
START -5888 1360 25428 -1462 2877 -1390 END
START -5716 896 26092 -2386 2984 -2074 END
START -5868 860 26624 -3270 3145 -2758 END
START -5996 1108 27176 -4138 3326 -3534 END
START -6052 1076 27628 -4936 3605 -4239 END
START -5948 972 28268 -5717 3864 -4902 END
START -5932 1032 29208 -6353 4191 -5491 END
START -6044 1328 29996 -6836 4423 -5917 END
START -6484 1728 30636 -7222 4597 -6273 END
START -7032 2440 31404 -7458 4658 -6417 END
START -7800 3432 32184 -7605 4479 -6432 END
START -8300 4300 32767 -7689 3954 -6347 END
START -8540 5020 32767 -7763 3254 -6143 END
START -8660 5500 32767 -7864 2495 -5828 END
START -8696 5948 32767 -8014 1678 -5418 END
START -8752 6356 32767 -8182 836 -4954 END
START -8624 6744 32767 -8440 78 -4437 END
START -8760 7236 32767 -8824 -729 -3899 END
START -8784 7804 32767 -9288 -1569 -3355 END
START -8868 8108 32767 -9832 -2432 -2834 END
START -8836 8204 32767 -10499 -3298 -2327 END
START -8800 8396 32767 -11247 -4014 -1811 END
START -8508 8360 32767 -12111 -4811 -1368 END
START -8480 8496 32767 -13095 -5669 -972 END
START -7640 8628 32767 -14408 -6197 -682 END
START -7304 8408 32767 -15694 -6599 -597 END
START -7016 8356 32767 -16938 -6778 -556 END
START -6468 8356 32767 -18236 -6805 -628 END
START -5952 8544 32767 -19551 -6637 -770 END
START -6132 8312 32767 -20721 -6310 -908 END
START -6092 8308 32724 -21686 -6061 -915 END
START -6352 8200 32028 -22554 -5881 -901 END
START -6324 8264 31304 -23322 -5692 -836 END
START -6616 8120 30716 -23971 -5560 -793 END
START -6752 7944 30136 -24502 -5556 -743 END
START -6876 7684 29376 -24875 -5611 -714 END
START -6964 7436 28632 -25172 -5770 -736 END
START -7008 7332 27780 -25369 -6080 -719 END
START -6968 7176 26876 -25494 -6475 -750 END
START -6976 7404 25840 -25540 -6799 -812 END
START -6824 7452 24844 -25593 -7129 -879 END
START -6772 7488 23820 -25552 -7414 -926 END
START -6748 7392 22860 -25533 -7661 -930 END
START -6600 7568 21604 -25472 -7886 -875 END
START -6340 7668 20440 -25480 -8048 -782 END
START -5952 7704 18988 -25464 -8087 -701 END
START -5784 7660 17772 -25459 -7989 -534 END
START -5344 7588 16608 -25484 -7802 -389 END
START -5044 7520 15472 -25438 -7494 -251 END
START -4888 7520 14556 -25376 -7197 -80 END
START -4876 7512 13772 -25243 -6840 59 END
START -4788 7380 13212 -25051 -6464 240 END
START -4628 7124 12684 -24829 -6138 400 END
START -4720 6944 12408 -24554 -5722 624 END
START -4832 6560 12460 -24260 -5424 861 END
START -4860 6324 12060 -23975 -5320 1113 END
START -4492 6040 11740 -23678 -5166 1386 END
START -4288 5868 11320 -23407 -4857 1588 END
START -4328 5796 10944 -23188 -4597 1695 END
START -4060 5704 10772 -23037 -4334 1761 END
START -3964 5508 10420 -22937 -4092 1756 END
START -4060 5480 10076 -22828 -3824 1758 END
START -4240 5424 9928 -22760 -3637 1728 END
START -4044 5480 9476 -22680 -3502 1754 END
START -4296 5520 9376 -22632 -3466 1793 END
START -4324 5480 8868 -22565 -3453 1842 END
START -3928 5192 8236 -22411 -3323 1860 END
START -3772 4828 8296 -22232 -3106 1886 END
START -3576 4404 7536 -21979 -2804 1862 END
START -3376 4184 7308 -21652 -2399 1819 END
START -3352 4256 7040 -21296 -1992 1726 END
START -3232 4264 6808 -20931 -1606 1602 END
START -3404 4236 6476 -20525 -1261 1502 END
START -3156 4100 6180 -20164 -961 1454 END
START -3256 4064 5920 -19801 -615 1456 END
START -2916 3848 5584 -19480 -251 1448 END
START -2884 3744 5352 -19180 83 1465 END
START -2820 3708 5260 -18931 471 1477 END
START -2764 3716 5204 -18676 817 1478 END
START -2828 3632 5124 -18424 1137 1468 END
START -2948 3692 4732 -18200 1392 1514 END
START -3000 3452 4884 -17953 1596 1578 END
START -3048 3436 4896 -17686 1694 1647 END
START -2972 3092 4828 -17347 1769 1737 END
START -3032 2876 4872 -16980 1771 1826 END
START -3060 2720 4768 -16567 1781 1954 END
START -2880 2324 4788 -16045 1795 2050 END
START -2824 2060 4684 -15569 1831 2169 END
START -2908 1696 4864 -14990 1789 2303 END
START -2812 1400 4832 -14362 1807 2402 END
START -2772 1200 4828 -13743 1820 2506 END
START -2856 1220 4880 -13117 1954 2539 END
START -3004 1152 4992 -12410 1997 2611 END
START -2964 1216 4992 -11758 2105 2640 END
START -3156 1128 5244 -11229 2255 2676 END
START -3492 1012 5128 -10718 2324 2706 END
START -3412 780 5348 -10281 2390 2694 END
START -3472 548 5488 -9899 2498 2593 END
START -3524 548 5700 -9562 2655 2443 END
START -3472 612 5748 -9259 2813 2222 END
START -3548 452 5868 -9010 3066 2007 END
START -3524 400 5956 -8775 3319 1762 END
START -3772 428 6200 -8626 3495 1509 END
START -3848 436 6488 -8518 3600 1342 END
START -3924 288 6472 -8426 3724 1167 END
START -4044 344 6636 -8335 3825 987 END
START -4004 208 6624 -8239 3934 846 END
START -4008 168 6864 -8142 4051 650 END
START -4144 252 6792 -8035 4040 494 END
START -4144 224 6788 -7896 4091 300 END
START -3820 92 6816 -7797 4206 132 END
START -3888 280 6672 -7679 4396 -57 END
START -4092 300 6608 -7596 4532 -98 END
START -4172 352 6496 -7509 4537 -73 END
START -3952 276 6448 -7542 4525 -68 END
START -3784 280 6328 -7452 4540 -28 END
START -3784 372 6216 -7434 4684 -17 END
START -3844 472 6040 -7341 4873 103 END
START -3896 456 5980 -7254 4878 254 END
START -3964 348 5900 -7104 4923 434 END
START -3864 216 5856 -6987 4888 585 END
START -3824 12 5620 -6835 4825 721 END
START -3832 16 5368 -6634 4847 830 END
START -4040 -88 5316 -6401 4769 954 END
START -4240 -168 5536 -6140 4668 1042 END
START -4432 -396 5492 -5789 4439 1156 END
START -4700 -720 5536 -5355 4157 1237 END
START -4656 -896 5396 -4920 3845 1289 END
START -4584 -944 5416 -4422 3547 1285 END
START -4528 -1212 5260 -3889 3283 1289 END
START -4512 -1400 5156 -3320 3004 1259 END
START -4556 -1504 5176 -2796 2770 1193 END
START -4860 -1464 5160 -2239 2421 1120 END
START -5168 -1444 5436 -1683 1996 1021 END
START -5304 -1664 5348 -1103 1579 869 END
START -5124 -1944 5240 -591 1144 731 END
START -5192 -2072 5228 -49 848 546 END
START -5292 -2004 5000 460 670 380 END
START -5208 -1876 4892 945 493 202 END
START -5124 -1732 4712 1340 378 4 END
START -5196 -1520 4600 1713 272 -151 END
START -5112 -1192 4332 1997 270 -313 END
START -4996 -1004 4304 2265 294 -468 END
START -4872 -748 3920 2483 401 -582 END
START -4848 -508 3816 2615 541 -693 END
START -4656 -184 3652 2747 757 -784 END
START -4700 -32 3720 2752 937 -855 END
START -4792 212 3820 2765 1092 -859 END
START -4776 492 3716 2705 1223 -841 END
START -4856 848 3632 2674 1312 -829 END
START -4940 1008 3708 2603 1259 -766 END
START -4660 900 3576 2554 1273 -765 END
START -4708 980 3056 2528 1377 -758 END
START -4848 1096 2772 2565 1646 -691 END
START -5020 1048 2616 2688 1836 -605 END
START -4936 888 2696 2862 1983 -521 END
START -4904 684 2516 3134 2042 -397 END
START -5056 604 2256 3455 2185 -401 END
START -4992 572 2348 3827 2278 -353 END
START -5040 588 2344 4263 2321 -398 END
START -5328 548 2368 4746 2237 -405 END
START -5400 340 2396 5315 2164 -448 END
START -5596 240 2484 5908 1991 -510 END
START -5840 164 2444 6518 1764 -570 END
START -5896 332 2604 7144 1499 -629 END
START -5980 536 2792 7772 1136 -693 END
START -6260 660 2792 8440 786 -748 END
START -6228 596 2844 9101 474 -848 END
START -6132 532 2892 9800 181 -967 END
START -6312 648 2728 10477 -67 -1110 END
START -6408 604 2748 11147 -333 -1276 END
START -6668 700 2944 11862 -630 -1473 END
START -6868 940 2816 12556 -937 -1615 END
START -7100 1096 2720 13309 -1299 -1778 END
START -7192 1316 2788 14017 -1629 -1961 END
START -7160 1452 2568 14646 -1898 -2154 END
START -7180 1632 2440 15302 -2049 -2394 END
START -6832 1920 2448 15867 -2118 -2627 END
START -6728 2216 2052 16374 -2105 -2859 END
START -6676 2644 2280 16824 -2033 -3096 END
START -6776 2856 2364 17214 -1979 -3312 END
START -6632 3256 2552 17643 -1983 -3510 END
START -6680 3560 2768 18021 -2039 -3625 END
START -6652 3608 2972 18410 -2059 -3714 END
START -6500 3816 3048 18763 -2055 -3757 END
START -6288 3856 3476 19180 -1995 -3757 END
START -6184 4080 3732 19473 -1886 -3701 END
START -6180 4112 4028 19770 -1801 -3692 END
START -6112 4140 4308 19939 -1752 -3642 END
START -5988 4424 4536 20093 -1695 -3567 END
START -5996 4400 4880 20163 -1551 -3507 END
START -5904 4324 5204 20172 -1429 -3473 END
START -6072 4300 5496 20124 -1339 -3443 END
START -6112 4432 5564 20116 -1257 -3435 END
START -6156 4668 5776 20042 -1169 -3459 END
START -6316 4740 5768 20056 -1079 -3475 END
START -6488 4936 5956 20093 -951 -3580 END
START -6752 5004 6080 20262 -955 -3627 END
START -6980 4872 6396 20505 -876 -3704 END
START -7268 4840 6504 20807 -802 -3780 END
START -7528 4648 6836 21185 -725 -3912 END
START -7744 4660 7212 21587 -650 -4060 END
START -7876 4568 7576 22027 -631 -4258 END
START -8064 4568 7976 22522 -585 -4530 END
START -8268 4724 8380 22970 -502 -4856 END
START -8464 4796 8564 23395 -388 -5207 END
START -8388 5000 8968 23813 -316 -5627 END
START -8420 5160 9448 24198 -293 -6032 END
START -8264 5416 9996 24552 -234 -6423 END
START -8196 5744 10440 24880 -154 -6804 END
START -8164 5828 11028 25183 -90 -7144 END
START -7972 6004 11832 25456 42 -7466 END
START -7740 6216 12720 25748 151 -7741 END
START -7616 6368 13424 25967 266 -7917 END
START -7260 6508 13992 26203 442 -8079 END
START -6780 6544 14732 26325 614 -8183 END
START -6436 6656 15276 26427 880 -8281 END
START -6024 6764 15976 26443 1203 -8334 END
START -5688 7072 16472 26390 1555 -8386 END
START -5340 7504 17132 26234 1854 -8394 END
START -5240 7884 17700 26050 2126 -8397 END
START -5320 8268 18552 25780 2322 -8279 END
START -5248 8516 19256 25478 2378 -8124 END
START -5100 8676 20048 25137 2354 -7904 END
START -5028 8892 20632 24767 2307 -7604 END
START -5124 8860 21032 24454 2195 -7339 END
START -5176 8992 21884 24113 2018 -7073 END
START -5232 9036 22772 23804 1799 -6814 END
START -5056 8652 23440 23488 1397 -6551 END
START -4680 8160 24088 23159 1191 -6371 END
START -4560 7848 24436 22842 1078 -6277 END
START -4676 7908 25160 22465 821 -6223 END
START -4552 7880 25644 22151 489 -6137 END
START -4112 7584 26188 21759 222 -6061 END
START -3964 7388 26540 21363 2 -6011 END
START -3956 7132 26744 21000 -173 -5964 END
START -3844 6876 27308 20614 -422 -5866 END
START -3732 6600 27528 20255 -684 -5813 END
START -3612 6544 27696 19933 -858 -5738 END
START -3732 6368 28108 19616 -1031 -5625 END
START -3596 5900 28208 19309 -1209 -5424 END
START -3392 5548 28580 19001 -1473 -5235 END
START -3272 5296 28472 18682 -1589 -5094 END
START -3160 5128 28392 18386 -1627 -4941 END
START -3180 4960 28372 18101 -1711 -4835 END
START -3144 4844 28244 17783 -1819 -4769 END
START -3252 4680 28288 17426 -1869 -4713 END
START -3344 4800 28136 17090 -1934 -4691 END
START -3248 4740 27964 16665 -2032 -4620 END
START -3216 4796 27856 16276 -2037 -4524 END
START -3296 4628 27512 15851 -1967 -4367 END
START -3028 4476 27396 15405 -1851 -4242 END
START -2956 4276 27204 14928 -1678 -4069 END
START -2620 3952 27044 14419 -1399 -3920 END
START -2368 3564 26736 13893 -1039 -3796 END
START -2072 3312 26504 13334 -600 -3658 END
START -2036 3148 26356 12804 -116 -3579 END
START -2196 2960 26164 12141 326 -3498 END
START -2100 3092 26036 11630 661 -3401 END
START -2384 2912 26080 11172 923 -3321 END
START -2404 2916 26128 10661 1065 -3228 END
START -2620 2688 26180 10223 1127 -3056 END
START -2536 2320 25964 9890 1191 -2891 END
START -2560 2212 25880 9599 1217 -2709 END
START -2536 2024 25668 9395 1350 -2550 END
START -2644 1632 25684 9238 1483 -2412 END
START -2668 1452 25624 9133 1628 -2329 END
START -3040 1216 25692 9021 1674 -2288 END
START -3164 892 25816 8886 1619 -2291 END
START -3304 652 25892 8815 1531 -2307 END
START -3312 380 25868 8698 1580 -2348 END
START -3564 52 25880 8557 1574 -2416 END
START -3436 -140 26028 8443 1467 -2424 END
START -3596 -500 25776 8245 1414 -2494 END
START -3620 -552 26020 8058 1454 -2591 END
START -3600 -640 26140 7852 1528 -2704 END
START -3736 -496 26356 7618 1513 -2855 END
START -3764 -640 26500 7353 1445 -2955 END
START -3824 -760 26652 7018 1403 -2963 END
START -3540 -828 26808 6704 1458 -3000 END
START -3444 -912 26768 6287 1582 -2998 END
START -3132 -984 26732 5821 1783 -2950 END
START -2876 -864 26732 5322 2118 -2964 END
START -2820 -656 26656 4787 2505 -3023 END
START -2620 -328 26804 4158 2948 -3036 END
START -2540 -28 26676 3516 3395 -3023 END
START -2564 348 26816 2841 3939 -2986 END
START -2532 540 26640 2144 4542 -2910 END
START -2640 780 26888 1396 5147 -2775 END
START -2680 1052 27064 649 5709 -2674 END
START -2952 1164 27372 -83 6258 -2529 END
START -3104 1288 28208 -733 6776 -2354 END
START -3556 1076 28764 -1379 7201 -2227 END
START -4012 1208 29388 -1964 7643 -2047 END
START -4800 1164 30460 -2491 7896 -1932 END
START -5296 1224 31224 -2931 8071 -1778 END
START -6004 1144 32404 -3375 8195 -1657 END
START -6676 848 32767 -3809 8196 -1508 END
START -7136 496 32767 -4208 7986 -1352 END
START -7656 256 32767 -4667 7715 -1225 END
START -7920 76 32767 -5073 7364 -1182 END
START -8220 92 32767 -5504 7075 -1180 END
START -8488 212 32767 -5995 6720 -1242 END
START -8584 204 32767 -6510 6291 -1362 END
START -8468 192 32767 -7164 5898 -1543 END
START -8184 276 32767 -7822 5662 -1763 END
START -8112 860 32767 -8535 5621 -1982 END
START -8136 1248 32767 -9341 5518 -2191 END
START -7808 1680 32767 -10119 5452 -2368 END
START -7476 2280 32767 -11016 5661 -2539 END
START -7656 3068 32767 -11944 5834 -2674 END
START -7620 3956 32767 -12926 6190 -2747 END
START -7996 4764 32767 -14004 6528 -2686 END
START -8120 5620 32767 -15129 6831 -2600 END
START -8448 6320 32767 -16327 6977 -2422 END
START -8580 6740 32767 -17569 7046 -2261 END
START -8508 6960 32767 -18795 7115 -2069 END
START -8632 6992 32767 -19996 7188 -1904 END
START -8756 7176 32767 -21155 7295 -1713 END
START -9080 7284 32767 -22222 7327 -1560 END
START -9332 7324 32767 -23275 7226 -1433 END
START -9716 7308 32767 -24262 7054 -1374 END
START -10168 7120 32767 -25200 6868 -1359 END
START -10220 7068 32767 -26109 6495 -1361 END
START -10380 6904 32767 -27003 6211 -1468 END
START -10504 6676 32767 -27876 5890 -1713 END
START -10572 6612 32767 -28678 5536 -2012 END
START -10668 6504 32767 -29446 5039 -2433 END
START -10908 6440 32767 -30155 4385 -2920 END
START -10864 6596 32468 -30780 3588 -3390 END
START -10752 6756 31660 -31267 2814 -3796 END
START -10484 6868 30756 -31738 1964 -4239 END
START -10384 7128 29916 -32183 1112 -4578 END
START -10144 7308 28872 -32560 318 -4831 END
START -9860 7680 27936 -32768 -515 -5062 END
START -9572 7988 26760 -32768 -1281 -5259 END
START -9168 8304 25676 -32768 -2048 -5339 END
START -8928 8676 24592 -32768 -2808 -5476 END
START -8732 8968 23460 -32768 -3540 -5512 END
START -8248 9332 22264 -32768 -4211 -5564 END
START -7892 9608 20884 -32768 -4829 -5561 END
START -7460 9956 19584 -32768 -5316 -5508 END
START -7120 10216 18388 -32768 -5695 -5393 END
START -6840 10416 16948 -32768 -6150 -5285 END
START -6688 10680 15656 -32768 -6535 -5089 END
START -6600 10904 14192 -32768 -6935 -4839 END
START -6388 11160 12864 -32768 -7267 -4607 END
START -5844 11116 11144 -32768 -7579 -4372 END
START -5660 10960 10124 -32768 -7793 -4120 END
START -5528 10924 9020 -32768 -7964 -3831 END
START -5444 10688 8020 -32768 -8155 -3534 END
START -5008 10084 7124 -32342 -8402 -3217 END
START -4648 9588 6176 -31494 -8469 -2963 END
START -4252 9148 5224 -30576 -8274 -2793 END
START -3936 8624 4508 -29561 -7990 -2628 END
START -3716 8320 3868 -28539 -7676 -2545 END
START -3904 8040 3452 -27486 -7465 -2554 END
START -4044 7788 2860 -26432 -7236 -2557 END
START -4232 7468 2328 -25404 -7093 -2635 END
START -4336 7240 2112 -24460 -6973 -2722 END
START -4604 6976 1800 -23463 -6877 -2771 END
START -4460 6588 1264 -22561 -6793 -2839 END
START -4424 6188 956 -21677 -6673 -2957 END
START -4380 5812 564 -20836 -6538 -3110 END
START -4300 5396 396 -20007 -6321 -3295 END
START -4416 5220 396 -19215 -6235 -3517 END
START -4556 5104 88 -18452 -6155 -3691 END
START -4344 4616 -52 -17733 -6027 -3894 END
START -4056 4368 -236 -17028 -5886 -4152 END
START -4012 4144 -200 -16310 -5595 -4401 END
START -3872 3800 -68 -15657 -5259 -4631 END
START -3792 3624 160 -15071 -4997 -4859 END