START -2232 -2040 13888 4584 4879 -4233 END
START -3824 -1740 16264 4030 4217 -4276 END
START -2208 -2292 13020 3693 5251 -4512 END
START -2296 -1812 12632 3391 5845 -4804 END
START -2668 -1912 13028 3162 6606 -5006 END
START -3064 -1900 14028 2989 7103 -5223 END
START -3220 -1556 14852 2976 7130 -5334 END
START -3496 -1104 15468 2937 7013 -5401 END
START -3536 -988 15868 2914 6766 -5449 END
START -3436 -544 16156 2821 6470 -5412 END
START -3576 -56 16384 2689 6190 -5272 END
START -3780 340 16456 2574 5817 -5122 END
START -3588 836 16488 2445 5427 -4908 END
START -3464 1036 16668 2365 5116 -4675 END
START -2980 1012 16500 2290 4938 -4358 END
START -2512 956 16332 2209 4798 -4054 END
START -2320 884 16240 2118 4690 -3766 END
START -2168 952 16296 2032 4669 -3456 END
START -2036 952 16492 1952 4640 -3195 END
START -2116 1172 16676 1868 4561 -2878 END
START -2248 1244 17028 1730 4366 -2533 END
START -2400 1384 16968 1584 4200 -2216 END
START -2436 1336 17320 1448 3963 -1847 END
START -2476 1372 17220 1326 3712 -1463 END
START -2728 1372 17152 1234 3439 -1159 END
START -2860 1456 17280 1133 3204 -908 END
START -2960 1396 17016 1146 2943 -687 END
START -3064 1404 17172 1191 2676 -459 END
START -3284 1328 17316 1249 2440 -257 END
START -3536 1356 17316 1280 2139 -44 END
START -3720 1456 17396 1343 1761 165 END
START -4032 1228 17588 1390 1366 351 END
START -4240 1004 17508 1475 979 515 END
START -4336 852 17524 1593 561 567 END
START -4412 812 17592 1714 206 641 END
START -4396 632 17436 1844 -165 673 END
START -4460 588 17260 1973 -452 670 END
START -4336 724 17120 2051 -692 712 END
START -4176 612 16724 2113 -776 726 END
START -4044 556 16548 2139 -845 697 END
START -3788 464 16432 2125 -795 669 END
START -3796 600 16512 2082 -750 629 END
START -3664 668 16592 2036 -679 615 END
START -3544 604 16404 1920 -560 610 END
START -3576 496 16460 1849 -465 625 END
START -3576 648 16668 1672 -383 665 END
START -3668 692 16788 1492 -388 689 END
START -3628 592 16804 1308 -408 697 END
START -3688 300 16932 1156 -358 657 END
START -3604 120 17020 991 -440 576 END
START -3700 76 17224 861 -489 524 END
START -3768 324 17188 729 -515 456 END
START -3636 420 17116 564 -650 470 END
START -3716 352 17056 380 -721 410 END
START -3712 244 17024 215 -827 367 END
START -3736 244 16992 43 -904 350 END
START -3680 296 16924 -73 -975 256 END
START -3540 468 16864 -210 -1088 232 END
START -3408 564 16696 -354 -1111 188 END
START -3280 812 16608 -506 -1119 236 END
START -3088 828 16336 -650 -1096 271 END
START -2920 1020 16568 -856 -1067 334 END
START -2836 1016 16488 -1039 -1082 428 END
START -2740 1120 16456 -1207 -1073 531 END
START -2532 1136 16580 -1392 -1151 593 END
START -2392 1332 16584 -1552 -1154 759 END
START -2296 1384 16588 -1671 -1243 905 END
START -2376 1304 16576 -1870 -1300 1016 END
START -2268 1376 16520 -2016 -1463 1197 END
START -2108 1528 16380 -2152 -1566 1406 END
START -2124 1644 16392 -2291 -1654 1616 END
START -1960 1608 16288 -2381 -1783 1853 END
START -1944 1592 16220 -2445 -1916 2072 END
START -1808 1536 16016 -2570 -2075 2308 END
START -1708 1528 16088 -2601 -2174 2533 END
START -1688 1600 16068 -2664 -2348 2795 END
START -1788 1580 15904 -2710 -2471 3041 END
START -1916 1564 15976 -2764 -2690 3227 END
START -1860 1440 15980 -2833 -2929 3431 END
START -1928 1436 15908 -2903 -3172 3635 END
START -1908 1308 15752 -2976 -3374 3783 END
START -1900 1472 15332 -3009 -3592 3945 END
START -2028 1376 15072 -3112 -3792 4098 END
START -1864 1284 14828 -3173 -3896 4190 END
START -1648 1180 14304 -3272 -3939 4261 END
START -1652 1228 13544 -3327 -3818 4296 END
START -1608 1372 12984 -3402 -3651 4281 END
START -1540 1380 12436 -3390 -3348 4291 END
START -1456 1376 11860 -3362 -3010 4276 END
START -1408 1340 11620 -3250 -2574 4277 END
START -1540 1368 11436 -3162 -2226 4318 END
START -1484 1264 11316 -3019 -1919 4341 END
START -1480 1404 11232 -2937 -1586 4332 END
START -1388 1408 11500 -2850 -1383 4380 END
START -1356 1576 11380 -2820 -1186 4380 END
START -1356 1640 11644 -2792 -1072 4435 END
START -1220 1864 11584 -2793 -974 4493 END
START -960 2080 11532 -2810 -786 4580 END
START -868 2360 11348 -2882 -625 4678 END
START -644 2384 11256 -3019 -487 4829 END
START -516 2532 11472 -3177 -331 5015 END
START -424 2656 11332 -3320 -207 5256 END
START -240 2836 11188 -3482 -21 5467 END
START -260 2980 10776 -3628 95 5709 END
START -260 3128 10432 -3734 285 5985 END
START -208 3220 9680 -3876 553 6257 END
START -172 3272 9244 -3882 898 6556 END
START -200 3068 8708 -3878 1353 6831 END
START -252 3060 8364 -3825 1837 7080 END
START -444 3112 8072 -3691 2270 7351 END
START -776 3184 7988 -3573 2695 7612 END
START -1192 3028 8076 -3381 2994 7839 END
START -1428 2732 8188 -3172 3268 8095 END
START -1628 2580 8124 -2956 3455 8250 END
START -1964 2608 8088 -2712 3536 8420 END
START -2136 2452 8128 -2449 3625 8509 END
START -2128 2404 7880 -2252 3727 8580 END
START -2240 2224 7716 -2078 3888 8647 END
START -2392 2280 7504 -1931 4015 8687 END
START -2568 2384 7380 -1783 4171 8676 END
START -2896 2244 7116 -1644 4320 8653 END
START -3120 2252 7052 -1446 4437 8599 END
START -3208 2144 7096 -1257 4557 8542 END
START -3180 2112 6644 -1009 4684 8417 END
START -3316 2032 6244 -699 4855 8318 END
START -3228 2084 6044 -409 5020 8126 END
START -3232 2136 5756 -154 5237 7948 END
START -3072 2176 5328 155 5427 7799 END
START -2864 2260 5164 458 5668 7610 END
START -2804 2544 4788 803 5940 7489 END
START -2772 2648 4820 1119 6235 7430 END
START -2776 2616 4668 1481 6490 7357 END
START -2876 2600 4812 1942 6653 7346 END
START -3028 2640 5096 2328 6736 7324 END
START -3072 2848 5512 2828 6678 7396 END
START -3164 2952 5744 3262 6565 7453 END
START -3400 3284 6080 3751 6345 7521 END
START -3380 3344 6068 4285 6086 7713 END
START -3552 3452 6436 4852 5803 7938 END
START -3520 3624 6592 5388 5444 8194 END
START -3720 3720 6716 5937 5101 8489 END
START -3760 3796 6928 6437 4670 8812 END
START -3932 3804 7100 6933 4265 9139 END
START -4152 3836 7240 7486 3802 9442 END
START -4312 3832 7436 7992 3358 9748 END
START -4916 3732 7828 8519 2873 10015 END
START -5128 3532 8076 9006 2303 10278 END
START -5456 3588 8484 9517 1726 10472 END
START -5700 3452 8524 9950 1127 10666 END
START -5844 3252 8740 10318 609 10733 END
START -6020 2924 8772 10623 96 10797 END
START -6040 2820 8464 10844 -229 10720 END
START -6232 2496 8348 11027 -476 10549 END
START -6244 2464 7936 11282 -554 10316 END
START -6476 2288 7732 11377 -538 10040 END
START -6656 2072 7992 11515 -401 9676 END
START -6800 1960 8240 11719 -260 9340 END
START -6940 1952 8404 11884 -161 8927 END
START -7096 1972 8680 11609 6 8517 END
START -7172 2008 8948 11823 131 8093 END
START -7440 2060 9376 11650 276 7654 END
START -7616 2268 10008 11531 333 7234 END
START -7712 2296 10388 11316 385 6872 END
START -7928 2512 10772 11239 465 6515 END
START -7940 2612 11040 11102 464 6173 END
START -8308 2796 11444 10980 488 5884 END
START -8344 2884 11612 10864 426 5578 END
START -8472 2980 11732 10748 361 5333 END
START -8268 3052 12012 10663 288 5060 END
START -8324 3376 11908 10649 199 4824 END
START -8428 3608 12204 10591 213 4657 END
START -8408 3716 11936 10532 195 4501 END
START -8488 3964 12128 10577 228 4422 END
START -8540 3968 12072 10601 214 4324 END
START -8692 4224 12348 10687 191 4307 END
START -9116 4376 12784 10806 111 4283 END
START -9196 4484 13180 10918 -76 4236 END
START -9388 4500 13620 11014 -282 4207 END
START -9624 4444 14164 11182 -612 4131 END
START -9784 4420 14184 11272 -968 4094 END
START -9904 4496 14448 11361 -1335 3997 END
START -9824 4500 14400 11453 -1692 3899 END
START -9896 4472 14460 11631 -1981 3753 END
START -9848 4564 14524 12090 -2166 3652 END
START -9876 4684 14496 12184 -2321 3527 END
START -10016 4764 14552 12124 -2440 3444 END
START -10008 4880 14808 12126 -2528 3355 END
START -9912 4872 14708 12361 -2550 3228 END
START -10204 4816 14824 12333 -2620 3097 END
START -10160 4752 14956 12605 -2608 2970 END
START -10388 4828 15376 12361 -2596 2811 END
START -10568 4776 15484 12384 -2635 2636 END
START -10784 4684 15872 12494 -2670 2466 END
START -10736 4896 16132 12536 -2707 2265 END
START -10836 4972 16028 12317 -2746 2011 END
START -10928 4760 16392 12195 -2736 1756 END
START -11096 4516 16684 12046 -2669 1553 END
START -11176 4300 16728 12069 -2668 1344 END
START -11256 4404 16740 12054 -2629 1081 END
START -11420 4400 16812 12031 -2607 819 END
START -11640 4516 16980 12016 -2542 546 END
START -12036 4784 17016 11948 -2544 303 END
START -11968 4796 16892 11632 -2560 46 END
START -12128 4740 17116 11577 -2551 -302 END
START -12320 4664 17208 11530 -2562 -493 END
START -12636 4644 17744 11582 -2575 -676 END
START -12692 4740 17704 11836 -2662 -830 END
START -12648 4764 17912 11803 -2794 -1058 END
START -12844 4680 18068 11769 -2940 -1294 END
START -12884 4656 18468 11838 -3219 -1568 END
START -12744 4772 18580 11581 -3455 -1832 END
START -12480 4736 18684 11510 -3610 -2071 END
START -12464 4748 18884 11465 -3734 -2258 END
START -12388 4776 18932 11273 -3831 -2484 END
START -12248 4852 18888 11198 -3882 -2665 END
START -12128 4876 19112 10995 -3917 -2919 END
START -11976 4772 19148 10825 -3964 -3159 END
START -11844 4820 19128 10580 -3978 -3405 END
START -11572 4824 19120 10363 -3958 -3736 END
START -11360 4944 19048 10078 -3845 -4028 END
START -11288 4912 18988 9820 -3697 -4277 END
START -11080 5120 18868 9590 -3550 -4531 END
START -10884 5332 18796 9340 -3375 -4743 END
START -10708 5456 18820 9149 -3131 -4912 END
START -10716 5728 18640 8973 -2850 -5057 END
START -10768 5848 18800 8860 -2633 -5163 END
START -10780 5924 18664 8706 -2465 -5234 END
START -10388 6104 18892 8618 -2259 -5311 END
START -10480 6144 19072 8478 -2096 -5422 END
START -10340 5976 19224 8355 -1934 -5494 END
START -10196 6060 19132 8185 -1778 -5654 END
START -10016 6244 18896 8002 -1523 -5770 END
START -9672 6216 18936 7750 -1197 -5943 END
START -9564 6280 18892 7497 -833 -6024 END
START -9140 6096 18824 7211 -397 -6145 END
START -8952 5972 18656 6938 77 -6222 END
START -8876 5932 18684 6712 566 -6322 END
START -8728 5748 18640 6448 1108 -6454 END
START -8740 5488 19096 6225 1587 -6579 END
START -8736 5328 19268 5933 1957 -6724 END
START -8892 5112 19712 5689 2291 -6865 END
START -8876 5112 19984 5409 2533 -7032 END
START -8896 4996 20240 5148 2718 -7192 END
START -9008 4976 20380 4784 2898 -7370 END
START -8920 4908 20508 4560 3139 -7512 END
START -8972 4996 20652 4286 3260 -7673 END
START -8960 4996 20880 4011 3410 -7744 END
START -8896 5224 21000 3774 3618 -7817 END
START -8732 5492 21144 3527 3795 -7815 END
START -8760 5656 21276 3243 4010 -7823 END
START -8828 5896 21612 2928 4178 -7699 END
START -9064 5880 21860 2679 4236 -7633 END
START -9176 6068 22228 2432 4179 -7518 END
START -9324 5940 22468 2251 4070 -7357 END
START -9724 5840 22720 2162 3790 -7289 END
START -9888 5816 23004 2077 3406 -7192 END
START -10056 5716 22876 2065 2980 -7158 END
START -10300 5756 23076 2120 2538 -7147 END
START -10276 5520 23200 2177 2033 -7158 END
START -10300 5500 22824 2259 1548 -7123 END
START -10248 5364 22968 2377 1084 -7124 END
START -10292 5400 22504 2442 675 -7161 END
START -10072 5412 22448 2484 335 -7240 END
START -9784 5184 22112 2527 31 -7280 END
START -9684 5072 22032 2522 -213 -7340 END
START -9416 5052 21932 2484 -471 -7412 END
START -9016 4912 21860 2433 -619 -7444 END
START -8732 4836 21768 2416 -802 -7484 END
START -8912 4824 21556 2371 -926 -7542 END
START -8684 4976 21568 2313 -1009 -7632 END
START -8452 4832 21344 2269 -1052 -7647 END
START -8316 4936 21272 2138 -1085 -7666 END
START -8180 4992 21344 1936 -1040 -7687 END
START -8084 4892 21368 1721 -1007 -7694 END
START -7908 4912 21312 1511 -944 -7673 END
START -7828 5056 21444 1286 -926 -7669 END
START -7916 5004 21468 1105 -883 -7622 END
START -7928 5060 21424 867 -875 -7560 END
START -8116 5028 21288 719 -896 -7516 END
START -8124 4776 21396 504 -996 -7504 END
START -8008 4692 21672 337 -1118 -7529 END
START -7992 4556 21732 183 -1220 -7598 END
START -8068 4516 21720 21 -1363 -7660 END
START -8060 4612 21744 -103 -1529 -7682 END
START -7916 4652 21288 -255 -1626 -7706 END
START -7876 4632 21500 -397 -1734 -7736 END
START -7728 4672 21348 -544 -1739 -7749 END
START -7724 4864 21728 -709 -1800 -7819 END
START -7492 4728 21664 -917 -1811 -7870 END
START -7308 4704 21932 -1178 -1845 -7949 END
START -7196 4756 22108 -1491 -1893 -8007 END
START -7088 4688 22212 -1859 -1976 -8033 END
START -6852 4832 22244 -2294 -2003 -8110 END
START -6844 4748 22264 -2736 -2029 -8199 END
START -6536 4740 22020 -3180 -2057 -8335 END
START -6456 4684 22008 -3610 -2024 -8441 END
START -6420 4860 21832 -3946 -2039 -8544 END
START -6432 5024 21576 -4256 -2081 -8623 END
START -6284 5068 21504 -4514 -2088 -8703 END
START -6248 4988 21244 -4670 -2084 -8767 END
START -6136 5084 20956 -4813 -2089 -8813 END
START -5832 5156 20908 -4882 -2144 -8861 END
START -5884 5300 20840 -4929 -2151 -8900 END
START -5572 5484 20940 -4948 -2156 -8868 END
START -5468 5660 20840 -5018 -2232 -8841 END
START -5216 5772 21196 -5093 -2326 -8795 END
START -5116 5896 21088 -5231 -2363 -8715 END
START -4828 6064 21128 -5375 -2469 -8652 END
START -4640 6136 21220 -5533 -2597 -8558 END
START -4364 6084 21060 -5683 -2597 -8457 END
START -4116 6256 21004 -5818 -2754 -8346 END
START -3876 6216 21136 -5945 -2770 -8210 END
START -3780 6252 21112 -6113 -2848 -8108 END
START -3632 6448 21136 -6241 -2947 -7967 END
START -3440 6496 21052 -6439 -3043 -7852 END
START -3416 6740 21132 -6657 -3137 -7692 END
START -3184 6736 21224 -6889 -3263 -7568 END
START -3224 6796 21088 -7104 -3352 -7435 END
START -3160 6968 21068 -7299 -3432 -7321 END
START -2976 6900 20912 -7492 -3478 -7141 END
START -2716 6972 20584 -7733 -3485 -6982 END
START -2532 7292 20392 -7971 -3423 -6776 END
START -2232 7268 20004 -8244 -3330 -6600 END
START -2336 7452 19808 -8508 -3104 -6366 END
START -2176 7272 19540 -8757 -2974 -6170 END
START -2104 7188 19556 -8905 -2794 -6012 END
START -2120 7152 19596 -9065 -2701 -5816 END
START -2328 7176 19696 -9212 -2687 -5647 END
START -2416 7024 19844 -9252 -2780 -5442 END
START -2508 6960 19852 -9369 -2948 -5299 END
START -2344 6972 19764 -9376 -3141 -5089 END
START -2260 6848 19684 -9433 -3320 -4916 END
START -2068 7060 19520 -9442 -3474 -4685 END
START -2048 7068 19416 -9492 -3649 -4466 END
START -1816 7044 19156 -9553 -3721 -4233 END
START -1792 6936 18984 -9671 -3889 -3987 END
START -1716 6756 18656 -9766 -3936 -3769 END
START -1388 6804 18352 -9882 -3955 -3618 END
START -1392 6700 18200 -10017 -3943 -3472 END
START -1284 6792 18152 -10109 -3875 -3309 END
START -1260 6864 17832 -10230 -3847 -3176 END
START -1104 6856 17592 -10356 -3781 -3064 END
START -988 6796 17332 -10482 -3686 -2899 END
START -900 6888 17388 -10614 -3554 -2775 END
START -628 6840 17100 -10773 -3420 -2658 END
START -376 6932 16964 -10985 -3186 -2513 END
START -64 6988 17060 -11189 -2958 -2401 END
START 40 7096 17092 -11533 -2742 -2281 END
START 316 7140 16840 -11871 -2516 -2153 END
START 388 7176 16912 -12290 -2301 -1997 END
START 584 7196 16864 -12647 -2080 -1873 END
START 696 7148 16528 -13030 -1828 -1778 END
START 980 7320 16368 -13436 -1632 -1633 END
START 1064 7372 16168 -13854 -1382 -1496 END
START 1352 7312 15940 -14241 -1085 -1306 END
START 1472 7244 15752 -14630 -890 -1107 END
START 1572 7176 15752 -14958 -627 -894 END
START 1632 7108 15644 -15311 -358 -638 END
START 1588 7096 15488 -15609 -155 -397 END
START 1548 7068 15424 -15916 40 -154 END
START 1620 6964 15276 -16216 282 156 END
START 1432 6852 15340 -16583 416 445 END
START 1264 6696 15188 -16923 476 751 END
START 892 6660 15396 -17273 457 1031 END
START 624 6440 15332 -17528 434 1306 END
START 96 6012 15636 -17766 225 1543 END
START -444 5424 15712 -17960 -24 1715 END
START -824 4828 15620 -18065 -364 1809 END
START -1340 4572 15292 -18167 -755 1814 END
START -1352 4204 14888 -18229 -1075 1729 END
START -1676 3960 14336 -18317 -1368 1609 END
START -1572 3648 13848 -18371 -1549 1414 END
START -1680 3664 12908 -18469 -1652 1259 END
START -1540 3700 12176 -18523 -1551 1079 END
START -1472 3780 11152 -18557 -1331 960 END
START -1184 3852 10216 -18504 -950 895 END
START -1032 3900 9680 -18390 -380 879 END
START -836 3996 9268 -18218 131 927 END
START -816 4016 9148 -18005 646 1015 END
START -808 3932 9024 -17741 1123 1079 END
START -896 4052 9248 -17513 1482 1181 END
START -836 3984 9280 -17241 1785 1352 END
START -904 4028 9628 -17032 1953 1502 END
START -872 3908 9820 -16815 2002 1640 END
START -828 4008 9656 -16635 2048 1798 END
START -852 4160 9692 -16461 2066 1925 END
START -880 4360 9644 -16276 2028 2069 END
START -800 4384 9660 -16043 2001 2279 END
START -896 4552 9448 -15776 1961 2545 END
START -952 4724 9268 -15487 1886 2834 END
START -972 4960 9120 -15151 1756 3177 END
START -1240 5068 9060 -14788 1673 3497 END
START -1204 5012 8972 -14377 1526 3858 END
START -1368 5060 8940 -13956 1281 4183 END
START -1468 5168 8796 -13469 1048 4517 END
START -1416 5076 8564 -13004 846 4862 END
START -1500 5060 8368 -12478 599 5150 END
START -1508 5048 8276 -12021 386 5486 END
START -1668 5100 8220 -11553 180 5771 END
START -1664 5072 8184 -11068 -10 6068 END
START -1564 4968 7948 -10631 -149 6351 END
START -1508 4972 7696 -10242 -190 6584 END
START -1364 4984 7640 -9933 -224 6793 END
START -1364 4848 7628 -9670 -286 7013 END
START -1420 4872 7440 -9468 -270 7268 END
START -1320 4836 7384 -9286 -295 7445 END
START -1404 4776 7064 -9178 -197 7629 END
START -1292 4644 7040 -9067 -127 7820 END
START -1272 4720 6968 -8966 -11 7932 END
START -1472 4576 6664 -8946 215 8086 END
START -1640 4588 6532 -8851 321 8205 END
START -2004 4400 6512 -8825 524 8284 END
START -2232 4220 6392 -8771 591 8363 END
START -2332 3924 6260 -8747 704 8408 END
START -2612 3656 6076 -8652 812 8408 END
START -2764 3452 5912 -8501 888 8382 END
START -2876 3332 5528 -8380 971 8306 END
START -3096 3104 5184 -8161 1004 8235 END
START -3176 3052 4844 -8004 1186 8176 END
START -3256 2956 4444 -7840 1332 8115 END
START -3132 2904 3724 -7634 1648 8110 END
START -3096 2884 3420 -7423 2015 8138 END
START -3088 2720 3140 -7154 2441 8195 END
START -3072 2600 3132 -6923 2805 8306 END
START -3300 2440 2884 -6625 3162 8411 END
START -3364 2260 2956 -6265 3449 8603 END
START -3452 1976 3184 -5906 3658 8752 END
START -3696 1804 3624 -5421 3744 8921 END
START -3808 1680 3960 -4936 3703 9091 END
START -4068 1416 4120 -4448 3554 9260 END
START -4260 1216 4304 -3974 3409 9423 END
START -4472 1072 4552 -3491 3134 9555 END
START -4672 1092 4652 -3044 2883 9751 END
START -4936 896 4600 -2583 2567 9960 END
START -5204 712 4580 -2159 2267 10162 END
START -5496 616 4524 -1701 1997 10356 END
START -5840 420 4548 -1265 1748 10555 END
START -6164 236 4648 -777 1503 10701 END
START -6548 36 4592 -312 1253 10886 END
START -6836 -184 4688 160 1024 11018 END
START -7032 -376 4584 621 837 11121 END
START -7568 -568 4608 1106 640 11167 END
START -7916 -968 4804 1538 448 11181 END
START -8364 -1232 4668 1952 325 11129 END
START -8808 -1516 5152 2418 97 11040 END
START -9308 -1908 5420 2893 -43 10883 END
START -9544 -2116 5668 3288 -243 10669 END
START -9768 -2472 5956 3684 -405 10444 END
START -9940 -2544 6000 4048 -569 10146 END
START -10012 -2592 6172 4359 -636 9870 END
START -10192 -2684 6440 4565 -700 9569 END
START -10348 -2772 6352 4776 -622 9248 END
START -10516 -2772 6620 4955 -570 8944 END
START -10568 -2880 7000 5043 -361 8614 END
START -10668 -2848 7224 5126 -124 8259 END
START -10852 -2940 7332 5126 90 7891 END
START -11208 -3000 7968 5152 312 7486 END
START -11660 -3032 8336 5096 512 7067 END
START -11996 -3192 8652 5003 609 6575 END
START -12364 -3396 9096 5001 710 6017 END
START -12588 -3624 9552 4921 823 5389 END
START -12848 -3676 9720 4882 928 4760 END
START -13032 -3760 10032 4834 1024 4044 END
START -12968 -3928 10088 4788 1217 3353 END
START -13120 -4000 9936 4723 1464 2566 END
START -12988 -3948 10012 4599 1825 1853 END
START -12752 -3816 9992 4476 2348 1085 END
START -12628 -3676 9924 4279 3007 315 END