START -6664 -1304 14236 1788 1349 -6822 END
START -4948 -268 10896 1612 650 -7297 END
START -5128 -988 12884 1782 1586 -7538 END
START -5384 -820 12960 1749 2076 -7897 END
START -5392 -628 13468 1736 2488 -8175 END
START -5040 -428 13684 1693 2841 -8420 END
START -4780 -176 13840 1712 3242 -8621 END
START -4276 140 13860 1731 3598 -8659 END
START -3852 752 13980 1725 4040 -8575 END
START -3400 1532 14312 1643 4453 -8412 END
START -3100 1992 14456 1515 4813 -8093 END
START -2500 2540 15132 1320 5029 -7632 END
START -2200 3036 16100 1111 5151 -7008 END
START -1916 3452 16700 775 4960 -6249 END
START -1712 3808 17384 387 4670 -5367 END
START -1684 4020 17672 2 4240 -4435 END
START -1316 3920 18044 -318 3719 -3482 END
START -1384 3784 18204 -561 3138 -2537 END
START -1360 3672 18268 -625 2495 -1594 END
START -1652 3564 18396 -606 1815 -718 END
START -1724 3384 18308 -525 1045 75 END
START -1924 3304 17968 -382 279 818 END
START -2080 3000 17552 -199 -341 1445 END
START -2536 2568 17048 52 -882 1992 END
START -2768 2088 16884 296 -1444 2434 END
START -2964 1532 16708 548 -2018 2784 END
START -3176 1512 16472 824 -2581 3000 END
START -3328 1144 16164 1098 -3128 3160 END
START -3488 940 15780 1420 -3479 3236 END
START -3492 484 15472 1737 -3816 3208 END
START -3548 256 14968 2017 -3964 3135 END
START -3544 4 14720 2281 -3977 2937 END
START -3592 -240 14284 2432 -3835 2730 END
START -3532 -432 13960 2550 -3588 2373 END
START -3544 -536 13720 2579 -3236 2006 END
START -3556 -604 13604 2559 -2769 1590 END
START -3556 -640 13540 2503 -2209 1194 END
START -3572 -740 13252 2387 -1558 719 END
START -3504 -784 13228 2235 -902 265 END
START -3440 -796 13220 2074 -237 -144 END
START -3272 -676 13224 1883 503 -616 END
START -3216 -556 13436 1707 1276 -1043 END
START -3156 -216 13660 1487 2038 -1479 END
START -2984 -100 13944 1177 2818 -1810 END
START -2760 24 14188 810 3482 -2091 END
START -2804 224 14776 360 3961 -2268 END
START -2880 584 15420 -84 4254 -2391 END
START -2888 840 15796 -496 4437 -2404 END
START -2788 820 16172 -872 4480 -2364 END
START -2748 940 16712 -1120 4495 -2291 END
START -2828 1076 16920 -1286 4342 -2162 END
START -2856 1132 17216 -1404 4086 -1961 END
START -2848 1164 17432 -1471 3756 -1771 END
START -2836 1200 17400 -1501 3336 -1508 END
START -2684 1216 17512 -1563 2859 -1271 END
START -2600 1232 17440 -1560 2409 -1018 END
START -2360 1216 17472 -1534 1907 -687 END
START -2356 1216 17228 -1413 1388 -378 END
START -2136 1288 17096 -1282 906 -14 END
START -2116 1320 16896 -1070 382 317 END
START -2000 1256 16688 -856 -77 697 END
START -1948 1312 16400 -616 -460 989 END
START -2068 1156 16260 -346 -740 1284 END
START -2048 1140 15972 -120 -994 1574 END
START -2104 940 15912 74 -1195 1727 END
START -2316 624 15812 180 -1373 1884 END
START -2320 416 15624 329 -1459 1947 END
START -2464 304 15620 356 -1428 1933 END
START -2580 120 15556 444 -1432 1865 END
START -2796 64 15856 593 -1442 1765 END
START -2848 -128 15692 661 -1366 1652 END
START -2980 -180 15900 768 -1293 1490 END
START -3016 -192 15816 809 -1178 1272 END
START -3056 -180 15744 845 -968 1075 END
START -3072 -240 15588 824 -751 830 END
START -3016 -188 15772 712 -436 557 END
START -2900 -192 15716 589 -130 265 END
START -2980 -96 15852 399 231 -9 END
START -2860 104 15800 174 595 -270 END
START -2972 64 16040 -40 968 -510 END
START -2944 228 16152 -301 1276 -724 END
START -2856 228 16224 -519 1535 -944 END
START -2816 436 16388 -755 1752 -1051 END
START -2800 556 16628 -932 1901 -1172 END
START -2544 612 16548 -1076 1988 -1251 END
START -2524 788 16724 -1176 2021 -1292 END
START -2428 836 16956 -1276 2003 -1272 END
START -2232 1052 17092 -1380 1973 -1258 END
START -2096 1172 17244 -1452 1833 -1180 END
START -2128 1356 17440 -1455 1643 -1100 END
START -1880 1380 17508 -1545 1429 -900 END
START -1960 1500 17636 -1542 1137 -751 END
START -1864 1484 17872 -1539 777 -558 END
START -1704 1448 17832 -1528 379 -403 END
START -1664 1476 17964 -1500 -53 -210 END
START -1616 1468 17824 -1446 -517 -44 END
START -1384 1592 17624 -1377 -902 164 END
START -1324 1612 17576 -1292 -1245 372 END
START -1420 1636 17504 -1216 -1554 602 END
START -1248 1700 17380 -1138 -1890 827 END
START -1188 1636 16972 -1102 -2130 1014 END
START -876 1644 16796 -1059 -2248 1187 END
START -792 1604 16544 -1043 -2322 1351 END
START -832 1500 16596 -1110 -2368 1454 END
START -632 1392 16380 -1194 -2332 1540 END
START -684 1384 16096 -1320 -2239 1609 END
START -464 1452 16048 -1454 -2129 1662 END
START -528 1472 15784 -1602 -1948 1700 END
START -388 1408 15832 -1758 -1740 1690 END
START -396 1356 15812 -1864 -1597 1708 END
START -436 1368 15812 -2012 -1490 1688 END
START -376 1384 15748 -2105 -1355 1675 END
START -260 1444 15692 -2163 -1306 1636 END
START -148 1464 15684 -2209 -1287 1630 END
START -84 1508 15548 -2293 -1251 1624 END
START 60 1616 15512 -2347 -1261 1633 END
START 120 1824 15308 -2442 -1227 1648 END
START 252 2032 15240 -2507 -1205 1701 END
START 404 2168 15152 -2619 -1208 1830 END
START 468 2416 14996 -2741 -1211 1949 END
START 872 2584 15040 -2907 -1173 2042 END
START 884 2764 14428 -3031 -1097 2142 END
START 1040 2980 14356 -3157 -977 2255 END
START 1236 3144 14268 -3273 -821 2397 END
START 1492 3396 14172 -3395 -673 2554 END
START 1724 3212 14064 -3575 -478 2694 END
START 2112 3340 13876 -3791 -272 2890 END
START 2240 3528 13908 -4031 -85 3045 END
START 2348 3776 13884 -4274 74 3286 END
START 2548 3912 13744 -4577 311 3469 END
START 2664 4228 13432 -4808 486 3771 END
START 2700 4320 13480 -5056 752 4093 END
START 2812 4540 13220 -5274 981 4392 END
START 2884 4444 13224 -5486 1227 4731 END
START 2980 4552 13076 -5690 1430 5073 END
START 3024 4640 12952 -5831 1572 5377 END
START 2760 4596 13100 -6004 1714 5765 END
START 2732 4704 13084 -6052 1742 6152 END
START 2508 4656 13188 -6122 1692 6554 END
START 2288 4724 13020 -6097 1526 6979 END
START 2220 4496 12856 -6054 1376 7377 END
START 2008 4432 12680 -5969 1181 7825 END
START 1808 4360 12612 -5814 956 8231 END
START 1660 4412 12280 -5671 686 8677 END
START 1108 4084 12088 -5502 377 9060 END
START 936 3972 11652 -5264 78 9474 END
START 528 3844 11264 -5030 -114 9796 END
START 260 3400 10728 -4724 -297 10138 END
START -12 3180 10324 -4384 -320 10429 END
START -424 3068 10056 -4031 -354 10682 END
START -648 2852 9680 -3639 -321 10903 END
START -1036 2668 9452 -3377 -247 11092 END
START -1444 2552 8940 -3069 -135 11236 END
START -1712 2276 8888 -2793 -55 11370 END
START -1856 2088 8576 -2565 143 11439 END
START -2120 1872 8612 -2303 316 11452 END
START -2376 1492 8448 -2073 504 11443 END
START -2736 1264 8384 -1817 740 11399 END
START -2876 1268 8244 -1585 1011 11284 END
START -3168 1084 8172 -1319 1253 11113 END
START -3368 1008 7944 -1126 1511 10952 END
START -3568 1028 7820 -968 1749 10803 END
START -3624 1064 7552 -864 2093 10566 END
START -3600 948 7236 -802 2481 10351 END
START -3640 896 7080 -729 2892 10138 END
START -3928 1136 7024 -691 3266 9985 END
START -4300 1212 6988 -627 3605 9801 END
START -4304 1208 7048 -611 3926 9638 END
START -4464 1208 7140 -562 4183 9461 END
START -4400 1048 7020 -553 4443 9225 END
START -4492 1056 7064 -517 4731 9036 END
START -4564 1028 7096 -449 4963 8821 END
START -4692 1028 6780 -422 5176 8603 END
START -4856 1176 6616 -312 5348 8414 END
START -4888 1180 6516 -178 5462 8269 END
START -4920 1152 6408 30 5609 8147 END
START -4992 1196 6348 269 5685 8087 END
START -5216 1344 6544 569 5691 7982 END
START -5324 1412 6648 952 5602 7942 END
START -5416 1576 6616 1327 5426 7933 END
START -5732 1620 6784 1750 5212 7902 END
START -5904 1740 6972 2281 4844 7935 END
START -6128 1740 7060 2828 4468 7939 END
START -6300 1816 7044 3373 4056 7968 END
START -6492 1872 7324 3954 3656 7955 END
START -6628 1928 7328 4531 3202 7925 END
START -6828 1900 7608 5100 2730 7892 END
START -6896 2028 7612 5630 2212 7859 END
START -6876 2012 7572 6107 1850 7778 END
START -7000 2144 7608 6634 1473 7754 END
START -6856 2312 7508 7074 1169 7689 END
START -6756 2380 7264 7515 992 7569 END
START -6824 2464 7152 7850 895 7485 END
START -6688 2444 7032 8241 953 7399 END
START -6516 2600 6908 8521 1017 7285 END
START -6560 2628 6924 8731 1199 7222 END
START -6380 2720 6972 8963 1533 7082 END
START -6296 2852 6676 9107 1830 6944 END
START -6380 2964 6872 9285 2232 6866 END
START -6408 2848 6756 9410 2670 6721 END
START -6488 2824 6924 9563 3105 6578 END
START -6708 2752 7396 9655 3500 6406 END
START -7096 2660 7644 9821 3891 6263 END
START -7616 2668 7980 9953 4138 6081 END
START -7932 2656 8344 10108 4357 5917 END
START -8316 2568 8740 10277 4573 5714 END
START -8720 2664 9008 10476 4690 5524 END
START -9212 2528 9372 10605 4822 5325 END
START -9560 2576 9580 10792 4891 5080 END
START -9860 2444 9976 10980 4946 4837 END
START -10420 2208 10416 11219 4984 4566 END
START -10648 2180 10644 11352 4953 4293 END
START -11124 2192 11064 11563 4837 3997 END
START -11560 2108 11432 12064 4654 3690 END
START -11856 1932 11872 12254 4405 3405 END
START -12424 1944 12300 12211 4091 3116 END
START -12900 1868 12724 12777 3681 2849 END
START -13464 1684 13360 13182 3210 2554 END
START -13840 1624 13660 13628 2697 2289 END
START -14320 1336 14108 13957 2172 1969 END
START -14736 1112 14468 14411 1589 1593 END
START -14940 908 14900 14752 1050 1219 END
START -15304 760 15160 15097 514 831 END
START -15484 644 15524 15355 -71 432 END
START -15508 544 15496 15545 -486 58 END
START -15520 492 15860 15750 -1008 -338 END
START -15408 548 15888 15929 -1352 -733 END
START -15436 628 15996 16062 -1612 -1099 END
START -15504 796 16208 16170 -1839 -1475 END
START -15516 808 16640 16173 -1970 -1891 END
START -15684 664 16976 16113 -2173 -2288 END
START -15696 504 17248 15987 -2234 -2739 END
START -15580 432 17392 15767 -2243 -3300 END
START -15408 368 17572 15505 -2113 -3838 END
START -15180 344 17600 15302 -1985 -4401 END
START -15120 404 17584 15050 -1662 -4996 END
START -14732 664 17508 14828 -1289 -5531 END
START -14628 928 17592 14575 -865 -5988 END
START -14412 1188 17692 14293 -456 -6443 END
START -14284 1380 17816 14072 -44 -6826 END
START -14168 1588 18004 13873 369 -7147 END
START -14160 1640 18456 13767 650 -7446 END
START -14108 1688 18932 13730 781 -7682 END
START -14400 1764 19504 13794 735 -7946 END
START -14524 1696 20132 13928 525 -8200 END
START -14516 1804 20544 14110 171 -8467 END
START -14444 1824 21004 14395 -274 -8720 END
START -14304 1896 21124 14699 -824 -8968 END
START -13896 2220 21096 15020 -1290 -9261 END
START -13568 2412 21472 15337 -1803 -9469 END
START -13276 2708 22016 15717 -2359 -9603 END
START -13164 2804 22508 15966 -2949 -9728 END
START -12708 3044 22832 16184 -3591 -9820 END
START -12284 3220 23348 16317 -4228 -9929 END
START -11900 3316 23744 16409 -4934 -10004 END
START -11684 3388 24368 16445 -5762 -10071 END
START -11112 3352 24700 16512 -6756 -10115 END
START -10620 3536 24956 16614 -7646 -10097 END
START -9980 3836 25000 16745 -8488 -10089 END
START -9176 4216 25044 16778 -9253 -9971 END
START -8524 4656 24948 16768 -9832 -9765 END
START -7984 5064 24708 16607 -10269 -9501 END
START -7540 5292 24448 16426 -10483 -9191 END
START -6996 5448 23840 16125 -10410 -8937 END
START -6272 5564 23424 15771 -10105 -8686 END
START -5788 5620 23016 15347 -9471 -8506 END
START -5620 5508 22732 14824 -8648 -8372 END
START -5536 5536 22452 14143 -7577 -8329 END
START -5664 5444 22408 13418 -6319 -8407 END
START -5828 5024 22672 12500 -5041 -8602 END
START -6092 4796 22876 11618 -3720 -8896 END
START -6344 4632 23488 10745 -2535 -9311 END
START -6792 4492 23984 9686 -1436 -9791 END
START -7192 4140 24604 8644 -451 -10329 END
START -7556 3900 25352 7703 273 -10848 END
START -7856 3660 25824 6694 808 -11437 END
START -7736 3732 26316 5910 1173 -12006 END
START -7468 3744 26588 5144 1376 -12568 END
START -7304 3812 26560 4593 1492 -13046 END
START -6888 4060 26616 4159 1452 -13359 END
START -6540 4256 26632 3853 1350 -13644 END
START -6124 4492 26912 3603 1139 -13742 END
START -5828 4656 26852 3405 807 -13817 END
START -5496 4848 26860 3261 414 -13759 END
START -5060 5132 27000 3157 -16 -13651 END
START -4824 5332 26928 3091 -500 -13483 END
START -4544 5424 26880 2998 -986 -13265 END
START -4096 5480 26856 2950 -1497 -12976 END
START -3744 5472 26764 2910 -1996 -12720 END
START -3356 5580 26720 2839 -2538 -12433 END
START -2964 5688 26620 2728 -2957 -12166 END
START -2696 5964 26560 2567 -3382 -11858 END
START -2232 6232 26348 2298 -3730 -11540 END
START -1896 6448 26156 2000 -3994 -11167 END
START -1480 6692 26064 1640 -4138 -10786 END
START -1084 6888 26092 1188 -4202 -10405 END
START -828 7136 25984 686 -4187 -10002 END
START -664 7348 25948 166 -4170 -9639 END
START -392 7292 25820 -380 -4175 -9279 END
START -292 7324 25808 -934 -4139 -8972 END
START -216 7248 25956 -1464 -4120 -8701 END
START -240 7080 25892 -2012 -4089 -8527 END
START -136 6964 25556 -2509 -4082 -8355 END
START 88 7096 25268 -2997 -3997 -8238 END
START 252 7128 25040 -3456 -3861 -8116 END
START 588 7288 24820 -3904 -3701 -7983 END
START 552 7528 24520 -4445 -3456 -7907 END
START 624 7808 24392 -4913 -3292 -7773 END
START 736 7792 24232 -5458 -3085 -7605 END
START 784 7824 24128 -5896 -2898 -7493 END
START 768 7920 23996 -6343 -2726 -7351 END
START 856 7880 23948 -6714 -2559 -7267 END
START 848 7832 23768 -7119 -2481 -7166 END
START 840 8052 23676 -7465 -2364 -7036 END
START 804 8056 23684 -7814 -2345 -6995 END
START 860 7956 23532 -8103 -2341 -6880 END
START 992 8004 23468 -8402 -2375 -6837 END
START 1168 8260 23444 -8637 -2393 -6761 END
START 1240 8584 23284 -8877 -2413 -6696 END
START 1376 8816 23024 -9136 -2407 -6571 END
START 1448 9080 22724 -9456 -2385 -6388 END
START 1656 9388 22796 -9719 -2346 -6169 END
START 1772 9648 22660 -10067 -2376 -5914 END
START 1804 9720 22608 -10362 -2353 -5647 END
START 1964 9804 22468 -10660 -2375 -5333 END
START 2180 9968 22444 -11029 -2424 -5108 END
START 2184 9980 22236 -11353 -2445 -4750 END
START 2328 10216 22112 -11729 -2535 -4436 END
START 2296 10300 21892 -12158 -2601 -4110 END
START 2408 10436 21800 -12545 -2659 -3713 END
START 2488 10576 21420 -12962 -2752 -3376 END
START 2612 10532 21132 -13319 -2765 -3041 END
START 2724 10592 20820 -13614 -2846 -2708 END
START 2764 10504 20432 -13868 -2937 -2380 END
START 2656 10436 20060 -14034 -2962 -2069 END
START 2692 10512 19792 -14136 -3073 -1745 END
START 2676 10572 19576 -14234 -3177 -1443 END
START 2640 10504 19364 -14302 -3306 -1098 END
START 2628 10608 19048 -14362 -3505 -804 END
START 2624 10480 18560 -14428 -3662 -454 END
START 2596 10540 18364 -14469 -3869 -194 END
START 2660 10396 18044 -14537 -3975 84 END
START 2720 10480 17508 -14616 -4079 352 END
START 2828 10476 17312 -14693 -4166 648 END
START 2772 10340 16676 -14801 -4104 870 END
START 2864 10512 16256 -14913 -4074 1176 END
START 2796 10588 16012 -15068 -3962 1447 END
START 2688 10412 15732 -15279 -3874 1719 END
START 2508 10336 15440 -15474 -3671 1976 END
START 2344 10032 15304 -15643 -3598 2170 END
START 2184 9920 14956 -15845 -3442 2342 END
START 2152 9752 14528 -15981 -3293 2455 END
START 2040 9572 14376 -16107 -3210 2549 END
START 1940 9592 14148 -16195 -3061 2620 END
START 1804 9484 13880 -16296 -2966 2726 END
START 1916 9504 13476 -16415 -2880 2815 END
START 1564 9544 13220 -16526 -2788 2932 END
START 1916 9496 12912 -16580 -2693 3034 END
START 1804 9612 12616 -16625 -2618 3192 END
START 1692 9444 12268 -16644 -2533 3303 END
START 1596 9540 12248 -16579 -2506 3504 END
START 1580 9692 11876 -16574 -2447 3728 END
START 1620 9652 11444 -16513 -2436 3943 END
START 1476 9692 11468 -16480 -2468 4170 END
START 1444 9656 11160 -16437 -2407 4438 END
START 1352 9764 10968 -16351 -2466 4717 END
START 1280 9756 10676 -16266 -2471 4977 END
START 1180 9900 10352 -16193 -2479 5271 END
START 1256 10064 10096 -16140 -2494 5554 END
START 1300 10036 9988 -16103 -2474 5908 END
START 1372 10076 9748 -16085 -2493 6243 END
START 1388 10176 9696 -16111 -2536 6590 END
START 1096 10192 9768 -16094 -2625 6956 END
START 1172 10076 9588 -16072 -2766 7289 END
START 1036 10000 9428 -16020 -2905 7661 END
START 1012 9832 9356 -15935 -3077 7996 END
START 920 9696 9296 -15790 -3276 8332 END
START 980 9704 9168 -15650 -3468 8650 END
START 636 9720 9076 -15446 -3759 8989 END
START 500 9688 9048 -15294 -4050 9297 END
START 436 9704 9028 -15093 -4415 9653 END
START 296 9516 8708 -14869 -4820 10043 END
START 36 9340 8340 -14677 -5200 10404 END
START -92 9236 8008 -14448 -5524 10770 END
START -32 9108 7564 -14198 -5820 11177 END
START -332 9000 7052 -13954 -6006 11547 END
START -312 8832 6484 -13645 -6074 11967 END
START -404 8716 5772 -13368 -6018 12425 END
START -700 8548 5104 -13077 -5845 12512 END
START -736 8160 4200 -12760 -5540 12908 END
START -1040 7964 3664 -12429 -5116 13447 END
START -1260 7556 3008 -12084 -4618 13700 END
START -1412 7284 2660 -11772 -4060 14012 END
START -1696 6880 2212 -11438 -3472 14306 END
START -1996 6500 2156 -11041 -2784 14521 END
START -2368 5980 1544 -10617 -2096 14717 END
START -2644 5528 1532 -10237 -1413 14843 END
START -2908 5068 1496 -9837 -713 14958 END
START -3416 4664 1316 -9452 -40 14993 END
START -3884 4088 1616 -9103 491 15023 END
START -4368 3548 1764 -8728 1001 15018 END
START -4896 3288 2132 -8347 1344 14998 END
START -5444 2880 2600 -7980 1704 14980 END
START -5768 2496 2832 -7599 1867 14922 END
START -6132 2416 2888 -7239 1958 14851 END
START -6520 2084 2976 -6849 2061 14780 END
START -6828 1752 3028 -6521 2201 14764 END
START -7076 1468 2988 -6126 2246 14697 END
START -7568 1144 3068 -5740 2319 14673 END
START -7756 1176 3084 -5399 2346 14703 END
START -8128 1096 3256 -4996 2350 14684 END
START -8424 932 3236 -4546 2358 14733 END
START -8648 772 3268 -4089 2297 14766 END
START -8816 396 3516 -3678 2227 14800 END
START -9120 272 3468 -3204 2139 14807 END
START -9360 28 3560 -2715 2024 14826 END
START -9776 -288 3744 -2210 1904 14813 END
START -9984 -460 4040 -1665 1717 14884 END
START -10240 -696 3908 -1159 1568 14859 END
START -10512 -892 4172 -553 1387 14909 END
START -10724 -836 4380 -48 1207 14933 END
START -11000 -1076 4512 503 1055 14924 END
START -11396 -1192 4732 1106 832 14963 END
START -11664 -1548 4984 1580 580 14946 END
START -11932 -1968 5104 2074 292 14905 END
START -12224 -2324 4944 2616 115 14828 END
START -12444 -2768 5124 3150 32 14620 END
START -12500 -3052 5192 3707 -23 14395 END
START -12760 -3312 5128 4296 -52 14092 END
START -12980 -3616 5224 4900 37 13770 END
START -13288 -3896 5308 5529 169 13331 END
START -13456 -4204 5460 6163 340 12887 END
START -13472 -4300 5464 6818 641 12549 END
START -13756 -4356 5660 7437 939 12104 END
START -13852 -4560 5748 8042 1278 11605 END
START -14032 -4664 6036 8535 1687 11103 END
START -14160 -4892 6064 8978 2086 10602 END
START -14124 -4856 6648 9415 2595 10032 END
START -14276 -4912 6932 9803 3157 9456 END
START -14560 -4904 7392 10122 3605 8886 END
START -14792 -5044 7964 10450 4151 8251 END
START -15012 -5144 8552 10665 4647 7670 END
START -15188 -5400 8948 10844 5135 7052 END
START -15316 -5376 9416 10917 5744 6323 END
START -15524 -5520 9732 10924 6357 5565 END
START -15696 -5568 10320 10873 6986 4804 END
START -15972 -5512 11180 10744 7561 4066 END
START -16080 -5420 11884 10598 7938 3356 END
START -16456 -5304 12588 10413 8249 2729 END
START -16696 -5328 13536 10201 8398 2127 END
START -16916 -5188 14016 9981 8406 1549 END
START -17192 -5268 14680 9758 8295 949 END
START -17440 -5484 15216 9619 8084 361 END
START -17628 -5732 15948 9443 7774 -329 END
START -17764 -6108 16484 9295 7325 -1047 END
START -17844 -6228 17020 9219 6735 -1850 END
START -17860 -6220 17288 9219 6007 -2613 END
START -17848 -6064 17624 9241 5198 -3372 END
START -17768 -5628 17920 9243 4324 -4007 END
START -17504 -5408 18116 9382 3453 -4625 END
START -17212 -5100 18492 9584 2493 -5190 END
START -16976 -4740 18664 9910 1473 -5692 END
START -16700 -4492 18832 10302 408 -6203 END
START -16048 -4264 19008 10768 -637 -6702 END
START -15576 -3984 18868 11211 -1665 -7237 END
START -15160 -3528 18528 11642 -2566 -7712 END
START -14604 -2696 18432 12208 -3349 -8162 END
START -13824 -1800 18084 12225 -3932 -8514 END
START -13364 -1140 17968 12678 -4400 -8779 END
START -12708 -680 18408 12843 -4769 -8979 END
START -12196 -564 18728 13073 -5058 -9152 END
START -11372 -8 18612 13189 -5181 -9358 END
START -10996 292 18968 13220 -5281 -9597 END
START -10640 248 19304 13065 -5324 -10015 END
START -10028 280 19584 12765 -5299 -10481 END
START -9592 480 19884 12333 -5122 -10987 END
START -8904 796 20012 11846 -4844 -11507 END
START -8328 1224 19884 11136 -4430 -12007 END
START -7924 1844 20028 10354 -3910 -12552 END
START -7276 2232 20428 9449 -3255 -13047 END
START -6752 2704 20432 8444 -2600 -13482 END
START -6360 2984 20720 7369 -1873 -13909 END
START -5964 3152 20780 6285 -1147 -14349 END
START -5496 3452 21252 5329 -537 -14734 END
START -5448 3556 21212 4358 45 -15128 END
START -5296 3600 21520 3579 408 -15489 END
START -5188 3752 21376 2823 754 -15799 END
START -4976 3880 21352 2261 896 -16113 END
START -4848 4196 21460 1717 895 -16347 END
START -4660 4280 21320 1350 743 -16545 END
START -4244 4548 21216 1074 515 -16603 END
START -3956 4840 21052 910 127 -16617 END
START -3512 5172 20744 859 -317 -16487 END
START -3024 5432 20520 861 -802 -16292 END
START -2804 5700 19956 937 -1284 -15999 END
START -2176 5992 19256 1104 -1812 -15634 END
START -1872 5868 18708 1292 -2257 -15220 END
START -1388 6148 18196 1547 -2672 -14778 END
START -1104 6144 17840 1801 -3095 -14326 END
START -660 6264 17368 2068 -3431 -13911 END
START -168 6140 16952 2332 -3738 -13449 END
START -8 6384 16676 2564 -3919 -13021 END
START 384 6508 16484 2827 -4021 -12584 END
START 800 6420 16032 2976 -4043 -12136 END
START 1056 6396 15936 3109 -4054 -11695 END
START 1432 6384 15876 3160 -3940 -11300 END
START 1744 6380 15892 3123 -3805 -10904 END
START 1912 6312 15880 2978 -3545 -10567 END
START 2136 6532 15776 2726 -3305 -10243 END
START 2304 6520 15712 2371 -3040 -9930 END
START 2428 6640 15404 2021 -2793 -9566 END
START 2612 6660 15348 1651 -2473 -9251 END
START 2588 6616 15336 1358 -2208 -8995 END
START 2784 6468 15064 1112 -2008 -8675 END
START 2932 6456 14900 925 -1782 -8411 END
START 3120 6624 14548 751 -1561 -8148 END
START 3188 6944 14600 588 -1352 -7828 END
START 3536 7180 14288 472 -1138 -7433 END
START 3584 7236 14064 345 -918 -7027 END
START 3616 7468 13808 213 -702 -6537 END
START 3596 7636 13608 169 -440 -6028 END
START 3616 7464 13640 145 -205 -5579 END
START 3504 7372 13572 267 -39 -5151 END
START 3184 7236 13736 396 134 -4718 END
START 2952 6964 13864 528 240 -4336 END
START 2660 6868 14244 654 276 -4064 END
START 2480 6892 14416 724 324 -3749 END
START 2152 6876 14700 708 336 -3443 END
START 1944 6916 14976 639 371 -3178 END
START 1752 6852 15236 518 357 -2917 END
START 1700 6612 15268 336 362 -2587 END
START 1584 6528 15548 132 363 -2372 END
START 1468 6348 15736 -80 380 -2127 END
START 1392 6264 15696 -347 435 -1899 END
START 1380 6132 15772 -574 389 -1724 END
START 1148 6012 15760 -837 358 -1542 END
START 1084 5960 15640 -997 305 -1335 END
START 932 5736 15560 -1116 231 -1098 END
START 700 5600 15600 -1189 112 -870 END
START 612 5504 15476 -1211 -19 -691 END
START 356 5220 15588 -1241 -147 -481 END
START 140 5088 15312 -1251 -295 -283 END
START 32 4964 15228 -1251 -505 -90 END
START -276 4892 15152 -1269 -643 79 END
START -376 4768 14972 -1270 -773 281 END
START -492 4560 14668 -1264 -891 426 END
START -752 4400 14252 -1186 -879 542 END
START -804 4272 14164 -1177 -856 670 END
START -1100 4156 13772 -1139 -806 782 END
START -1212 4048 13944 -1107 -714 854 END
START -1476 3744 13960 -1059 -596 883 END
START -1596 3416 13816 -984 -444 924 END
START -1952 3300 13916 -972 -412 904 END
START -1984 3100 13880 -934 -326 895 END
START -2264 2944 14160 -943 -239 866 END
START -2388 2712 14148 -933 -224 794 END
START -2612 2584 14104 -968 -121 749 END
START -2832 2588 14120 -1017 -86 682 END
START -2952 2480 14264 -1093 -30 618 END
START -3120 2500 14280 -1139 59 559 END
START -3312 2368 14408 -1220 95 427 END
START -3420 2300 14336 -1272 155 362 END
START -3664 2228 14244 -1333 180 276 END
START -3748 2096 14280 -1397 251 129 END
START -3916 2004 14160 -1422 302 15 END
START -4108 1936 14284 -1427 273 -110 END
START -4220 1788 14580 -1426 225 -272 END
START -4292 1756 14580 -1386 130 -382 END
START -4484 1532 14832 -1345 18 -543 END
START -4536 1508 14868 -1245 -137 -678 END
START -4408 1448 14924 -1197 -277 -868 END
START -4500 1436 15120 -1099 -435 -996 END
START -4492 1384 15144 -1028 -660 -1159 END
START -4464 1472 15308 -1008 -905 -1279 END
START -4460 1520 15388 -970 -1164 -1378 END
START -4436 1504 15700 -964 -1456 -1468 END
START -4276 1564 15476 -924 -1715 -1572 END
START -4340 1592 15444 -870 -1909 -1650 END
START -4132 1588 15428 -794 -2114 -1754 END
START -4160 1600 15488 -760 -2274 -1874 END
START -4052 1528 15540 -710 -2447 -1969 END
START -4096 1620 15452 -637 -2624 -2114 END
START -3932 1748 15536 -642 -2816 -2218 END
START -3812 1828 15516 -615 -2939 -2316 END
START -3836 1908 15480 -619 -3032 -2401 END
START -3668 1980 15272 -671 -3087 -2468 END
START -3556 2180 15260 -706 -3127 -2475 END
START -3560 2300 15080 -766 -3110 -2487 END
START -3232 2484 15036 -775 -3106 -2497 END
START -3312 2516 14960 -785 -3071 -2456 END