START -3428 304 15668 -1018 4129 -3165 END
START -3940 592 18308 -1382 3332 -3075 END
START -3472 -16 16380 -1435 3761 -2974 END
START -3200 188 15604 -1584 3791 -2958 END
START -3528 36 16052 -1668 3556 -2954 END
START -3620 8 16456 -1665 3191 -2903 END
START -3556 -128 16448 -1582 2734 -2810 END
START -3524 -268 16548 -1358 2267 -2741 END
START -3300 -184 16620 -1121 1841 -2679 END
START -3344 -84 16312 -785 1384 -2624 END
START -3392 0 16272 -476 911 -2563 END
START -3476 -44 16416 -167 313 -2520 END
START -3512 -4 16292 153 -151 -2425 END
START -3524 84 16204 502 -651 -2314 END
START -3288 108 15996 853 -1064 -2207 END
START -3272 80 15804 1175 -1361 -2109 END
START -3192 100 15660 1531 -1659 -2035 END
START -3068 164 15568 1775 -1889 -1978 END
START -3012 272 15692 1971 -2085 -1921 END
START -2984 408 15708 2160 -2314 -1805 END
START -2932 396 15540 2232 -2469 -1728 END
START -2640 384 15372 2295 -2501 -1644 END
START -2332 552 15288 2282 -2477 -1533 END
START -2188 620 15236 2240 -2314 -1443 END
START -2096 688 15160 2194 -2186 -1304 END
START -1924 740 15292 2036 -1988 -1230 END
START -1864 856 15152 1904 -1732 -1096 END
START -1784 768 14896 1799 -1430 -969 END
START -1584 744 15024 1709 -1032 -883 END
START -1676 892 15104 1629 -685 -786 END
START -1848 956 15300 1447 -417 -708 END
START -1832 772 15476 1290 -244 -634 END
START -1876 620 15524 1067 -29 -566 END
START -2044 644 15748 860 127 -461 END
START -2120 508 15544 670 240 -461 END
START -2332 444 15816 519 367 -454 END
START -2436 376 15656 383 491 -463 END
START -2556 256 15776 242 614 -521 END
START -2684 200 15988 150 656 -556 END
START -2920 156 16080 38 677 -608 END
START -2828 180 16068 -47 637 -652 END
START -2932 188 16180 -142 578 -701 END
START -2920 172 16276 -202 447 -706 END
START -2840 188 16376 -288 255 -640 END
START -2744 364 16500 -331 102 -583 END
START -2632 348 16364 -346 -105 -540 END
START -2448 432 16340 -321 -300 -428 END
START -2320 512 16256 -306 -486 -356 END
START -2304 456 16392 -256 -638 -231 END
START -2124 384 16160 -202 -780 -72 END
START -2192 448 16104 -156 -954 42 END
START -2048 432 15964 -66 -1094 197 END
START -1960 452 15972 -12 -1190 335 END
START -1940 412 15780 45 -1242 411 END
START -2180 292 15604 142 -1278 543 END
START -2268 332 15684 254 -1285 635 END
START -2268 28 15716 391 -1424 744 END
START -2216 76 15664 572 -1491 778 END
START -2392 -136 15884 752 -1586 841 END
START -2480 -164 15864 856 -1654 807 END
START -2400 -268 15688 918 -1677 834 END
START -2436 -220 15732 959 -1626 810 END
START -2316 -232 15684 925 -1564 757 END
START -2216 -160 15564 889 -1402 746 END
START -2120 20 15604 789 -1151 711 END
START -2008 36 15552 679 -903 673 END
START -2016 28 15664 558 -604 620 END
START -1980 68 15676 359 -314 568 END
START -1976 164 15784 120 21 493 END
START -1860 92 15780 -125 372 398 END
START -1828 72 15928 -396 692 317 END
START -1992 28 15924 -688 1042 210 END
START -1884 100 16340 -938 1286 107 END
START -1976 8 16572 -1122 1437 -5 END
START -2072 -124 16988 -1294 1498 -115 END
START -2028 -76 17004 -1391 1502 -201 END
START -2128 -48 17124 -1449 1410 -296 END
START -1948 -112 17184 -1465 1335 -378 END
START -1780 -172 17144 -1409 1177 -405 END
START -1784 36 17060 -1427 1061 -404 END
START -1696 88 17148 -1406 905 -377 END
START -1612 220 17136 -1343 743 -353 END
START -1548 204 16952 -1255 549 -283 END
START -1620 176 17084 -1127 319 -228 END
START -1424 208 17076 -965 90 -140 END
START -1412 232 17204 -870 -158 -75 END
START -1472 268 17452 -741 -462 31 END
START -1496 156 17416 -617 -730 115 END
START -1336 200 17640 -564 -1096 225 END
START -1336 212 17760 -482 -1440 253 END
START -1096 144 17824 -475 -1754 311 END
START -1080 208 17784 -523 -2065 372 END
START -924 360 17752 -565 -2295 435 END
START -784 476 17764 -679 -2463 481 END
START -656 556 17656 -798 -2496 571 END
START -532 600 17564 -958 -2641 599 END
START -512 776 17476 -1104 -2631 652 END
START -360 672 17628 -1260 -2690 707 END
START -440 644 17248 -1409 -2735 762 END
START -348 804 17252 -1625 -2753 805 END
START -320 796 16840 -1806 -2730 824 END
START -276 932 16756 -2014 -2734 864 END
START -236 968 16512 -2183 -2663 913 END
START -116 1076 16300 -2380 -2594 977 END
START -8 1136 16140 -2537 -2494 1043 END
START 96 1140 15888 -2721 -2308 1148 END
START 208 1232 15620 -2916 -2159 1201 END
START 224 1304 15432 -3048 -1937 1308 END
START 468 1324 15256 -3225 -1719 1395 END
START 492 1372 15264 -3350 -1562 1456 END
START 604 1336 14988 -3484 -1362 1563 END
START 584 1348 14856 -3596 -1159 1664 END
START 644 1344 14720 -3660 -945 1740 END
START 612 1416 14712 -3694 -781 1818 END
START 664 1496 14404 -3739 -622 1918 END
START 800 1596 14276 -3772 -514 1972 END
START 840 1588 14216 -3803 -403 2015 END
START 824 1636 14092 -3842 -287 2112 END
START 828 1728 13972 -3851 -198 2145 END
START 1064 1760 13816 -3820 -50 2194 END
START 1040 1900 13748 -3787 18 2313 END
START 1192 2108 13748 -3716 -5 2364 END
START 1180 2132 13868 -3680 -36 2480 END
START 1132 2228 13604 -3580 -194 2617 END
START 1272 2300 13796 -3481 -317 2741 END
START 1352 2400 13828 -3401 -517 2878 END
START 1324 2500 13784 -3308 -746 3081 END
START 1400 2664 13664 -3261 -1048 3270 END
START 1372 2816 13424 -3210 -1322 3489 END
START 1464 2868 13148 -3138 -1469 3682 END
START 1616 2864 12772 -3067 -1640 3890 END
START 1676 2892 12224 -2978 -1674 4100 END
START 1652 3052 11932 -2915 -1731 4289 END
START 1548 3152 11520 -2865 -1704 4511 END
START 1612 3216 11148 -2759 -1677 4720 END
START 1656 3316 11108 -2671 -1590 4958 END
START 1624 3112 10668 -2587 -1502 5254 END
START 1496 3196 10540 -2516 -1361 5504 END
START 1456 3276 10232 -2443 -1251 5750 END
START 1352 3404 9936 -2353 -1073 6003 END
START 1208 3512 9580 -2297 -898 6277 END
START 1260 3396 9424 -2212 -697 6509 END
START 1316 3368 9232 -2121 -475 6755 END
START 1336 3272 8884 -1995 -306 7021 END
START 1092 3172 8944 -1866 -37 7266 END
START 964 3048 8620 -1810 64 7465 END
START 956 2992 8456 -1725 241 7635 END
START 788 2808 8128 -1639 448 7768 END
START 412 2612 7988 -1516 668 7907 END
START 156 2464 7764 -1333 848 8040 END
START -240 2312 7580 -1069 972 8149 END
START -896 1880 7392 -874 1161 8175 END
START -1312 1632 7388 -613 1244 8138 END
START -1844 1364 7292 -413 1307 8085 END
START -2192 972 7212 -167 1419 7898 END
START -2440 876 7256 -14 1488 7764 END
START -2752 688 7008 174 1562 7467 END
START -3072 480 6908 334 1711 7216 END
START -3228 328 6920 505 1865 6910 END
START -3376 336 6852 712 2052 6580 END
START -3488 372 6852 864 2195 6272 END
START -3680 420 6972 1002 2342 5995 END
START -3648 596 6876 1080 2362 5676 END
START -3584 668 7060 1182 2553 5412 END
START -3536 892 7104 1299 2671 5187 END
START -3448 1172 7184 1379 2799 5021 END
START -3596 1304 7424 1492 2808 4901 END
START -3572 1540 7448 1597 2808 4818 END
START -3612 1776 7740 1692 2761 4843 END
START -3648 1728 7660 1881 2724 4838 END
START -3632 1948 7824 2070 2603 4905 END
START -3688 2188 7748 2347 2429 5001 END
START -3752 2284 7716 2653 2292 5090 END
START -3772 2516 7780 2987 2136 5203 END
START -3904 2444 7684 3385 2038 5351 END
START -3720 2516 7464 3717 1975 5492 END
START -3716 2496 7400 4102 1980 5585 END
START -3660 2656 7200 4459 2055 5700 END
START -3816 2568 7240 4724 2140 5766 END
START -3964 2460 7344 4971 2325 5812 END
START -4140 2372 7028 5195 2586 5802 END
START -4352 2224 7064 5351 2857 5737 END
START -4428 2188 7168 5510 3257 5661 END
START -4668 2064 6996 5680 3682 5529 END
START -4828 2016 7080 5774 4213 5301 END
START -5028 1892 6932 5883 4808 5005 END
START -5204 1780 6896 6010 5510 4659 END
START -5256 1776 6940 6074 6215 4309 END
START -5452 1912 7324 6157 6968 3995 END
START -5608 2260 7592 6194 7608 3665 END
START -5768 2128 7856 6237 8178 3410 END
START -6004 2244 8356 6271 8661 3155 END
START -6312 2300 9048 6364 9040 2927 END
START -6560 2420 9756 6479 9254 2760 END
START -6996 2336 10200 6642 9371 2546 END
START -7160 2416 10820 6787 9360 2404 END
START -7596 2368 11436 6993 9208 2222 END
START -7800 2412 12120 7228 8973 2056 END
START -8200 2296 12716 7517 8642 1896 END
START -8576 2112 13460 7759 8163 1736 END
START -8680 2060 14016 8087 7614 1590 END
START -8968 1952 14376 8406 6917 1414 END
START -9028 1844 15000 8721 6145 1229 END
START -9208 1836 15248 9020 5374 1073 END
START -9268 1932 15584 9294 4517 978 END
START -9308 1832 15760 9566 3674 917 END
START -9248 2140 15864 9827 2887 860 END
START -9236 2092 15868 10158 2186 882 END
START -9368 2192 15868 10438 1502 910 END
START -9340 2128 15632 10712 983 920 END
START -9388 2264 15500 10884 575 960 END
START -9308 2184 15296 11037 293 999 END
START -9332 2208 14920 11139 243 1055 END
START -9276 2188 14880 11240 237 1115 END
START -9180 2176 14668 11261 407 1202 END
START -9292 2024 14444 11312 697 1245 END
START -9364 2020 14656 11292 1017 1247 END
START -9688 1716 14880 11324 1408 1269 END
START -9848 1596 15020 11242 1684 1181 END
START -10124 1436 15228 11271 1985 1094 END
START -10344 1144 15412 11235 2256 941 END
START -10528 876 15692 11203 2491 806 END
START -10796 616 16004 11262 2668 578 END
START -11072 296 16128 11233 2765 326 END
START -11172 128 16432 11273 2848 67 END
START -11360 16 16524 11348 2833 -262 END
START -11600 -120 16948 11493 2774 -584 END
START -11816 -120 17216 11692 2672 -960 END
START -12056 -128 17440 11732 2491 -1288 END
START -12040 -124 17700 12141 2275 -1681 END
START -12176 -132 18020 12190 2019 -1979 END
START -12068 -180 18196 12162 1814 -2345 END
START -12100 -168 18280 12584 1569 -2673 END
START -12172 -68 18484 12731 1363 -3031 END
START -12188 196 18492 12810 1230 -3384 END
START -12144 132 18616 13008 1175 -3721 END
START -12112 284 18812 13058 1166 -4054 END
START -12032 524 19300 13051 1160 -4391 END
START -11840 796 19588 12993 1209 -4692 END
START -11844 992 20100 12897 1186 -4948 END
START -11700 1160 20332 12677 1112 -5119 END
START -11496 1360 20708 12345 987 -5243 END
START -11456 1388 20904 12237 941 -5346 END
START -11288 1484 21112 11976 814 -5372 END
START -11176 1356 21316 11942 757 -5440 END
START -11088 1348 21396 11469 678 -5550 END
START -10932 1352 21512 11347 616 -5640 END
START -10972 1308 21792 11082 523 -5716 END
START -10868 1216 21772 10840 419 -5839 END
START -10772 1172 21840 10587 335 -5946 END
START -10728 1100 21744 10343 290 -6070 END
START -10648 1028 21740 10173 278 -6205 END
START -10532 1096 21456 10015 321 -6379 END
START -10384 968 21596 9869 356 -6548 END
START -10204 780 21392 9718 505 -6737 END
START -9960 856 20956 9660 723 -6978 END
START -9808 908 20740 9630 972 -7142 END
START -9504 1096 20588 9632 1249 -7327 END
START -9292 1284 20528 9718 1628 -7488 END
START -9076 1464 20680 9770 1871 -7580 END
START -8900 1476 20828 9895 2121 -7596 END
START -8828 1704 21128 10014 2274 -7608 END
START -8564 1672 21504 10176 2421 -7597 END
START -8460 1556 21700 10307 2457 -7581 END
START -8528 1532 22172 10444 2420 -7616 END
START -8368 1624 22660 10557 2312 -7618 END
START -8348 1568 22800 10639 2169 -7697 END
START -8204 1668 23084 10676 2004 -7760 END
START -8024 1676 23360 10737 1825 -7826 END
START -8084 1756 23540 10769 1598 -7867 END
START -7988 1804 24112 10759 1318 -7919 END
START -8008 1916 24576 10774 979 -7936 END
START -7736 1968 24948 10745 684 -7957 END
START -7472 2024 25296 10606 382 -8011 END
START -7164 2072 25788 10401 141 -8147 END
START -6952 2164 26088 10098 -133 -8187 END
START -6676 2540 26372 9711 -335 -8281 END
START -6336 2760 26244 9192 -399 -8306 END
START -6012 3264 26356 8569 -411 -8288 END
START -5664 3512 26524 7897 -285 -8281 END
START -5440 3688 26648 7272 -168 -8254 END
START -5196 3820 26736 6535 7 -8161 END
START -5176 3948 26780 5882 188 -8070 END
START -4948 4016 27104 5179 339 -8036 END
START -4872 4004 27072 4520 457 -7967 END
START -4784 4076 27028 3882 542 -7938 END
START -4840 4088 27188 3327 582 -7890 END
START -4844 4044 27156 2791 587 -7838 END
START -4964 4056 27260 2339 495 -7764 END
START -4924 4032 27084 1943 431 -7700 END
START -4860 4132 27240 1625 285 -7673 END
START -4724 4116 27064 1352 121 -7578 END
START -4668 4196 27084 1089 -135 -7481 END
START -4732 4400 27144 840 -385 -7447 END
START -4584 4420 27060 624 -665 -7301 END
START -4708 4560 26776 381 -988 -7197 END
START -4376 4660 26668 161 -1265 -7049 END
START -4368 4604 26648 -44 -1550 -6939 END
START -4192 4700 26556 -214 -1833 -6855 END
START -4072 4656 26412 -390 -2097 -6719 END
START -3964 4800 26268 -607 -2365 -6601 END
START -3716 4924 25920 -820 -2661 -6506 END
START -3564 4964 25784 -1072 -2923 -6345 END
START -3412 5136 25540 -1380 -3091 -6245 END
START -3168 5196 25148 -1658 -3225 -6119 END
START -2908 5412 24692 -1981 -3288 -6031 END
START -2856 5484 24372 -2279 -3253 -5877 END
START -2516 5516 24284 -2631 -3227 -5822 END
START -2408 5432 23936 -2960 -3185 -5709 END
START -2172 5532 23988 -3218 -3116 -5618 END
START -2160 5652 23992 -3585 -3075 -5567 END
START -2032 5828 23964 -3983 -3077 -5532 END
START -1924 5912 23732 -4369 -3105 -5460 END
START -1592 5952 23760 -4812 -3056 -5389 END
START -1404 6160 23532 -5255 -3068 -5275 END
START -1148 6332 23392 -5643 -3042 -5164 END
START -908 6692 23264 -6096 -2999 -5017 END
START -664 6840 22968 -6519 -3025 -4865 END
START -672 6888 23008 -6905 -3029 -4697 END
START -556 7064 22728 -7365 -2994 -4553 END
START -404 7320 22444 -7818 -2983 -4360 END
START -280 7512 22308 -8188 -2964 -4169 END
START -200 7724 22008 -8577 -2912 -3967 END
START -92 7712 21816 -8894 -2905 -3785 END
START -72 7808 21760 -9217 -2922 -3565 END
START 80 7720 21580 -9493 -2910 -3413 END
START 128 7820 21552 -9739 -2988 -3246 END
START 40 7928 21432 -9980 -3081 -3137 END
START 32 7928 21456 -10155 -3253 -2943 END
START 184 8000 21428 -10365 -3496 -2741 END
START 112 8056 21348 -10550 -3815 -2546 END
START 288 8312 20944 -10690 -4094 -2344 END
START 444 8340 20876 -10811 -4389 -2125 END
START 452 8316 20512 -10920 -4705 -1921 END
START 544 8456 20336 -10964 -4973 -1681 END
START 680 8584 19852 -11061 -5120 -1423 END
START 948 8748 19384 -11161 -5327 -1183 END
START 1108 8972 18844 -11297 -5413 -914 END
START 1164 9004 18408 -11426 -5489 -641 END
START 1140 8972 18080 -11602 -5519 -391 END
START 1396 8964 17740 -11770 -5523 -153 END
START 1380 8864 17376 -11983 -5488 95 END
START 1492 8832 17096 -12098 -5401 286 END
START 1648 8836 16724 -12243 -5282 495 END
START 1652 8740 16544 -12413 -5163 662 END
START 1692 8704 16312 -12560 -5006 826 END
START 1800 8580 15880 -12735 -4876 997 END
START 1724 8684 15764 -12909 -4739 1109 END
START 1884 8620 15604 -13107 -4600 1267 END
START 2020 8524 15480 -13216 -4465 1401 END
START 2076 8548 15056 -13352 -4337 1547 END
START 2068 8648 14920 -13462 -4248 1727 END
START 2124 8676 14800 -13573 -4180 1919 END
START 2148 8656 14520 -13690 -4183 2096 END
START 2180 8728 14060 -13765 -4089 2266 END
START 2240 8668 13808 -13856 -4039 2457 END
START 2232 8584 13532 -13883 -3983 2597 END
START 2232 8584 13300 -13896 -3943 2797 END
START 2312 8724 12924 -13841 -3869 2970 END
START 2420 8656 12624 -13795 -3832 3123 END
START 2284 8620 12508 -13765 -3795 3342 END
START 2296 8696 12044 -13698 -3758 3575 END
START 2340 8712 11920 -13623 -3712 3763 END
START 2116 8572 11580 -13552 -3712 3999 END
START 2148 8496 11456 -13457 -3685 4205 END
START 2240 8464 11344 -13342 -3713 4456 END
START 2160 8316 10976 -13187 -3713 4704 END
START 2260 8348 11004 -13089 -3729 4983 END
START 2188 8504 10828 -12965 -3704 5241 END
START 2020 8420 10572 -12867 -3713 5542 END
START 1960 8320 10440 -12800 -3749 5787 END
START 1884 8280 10388 -12726 -3747 6071 END
START 1704 8292 9972 -12676 -3693 6277 END
START 1680 8124 9924 -12617 -3676 6566 END
START 1412 8128 9800 -12575 -3671 6769 END
START 1288 7940 9652 -12534 -3622 7009 END
START 1132 7788 9364 -12528 -3656 7215 END
START 996 7508 9220 -12527 -3603 7393 END
START 916 7264 8836 -12528 -3572 7522 END
START 792 7204 8588 -12487 -3472 7652 END
START 588 7004 8212 -12403 -3374 7750 END
START 460 6740 7940 -12316 -3259 7825 END
START 268 6672 7436 -12163 -3185 7952 END
START 196 6568 7432 -11993 -3054 8062 END
START 36 6580 7228 -11765 -2975 8206 END
START 12 6532 7124 -11586 -2873 8397 END
START -24 6424 6788 -11381 -2752 8512 END
START -204 6324 6460 -11134 -2658 8708 END
START -264 6224 6336 -10868 -2567 8840 END
START -144 6036 6308 -10554 -2414 9024 END
START -456 5896 6240 -10270 -2349 9173 END
START -628 5964 5904 -9970 -2266 9352 END
START -692 5884 5924 -9714 -2198 9577 END
START -892 5812 5768 -9446 -2197 9735 END
START -988 5644 5680 -9141 -2131 9937 END
START -1368 5528 5536 -8836 -2143 10188 END
START -1648 5444 5440 -8456 -2126 10437 END
START -1792 5272 5356 -8137 -2125 10659 END
START -2088 5224 5268 -7775 -2165 10879 END
START -2340 5216 5344 -7410 -2148 11116 END
START -2576 4940 5320 -7067 -2146 11346 END
START -2756 4912 5268 -6754 -2118 11544 END
START -2884 4800 5232 -6453 -2118 11761 END
START -3140 4540 4904 -6221 -2054 11966 END
START -3404 4432 4772 -5977 -1996 12102 END
START -3652 4284 4700 -5792 -1873 12306 END
START -3912 4256 4772 -5558 -1770 12586 END
START -4124 4020 4644 -5315 -1656 12332 END
START -4260 3668 4380 -5024 -1471 12719 END
START -4540 3404 4264 -4728 -1291 12766 END
START -4880 3064 4304 -4372 -1160 12750 END
START -5072 2924 4092 -3978 -935 12744 END
START -5300 2664 4152 -3568 -826 12737 END
START -5632 2360 4244 -3142 -708 12689 END
START -5748 2200 4088 -2671 -521 12489 END
START -6004 2000 4180 -2154 -363 12422 END
START -6168 1940 4480 -1688 -193 12179 END
START -6364 1784 4636 -1265 -91 12175 END
START -6624 1864 4644 -885 56 12134 END
START -6668 1752 4804 -530 175 12082 END
START -6736 1620 4884 -286 328 12033 END
START -6828 1512 4816 -44 554 12033 END
START -7024 1320 4932 143 828 12048 END
START -7216 1272 4880 289 1126 11969 END
START -7408 1124 4912 409 1467 11933 END
START -7756 1016 4980 513 1859 11900 END
START -7928 756 5340 622 2201 11848 END
START -8328 452 5356 723 2500 11753 END
START -8760 292 5680 906 2726 11728 END
START -9228 -116 5996 1114 2921 11592 END
START -9684 -344 6184 1394 3091 11479 END
START -9964 -596 6324 1674 3188 11373 END
START -10436 -852 6548 2050 3208 11200 END
START -10916 -1020 6956 2511 3194 11009 END
START -11496 -1376 7192 2964 3070 10799 END
START -11936 -1512 7696 3476 2869 10606 END
START -12280 -1788 8060 3986 2586 10369 END
START -12600 -2008 8356 4470 2244 10159 END
START -12780 -2296 8728 4974 1957 9883 END
START -12924 -2532 9008 5476 1704 9596 END
START -13116 -2668 9028 5885 1438 9344 END
START -13256 -2696 9404 6352 1213 9071 END
START -13516 -2788 9496 6727 1046 8826 END
START -13628 -2812 9560 7093 934 8549 END
START -13760 -2788 9876 7403 887 8283 END
START -13820 -2780 9880 7792 912 8053 END
START -13800 -2884 10012 8053 945 7810 END
START -14000 -2904 10004 8382 1088 7485 END
START -13876 -2852 10084 8692 1295 7268 END
START -13956 -2788 10204 8994 1600 7008 END
START -14168 -2660 10424 9259 2005 6771 END
START -14228 -2464 10480 9551 2464 6652 END
START -14460 -2156 10620 9861 2943 6553 END
START -14596 -1748 10952 10103 3536 6496 END
START -14660 -1416 11328 10421 4145 6500 END
START -14868 -1248 11804 10703 4727 6529 END
START -15040 -984 12304 11006 5349 6664 END
START -15356 -868 13308 11222 5751 6826 END
START -15744 -828 14184 11439 6131 6970 END
START -16052 -888 15188 11597 6327 7120 END
START -16560 -1120 16168 11672 6363 7179 END
START -17080 -1528 16932 11637 6236 7159 END
START -17548 -2108 18108 11627 6041 6983 END
START -18280 -2456 19016 11625 5628 6606 END
START -18564 -3108 19916 11534 5098 6157 END
START -19228 -3332 20528 11304 4451 5521 END
START -19700 -3852 21452 11224 3724 4800 END
START -20112 -4416 21892 11000 2835 3922 END
START -20184 -4856 22360 10742 1906 2935 END
START -20208 -5444 22508 10488 1040 1809 END
START -20044 -5684 22480 10205 314 551 END
START -19708 -5736 22396 9924 -380 -751 END
START -19464 -5932 22540 9596 -1020 -2150 END
START -19184 -5856 22276 9211 -1609 -3550 END
START -18516 -5644 22036 8799 -2148 -4951 END
START -17872 -5264 21672 8423 -2526 -6302 END
START -17276 -5000 21216 8030 -2845 -7646 END
START -16516 -4768 21020 7655 -3104 -8915 END
START -16032 -4288 20732 7346 -3286 -10182 END
START -15396 -3840 20372 7007 -3413 -11360 END
START -14680 -3500 20204 6772 -3454 -12515 END
START -13736 -3112 19932 6540 -3438 -13675 END
START -13112 -2628 19508 6377 -3366 -14694 END
START -12372 -1868 19308 6214 -3209 -15832 END
START -11464 -1292 19088 6091 -3042 -16768 END
START -10628 -552 18880 5927 -2831 -17622 END
START -9812 156 18684 5718 -2525 -18381 END
START -8812 844 18500 5473 -2136 -18998 END
START -7992 1560 18432 5159 -1731 -19552 END
START -7208 2328 18316 4787 -1336 -19961 END
START -6404 2844 18488 4354 -1054 -20312 END
START -5652 3276 18688 3975 -794 -20528 END
START -5028 4016 19152 3578 -733 -20641 END
START -4320 4600 19496 3212 -730 -20610 END
START -3648 5096 19952 2838 -978 -20497 END
START -2908 5756 19892 2467 -1293 -20235 END
START -2168 6204 19780 2118 -1632 -19853 END
START -1212 6604 19944 1832 -2014 -19406 END
START -448 6992 19772 1646 -2446 -18967 END
START 548 7224 19792 1461 -2942 -18355 END
START 1248 7512 19736 1364 -3448 -17766 END
START 2072 7752 19528 1294 -4020 -17103 END
START 2504 8068 19312 1214 -4561 -16369 END
START 3184 8276 19072 1190 -5057 -15557 END
START 3880 8484 18536 1141 -5459 -14750 END
START 4440 8664 18060 1167 -5795 -13924 END
START 4988 8792 17804 1140 -6101 -13088 END
START 5304 8716 17336 1105 -6301 -12272 END
START 5496 8704 16984 1082 -6402 -11481 END
START 5688 8324 16420 1013 -6484 -10825 END
START 5836 8104 16148 988 -6459 -10227 END
START 6212 7836 15732 1014 -6367 -9690 END
START 6204 7804 15452 994 -6115 -9186 END
START 6320 7688 15348 1036 -5937 -8761 END
START 6376 7640 14944 879 -5667 -8314 END
START 6492 7588 14776 701 -5283 -7943 END
START 6600 7480 14368 509 -4780 -7561 END
START 6672 7140 14192 297 -4198 -7273 END
START 6680 7080 13928 105 -3575 -6969 END
START 6436 6932 13896 -105 -2913 -6723 END
START 6100 6728 13812 -301 -2226 -6475 END
START 5700 6384 13724 -487 -1615 -6303 END
START 5528 5944 13684 -708 -1008 -6231 END
START 5152 5704 13688 -935 -354 -6183 END
START 4956 5480 13900 -1113 232 -6204 END
START 4412 5436 14200 -1267 734 -6167 END
START 4200 5480 14300 -1455 1192 -6143 END
START 4068 5508 14276 -1625 1601 -6047 END
START 3992 5644 14340 -1805 2034 -5970 END
START 4060 5684 14296 -1990 2464 -5851 END
START 3940 5724 14404 -2211 2863 -5660 END
START 3848 5716 14596 -2382 3204 -5409 END
START 3748 5692 14972 -2584 3421 -5105 END
START 3668 5868 15308 -2698 3469 -4771 END
START 3364 5740 15420 -2823 3419 -4415 END
START 3240 5576 15528 -2867 3262 -3996 END
START 3040 5416 15680 -2832 2995 -3600 END
START 2864 5412 15900 -2723 2611 -3189 END
START 2636 5416 15828 -2563 2143 -2793 END
START 2512 5336 15996 -2373 1632 -2360 END
START 2376 5260 15776 -2079 1047 -1967 END
START 2240 5292 15924 -1831 483 -1475 END
START 2352 5420 15472 -1533 -21 -1049 END
START 2532 5272 15240 -1302 -379 -594 END
START 2636 5340 14756 -1125 -537 -151 END
START 2712 5332 14356 -996 -545 271 END
START 2624 5248 14092 -930 -470 655 END
START 2452 5220 14164 -947 -270 1031 END
START 2248 5140 14264 -1023 -104 1414 END
START 1868 4920 14336 -1131 90 1694 END
START 1660 4704 14696 -1248 247 2008 END
START 1232 4452 14456 -1413 295 2253 END
START 836 4132 14848 -1557 319 2442 END
START 404 3796 14588 -1617 397 2554 END
START 12 3516 14756 -1691 379 2645 END
START -360 3224 14576 -1678 347 2658 END
START -572 2976 14632 -1642 326 2674 END
START -952 2740 14296 -1505 329 2591 END
START -1112 2504 14116 -1343 298 2542 END
START -1504 2336 14020 -1094 295 2437 END
START -1636 2120 13744 -876 281 2311 END
START -1800 1948 13544 -573 297 2205 END
START -1996 1800 13532 -322 264 2082 END
START -1948 1756 13584 -71 338 1912 END
START -1952 1744 13696 165 409 1778 END
START -2212 1732 13584 290 458 1610 END
START -2368 1712 13684 376 486 1513 END
START -2464 1676 13976 393 495 1406 END
START -2660 1724 14132 355 479 1291 END
START -2728 1652 14488 323 363 1193 END
START -2736 1684 14540 216 330 1109 END
START -2888 1644 14448 99 249 1020 END
START -2976 1752 14620 35 169 927 END
START -2924 1692 14596 -51 112 888 END
START -3100 1740 14712 -87 33 845 END