START 9856 3528 14992 -6769 -1693 -3245 END
START 9876 3696 14592 -6569 -1537 -2763 END
START 9664 4096 14428 -6362 -1464 -2265 END
START 9568 4540 14096 -6137 -1433 -1802 END
START 9844 4780 13848 -5926 -1331 -1318 END
START 9896 4772 13676 -5673 -1117 -779 END
START 9924 4880 13520 -5472 -845 -254 END
START 9712 5160 13620 -5254 -553 282 END
START 9388 5300 13612 -5098 -210 842 END
START 9160 5288 13580 -4968 88 1298 END
START 8616 5236 13800 -4877 297 1793 END
START 8376 5128 13944 -4865 441 2157 END
START 8180 5024 13920 -4846 669 2461 END
START 7532 4916 14212 -4870 856 2681 END
START 7236 4704 14288 -4938 958 2819 END
START 6792 4672 14504 -4995 1043 2891 END
START 6420 4604 14464 -5080 1094 2868 END
START 6092 4664 14564 -5164 1119 2820 END
START 6160 4536 14436 -5254 1131 2711 END
START 6404 4472 14412 -5314 1270 2708 END
START 6492 4872 14444 -5401 1432 2686 END
START 6664 4988 14600 -5534 1578 2736 END
START 6796 5320 14532 -5718 1661 2831 END
START 6872 5556 14784 -5909 1657 2959 END
START 6984 5796 14832 -6159 1595 3125 END
START 7176 6000 14864 -6392 1539 3397 END
START 7516 6112 14652 -6653 1441 3676 END
START 7500 6148 14484 -6900 1308 4058 END
START 7820 6064 14396 -7123 1230 4425 END
START 8228 5828 14180 -7318 1123 4863 END
START 8372 5708 13852 -7524 1032 5250 END
START 8536 5616 13556 -7695 1004 5679 END
START 8628 5668 13192 -7877 981 6061 END
START 8704 5608 12912 -8052 933 6487 END
START 8664 5580 12472 -8163 915 6890 END
START 8692 5572 12216 -8256 845 7350 END
START 8784 5720 11856 -8286 853 7768 END
START 8624 5776 11712 -8264 847 8282 END
START 8644 5916 11304 -8262 866 8815 END
START 8524 5800 10980 -8229 909 9379 END
START 8372 5716 10684 -8208 1017 9905 END
START 8040 5576 10244 -8177 1086 10489 END
START 7796 5468 9844 -8124 1224 10985 END
START 7408 5496 9472 -8069 1297 11463 END
START 7056 5440 9048 -8008 1467 11950 END
START 6852 5264 8768 -7847 1663 12382 END
START 6452 5152 8364 -7715 1808 12678 END
START 6080 5264 8152 -7477 2024 13193 END
START 5720 5184 7932 -7252 2197 13658 END
START 5576 5088 7724 -6977 2428 14060 END
START 5040 5052 7444 -6683 2654 14520 END
START 4492 4888 7580 -6372 2805 14911 END
START 4140 4584 7256 -6056 2944 15298 END
START 3940 4292 7340 -5743 3085 15607 END
START 3400 4036 7328 -5392 3224 15921 END
START 3040 3944 7432 -5079 3315 16132 END
START 2300 3760 7508 -4747 3294 16320 END
START 1796 3612 7568 -4445 3180 16464 END
START 1292 3232 7788 -4148 3038 16538 END
START 796 3020 7824 -3894 2768 16578 END
START 380 2684 7800 -3593 2484 16573 END
START 56 2388 7808 -3278 2065 16497 END
START -192 2256 7772 -2983 1620 16394 END
START -336 1936 7500 -2615 1195 16263 END
START -520 1688 7552 -2212 715 16152 END
START -684 1416 7376 -1811 269 16038 END
START -876 1272 7116 -1395 -143 15878 END
START -948 1256 6980 -944 -541 15740 END
START -840 1056 6716 -515 -846 15619 END
START -824 1220 6564 -83 -1097 15471 END
START -700 1080 6184 333 -1257 15368 END
START -648 1208 6056 711 -1305 15258 END
START -608 1232 5664 1064 -1271 15208 END
START -520 1436 5640 1412 -1196 15202 END
START -256 1564 5244 1755 -1071 15234 END
START -96 1836 5088 2020 -850 15315 END
START -128 2144 5148 2327 -561 15462 END
START 16 2132 5204 2558 -255 15678 END
START 164 2416 5336 2754 153 15907 END
START 276 2472 5184 2949 547 16211 END
START 120 2708 5316 3092 988 16528 END
START -136 2760 5512 3195 1304 16804 END
START -208 2836 5496 3265 1660 17117 END
START -360 2944 5536 3370 2055 17370 END
START -324 2940 5524 3454 2451 17620 END
START -628 2900 5352 3561 2855 17858 END
START -900 2808 5560 3659 3274 18074 END
START -1448 2752 5736 3745 3600 18271 END
START -2068 2500 5920 3789 3838 18465 END
START -2472 2316 6296 3868 4003 18524 END
START -2852 2000 6352 3912 4138 18574 END
START -3332 1684 6568 3976 4213 18511 END
START -3644 1348 6744 4023 4227 18370 END
START -4328 1040 6896 4132 4179 18124 END
START -4784 928 6972 4276 4012 17874 END
START -5324 844 6960 4469 3786 17512 END
START -5504 880 7308 4724 3529 17211 END
START -5688 868 7204 5040 3219 16930 END
START -5752 928 7416 5424 2893 16708 END
START -5852 812 7540 5809 2558 16500 END
START -6028 892 7676 6226 2209 16334 END
START -6064 932 7812 6629 1762 16160 END
START -6156 1004 7844 7023 1372 16007 END
START -6136 1260 7928 7388 955 15850 END
START -5964 1240 7936 7766 608 15720 END
START -5888 1392 7904 8093 313 15589 END
START -5916 1404 8104 8387 32 15501 END
START -5856 1700 7880 8688 -231 15391 END
START -5700 1888 7892 8965 -364 15305 END
START -5544 2048 7700 9213 -462 15246 END
START -5456 2276 7788 9448 -479 15189 END
START -5188 2376 7580 9660 -399 15172 END
START -5092 2632 7560 9855 -291 15151 END
START -4988 2856 7484 9985 -170 15126 END
START -5036 2824 7432 10089 -41 15112 END
START -5044 2628 7504 10194 119 15116 END
START -5200 2656 7544 10348 235 15049 END
START -5312 2780 7560 10536 373 14993 END
START -5412 2988 7680 10732 501 14918 END
START -5448 3032 7732 10995 624 14904 END
START -5660 2932 7832 11278 782 14873 END
START -5824 2936 8040 11585 884 14832 END
START -6112 2828 8068 11907 953 14796 END
START -6444 2804 8260 12262 994 14668 END
START -6756 2596 8608 12570 1010 14552 END
START -7028 2680 8876 12947 1074 14385 END
START -7268 2564 9344 13238 1082 14154 END
START -7652 2364 9864 13525 984 13922 END
START -7868 2208 10068 13695 934 13659 END
START -8148 1924 10324 13828 760 13336 END
START -8372 1700 10492 13914 614 12841 END
START -8396 1372 10600 13969 506 12462 END
START -8420 1384 10452 13937 424 11981 END
START -8436 1316 10536 13920 416 11443 END
START -8360 1240 10412 13869 480 10901 END
START -8144 1204 10244 13844 619 10381 END
START -8084 1272 10392 13808 793 9880 END
START -8040 1488 10084 13771 978 9374 END
START -7944 1628 9956 13797 1188 8955 END
START -7540 1836 9760 13857 1523 8589 END
START -7516 2064 9672 13931 1862 8257 END
START -7420 2468 9660 14065 2258 7966 END
START -7304 2836 9756 14239 2592 7756 END
START -7296 3296 9796 14476 2958 7546 END
START -7316 3552 10028 14743 3216 7379 END
START -7268 3836 10276 15052 3437 7213 END
START -7424 4204 10400 15470 3597 7126 END
START -7512 4504 11000 15872 3646 7073 END
START -7856 4736 11696 16318 3498 7019 END
START -8144 5108 12072 16812 3243 6958 END
START -8500 5432 12632 17307 2741 6872 END
START -8772 5600 13232 17837 2214 6754 END
START -8908 5792 13768 18370 1568 6603 END
START -8900 6072 14248 18903 883 6381 END
START -8712 6192 14856 19470 214 6113 END
START -8636 6100 15188 19918 -308 5942 END
START -8356 5668 15980 20230 -750 5878 END
START -8220 5456 16652 20388 -1210 5806 END
START -8372 5512 17460 20358 -1675 5698 END
START -8640 5388 18080 20142 -2197 5515 END
START -8660 5364 18444 19805 -2714 5291 END
START -8700 5148 18780 19370 -3144 4982 END
START -8672 4840 18868 18865 -3537 4593 END
START -8640 4500 18720 18345 -3781 4116 END
START -8464 4312 18628 17822 -3862 3638 END
START -8456 4308 18156 17347 -3836 3129 END
START -8308 4268 17668 16891 -3647 2575 END
START -8184 4128 17536 16477 -3375 2046 END
START -7912 4180 17396 16104 -3048 1471 END
START -7904 4008 17420 15816 -2788 917 END
START -7732 4060 17212 15588 -2574 309 END
START -7688 4320 16880 15432 -2330 -251 END
START -7524 4752 16780 15408 -2150 -810 END
START -7452 5232 16352 15391 -2053 -1322 END
START -7276 5804 16304 15497 -2015 -1826 END
START -7024 6212 16320 15667 -2002 -2241 END
START -6660 6332 16260 15928 -2054 -2596 END
START -6372 6404 16556 16359 -2183 -2863 END
START -6172 6400 16852 16926 -2381 -3060 END
START -5936 6740 17404 17576 -2608 -3226 END
START -5648 7068 17760 18230 -2850 -3341 END
START -5372 7484 18276 18844 -3183 -3432 END
START -5020 7828 18960 19306 -3460 -3493 END
START -4664 8200 19668 19613 -3848 -3551 END
START -4616 8736 20276 19724 -4164 -3526 END
START -4416 8896 20860 19673 -4454 -3448 END
START -4288 9328 21832 19447 -4700 -3312 END
START -4152 9428 22152 19096 -4928 -3153 END
START -4112 9624 22740 18663 -5167 -2964 END
START -4064 9724 23308 18138 -5386 -2801 END
START -4372 9584 23760 17603 -5659 -2732 END
START -4448 9184 24080 17132 -5817 -2708 END
START -4516 9116 24264 16650 -5987 -2737 END
START -4756 8984 24388 16159 -6033 -2828 END
START -4920 8868 24308 15645 -6019 -3017 END
START -5056 8784 24336 15091 -5883 -3216 END
START -5380 8412 24364 14471 -5787 -3463 END
START -5708 8272 24020 13840 -5484 -3814 END
START -5820 7844 23812 13218 -5027 -4194 END
START -6212 7564 23584 12494 -4451 -4695 END
START -6520 7392 23240 11779 -3786 -5233 END
START -6736 7024 23036 11143 -3094 -5933 END
START -7100 6916 23048 10376 -2397 -6690 END
START -7252 6572 22848 9686 -1716 -7489 END
START -7392 6584 22548 9006 -1046 -8301 END
START -7392 6644 22112 8375 -440 -9107 END
START -7372 6792 21716 7814 231 -9903 END
START -7276 6924 21284 7368 900 -10688 END
START -7112 7048 21044 7023 1532 -11371 END
START -7016 7404 21124 6809 2113 -11987 END
START -6952 7492 21388 6630 2530 -12590 END
START -6700 7728 21672 6604 2744 -13034 END
START -6532 8096 22348 6574 2804 -13430 END
START -6224 8328 22680 6584 2611 -13759 END
START -6192 8592 23112 6587 2328 -13986 END
START -5936 8820 23740 6565 1906 -14069 END
START -5716 8880 24280 6503 1441 -14113 END
START -5592 9236 24608 6394 823 -14115 END
START -5496 9256 24912 6228 58 -14070 END
START -5208 9628 25136 6043 -661 -14035 END
START -5144 9664 25220 5779 -1370 -13961 END
START -4992 9596 25460 5502 -2059 -13828 END
START -5028 9476 25568 5191 -2827 -13696 END
START -5196 9512 25592 4897 -3581 -13493 END
START -5116 9420 25200 4605 -4301 -13388 END
START -5100 9424 25024 4290 -4900 -13370 END
START -5180 9156 24696 4013 -5474 -13392 END
START -5068 8772 24408 3726 -5864 -13455 END
START -4964 8616 23972 3478 -6093 -13580 END
START -4952 8496 23608 3199 -6104 -13705 END
START -5076 8412 23228 2939 -5991 -13870 END
START -5212 8356 22680 2593 -5717 -14086 END
START -5140 7996 22300 2202 -5240 -14356 END
START -5200 7860 21928 1731 -4582 -14702 END
START -5388 7584 21628 1178 -3844 -15166 END
START -5364 7392 21348 582 -3043 -15696 END
START -5708 7216 21504 -84 -2208 -16329 END
START -5744 7244 21464 -704 -1522 -16972 END
START -5960 7244 21456 -1264 -791 -17599 END
START -5964 7336 21604 -1795 -96 -18298 END
START -6212 7832 21880 -2224 431 -18953 END
START -6152 8112 21944 -2559 843 -19566 END
START -5964 8276 22264 -2878 1132 -20122 END
START -5732 8552 22284 -3102 1324 -20539 END
START -5440 8880 22572 -3291 1461 -20906 END
START -5104 9512 22736 -3456 1468 -21169 END
START -4708 10352 22988 -3604 1344 -21327 END
START -4216 10964 23436 -3790 1087 -21420 END
START -3836 11216 23648 -4060 651 -21382 END
START -3244 11284 23828 -4311 63 -21202 END
START -2660 11380 23924 -4561 -596 -20938 END
START -2228 11648 23908 -4799 -1313 -20553 END
START -1552 11792 23588 -4999 -2010 -20050 END
START -1096 11864 23364 -5078 -2694 -19493 END
START -552 11796 22904 -5134 -3253 -18902 END
START 228 11676 22148 -5176 -3615 -18356 END
START 20 11720 22556 -5232 -4208 -17710 END
START 160 11596 22160 -5232 -4776 -17027 END
START 644 11428 21744 -5228 -5155 -16291 END
START 652 11252 21412 -5251 -5448 -15561 END
START 564 11044 21272 -5259 -5787 -14924 END
START 284 10892 21180 -5324 -6061 -14373 END
START 64 10456 20908 -5447 -6324 -13844 END
START -268 10056 20616 -5536 -6510 -13458 END
START -572 9728 20520 -5692 -6677 -13141 END
START -884 9260 20400 -5788 -6803 -12908 END
START -1168 8904 20300 -5945 -6890 -12770 END
START -1624 8464 20352 -6077 -6878 -12725 END
START -1868 8060 20088 -6336 -6796 -12750 END
START -1960 7608 20024 -6563 -6650 -12879 END
START -2192 7060 19856 -6858 -6378 -13005 END
START -2432 6712 19708 -7173 -6077 -13269 END
START -2564 6608 19256 -7523 -5646 -13594 END
START -2720 6872 18924 -7920 -5201 -13983 END
START -2564 7260 18744 -8332 -4551 -14408 END
START -2516 7328 18724 -8707 -3973 -14849 END
START -2408 7756 18496 -9139 -3445 -15216 END
START -2468 8144 18764 -9532 -3087 -15494 END
START -2468 8452 18652 -9839 -2788 -15655 END
START -2180 8948 18560 -10113 -2676 -15674 END
START -1516 9112 18704 -10252 -2600 -15534 END
START -1164 9256 18312 -10289 -2596 -15193 END
START -636 9372 18368 -10241 -2660 -14763 END
START -172 9548 18348 -10103 -2820 -14196 END
START 488 9616 18100 -9910 -3120 -13467 END
START 572 9676 18020 -9705 -3393 -12760 END
START 1296 9632 17680 -9478 -3670 -12016 END
START 1476 9460 17380 -9208 -3980 -11296 END
START 1796 9372 17328 -8975 -4308 -10586 END
START 1752 9352 17264 -8731 -4664 -9909 END
START 1592 9140 17128 -8478 -5148 -9294 END
START 1732 8824 16896 -8237 -5489 -8704 END
START 1924 8432 16812 -7977 -5779 -8100 END
START 1992 8112 16568 -7722 -6039 -7538 END
START 1992 7804 16332 -7491 -6187 -7062 END
START 1924 7568 15884 -7274 -6219 -6616 END
START 2136 7196 15496 -7137 -6124 -6274 END
START 2172 6820 15096 -7004 -5963 -6021 END
START 2024 6748 14912 -6920 -5651 -5862 END
START 1672 6632 14708 -6869 -5227 -5762 END
START 1492 6620 14620 -6835 -4721 -5723 END
START 1232 6716 14648 -6882 -4225 -5721 END
START 904 6744 14412 -6959 -3624 -5773 END
START 824 6548 14472 -7025 -3066 -5837 END
START 776 6268 14488 -7147 -2451 -5957 END
START 812 6156 14588 -7318 -1842 -6098 END
START 748 6076 14728 -7512 -1255 -6303 END
START 852 6128 14748 -7765 -680 -6498 END
START 908 6304 15104 -8027 -177 -6705 END
START 908 6408 15392 -8242 257 -6801 END
START 760 6704 15664 -8455 574 -6817 END
START 712 6864 16328 -8626 799 -6734 END
START 448 7080 16632 -8719 928 -6594 END
START 256 7224 16852 -8785 1022 -6406 END
START 204 7260 17332 -8825 969 -6211 END
START 252 7172 17656 -8849 832 -6007 END
START 356 7080 17824 -8870 556 -5786 END
START 448 6900 18192 -8907 241 -5553 END
START 468 7008 18636 -9010 -176 -5310 END
START 408 7040 18452 -9128 -688 -5070 END
START 708 7068 18256 -9264 -1163 -4837 END
START 1100 7308 18008 -9404 -1570 -4627 END
START 1508 7364 17560 -9538 -1918 -4459 END
START 2056 7440 17152 -9692 -2201 -4258 END
START 2320 7500 16588 -9788 -2333 -4086 END
START 2732 7632 15888 -9889 -2450 -3858 END
START 3188 8096 15572 -9965 -2391 -3585 END
START 3684 8368 15176 -10055 -2251 -3292 END
START 4268 8584 14636 -10150 -2009 -2959 END
START 4716 8708 14184 -10262 -1675 -2591 END
START 5048 8836 13952 -10389 -1327 -2188 END
START 5304 9068 13636 -10463 -868 -1793 END
START 5500 9224 13572 -10594 -509 -1392 END
START 5696 9404 13492 -10677 -101 -1052 END
START 5860 9636 13436 -10758 284 -660 END
START 5896 9544 13160 -10853 673 -223 END
START 6132 9728 13212 -10888 1017 222 END
START 6228 9736 13220 -10933 1384 670 END
START 6188 9928 13040 -10936 1738 1143 END
START 6120 9940 13196 -10953 2045 1634 END
START 6176 10060 13232 -10884 2401 2142 END
START 6232 10096 13376 -10882 2643 2653 END
START 6128 10060 13304 -10868 2867 3134 END
START 6080 9972 13372 -10855 3006 3616 END
START 6104 9840 13364 -10843 3133 4084 END
START 5908 9692 13612 -10835 3189 4565 END
START 5608 9684 13560 -10823 3205 4972 END
START 5556 9512 13452 -10801 3117 5386 END
START 5248 9468 13616 -10715 3002 5804 END
START 5132 9180 13464 -10639 2792 6159 END
START 4788 8928 13464 -10510 2504 6548 END
START 4600 8828 13328 -10312 2209 6890 END
START 4340 8772 13108 -10102 1930 7255 END
START 4264 8684 12812 -9753 1633 7607 END
START 3988 8772 12804 -9473 1318 7924 END
START 3760 8676 12828 -9180 992 8266 END
START 3632 8636 12716 -8911 655 8627 END
START 3428 8560 12656 -8702 339 8986 END
START 3356 8388 12544 -8502 38 9322 END
START 3104 8280 12456 -8357 -265 9695 END
START 2964 8028 12276 -8226 -602 10007 END
START 2892 7804 12248 -8118 -840 10313 END
START 3004 7704 11932 -7999 -1053 10598 END
START 2928 7572 11720 -7946 -1215 10856 END
START 2880 7372 11464 -7894 -1284 11096 END
START 2808 7252 11448 -7863 -1350 11323 END
START 2804 7184 11192 -7875 -1404 11531 END
START 2732 7084 10860 -7943 -1385 11781 END
START 2732 6936 10648 -7982 -1347 11999 END
START 2664 6880 10372 -8048 -1248 12153 END
START 2624 6604 10416 -8087 -1120 12399 END
START 2552 6584 10236 -8117 -994 12472 END
START 2568 6568 10244 -8178 -875 12759 END
START 2280 6492 10048 -8258 -770 12915 END
START 2284 6564 9860 -8302 -681 12973 END
START 2104 6432 9620 -8378 -609 13302 END
START 1992 6368 9524 -8435 -484 13410 END
START 2020 6204 9384 -8484 -425 13536 END
START 1800 6104 9304 -8565 -362 13702 END
START 1652 5988 9128 -8587 -346 13888 END
START 1608 5936 8912 -8630 -304 14051 END
START 1524 5896 8716 -8670 -266 14235 END
START 1432 5940 8340 -8641 -209 14442 END
START 1224 5932 8336 -8664 -175 14676 END
START 952 5800 8044 -8652 -166 14849 END
START 688 5776 7900 -8599 -234 15025 END
START 520 5732 8024 -8518 -367 15180 END
START 232 5720 7924 -8399 -657 15341 END
START 52 5612 7804 -8247 -963 15475 END
START -72 5588 7400 -7985 -1348 15635 END
START -252 5336 7108 -7664 -1740 15780 END
START -384 5380 7028 -7285 -2127 15979 END
START -528 5404 6696 -6804 -2560 16158 END
START -688 5284 6496 -6242 -2962 16364 END
START -840 5180 6180 -5628 -3357 16583 END
START -848 5156 6096 -4965 -3735 16798 END
START -828 4960 6072 -4199 -4103 17036 END
START -1028 5124 6020 -3408 -4417 17297 END
START -1332 5100 6056 -2683 -4727 17557 END
START -1728 5056 6304 -1926 -5044 17787 END
START -1948 4984 6304 -1172 -5412 18015 END
START -2408 4816 6504 -500 -5672 18119 END
START -2980 4524 6604 199 -5932 18234 END
START -3428 4184 6800 875 -6188 18233 END
START -4052 3860 7264 1495 -6403 18177 END
START -4660 3516 7260 2143 -6623 18093 END
START -5192 3128 7600 2712 -6729 17924 END
START -5528 2972 7620 3261 -6777 17736 END
START -5880 2780 8140 3710 -6675 17565 END
START -6312 2760 8244 4094 -6523 17334 END
START -6416 2852 8484 4342 -6273 17142 END
START -6600 2964 8992 4505 -5928 16931 END
START -6812 2988 9220 4524 -5477 16734 END
START -7092 2732 9584 4408 -4904 16526 END
START -7436 2568 10052 4221 -4409 16326 END
START -7908 2380 10580 3881 -3916 16121 END
START -8420 2108 11172 3482 -3509 15858 END
START -8812 1868 11944 3068 -3150 15545 END
START -9184 1788 12404 2583 -2911 15166 END
START -9548 1552 12964 2109 -2700 14756 END
START -9972 1368 13392 1638 -2569 14313 END
START -10120 1196 13828 1242 -2511 13809 END
START -10472 1076 14260 852 -2520 13354 END
START -10784 832 14596 489 -2602 12684 END
START -10996 788 14764 169 -2753 12343 END
START -11144 704 15084 -124 -2875 11756 END
START -11184 528 15292 -402 -3055 11241 END