START 2448 2420 14528 -12112 3856 3713 END
START 9164 2868 2920 -12801 1392 3889 END
START 3248 1964 9596 -12699 2406 4312 END
START 1508 1776 11900 -12822 2720 4662 END
START 1764 1848 12220 -12798 3006 5065 END
START 2776 1892 11628 -12808 3182 5434 END
START 3312 2020 10644 -12731 3273 5835 END
START 3448 2212 10348 -12640 3371 6197 END
START 2800 2268 10292 -12566 3498 6572 END
START 2260 2340 10652 -12482 3600 6952 END
START 1932 2404 10680 -12289 3661 7383 END
START 1932 2404 10228 -12251 3800 7834 END
START 2052 2372 9652 -12122 3938 8256 END
START 2192 2312 9184 -12035 4166 8686 END
START 2036 2380 8804 -11954 4312 9064 END
START 1964 2364 8308 -11831 4518 9420 END
START 1824 2460 8052 -11719 4699 9746 END
START 1516 2476 7892 -11562 4807 10050 END
START 1264 2616 7732 -11331 4957 10382 END
START 1216 2792 7496 -11065 5007 10740 END
START 1048 2936 7300 -10808 5042 11095 END
START 968 2908 7044 -10492 5116 11477 END
START 944 3016 7080 -10124 5188 11886 END
START 656 3064 6888 -9775 5194 12268 END
START 556 3096 6668 -9413 5162 12760 END
START 552 3088 6392 -9038 5133 12940 END
START 332 3108 6304 -8631 5071 13445 END
START 128 3332 6304 -8282 5031 13710 END
START 72 3412 6376 -7922 4959 14129 END
START -108 3468 6076 -7570 4880 14441 END
START -180 3508 6312 -7227 4722 14823 END
START -476 3488 6212 -6916 4481 15180 END
START -612 3388 6184 -6607 4295 15582 END
START -756 3232 6128 -6331 4092 15960 END
START -764 3164 6104 -6088 3948 16324 END
START -864 3008 6192 -5830 3750 16725 END
START -1120 3168 6044 -5590 3465 17080 END
START -1296 3028 5992 -5383 3262 17410 END
START -1612 3056 6016 -5102 3007 17698 END
START -1828 2908 5996 -4833 2694 18025 END
START -2036 2724 6192 -4531 2397 18289 END
START -2260 2664 5872 -4259 2097 18585 END
START -2348 2468 6024 -3954 1790 18841 END
START -2476 2504 5872 -3596 1497 19132 END
START -2792 2356 5932 -3293 1222 19361 END
START -2928 2420 6020 -2977 944 19557 END
START -3212 2416 5960 -2652 627 19768 END
START -3380 2304 5884 -2363 369 19967 END
START -3648 2424 5760 -2075 105 20099 END
START -3860 2364 5864 -1781 -131 20262 END
START -4132 2192 5820 -1541 -349 20388 END
START -4372 2100 5684 -1246 -511 20454 END
START -4664 2032 5536 -1004 -707 20476 END
START -4956 1960 5284 -752 -893 20491 END
START -5236 1892 5052 -486 -1031 20473 END
START -5372 1844 4680 -228 -1076 20405 END
START -5532 1880 4292 118 -1041 20293 END
START -5708 1824 4048 482 -851 20186 END
START -6104 1740 3712 865 -666 20021 END
START -6432 1700 3492 1310 -457 19790 END
START -6784 1532 3436 1752 -279 19531 END
START -7244 1464 3232 2317 -160 19211 END
START -7492 1228 3040 2901 -91 18861 END
START -7840 964 2896 3599 46 18486 END
START -8028 780 2696 4289 156 18099 END
START -8160 780 2632 5055 277 17674 END
START -8292 708 2784 5889 468 17268 END
START -8276 744 2412 6757 629 16886 END
START -8424 740 2568 7662 823 16551 END
START -8668 808 2604 8546 996 16267 END
START -8748 968 2768 9439 1128 15993 END
START -8940 952 3244 10368 1166 15720 END
START -8880 844 3224 11266 1216 15487 END
START -8996 884 3572 12222 1190 15225 END
START -9036 608 3980 12965 1084 14979 END
START -9176 648 4184 13844 1008 14782 END
START -9264 532 4424 14676 876 14519 END
START -9464 520 4864 15446 798 14260 END
START -9728 448 5492 16196 617 13899 END
START -10044 256 6008 16934 435 13465 END
START -10344 208 6424 17555 182 12979 END
START -10488 -28 7036 18204 -119 12587 END
START -10800 -152 7436 18790 -415 12401 END
START -10900 -188 8120 19296 -646 11886 END
START -11116 -120 8440 19763 -875 11380 END
START -11272 -116 8952 20109 -1053 10897 END
START -11708 76 9672 20413 -1242 10386 END
START -11956 -108 9872 20636 -1366 9889 END
START -12328 -300 10460 20862 -1515 9372 END
START -12744 -744 10976 21074 -1696 8879 END
START -13144 -1264 11340 21259 -1904 8334 END
START -13456 -1636 11688 21405 -2067 7736 END
START -13912 -2172 11940 21560 -2267 7144 END
START -14568 -2612 12620 21789 -2456 6332 END
START -14848 -2896 12928 22048 -2611 5548 END
START -15368 -3180 13304 22346 -2724 4643 END
START -15884 -3460 13672 22631 -2837 3793 END
START -16276 -3620 14164 22975 -2902 2879 END
START -16692 -3848 14660 23302 -2971 1938 END
START -17184 -4076 15036 23680 -2952 949 END
START -17384 -4336 15300 23988 -2916 -28 END
START -17752 -4492 15864 24261 -2759 -1137 END
START -18196 -4528 16320 24586 -2571 -2312 END
START -18452 -4652 16952 24803 -2367 -3490 END
START -18428 -4732 17552 25023 -2161 -4747 END
START -18584 -4572 17988 25190 -1997 -6095 END
START -18592 -4212 18716 25214 -1800 -7393 END
START -18276 -3844 19252 25258 -1640 -8770 END
START -17964 -3516 19924 25208 -1463 -10047 END
START -17456 -3140 20728 25123 -1312 -11258 END
START -17020 -2748 21340 25042 -1034 -12402 END
START -16664 -2104 22140 24956 -853 -13374 END
START -16328 -1620 22912 24851 -665 -14301 END
START -15708 -1088 23776 24751 -621 -15117 END
START -15008 -520 24824 24652 -615 -15955 END
START -14536 -60 25680 24546 -679 -16583 END
START -14016 236 26088 24377 -779 -17139 END
START -13444 564 26980 24190 -994 -17642 END
START -12996 692 27816 23968 -1268 -18084 END
START -12404 1016 28612 23722 -1608 -18485 END
START -11956 1364 29588 23389 -1984 -18805 END
START -11456 1620 30112 23003 -2456 -19136 END
START -11256 1916 30912 22586 -2928 -19439 END
START -11052 2180 31528 22167 -3496 -19716 END
START -10696 2444 32060 21643 -4158 -20074 END
START -10544 2656 32588 21090 -4849 -20498 END
START -10068 2852 32767 20574 -5492 -20907 END
START -9728 3068 32767 19988 -6162 -21380 END
START -9208 3404 32767 19472 -6733 -21822 END
START -8756 3696 32767 18866 -7227 -22240 END
START -8012 4032 32767 18188 -7625 -22589 END
START -7276 4548 32767 17413 -7959 -22881 END
START -6552 5108 32767 16573 -8174 -23052 END
START -5596 5804 32767 15630 -8216 -23126 END
START -4680 6508 32767 14567 -8085 -23147 END
START -3872 6972 32767 13411 -7844 -23055 END
START -2868 7616 32767 12219 -7374 -22921 END
START -2056 8124 32767 10933 -6803 -22696 END
START -1000 9128 32767 9456 -6094 -22377 END
START -428 10016 32767 7981 -5430 -22080 END
START 380 10388 32767 6481 -4745 -21668 END
START 856 10400 32767 4979 -4051 -21196 END
START 1432 10160 32767 3419 -3343 -20629 END
START 1960 9896 32767 1884 -2692 -19987 END
START 2164 9688 32767 463 -2010 -19338 END
START 2276 9636 32767 -849 -1565 -18725 END
START 2300 9524 32767 -2069 -1245 -18169 END
START 2300 9560 32767 -3170 -1107 -17616 END
START 2276 9348 32767 -4133 -1181 -17121 END
START 2164 9352 32767 -5009 -1372 -16572 END
START 1948 9108 32767 -5768 -1770 -16070 END
START 2072 8972 32767 -6447 -2249 -15565 END
START 2044 8768 32767 -6992 -2754 -15042 END
START 2128 8532 32767 -7505 -3343 -14566 END
START 2168 8412 32767 -7953 -3956 -14044 END
START 2180 8244 32376 -8334 -4568 -13628 END
START 2116 7960 31872 -8729 -5181 -13161 END
START 1960 7688 31240 -9081 -5746 -12722 END
START 2032 7288 30716 -9488 -6276 -12309 END
START 2192 6984 29996 -9830 -6753 -11909 END
START 2260 6700 29144 -10246 -7065 -11577 END
START 2636 6524 28412 -10697 -7372 -11248 END
START 2680 6236 27704 -11155 -7471 -10988 END
START 2848 6092 26832 -11600 -7508 -10689 END
START 3080 5924 26072 -12020 -7456 -10408 END
START 3260 5760 25660 -12557 -7300 -10106 END
START 3340 5664 24960 -12915 -7074 -9813 END
START 3276 5616 24332 -13374 -6801 -9481 END
START 3392 5608 23812 -13751 -6490 -9228 END
START 3384 5544 23156 -14126 -6097 -8964 END
START 3460 5540 22712 -14519 -5770 -8708 END
START 3588 5340 22364 -14856 -5354 -8442 END
START 3812 5220 21836 -15201 -4962 -8204 END
START 3800 5260 21628 -15556 -4502 -7987 END
START 3700 5272 21260 -15874 -4127 -7764 END
START 3736 5520 21036 -16172 -3838 -7532 END
START 3568 5552 20872 -16494 -3601 -7240 END
START 3536 5620 20832 -16754 -3572 -6970 END
START 3396 5488 20604 -17006 -3513 -6665 END
START 3436 5576 20376 -17173 -3603 -6364 END
START 3484 5668 20156 -17318 -3615 -6032 END
START 3472 5732 19772 -17431 -3713 -5684 END
START 3648 5596 19436 -17533 -3874 -5313 END
START 3696 5736 19328 -17583 -4035 -4964 END
START 3828 5784 18940 -17659 -4236 -4579 END
START 3736 5788 18636 -17752 -4441 -4185 END
START 3824 5852 18372 -17802 -4607 -3739 END
START 3816 5764 18100 -17877 -4793 -3335 END
START 3668 5904 17844 -17947 -4973 -2911 END
START 3884 5904 17652 -18029 -5185 -2455 END
START 3856 5916 17208 -18131 -5356 -1984 END
START 3732 5900 16832 -18196 -5541 -1518 END
START 3700 5932 16716 -18289 -5725 -1047 END
START 3648 5712 16488 -18351 -5906 -587 END
START 3500 5712 16076 -18379 -6067 -178 END
START 3412 5592 15700 -18380 -6219 263 END
START 3260 5424 15452 -18335 -6374 704 END
START 3100 5284 15160 -18337 -6509 1075 END
START 2980 5264 14648 -18351 -6632 1571 END
START 3084 5100 14288 -18270 -6621 1906 END
START 2944 4944 13948 -18200 -6528 2180 END
START 2920 4856 13432 -18129 -6477 2418 END
START 2796 4808 13268 -18104 -6355 2717 END
START 2760 4576 12996 -18079 -6209 2959 END
START 2556 4468 12616 -18074 -5995 3181 END
START 2448 4392 12300 -18081 -5832 3443 END
START 2096 4372 12024 -18109 -5650 3637 END
START 2032 4188 11872 -18094 -5463 3860 END
START 2008 3876 11440 -18095 -5229 4038 END
START 1852 3892 11240 -18157 -5007 4226 END
START 1808 3788 10592 -18120 -4742 4427 END
START 1612 3620 10568 -18163 -4456 4580 END
START 1640 3596 10352 -18141 -4232 4800 END
START 1404 3588 10088 -18186 -3891 4980 END
START 1524 3468 9828 -18212 -3639 5205 END
START 1308 3476 9464 -18237 -3384 5399 END
START 1168 3268 9220 -18243 -3119 5593 END
START 1044 3196 8948 -18225 -2860 5780 END
START 1084 3204 8596 -18165 -2584 6001 END
START 820 3116 8404 -18153 -2391 6162 END
START 832 3052 8116 -18068 -2160 6368 END
START 652 3140 7984 -18034 -2012 6535 END
START 556 3148 7912 -17894 -1851 6752 END
START 436 3128 7568 -17796 -1659 6922 END
START 524 3008 7296 -17635 -1465 7098 END
START 424 3108 7148 -17433 -1357 7310 END
START 324 3116 6904 -17214 -1169 7539 END
START 240 3128 6720 -16985 -1037 7782 END
START 140 3044 6528 -16753 -921 8050 END
START 172 3096 6232 -16461 -729 8364 END
START 12 3052 5896 -16195 -569 8692 END
START -8 2972 5908 -15920 -402 9009 END
START -116 3044 5540 -15646 -169 9318 END
START -224 3028 5428 -15358 66 9648 END
START -284 2924 4976 -15081 294 9939 END
START -336 2988 4776 -14837 577 10235 END
START -308 2856 4440 -14591 877 10572 END
START -580 2768 4104 -14423 1252 10945 END
START -540 2780 3636 -14191 1635 11293 END
START -652 2796 3160 -14004 2041 11689 END
START -772 2824 2772 -13846 2612 12118 END
START -864 2828 2652 -13635 3147 12600 END
START -952 2952 2360 -13473 3740 12991 END
START -1092 2960 2028 -13286 4328 13112 END
START -1268 2724 1908 -13102 4890 13783 END
START -1456 2564 1612 -12888 5390 14233 END
START -1676 2476 1508 -12685 5918 14737 END
START -1760 2484 1344 -12463 6348 15285 END
START -1888 2312 1000 -12191 6792 15827 END
START -2116 2248 576 -11864 7157 16402 END
START -2312 2172 420 -11502 7642 16970 END
START -2592 2160 52 -11094 8007 17504 END
START -3148 1992 -104 -10569 8351 18049 END
START -3532 1856 -196 -9965 8604 18632 END
START -3908 1620 -316 -9310 8822 19106 END
START -4400 1344 -432 -8543 8939 19580 END
START -4928 1064 -268 -7741 8911 20015 END
START -5392 792 -256 -6840 8709 20354 END
START -6100 432 20 -5840 8383 20659 END
START -6292 176 84 -4873 8026 20898 END
START -6824 -64 364 -3839 7579 21082 END
START -7184 -108 344 -2890 7127 21189 END
START -7764 -604 780 -1871 6507 21241 END
START -8304 -980 948 -871 5906 21306 END
START -8808 -1352 1260 137 5212 21310 END
START -9164 -1744 1516 1103 4513 21236 END
START -9556 -2048 1584 2067 3685 21067 END
START -9708 -2324 1600 2971 2956 20710 END
START -10364 -2840 1980 3948 2180 20300 END
START -10912 -3120 2152 4905 1429 19912 END
START -11432 -3600 2484 5797 624 19497 END
START -11756 -4052 2684 6628 -11 19037 END
START -12012 -4404 2836 7428 -638 18533 END
START -12280 -4788 2996 8099 -1120 18022 END
START -12404 -5160 3148 8683 -1571 17420 END
START -12656 -5244 3084 9186 -1880 16785 END
START -12684 -5280 3196 9601 -2051 16155 END
START -12592 -5280 2852 9929 -2126 15523 END
START -12536 -5096 3036 10209 -2048 14888 END
START -12492 -5060 3204 10461 -1877 14351 END
START -12468 -4960 3456 10676 -1601 13818 END
START -12568 -4920 3688 10875 -1274 13286 END
START -12464 -4984 3968 11078 -932 13075 END
START -12660 -4968 4396 11343 -589 12609 END
START -12760 -4988 4564 11529 -222 12176 END
START -12864 -4936 4892 12010 128 11848 END
START -12968 -5000 5376 12258 475 11461 END
START -13124 -5016 5712 12236 829 11068 END
START -13320 -4964 6180 12784 1150 10628 END
START -13736 -4960 6628 13040 1368 10189 END
START -13996 -5016 7044 13383 1631 9711 END
START -14560 -5032 7776 13771 1817 9139 END
START -15152 -5100 8376 14121 1952 8523 END
START -15808 -5332 9296 14551 2067 7799 END
START -16600 -5676 10032 15017 2059 6936 END
START -17288 -6128 10972 15434 1929 5997 END
START -17856 -6788 11576 15857 1675 4915 END
START -18500 -7328 12160 16283 1351 3667 END
START -18808 -7748 12908 16632 1049 2303 END
START -19136 -8148 13388 16921 723 733 END
START -19492 -8384 14164 17191 503 -833 END
START -19884 -8512 14844 17332 215 -2507 END
START -20240 -8620 15556 17454 -56 -4274 END
START -20440 -8464 16252 17456 -446 -6021 END
START -20528 -8404 16600 17401 -819 -7825 END
START -20360 -8096 17004 17296 -1234 -9564 END
START -20056 -7764 17308 17160 -1602 -11249 END
START -19536 -7276 17668 16966 -1845 -12977 END
START -18908 -6788 17836 16799 -2044 -14530 END
START -17952 -5848 18476 16556 -2162 -16060 END
START -17300 -5048 18656 16303 -2276 -17358 END
START -16788 -4224 19096 16045 -2473 -18524 END
START -16104 -3360 19420 15782 -2632 -19471 END
START -15412 -2588 19836 15503 -2829 -20322 END
START -14724 -2016 20256 15180 -3084 -21039 END
START -13948 -1488 20388 14911 -3335 -21594 END
START -13340 -916 20588 14581 -3659 -22152 END
START -12720 -564 20864 14310 -3955 -22555 END
START -11924 -244 21000 14102 -4207 -22893 END
START -11404 132 20916 13899 -4426 -23219 END
START -10900 328 21240 13713 -4664 -23483 END
START -10492 456 21416 13562 -4950 -23730 END
START -10076 460 21496 13424 -5279 -23986 END
START -9656 340 21880 13333 -5651 -24244 END
START -9412 272 22120 13246 -6082 -24531 END
START -9048 236 22344 13171 -6552 -24851 END
START -8640 108 22644 13138 -7069 -25279 END
START -8352 320 22644 13054 -7658 -25680 END
START -8152 424 23036 12925 -8241 -26150 END
START -7400 688 22956 12845 -8844 -26528 END
START -6912 876 22732 12689 -9481 -26926 END
START -6232 1140 22648 12599 -10074 -27280 END
START -5700 1376 22436 12176 -10491 -27615 END
START -4560 1848 22096 12372 -10785 -27963 END
START -3872 2192 21536 11981 -10959 -28210 END
START -2780 2648 21408 11868 -10934 -28428 END
START -1816 3192 20808 11451 -10703 -28616 END
START -840 3848 20308 10969 -10318 -28697 END
START 292 4304 20108 10465 -9775 -28662 END
START 1260 4976 19456 9849 -8984 -28493 END
START 2464 5512 19160 9178 -8055 -28197 END
START 3424 6120 18644 8406 -7033 -27757 END
START 4576 6680 18440 7604 -5824 -27224 END
START 5688 6944 18060 6746 -4500 -26582 END
START 6676 7012 18068 5978 -3207 -25838 END
START 7588 7108 18188 5170 -1798 -24998 END
START 8352 6984 18456 4361 -361 -24027 END
START 9232 7120 18572 3523 1001 -22995 END
START 9800 7312 18656 2761 2259 -21901 END
START 10428 7412 18952 1996 3513 -20697 END
START 10864 7800 19312 1235 4595 -19440 END
START 11232 8088 19752 519 5515 -18091 END
START 11456 8176 20272 -227 6261 -16678 END
START 11560 8120 20464 -850 6809 -15362 END
START 11420 8160 20940 -1411 7083 -14018 END
START 11444 8220 21180 -1944 7101 -12728 END
START 11000 8008 21536 -2337 6906 -11471 END
START 10660 7612 21828 -2593 6412 -10234 END
START 10388 7524 22108 -2711 5701 -9059 END
START 9988 7144 22064 -2779 4847 -7947 END
START 9860 6988 22076 -2713 3836 -6807 END
START 9580 6888 21952 -2578 2876 -5789 END
START 9168 6776 21696 -2404 1773 -4707 END
START 9000 6628 21592 -2204 727 -3721 END
START 8672 6628 21232 -1983 -289 -2694 END
START 8548 6396 20696 -1772 -1193 -1718 END
START 8232 6268 20152 -1613 -1982 -743 END
START 7896 5872 19584 -1475 -2533 152 END
START 7464 5748 19000 -1382 -2955 1001 END
START 7048 5424 18544 -1344 -3270 1849 END
START 6724 5004 17968 -1374 -3465 2579 END
START 6212 4424 17708 -1439 -3606 3311 END
START 5716 4028 17360 -1519 -3658 3877 END
START 5172 3488 16744 -1673 -3699 4436 END
START 4624 3036 16224 -1795 -3643 4851 END
START 4116 2552 15972 -1919 -3472 5251 END
START 3512 2336 15680 -2028 -3294 5559 END
START 2972 2004 15412 -2123 -3049 5781 END
START 2548 1856 14996 -2243 -2789 5993 END
START 2056 1616 14608 -2303 -2502 6142 END
START 1504 1372 14384 -2410 -2155 6243 END
START 1164 1312 14148 -2439 -1875 6357 END
START 724 1068 13736 -2520 -1525 6427 END
START 360 776 13764 -2514 -1186 6441 END
START 48 500 13440 -2568 -812 6410 END
START -284 196 13232 -2574 -492 6416 END
START -748 36 13248 -2553 -194 6389 END
START -960 -84 13160 -2541 70 6349 END
START -1152 -148 13208 -2545 293 6240 END
START -1532 -192 13032 -2496 475 6177 END
START -1884 -300 13212 -2407 561 6096 END
START -2060 -292 13232 -2342 590 6049 END
START -2412 -440 13200 -2248 598 5973 END
START -2664 -436 13320 -2090 510 5935 END
START -2852 -488 13520 -1925 422 5896 END
START -3124 -544 13612 -1728 169 5841 END
START -3432 -708 13704 -1505 -71 5753 END
START -3664 -700 13908 -1284 -358 5641 END
START -4008 -892 14024 -1071 -678 5558 END
START -4012 -968 14212 -854 -1027 5420 END
START -4256 -1064 14100 -673 -1381 5330 END
START -4364 -1196 14288 -519 -1726 5163 END
START -4476 -1156 14152 -365 -2020 5004 END
START -4424 -1076 14200 -267 -2314 4827 END
START -4524 -1036 14224 -162 -2614 4676 END
START -4544 -972 14548 -110 -2851 4514 END
START -4780 -872 14420 -41 -3084 4331 END
START -4848 -828 14652 32 -3268 4159 END
START -4856 -764 14724 61 -3476 3998 END
START -4820 -880 14760 70 -3688 3809 END
START -4772 -692 14992 87 -3872 3658 END
START -4776 -568 14928 87 -4039 3483 END
START -4696 -664 14984 110 -4182 3324 END
START -4588 -560 15032 78 -4261 3149 END
START -4588 -332 15040 49 -4397 3023 END
START -4340 -244 15408 41 -4479 2899 END
START -4296 0 15480 9 -4593 2776 END
START -4176 104 15636 -7 -4723 2686 END
START -4208 248 15536 -32 -4826 2629 END
START -4080 340 15604 -75 -4975 2536 END
START -3892 516 15816 -48 -5074 2490 END
START -3768 560 15680 -78 -5145 2459 END
START -3724 580 15796 -70 -5178 2429 END
START -3568 588 15740 -89 -5231 2422 END
START -3384 752 15872 -83 -5304 2410 END
START -3296 752 15916 -64 -5390 2376 END
START -3216 760 15924 -81 -5421 2392 END
START -3124 768 16044 -54 -5479 2377 END
START -2948 828 15972 10 -5533 2376 END