START 4952 568 19832 -3501 -3986 -3382 END
START 5096 600 19596 -3487 -4418 -3279 END
START 5452 560 19356 -3471 -4762 -3197 END
START 5756 608 19300 -3433 -4942 -3066 END
START 6260 616 19304 -3372 -5118 -2973 END
START 6688 864 19244 -3311 -5084 -2864 END
START 7172 960 19240 -3318 -4956 -2700 END
START 7480 940 19200 -3406 -4719 -2507 END
START 7816 1264 19236 -3609 -4391 -2266 END
START 8264 1520 19020 -3912 -3968 -1958 END
START 8688 1980 19248 -4358 -3426 -1566 END
START 9104 2396 19072 -4946 -2861 -1118 END
START 9216 2704 19144 -5594 -2361 -599 END
START 9552 2724 18952 -6371 -1831 -14 END
START 9640 2560 19032 -7113 -1279 603 END
START 9740 2476 19068 -7806 -850 1227 END
START 9788 2380 18920 -8405 -449 1870 END
START 9820 2220 18888 -8933 -136 2515 END
START 9816 2128 18720 -9320 124 3120 END
START 9736 2024 18576 -9593 373 3642 END
START 9548 2024 18524 -9727 536 4207 END
START 9536 1820 18604 -9731 582 4709 END
START 9336 1512 18568 -9624 536 5209 END
START 8964 1304 18552 -9388 445 5676 END
START 8876 1192 18464 -9115 272 6127 END
START 8528 1056 18600 -8759 41 6513 END
START 8296 1024 18200 -8372 -212 6919 END
START 8140 948 18136 -8017 -433 7309 END
START 7800 1016 17756 -7637 -703 7676 END
START 7656 884 17752 -7324 -968 8015 END
START 7428 856 17432 -7009 -1216 8394 END
START 7304 892 17412 -6736 -1427 8723 END
START 7096 980 17092 -6500 -1679 9046 END
START 6872 1020 16700 -6289 -1856 9429 END
START 6872 1040 16508 -6126 -2031 9796 END
START 6512 1012 16208 -5990 -2140 10136 END
START 6408 800 15904 -5844 -2274 10546 END
START 6160 652 15880 -5697 -2395 10865 END
START 5992 572 15596 -5623 -2515 11246 END
START 5700 628 15200 -5514 -2579 11572 END
START 5480 644 14832 -5410 -2592 11859 END
START 5416 668 14568 -5315 -2579 12140 END
START 5348 532 14152 -5267 -2471 12411 END
START 5320 432 13716 -5213 -2310 12747 END
START 5256 308 13564 -5221 -2037 12913 END
START 5068 44 13064 -5212 -1749 13347 END
START 4896 -180 12984 -5244 -1458 13570 END
START 4696 -416 12684 -5297 -1136 13847 END
START 4580 -668 12268 -5324 -851 14068 END
START 4260 -828 11932 -5343 -495 14220 END
START 4116 -928 11716 -5338 -154 14336 END
START 3956 -1176 11296 -5320 172 14434 END
START 3844 -1320 11140 -5276 531 14506 END
START 3596 -1308 10764 -5220 883 14587 END
START 3536 -1464 10420 -5129 1257 14644 END
START 3576 -1560 10108 -5029 1611 14788 END
START 3532 -1704 9812 -4941 2012 14912 END
START 3460 -1708 9412 -4812 2423 15055 END
START 3428 -1540 9400 -4677 2794 15200 END
START 3188 -1764 9232 -4544 3054 15411 END
START 3188 -1620 9096 -4390 3325 15607 END
START 3028 -1528 8884 -4215 3514 15841 END
START 3036 -1456 8748 -4064 3701 16118 END
START 3040 -1276 8384 -3836 3893 16423 END
START 3104 -1252 8180 -3563 4101 16748 END
START 3084 -1244 7812 -3340 4293 17108 END
START 3040 -1140 7268 -3023 4509 17510 END
START 2956 -1036 6824 -2713 4771 17931 END
START 3012 -948 6504 -2404 5030 18404 END
START 2688 -752 6048 -2054 5365 18835 END
START 2632 -788 5680 -1665 5623 19313 END
START 2180 -1040 5364 -1273 5840 19790 END
START 1968 -1144 5084 -850 6050 20189 END
START 1520 -1360 4780 -344 6214 20619 END
START 1232 -1636 4604 204 6367 20978 END
START 820 -1948 4644 864 6468 21258 END
START 516 -2296 4472 1549 6510 21477 END
START 16 -2356 4748 2338 6463 21702 END
START -428 -2132 4740 3137 6329 21849 END
START -792 -1756 4964 3895 6116 21987 END
START -1220 -1844 4932 4697 5863 22136 END
START -1464 -1720 5124 5439 5554 22299 END
START -1796 -1764 5040 6118 5261 22509 END
START -2036 -1628 5264 6737 4884 22722 END
START -2324 -1608 5432 7237 4480 22931 END
START -2524 -1764 5536 7747 4014 23145 END
START -2836 -1716 5532 8186 3571 23306 END
START -2956 -1672 5536 8595 3174 23452 END
START -3096 -1808 5528 8971 2843 23601 END
START -3404 -1808 5408 9329 2493 23684 END
START -3552 -1792 5156 9690 2245 23733 END
START -3796 -1800 5112 10054 2114 23732 END
START -4092 -1916 4964 10377 2027 23679 END
START -4216 -2068 4896 10694 1981 23619 END
START -4480 -2060 4872 11009 2018 23549 END
START -4708 -2052 4616 11237 2063 23446 END
START -4912 -1968 4440 11486 2239 23329 END
START -5156 -1888 4284 11717 2454 23211 END
START -5468 -1992 4492 11914 2709 23080 END
START -5696 -1920 4528 12013 3009 22922 END
START -6056 -1668 4396 12159 3212 22718 END
START -6336 -1272 4604 12467 3430 22497 END
START -6556 -1196 4796 12518 3562 22225 END
START -6624 -1132 4892 12757 3695 21994 END
START -6876 -1340 4956 12905 3782 21734 END
START -7040 -1540 5400 13143 3912 21486 END
START -7316 -1348 5392 13357 4015 21222 END
START -7452 -1388 5696 13618 4150 20938 END
START -7696 -1244 5736 13870 4262 20649 END
START -7852 -1164 5868 14123 4404 20365 END
START -8132 -1212 6160 14365 4582 20067 END
START -8444 -1400 6364 14625 4763 19809 END
START -8840 -1348 6828 14861 4871 19440 END
START -9404 -1548 7412 15023 4809 18999 END
START -9888 -1636 8016 15180 4743 18475 END
START -10364 -2020 8336 15270 4468 17853 END
START -10720 -2560 8976 15397 4119 17151 END
START -11308 -2948 9504 15549 3668 16364 END
START -11720 -3020 9888 15731 3102 15375 END
START -12136 -2980 10224 15962 2475 14494 END
START -12116 -2924 10468 16184 1948 13522 END
START -12328 -2936 10432 16473 1384 12509 END
START -12396 -2696 10440 16733 899 11567 END
START -12456 -2468 10472 16999 436 10633 END
START -12588 -2092 10580 17225 80 9752 END
START -12296 -1960 10492 17492 -149 8950 END
START -12200 -1572 10452 17725 -293 8123 END
START -12160 -1376 10432 17937 -328 7304 END
START -11860 -948 10448 18135 -218 6515 END
START -11568 -756 10120 18252 70 5708 END
START -11368 -524 10140 18376 376 4975 END
START -11200 -256 10144 18460 778 4209 END
START -10908 -40 9768 18471 1237 3489 END
START -10728 460 9696 18512 1807 2762 END
START -10596 812 9600 18508 2452 2086 END
START -10404 1080 9620 18468 3128 1441 END
START -10292 1388 9424 18507 3945 829 END
START -10144 1524 9588 18525 4743 225 END
START -10064 1540 9628 18607 5528 -291 END
START -10124 1636 9704 18712 6306 -777 END
START -10344 1804 10088 18877 6983 -1258 END
START -10336 1908 10652 19068 7626 -1778 END
START -10440 1956 11216 19265 8047 -2309 END
START -10544 2204 12016 19436 8322 -2832 END
START -10664 2360 12776 19630 8335 -3337 END
START -10892 2728 14020 19806 8222 -3877 END
START -10988 2976 15120 19997 7821 -4368 END
START -11140 3388 16256 20166 7304 -4831 END
START -11064 3924 17156 20292 6543 -5234 END
START -10888 3924 18024 20377 5815 -5600 END
START -10640 4204 18392 20397 5109 -5892 END
START -10380 4504 19084 20325 4330 -6187 END
START -10252 4960 19316 20155 3665 -6415 END
START -10024 5496 19488 19891 2946 -6653 END
START -9892 6156 19628 19510 2220 -6877 END
START -9684 6744 19664 19139 1635 -7033 END
START -9376 7268 19728 18741 1043 -7152 END
START -8932 7564 19180 18350 598 -7192 END
START -8632 7804 19128 17959 267 -7205 END
START -8336 7952 18988 17642 79 -7134 END
START -8260 8096 18836 17361 -21 -7010 END
START -8124 8184 18712 17116 -93 -6878 END
START -8112 8424 18492 16949 -139 -6693 END
START -7984 8492 18320 16813 -163 -6614 END
START -8008 8440 18076 16714 -29 -6563 END
START -7980 8512 17716 16653 98 -6606 END
START -7836 8584 17264 16592 363 -6667 END
START -7796 8464 17032 16513 794 -6764 END
START -7796 8480 16736 16450 1292 -6869 END
START -7608 8364 16388 16342 1898 -7029 END
START -7656 8328 16224 16193 2545 -7220 END
START -7868 8248 16296 16084 3247 -7446 END
START -8056 7944 16568 15955 3870 -7753 END
START -8172 7788 17100 15839 4449 -8135 END
START -8456 7628 17816 15749 4864 -8605 END
START -8576 7664 18768 15632 5103 -9129 END
START -8868 7640 19800 15500 5191 -9659 END
START -8912 7868 20616 15318 5059 -10178 END
START -8920 8044 21600 15052 4755 -10636 END
START -8720 8272 22336 14755 4332 -11087 END
START -8716 8616 23136 14403 3787 -11465 END
START -8488 8964 23612 13943 3180 -11802 END
START -8244 9340 24056 13447 2481 -12167 END
START -8120 9696 24464 12942 1785 -12454 END
START -7876 10032 24728 12464 1004 -12766 END
START -7540 10284 24680 11892 305 -13047 END
START -7136 10332 24924 11461 -438 -13349 END
START -6772 10452 24952 11109 -1202 -13547 END
START -6400 10440 25048 10710 -1926 -13687 END
START -6096 10624 24724 10337 -2672 -13771 END
START -5832 10676 24384 9948 -3348 -13728 END
START -5496 10864 24004 9567 -3927 -13637 END
START -5076 10988 23940 9194 -4405 -13562 END
START -4652 10868 23564 8791 -4843 -13462 END
START -4332 10796 23300 8422 -5117 -13387 END
START -3860 10772 22704 8022 -5359 -13271 END
START -3656 10740 22248 7639 -5416 -13149 END
START -3484 10680 22120 7182 -5419 -12953 END
START -3336 10536 21640 6845 -5366 -12755 END
START -3244 10236 21392 6497 -5220 -12576 END
START -3280 9968 21048 6165 -5114 -12402 END
START -3248 9680 20728 5905 -4905 -12298 END
START -3404 9392 20668 5655 -4679 -12285 END
START -3376 9116 20628 5475 -4447 -12297 END
START -3600 8796 20720 5288 -4285 -12398 END
START -3716 8460 20936 5153 -4176 -12548 END
START -3968 8292 21280 4999 -4087 -12759 END
START -4200 7956 21732 4804 -4096 -13000 END
START -4388 7760 21948 4569 -4209 -13251 END
START -4488 7360 22484 4304 -4405 -13549 END
START -4768 6980 22896 4010 -4660 -13870 END
START -4616 6408 23192 3667 -5065 -14219 END
START -4676 6108 23436 3305 -5477 -14601 END
START -5016 6260 23720 2942 -5885 -15039 END
START -5232 6512 23464 2565 -6395 -15496 END
START -5416 6972 23684 2134 -6861 -16006 END
START -5660 7336 23292 1702 -7365 -16489 END
START -5844 7744 23108 1190 -7856 -16969 END
START -5852 8300 22584 739 -8343 -17406 END
START -5760 8688 22024 249 -8734 -17796 END
START -5500 9096 21604 -219 -9086 -18096 END
START -5260 9340 21120 -620 -9358 -18362 END
START -4900 9748 20596 -1044 -9559 -18515 END
START -4488 10356 19908 -1368 -9691 -18611 END
START -3916 10628 19236 -1704 -9625 -18647 END
START -3100 10624 18676 -1987 -9413 -18554 END
START -2532 10456 18180 -2203 -9031 -18390 END
START -2216 10372 18124 -2473 -8500 -18114 END
START -1972 10440 17872 -2733 -8054 -17813 END
START -1656 10452 17860 -3120 -7649 -17568 END
START -1528 9908 18196 -3505 -7212 -17265 END
START -1448 9336 18404 -3869 -6959 -16935 END
START -1312 8728 18524 -4210 -6700 -16609 END
START -1048 8444 18812 -4515 -6495 -16291 END
START -1096 8188 18896 -4786 -6367 -16002 END
START -1100 7940 18972 -5100 -6241 -15789 END
START -956 7508 19056 -5370 -6206 -15593 END
START -1048 7288 19204 -5624 -6208 -15372 END
START -1236 7044 19056 -5854 -6220 -15186 END
START -1288 6752 19092 -6061 -6261 -14968 END
START -1688 6664 19240 -6258 -6338 -14785 END
START -2064 6468 19324 -6394 -6451 -14699 END
START -2392 6088 19584 -6512 -6694 -14609 END
START -2616 5344 19864 -6611 -7031 -14549 END
START -2792 4568 19832 -6709 -7399 -14523 END
START -3136 4232 19908 -6776 -7790 -14576 END
START -3484 3812 19920 -6840 -8194 -14693 END
START -3464 3648 19728 -6895 -8585 -14878 END
START -3704 3632 19364 -6983 -8947 -15141 END
START -3904 4068 19208 -7076 -9275 -15453 END
START -3952 4772 18876 -7211 -9544 -15814 END
START -4068 5580 18564 -7420 -9753 -16173 END
START -3944 6260 18100 -7650 -9943 -16474 END
START -3784 6832 17660 -7957 -10004 -16738 END
START -3536 7216 17048 -8314 -9952 -16885 END
START -3100 7828 16660 -8658 -9739 -16927 END
START -2468 8616 16060 -9020 -9371 -16808 END
START -1688 9012 15160 -9389 -8819 -16571 END
START -692 8920 14804 -9723 -8008 -16136 END
START -52 8712 14556 -10054 -7160 -15508 END
START 408 8604 14596 -10353 -6223 -14821 END
START 512 8760 14636 -10645 -5371 -14077 END
START 624 9008 14744 -10839 -4660 -13264 END
START 688 8864 15024 -10999 -4010 -12478 END
START 828 8704 15352 -11092 -3494 -11716 END
START 928 8324 15516 -11099 -3081 -10973 END
START 1056 7884 15952 -11081 -2787 -10253 END
START 1116 7308 16372 -10999 -2591 -9605 END
START 964 7004 16784 -10888 -2504 -9029 END
START 616 6692 17064 -10744 -2611 -8538 END
START 588 6572 17524 -10630 -2799 -8140 END
START 624 6356 17680 -10476 -3127 -7816 END
START 588 6076 17840 -10357 -3485 -7548 END
START 740 5872 17912 -10221 -3808 -7381 END
START 892 5480 17844 -10127 -4159 -7212 END
START 1120 5340 17632 -10015 -4551 -7102 END
START 1180 5180 17680 -9966 -4859 -6999 END
START 1516 5044 17332 -9918 -5125 -6944 END
START 1700 4704 17124 -9865 -5289 -6910 END
START 2120 4552 16728 -9847 -5402 -6840 END
START 2392 4176 16332 -9816 -5387 -6760 END
START 2668 3804 16160 -9808 -5270 -6709 END
START 3060 3512 15624 -9745 -4978 -6688 END
START 3372 3320 15360 -9717 -4653 -6659 END
START 3672 3088 15088 -9669 -4209 -6619 END
START 3932 2904 14780 -9609 -3726 -6585 END
START 3724 2940 14780 -9598 -3199 -6530 END
START 3640 3704 14716 -9583 -2724 -6536 END
START 3412 4856 14448 -9591 -2226 -6580 END
START 3468 5672 14548 -9675 -1758 -6668 END
START 3652 6700 14388 -9845 -1264 -6685 END
START 3840 7404 14416 -10093 -852 -6607 END
START 3844 8120 14688 -10387 -506 -6301 END
START 4188 8628 15008 -10786 -323 -5779 END
START 4684 9092 15124 -11250 -221 -4914 END
START 5020 9360 15248 -11748 -80 -3747 END
START 5172 9536 15516 -12234 -39 -2449 END
START 5256 9668 15620 -12686 16 -1056 END
START 4892 9896 15728 -13074 -80 378 END
START 4860 10000 15928 -13314 -71 1781 END
START 4172 9684 16212 -13416 -289 3179 END
START 3880 9420 16508 -13628 -927 4516 END
START 4148 8652 16272 -13585 -1030 5636 END
START 3612 8108 16508 -13354 -1459 6635 END
START 3016 7380 16472 -12982 -1911 7485 END
START 2592 6520 16516 -12441 -2406 8212 END
START 2528 5780 16320 -11761 -2879 8754 END
START 2256 5040 16116 -11004 -3359 9182 END
START 1916 4536 15816 -10238 -3805 9450 END
START 1712 4368 15524 -9497 -4153 9624 END
START 1488 4080 15252 -8859 -4415 9700 END
START 1280 4060 14992 -8351 -4555 9655 END
START 1140 3900 14700 -7951 -4622 9562 END
START 1064 3784 14384 -7677 -4584 9438 END
START 924 3660 13908 -7550 -4454 9328 END
START 1032 3212 13364 -7502 -4145 9203 END
START 1092 3100 13084 -7513 -3717 9107 END
START 1188 3180 12756 -7578 -3117 9002 END
START 1160 3320 12472 -7724 -2457 8924 END
START 1144 3448 12288 -7882 -1744 8822 END
START 856 3568 12096 -8052 -977 8769 END
START 748 3920 12256 -8245 -261 8754 END
START 492 4032 12436 -8501 363 8741 END
START 388 4208 12344 -8772 1010 8750 END
START 276 4148 12608 -9070 1588 8798 END
START 128 4088 12632 -9398 2133 8910 END
START -112 4108 12848 -9698 2548 9010 END
START -356 4060 13256 -9998 2857 9163 END
START -416 3852 13672 -10283 3011 9354 END
START -744 3784 14036 -10512 3031 9517 END
START -1060 3640 14392 -10661 2888 9680 END
START -1224 3700 14884 -10735 2627 9921 END
START -1456 3564 15076 -10742 2247 10132 END
START -1616 3684 15400 -10679 1679 10401 END
START -1724 3812 15644 -10569 1091 10684 END
START -1840 3796 15756 -10375 397 11065 END
START -1992 3628 15620 -10179 -251 11445 END
START -2020 3568 15492 -9972 -891 11881 END
START -1980 3548 15400 -9757 -1467 12369 END
START -2124 3300 15108 -9543 -2040 12777 END
START -2208 3252 14936 -9356 -2579 13182 END
START -2292 3052 14748 -9173 -3061 13470 END
START -2380 2840 14544 -9017 -3466 13712 END
START -2664 2684 14212 -8926 -3885 13919 END
START -2740 2716 14140 -8848 -4265 14127 END
START -2952 2408 13648 -8782 -4559 14242 END
START -2956 2372 13336 -8720 -4791 14401 END
START -3124 2000 13148 -8713 -4933 14483 END
START -3180 1724 12800 -8646 -5051 14604 END
START -3320 1268 12508 -8643 -5055 14701 END
START -3496 1036 12164 -8590 -5015 14720 END
START -3608 804 11660 -8510 -4952 14738 END
START -3816 544 11332 -8444 -4843 14758 END
START -3908 268 10996 -8319 -4574 14696 END
START -4052 -32 10716 -8175 -4333 14629 END
START -4152 -344 10644 -8008 -4027 14524 END
START -4428 -584 10308 -7778 -3687 14351 END
START -4616 -844 10384 -7542 -3401 14163 END
START -4736 -900 10472 -7256 -3092 13947 END
START -5012 -1096 10512 -6988 -2788 13706 END
START -5116 -1336 10664 -6690 -2530 13438 END
START -5452 -1432 10692 -6416 -2269 13180 END
START -5592 -1492 10884 -6133 -2007 12951 END
START -5692 -1524 10988 -5847 -1804 12799 END
START -6116 -1620 11264 -5609 -1603 12593 END
START -6456 -1856 11512 -5359 -1429 12246 END
START -6420 -1932 11584 -5196 -1288 12081 END
START -6584 -1980 11752 -5025 -1139 11883 END
START -6792 -2124 11988 -4895 -1019 11613 END
START -6872 -2252 12032 -4794 -877 11341 END
START -6940 -2384 12184 -4767 -771 11111 END
START -7084 -2400 12336 -4757 -647 10860 END
START -7296 -2588 12440 -4779 -554 10623 END
START -7504 -2600 12612 -4849 -479 10358 END
START -7536 -2700 12576 -4920 -431 10064 END
START -7748 -2868 12740 -5001 -418 9823 END
START -7756 -2860 12748 -5105 -382 9535 END
START -7816 -3068 12936 -5176 -410 9211 END
START -7856 -3116 12916 -5279 -476 8901 END
START -8096 -3248 13000 -5318 -530 8563 END
START -8160 -3256 13156 -5374 -678 8208 END
START -8168 -3340 13240 -5381 -791 7896 END
START -8360 -3252 13272 -5393 -1032 7539 END
START -8320 -3312 13236 -5382 -1272 7216 END
START -8472 -3340 13208 -5322 -1483 6896 END
START -8576 -3292 13232 -5254 -1762 6573 END
START -8484 -3236 13216 -5140 -1991 6272 END
START -8496 -3176 13116 -5013 -2252 6001 END
START -8420 -3240 12816 -4884 -2420 5720 END
START -8404 -3308 12748 -4766 -2562 5507 END
START -8276 -3240 12684 -4592 -2659 5239 END
START -8260 -3164 12552 -4496 -2753 5029 END
START -8124 -3200 12404 -4365 -2810 4829 END
START -8016 -3172 12556 -4223 -2850 4617 END
START -8080 -3192 12288 -4115 -2852 4429 END