START -1044 -336 12628 -1715 2464 -229 END
START 1544 -676 9720 -2139 1387 -216 END
START 2572 -1172 8324 -2454 2785 42 END
START 564 -1616 11732 -2584 3701 272 END
START 488 -1348 11440 -2561 4252 556 END
START 168 -1340 11396 -2416 4301 835 END
START 208 -1272 11352 -2162 4348 1110 END
START 440 -1148 11364 -1723 4615 1354 END
START 600 -792 11472 -1225 5023 1637 END
START 652 -1000 11716 -756 5545 1865 END
START 576 -1536 11980 -303 5784 2041 END
START 524 -2004 12508 83 5883 2294 END
START 120 -2416 13164 408 5794 2471 END
START -484 -2540 14008 634 5495 2534 END
START -1252 -2492 14420 862 4951 2517 END
START -1672 -2424 15076 1033 4081 2408 END
START -1888 -2356 15636 1182 3369 2170 END
START -2096 -2744 16052 1282 2739 1878 END
START -2500 -3028 16612 1286 2094 1636 END
START -3072 -3432 17052 1190 1201 1428 END
START -3192 -3808 17216 1067 326 1220 END
START -2948 -3948 17048 842 -396 1016 END
START -2448 -4276 16696 690 -790 670 END
START -2056 -4616 16292 465 -942 294 END
START -1664 -4736 15876 202 -862 -166 END
START -1328 -4768 15612 -70 -633 -598 END
START -1088 -4720 15484 -430 -346 -1036 END
START -904 -4632 15440 -840 18 -1453 END
START -984 -4344 15452 -1276 382 -1872 END
START -1012 -3968 15468 -1745 689 -2255 END
START -988 -3664 15796 -2203 832 -2537 END
START -1180 -3180 15988 -2684 952 -2753 END
START -1332 -2972 16084 -3139 876 -2842 END
START -1320 -2732 16244 -3478 744 -2874 END
START -1332 -2728 16256 -3748 513 -2850 END
START -1332 -2656 15924 -3896 262 -2751 END
START -1320 -2628 15800 -3951 121 -2663 END
START -1260 -2608 15580 -3905 -84 -2533 END
START -1140 -2776 15300 -3834 -144 -2368 END
START -1272 -2788 15180 -3657 -275 -2237 END
START -1408 -2892 15040 -3521 -390 -2061 END
START -1628 -3116 14992 -3401 -582 -1937 END
START -1744 -3200 14828 -3248 -815 -1786 END
START -1748 -3300 14640 -3107 -992 -1690 END
START -1668 -3500 14504 -2934 -1106 -1600 END
START -1720 -3748 14112 -2753 -1126 -1569 END
START -1644 -3888 13920 -2552 -1136 -1536 END
START -1720 -3936 13820 -2295 -1118 -1514 END
START -1664 -3968 13600 -2051 -1081 -1493 END
START -1500 -4176 13720 -1775 -975 -1468 END
START -1116 -4456 13348 -1548 -708 -1371 END
START -1064 -4724 13344 -1308 -367 -1340 END
START -1220 -4632 13564 -1118 -186 -1283 END
START -1212 -4564 13436 -965 -40 -1274 END
START -1316 -4588 13552 -823 80 -1294 END
START -1432 -4568 13672 -718 146 -1350 END
START -1352 -4740 13616 -639 211 -1362 END
START -1420 -4636 13740 -567 240 -1398 END
START -1532 -4556 13784 -507 251 -1420 END
START -1588 -4472 13848 -546 175 -1467 END
START -1756 -4192 13740 -570 139 -1470 END
START -1656 -4136 13728 -608 66 -1512 END
START -1580 -4048 13584 -676 -34 -1498 END
START -1528 -3972 13520 -746 -112 -1480 END
START -1380 -3720 13252 -797 -42 -1451 END
START -1392 -3600 13092 -819 18 -1394 END
START -1380 -3308 12832 -854 68 -1348 END
START -1280 -3012 12768 -870 165 -1292 END
START -1360 -2964 12572 -909 255 -1194 END
START -1428 -2836 12416 -955 331 -1139 END
START -1496 -2696 12368 -1013 400 -1048 END
START -1348 -2756 12428 -1055 428 -948 END
START -1516 -2780 12372 -1118 475 -882 END
START -1468 -2884 12296 -1202 546 -821 END
START -1424 -2904 12160 -1223 554 -796 END
START -1308 -2952 12300 -1275 541 -769 END
START -1308 -2848 12136 -1298 501 -791 END
START -1216 -2476 12136 -1380 413 -776 END
START -1344 -2404 11800 -1438 343 -759 END
START -1456 -2332 11680 -1499 154 -712 END
START -1332 -2340 11588 -1594 -6 -668 END
START -1452 -2364 11216 -1607 -170 -600 END
START -1476 -2344 11132 -1602 -330 -571 END
START -1308 -2420 10740 -1561 -456 -564 END
START -1224 -2516 10472 -1411 -527 -585 END
START -1104 -2560 10056 -1276 -608 -621 END
START -976 -2528 9928 -1142 -564 -664 END
START -960 -2644 9584 -938 -572 -700 END
START -828 -2536 9292 -739 -548 -753 END
START -456 -2528 8916 -551 -447 -757 END
START -468 -2452 8636 -377 -191 -767 END
START -236 -2436 8504 -200 -43 -759 END
START -204 -2440 8316 16 147 -786 END
START -104 -2364 8236 190 259 -750 END
START -72 -2196 7904 410 396 -746 END
START -80 -1984 7960 668 517 -737 END
START -136 -1816 7972 859 551 -698 END
START -124 -1712 7896 1171 530 -661 END
START -28 -1688 7580 1442 526 -579 END
START 0 -1832 7384 1677 468 -550 END
START -44 -1776 7432 1972 459 -464 END
START -108 -1552 7400 2224 371 -403 END
START -196 -1460 7152 2520 291 -311 END
START -164 -1380 7040 2817 174 -200 END
START -248 -1280 6704 3097 73 -85 END
START -388 -1252 6668 3419 -41 8 END
START -512 -1140 6492 3699 -117 148 END
START -560 -1184 6380 4025 -202 249 END
START -884 -1256 6116 4392 -289 330 END
START -900 -1320 6256 4729 -394 422 END
START -1220 -1308 6264 5131 -451 453 END
START -1492 -1468 6140 5582 -591 528 END
START -1460 -1484 6108 6070 -679 530 END
START -1544 -1288 6096 6548 -805 531 END
START -1620 -1236 6216 7015 -920 528 END
START -1648 -1188 6188 7450 -1076 525 END
START -1572 -1228 6212 7833 -1203 501 END
START -1492 -1144 6044 8144 -1269 491 END
START -1424 -1300 6096 8423 -1332 432 END
START -1236 -1072 5848 8647 -1288 379 END
START -1136 -1112 6008 8789 -1188 325 END
START -1100 -1020 5908 8964 -1106 187 END
START -968 -916 5844 9046 -976 156 END
START -972 -808 5752 9145 -823 69 END
START -764 -604 5652 9128 -602 -6 END
START -644 -588 5564 9153 -353 -99 END
START -656 -628 5500 9158 -108 -211 END
START -440 -864 5688 9234 177 -313 END
START -320 -832 5500 9310 454 -399 END
START -288 -576 5288 9427 797 -519 END
START -292 -440 5576 9531 1053 -602 END
START -316 12 5412 9653 1319 -672 END
START -424 276 5368 9773 1511 -763 END
START -144 360 5652 9915 1720 -767 END
START -4 516 5444 10088 1907 -780 END
START 68 548 5540 10286 2122 -727 END
START 36 860 5692 10580 2274 -640 END
START 160 1076 5864 10912 2444 -539 END
START 228 1304 6012 11300 2573 -400 END
START 52 1504 6164 11639 2694 -301 END
START 88 1792 6360 12265 2739 -152 END
START -60 1936 6360 12293 2757 -16 END
START -144 2160 6816 13034 2696 170 END
START -312 2408 7164 13473 2525 330 END
START -524 2536 7520 13924 2354 527 END
START -508 2548 7652 14360 2112 722 END
START -704 2640 8324 14833 1773 941 END
START -792 2636 8588 15297 1347 1133 END
START -940 2720 8968 15680 921 1288 END
START -924 2920 9228 16087 468 1493 END
START -940 2808 9352 16506 48 1627 END
START -852 2672 9584 16905 -385 1716 END
START -764 2696 9680 17373 -677 1800 END
START -640 2740 9448 17736 -828 1895 END
START -452 2728 9396 18112 -848 1917 END
START -472 2776 9364 18465 -701 1944 END
START -332 2768 9324 18754 -461 1916 END
START -388 2740 9500 19025 -40 1883 END
START -272 2780 9648 19143 381 1835 END
START -388 2892 9720 19265 846 1723 END
START -248 3052 9768 19239 1378 1639 END
START -644 3208 10320 19193 2010 1486 END
START -780 3360 10496 19160 2683 1325 END
START -1104 3476 10620 19137 3388 1150 END
START -1492 3604 10900 19059 4252 1011 END
START -1804 3808 11120 18999 5177 840 END
START -1984 3788 11148 18859 6131 666 END
START -2476 3992 12024 18674 7080 475 END
START -2924 3844 12840 18472 7981 279 END
START -3596 3860 13832 18252 8646 41 END
START -3924 3732 14468 18068 9115 -209 END
START -4236 3808 15708 17896 9468 -469 END
START -4712 3888 16708 17767 9625 -736 END
START -5056 3916 17700 17698 9744 -1007 END
START -5216 3828 18616 17603 9800 -1195 END
START -5280 3812 19580 17537 9789 -1377 END
START -5396 3744 20428 17446 9672 -1497 END
START -5288 3788 21280 17251 9509 -1583 END
START -5200 3760 21996 17067 9196 -1699 END
START -5148 3976 23048 16858 8734 -1765 END
START -5200 4260 23828 16636 8065 -1837 END
START -4940 4468 24752 16403 7267 -1864 END
START -4660 4756 25360 16167 6349 -1850 END
START -4340 4924 26152 15998 5297 -1708 END
START -4132 5128 26684 15889 4275 -1523 END
START -3920 5448 27112 15786 3092 -1230 END
START -3776 5692 27268 15746 1927 -849 END
START -3468 5776 27332 15740 882 -446 END
START -3192 6020 27252 15782 -66 35 END
START -3064 6012 27144 15810 -847 444 END
START -2804 6068 26908 15827 -1511 941 END
START -2964 6008 26864 15858 -2095 1445 END
START -2984 5944 26672 15857 -2519 1904 END
START -2996 5744 26316 15872 -2777 2333 END
START -2976 5380 26356 15910 -2875 2641 END
START -2976 4972 26420 15828 -2844 2905 END
START -3244 4824 26652 15793 -2811 3103 END
START -3404 4740 26672 15617 -2758 3204 END
START -3788 4676 27180 15425 -2648 3298 END
START -3940 4372 27856 15092 -2592 3253 END
START -4140 4492 27276 14635 -2358 3144 END
START -4796 3776 28688 14424 -2450 3193 END
START -4924 3744 28792 14258 -2301 3195 END
START -5084 3788 28764 14028 -2198 3105 END
START -5204 3768 28820 13712 -2043 2956 END
START -5336 3692 28840 13188 -1894 2696 END
START -5496 3636 28512 12531 -1640 2218 END
START -5564 3344 28904 11526 -1366 1683 END
START -5596 3084 29052 10332 -1094 1156 END
START -5664 2948 28748 9324 -717 619 END
START -5464 2916 29136 8380 -430 134 END
START -5244 3032 28936 7618 -108 -295 END
START -4992 3028 28932 6910 174 -688 END
START -4808 3120 28764 6262 550 -1094 END
START -4556 3248 28644 5658 887 -1421 END
START -4208 3372 28580 5084 1236 -1731 END
START -4184 3388 29112 4664 1416 -1885 END
START -3872 3648 29084 4383 1535 -1975 END
START -3640 3892 29232 4139 1546 -1941 END
START -3576 4004 29684 3885 1413 -1883 END
START -3316 4032 30068 3681 1203 -1814 END
START -3088 3976 30164 3418 915 -1632 END
START -2932 3884 30688 3127 572 -1402 END
START -2724 4048 30764 2840 192 -1127 END
START -2452 4092 30960 2499 -192 -793 END
START -2380 4068 31040 2107 -540 -388 END
START -2212 4272 30952 1690 -931 15 END
START -2044 4172 30656 1230 -1283 441 END
START -2008 4092 30524 785 -1554 857 END
START -1944 3804 30148 240 -1797 1225 END
START -2152 3740 30008 -257 -2003 1564 END
START -2184 3444 29384 -753 -2157 1815 END
START -2328 3320 28976 -1306 -2215 2016 END
START -2380 2876 28520 -1777 -2266 2159 END
START -2416 2684 28100 -2258 -2265 2208 END
START -2448 2576 27752 -2689 -2130 2255 END
START -2608 2348 27232 -3063 -2028 2205 END
START -2632 2424 26868 -3526 -1892 2207 END
START -2776 2380 26452 -3891 -1705 2155 END
START -2756 2300 26072 -4311 -1485 2031 END
START -2916 2276 25684 -4687 -1228 1949 END
START -2980 2208 25316 -5053 -887 1848 END
START -2892 2304 24912 -5399 -475 1709 END
START -3004 2208 24536 -5794 -65 1559 END
START -3080 2160 24252 -6165 382 1384 END
START -3200 2216 24072 -6549 851 1218 END
START -3364 2100 23844 -6927 1264 1042 END
START -3696 2176 23784 -7324 1740 823 END
START -3508 2172 23556 -7708 2186 638 END
START -3576 2060 23560 -8070 2579 439 END
START -3808 1920 23484 -8518 2979 206 END
START -3832 1808 23596 -8831 3250 10 END
START -3896 1640 23664 -9199 3506 -199 END
START -3992 1732 23744 -9501 3653 -408 END
START -4092 1696 24104 -9745 3600 -579 END
START -4036 1788 23932 -9991 3538 -713 END
START -4044 1652 24116 -10248 3378 -856 END
START -3852 1620 23988 -10425 3110 -938 END
START -3624 1660 23760 -10588 2903 -991 END
START -3656 1636 23716 -10715 2691 -1008 END
START -3456 1644 23392 -10796 2440 -967 END
START -3280 1820 23264 -10861 2208 -973 END
START -3384 1988 23056 -10927 1971 -894 END
START -3248 2424 22768 -10967 1747 -813 END
START -3396 2628 22608 -11030 1502 -679 END
START -3524 2984 22500 -11099 1260 -513 END
START -3652 3092 22552 -11204 989 -226 END
START -3568 3168 22252 -11323 728 85 END
START -3640 3084 22148 -11414 450 345 END
START -3748 3104 22032 -11522 172 630 END
START -3772 2984 21940 -11689 -102 885 END
START -3940 2792 21644 -11845 -311 1178 END
START -4116 2624 21524 -11980 -502 1347 END
START -4604 2464 21092 -12123 -698 1507 END
START -4968 2312 20692 -12276 -878 1575 END
START -5224 2136 20532 -12388 -1058 1615 END
START -5588 2008 20084 -12469 -1195 1598 END
START -5852 1740 19692 -12570 -1261 1499 END
START -5980 1704 19400 -12626 -1307 1374 END
START -6284 1612 19104 -12714 -1271 1205 END
START -6392 1404 18832 -12754 -1196 1005 END
START -6504 1368 18612 -12812 -1163 779 END
START -6628 1500 18516 -12845 -1128 547 END
START -6740 1452 18364 -12887 -1121 249 END
START -6724 1408 18140 -12968 -1127 -1 END
START -6752 1532 18108 -13002 -1152 -268 END
START -6824 1480 17908 -13043 -1184 -542 END
START -6624 1484 17568 -13116 -1229 -829 END
START -6660 1516 17476 -13160 -1238 -1097 END
START -6632 1568 17276 -13170 -1206 -1408 END
START -6656 1688 17160 -13218 -1177 -1678 END
START -6776 1752 17096 -13234 -1210 -1955 END
START -6788 2008 16880 -13281 -1276 -2241 END
START -6808 2088 16796 -13309 -1304 -2510 END
START -6628 2132 16424 -13325 -1379 -2766 END
START -6436 2136 16328 -13367 -1348 -3013 END
START -6456 2060 16088 -13433 -1386 -3210 END
START -6412 2160 16120 -13498 -1394 -3447 END
START -6468 2224 15932 -13524 -1385 -3687 END
START -6348 2436 15832 -13590 -1474 -3874 END
START -6264 2648 15788 -13667 -1590 -4018 END
START -6212 2840 15600 -13754 -1671 -4229 END
START -6088 3024 15420 -13905 -1747 -4337 END
START -6004 3116 15464 -14025 -1825 -4423 END
START -5764 3244 15216 -14167 -1961 -4441 END
START -5784 3244 15068 -14279 -2100 -4413 END
START -5552 3128 15016 -14439 -2309 -4428 END
START -5584 3128 14960 -14584 -2432 -4405 END
START -5576 3092 14816 -14645 -2706 -4373 END
START -5408 3008 14624 -14725 -2946 -4358 END
START -5424 2828 14360 -14788 -3201 -4363 END
START -5412 2776 14072 -14764 -3456 -4379 END
START -5436 2700 13892 -14718 -3746 -4385 END
START -5584 2544 13716 -14647 -4079 -4429 END
START -5500 2444 13332 -14523 -4423 -4457 END
START -5344 2232 13000 -14364 -4661 -4544 END
START -5336 2024 12660 -14198 -4880 -4670 END
START -5524 1968 12348 -13965 -5070 -4798 END
START -5408 1816 11896 -13758 -5256 -4980 END
START -5328 1952 11560 -13513 -5416 -5127 END
START -5244 1932 11088 -13289 -5461 -5262 END
START -5136 1876 10936 -13107 -5456 -5401 END
START -5036 1944 10580 -12908 -5425 -5527 END
START -4872 1928 10332 -12759 -5363 -5660 END
START -4836 1804 10032 -12585 -5222 -5727 END
START -4792 1800 9920 -12429 -5091 -5876 END
START -4608 1744 9640 -12223 -4957 -5955 END
START -4568 1748 9704 -12112 -4788 -6082 END
START -4476 1672 9524 -11994 -4610 -6187 END
START -4548 1736 9440 -11890 -4478 -6266 END
START -4508 1732 9388 -11747 -4341 -6361 END
START -4592 1660 9024 -11712 -4249 -6475 END
START -4404 1464 9044 -11622 -4071 -6545 END
START -4420 1400 8784 -11514 -3934 -6641 END
START -4200 1424 8640 -11445 -3755 -6790 END
START -4220 1124 8488 -11333 -3527 -6902 END
START -4376 1108 8412 -11269 -3355 -7073 END
START -4336 960 8208 -11129 -3148 -7223 END
START -4496 848 8176 -11046 -2959 -7380 END
START -4556 796 7916 -10927 -2817 -7526 END
START -4660 644 7796 -10808 -2695 -7708 END
START -4704 500 7488 -10669 -2612 -7875 END
START -4828 496 7436 -10507 -2490 -8032 END
START -4844 260 7328 -10314 -2461 -8239 END
START -4728 4 7320 -10098 -2381 -8463 END
START -4700 -104 6944 -9855 -2347 -8679 END
START -4776 -216 6960 -9611 -2308 -8908 END
START -4744 -268 6804 -9329 -2313 -9102 END
START -4592 -304 6664 -9020 -2359 -9281 END
START -4620 -248 6476 -8740 -2411 -9427 END
START -4504 -224 6268 -8418 -2396 -9537 END
START -4348 -220 6140 -8116 -2448 -9592 END
START -4136 -296 5864 -7841 -2404 -9663 END
START -4212 -420 5876 -7550 -2458 -9675 END
START -3908 -512 5464 -7250 -2441 -9755 END
START -3744 -792 5092 -6943 -2417 -9786 END
START -3472 -840 4800 -6605 -2302 -9861 END
START -3640 -880 4520 -6290 -2251 -9940 END
START -3468 -864 4416 -5947 -2196 -10030 END
START -3300 -716 4116 -5522 -2117 -10113 END
START -2844 -812 3836 -5144 -1879 -10155 END
START -2424 -852 3532 -4704 -1557 -10199 END
START -2160 -972 3464 -4341 -1192 -10191 END
START -1716 -1060 3324 -4025 -834 -10173 END
START -1552 -1116 3420 -3735 -439 -10128 END
START -1544 -1252 3472 -3474 -170 -10150 END
START -1408 -1184 3468 -3220 41 -10178 END
START -1172 -1384 3444 -2922 152 -10228 END
START -1296 -1584 3548 -2604 213 -10355 END
START -1332 -1624 3492 -2302 180 -10465 END
START -1088 -1928 3592 -1847 143 -10623 END
START -908 -1936 3608 -1329 44 -10772 END
START -828 -2124 3472 -798 49 -10982 END
START -484 -2288 3324 -179 73 -11159 END
START -360 -2376 3396 486 145 -11324 END
START -192 -2164 3356 1190 117 -11512 END
START -240 -2076 3476 1843 130 -11694 END
START 60 -1964 3736 2477 29 -11821 END
START 112 -1676 3764 3040 -51 -11960 END
START 688 -1580 3788 3624 -95 -12050 END
START 812 -1436 3864 4112 -70 -12141 END
START 860 -1360 3896 4603 -111 -12174 END
START 1140 -1220 4132 4988 -152 -12189 END
START 1400 -1044 4172 5363 -225 -12189 END
START 1652 -1108 4224 5758 -221 -12213 END
START 2248 -1132 4384 6138 -133 -12236 END
START 2596 -1096 4692 6455 -4 -12230 END
START 2820 -792 4792 6811 97 -12169 END
START 3016 -468 4960 7076 152 -12103 END
START 3088 -196 5304 7334 190 -11901 END
START 3136 68 5780 7617 100 -11703 END
START 3192 240 6064 7798 -64 -11408 END
START 3492 456 6288 8057 -267 -11117 END
START 3608 580 6860 8335 -542 -10818 END
START 3852 672 6872 8601 -843 -10532 END
START 4040 668 7064 8952 -1175 -10222 END
START 4040 816 7440 9306 -1590 -9894 END
START 4248 836 7664 9700 -2062 -9518 END
START 4468 1012 7848 10178 -2562 -9114 END
START 4420 1088 8076 10588 -2931 -8669 END
START 4580 1244 8256 10995 -3312 -8227 END
START 4556 1144 8472 11477 -3602 -7791 END
START 4596 1084 8540 11900 -3920 -7370 END
START 4592 1088 8604 12269 -4077 -7022 END
START 4404 876 9028 12351 -4354 -6707 END
START 4496 708 9024 12896 -4606 -6499 END
START 4432 600 9268 13261 -4764 -6309 END
START 4436 608 9380 13660 -4949 -6205 END
START 4420 592 9716 14068 -5071 -6161 END
START 4380 572 9892 14460 -5203 -6063 END
START 4292 620 10324 14837 -5346 -6027 END
START 4664 736 10464 15176 -5400 -6016 END
START 4852 832 10792 15516 -5379 -6002 END
START 5036 900 10992 15765 -5316 -6013 END
START 5308 976 11248 16004 -5170 -6034 END
START 5544 1152 11616 16166 -4989 -6106 END
START 5748 1444 12080 16273 -4739 -6180 END
START 6220 1784 12336 16300 -4413 -6215 END
START 6708 1944 13028 16281 -3981 -6271 END
START 7096 2200 13584 16200 -3549 -6290 END
START 7632 2556 14124 16016 -3043 -6253 END
START 8020 2736 14612 15798 -2544 -6170 END
START 8424 2912 15320 15575 -2065 -6048 END
START 8768 3220 16072 15272 -1622 -5820 END
START 9016 3516 16816 14906 -1287 -5599 END
START 9264 3844 17580 14586 -996 -5334 END
START 9596 3912 18024 14306 -752 -5014 END
START 9816 4020 18460 13972 -499 -4680 END
START 10116 4080 18808 13657 -211 -4300 END
START 10364 4248 19264 13344 11 -3905 END
START 10624 4444 19732 13025 172 -3514 END
START 10660 4732 20272 12619 383 -3070 END
START 10648 4976 20756 12126 472 -2560 END
START 10760 5240 21092 11938 553 -2087 END
START 10812 5484 21616 11743 599 -1490 END
START 10676 5592 21872 11188 618 -890 END
START 10608 5564 22200 10839 588 -264 END
START 10512 5600 22380 10496 511 347 END
START 10528 5520 22572 10192 500 919 END
START 10484 5508 22692 9880 552 1524 END
START 10372 5316 22896 9627 532 2019 END
START 10316 5140 22804 9321 539 2582 END
START 10260 5192 22832 9094 504 3088 END
START 10084 5256 22744 8834 512 3552 END
START 10028 5264 22916 8611 514 4061 END
START 9960 5120 22936 8364 619 4542 END
START 9768 5184 22908 8164 693 5075 END
START 9644 4924 23108 7939 792 5558 END
START 9420 4976 23152 7722 932 6084 END
START 9288 4900 23212 7517 1115 6593 END
START 9016 4920 23364 7249 1324 7036 END
START 8904 4712 23416 6928 1580 7534 END
START 8708 4728 23480 6572 1786 7969 END
START 8612 4452 23548 6186 2062 8413 END
START 8348 4328 23536 5755 2353 8870 END
START 8064 4256 23316 5321 2691 9283 END
START 7776 4048 23352 4885 3076 9731 END
START 7512 3832 23472 4451 3488 10161 END
START 6980 3700 23252 4062 3944 10617 END
START 6736 3420 23436 3677 4328 11000 END
START 6376 3196 23376 3253 4790 11368 END
START 6016 3060 23252 2858 5248 11703 END
START 5696 2912 23308 2481 5745 12084 END
START 5288 2708 23440 2058 6177 12444 END
START 5112 2660 23496 1582 6687 12871 END
START 5048 2492 23372 1144 7238 12965 END
START 5036 2496 23120 606 7850 13333 END
START 5000 2584 22812 70 8740 13667 END
START 4972 2560 22656 -506 9678 14041 END
START 4712 2844 22508 -1192 10730 14459 END
START 4428 2948 22336 -1927 11841 14939 END
START 4088 3180 22420 -2745 12765 15418 END
START 3728 3324 22420 -3601 13758 15955 END
START 2956 3208 22164 -4492 14783 16512 END
START 2184 3216 22044 -5349 15580 17054 END
START 1268 2828 21668 -6136 16109 17540 END
START 116 2604 21484 -6874 16479 17891 END
START -1408 1992 21404 -7448 16597 18155 END
START -2720 1536 21388 -7897 16438 18284 END
START -3844 1084 21028 -8223 16035 18251 END
START -5280 480 21124 -8336 15441 18111 END
START -6576 -200 21076 -8317 14639 17906 END
START -7640 -896 21212 -8123 13709 17572 END
START -8864 -1028 20704 -7881 12634 17223 END
START -10036 -1304 20520 -7471 11378 16847 END
START -10932 -1780 20460 -7000 10094 16348 END
START -11628 -2476 20844 -6423 8833 15785 END
START -12176 -2740 20124 -5865 7691 15252 END
START -12952 -2624 19900 -5308 6503 14643 END
START -13704 -3216 19928 -4760 5255 13940 END
START -13924 -3720 19644 -4213 4129 13324 END
START -14208 -4100 19600 -3712 3112 12457 END
START -14360 -4276 19548 -3271 2073 11644 END
START -14276 -4348 19424 -2975 1109 10768 END
START -14148 -4448 18820 -2807 243 9889 END
START -14040 -4460 18376 -2733 -412 8946 END
START -13516 -4464 17864 -2805 -889 8061 END
START -13176 -4320 17420 -2983 -1246 7108 END
START -12732 -4024 16952 -3233 -1440 6227 END
START -12324 -3884 16592 -3569 -1502 5308 END
START -11756 -3684 15952 -3918 -1454 4494 END
START -11432 -3480 15324 -4327 -1300 3718 END
START -10936 -3240 14660 -4693 -991 2993 END
START -10316 -2924 14152 -5062 -499 2289 END
START -9924 -2868 13812 -5354 36 1655 END
START -9500 -2572 13444 -5682 693 1041 END
START -9260 -2520 13000 -5814 1287 492 END
START -8988 -2452 12752 -6001 1819 -18 END