START -2612 892 15276 -2141 648 2003 END
START -76 1588 8716 -2105 -1156 1896 END
START -32 -648 11788 -1724 700 1947 END
START -872 -1156 13272 -1319 1630 1932 END
START -1840 -1228 14516 -817 2253 1943 END
START -2108 -1184 14548 -336 2521 1759 END
START -1772 -1124 14032 66 2641 1490 END
START -2348 -1048 14588 373 2663 1159 END
START -2624 -1392 14736 644 2682 793 END
START -2896 -1776 15024 888 2622 380 END
START -3056 -1884 15328 1147 2528 42 END
START -3368 -1860 15564 1438 2424 -332 END
START -3420 -2080 16028 1838 2245 -794 END
START -3144 -2156 16336 2172 2107 -1197 END
START -2740 -2032 16708 2501 1894 -1645 END
START -2272 -1900 17032 2735 1791 -1978 END
START -2092 -1552 17376 2730 1725 -2311 END
START -1628 -1116 17624 2575 1689 -2538 END
START -1712 -428 18144 2289 1496 -2645 END
START -1552 36 18380 1814 1317 -2616 END
START -1312 148 18340 1318 1181 -2559 END
START -976 516 18176 838 1124 -2469 END
START -692 864 18044 410 1158 -2341 END
START -552 940 17784 52 1253 -2225 END
START -280 876 17548 -189 1380 -2024 END
START -148 984 17424 -471 1544 -1845 END
START -260 932 17680 -663 1625 -1612 END
START -420 1068 17756 -779 1541 -1385 END
START -616 968 18084 -899 1321 -1088 END
START -736 872 18044 -974 991 -820 END
START -884 840 18228 -980 555 -533 END
START -1236 572 18236 -913 32 -301 END
START -1452 176 17968 -758 -492 -97 END
START -1532 -292 17624 -589 -1049 8 END
START -1500 -592 17576 -388 -1551 85 END
START -1432 -888 17172 -35 -1902 36 END
START -1428 -848 17100 308 -2175 -44 END
START -1428 -768 16728 659 -2423 -138 END
START -1452 -728 16696 984 -2569 -211 END
START -1660 -724 16580 1235 -2741 -175 END
START -1688 -652 16712 1414 -2877 -174 END
START -1388 -832 16700 1582 -2917 -165 END
START -1596 -800 16616 1684 -2883 -201 END
START -1456 -784 16748 1736 -2781 -217 END
START -1260 -924 16576 1713 -2706 -237 END
START -1116 -1048 16544 1644 -2546 -230 END
START -944 -1076 16420 1473 -2326 -239 END
START -1008 -1076 16396 1357 -2179 -272 END
START -1132 -988 16460 1182 -1982 -289 END
START -1112 -952 16168 1081 -1826 -271 END
START -1052 -1016 16216 973 -1586 -281 END
START -1132 -1212 16032 925 -1326 -238 END
START -1336 -1352 16012 900 -1077 -197 END
START -1400 -1376 16232 903 -855 -162 END
START -1536 -1440 16212 919 -675 -108 END
START -1636 -1516 16432 933 -472 -38 END
START -1840 -1532 16720 940 -268 -3 END
START -2024 -1424 16904 878 -151 44 END
START -2208 -1488 17216 823 -93 146 END
START -2396 -1556 17404 748 -52 215 END
START -2584 -1688 17880 642 -66 268 END
START -2680 -1764 17948 552 -137 354 END
START -2964 -1908 18088 419 -261 391 END
START -3124 -2264 18232 309 -366 424 END
START -3372 -2352 18244 220 -531 442 END
START -3708 -2600 18312 126 -719 484 END
START -3996 -2848 18324 95 -917 416 END
START -4092 -2860 18356 53 -1123 388 END
START -4420 -3084 18316 108 -1364 311 END
START -4784 -3136 18412 171 -1632 226 END
START -5116 -3348 18304 264 -1917 107 END
START -5316 -3512 18272 399 -2171 -26 END
START -5480 -3708 18428 560 -2333 -170 END
START -5620 -3900 18240 735 -2505 -344 END
START -5792 -4056 18340 901 -2669 -519 END
START -5688 -4208 18376 1018 -2795 -675 END
START -5792 -4316 18400 1168 -2945 -877 END
START -5812 -4356 18340 1226 -3098 -1057 END
START -5856 -4528 18524 1309 -3212 -1329 END
START -5964 -4600 18424 1275 -3317 -1554 END
START -5940 -4704 18412 1276 -3443 -1815 END
START -5860 -4700 18316 1237 -3558 -2094 END
START -5924 -5016 18272 1226 -3482 -2348 END
START -6004 -4980 18316 1225 -3431 -2590 END
START -6040 -5020 18228 1215 -3354 -2898 END
START -6116 -4948 18192 1164 -3244 -3208 END
START -6208 -4856 18280 1134 -3178 -3478 END
START -6000 -5028 18352 1088 -3089 -3768 END
START -5872 -5256 18520 1026 -3019 -4086 END
START -5928 -5224 18604 967 -2935 -4365 END
START -5828 -5344 18832 917 -2917 -4690 END
START -5848 -5376 19208 856 -2890 -4939 END
START -5732 -5236 19216 823 -2918 -5248 END
START -5644 -5356 19376 740 -2985 -5502 END
START -5428 -5236 19428 744 -2998 -5766 END
START -5232 -5232 19552 691 -3043 -5988 END
START -5052 -5140 19624 647 -3054 -6237 END
START -4848 -4936 19808 622 -3200 -6414 END
START -4660 -4804 20400 589 -3405 -6579 END
START -4396 -4728 20644 611 -3683 -6693 END
START -4252 -4552 20776 663 -4035 -6775 END
START -3996 -4424 21160 692 -4385 -6805 END
START -3612 -4092 21276 778 -4814 -6850 END
START -3392 -3880 21160 842 -5208 -6906 END
START -3256 -3592 21272 925 -5605 -6887 END
START -2924 -3356 21268 946 -5970 -6860 END
START -2688 -3012 21180 1011 -6353 -6848 END
START -2464 -2672 21228 1009 -6589 -6773 END
START -2232 -2392 21144 982 -6716 -6729 END
START -1604 -2108 20764 869 -6619 -6643 END
START -1136 -1736 20572 689 -6359 -6638 END
START -732 -1404 20408 398 -5961 -6569 END
START -552 -1008 20604 -42 -5499 -6537 END
START -332 -688 20704 -528 -5044 -6499 END
START -492 -468 21156 -1164 -4737 -6457 END
START -204 -204 21268 -1820 -4404 -6376 END
START -160 124 21496 -2467 -4134 -6410 END
START -140 104 21888 -3090 -3940 -6426 END
START 16 176 21792 -3679 -3798 -6500 END
START 232 240 22124 -4198 -3678 -6538 END
START 332 600 22140 -4674 -3543 -6626 END
START 408 868 22356 -5091 -3550 -6621 END
START 492 1104 22212 -5473 -3588 -6670 END
START 780 1452 22256 -5756 -3629 -6651 END
START 1032 1956 22196 -6088 -3709 -6548 END
START 1104 2228 22148 -6341 -3715 -6459 END
START 1408 2640 21992 -6589 -3705 -6317 END
START 1636 2936 21964 -6866 -3747 -6104 END
START 1968 3136 21792 -7104 -3787 -5935 END
START 2108 3324 21708 -7378 -3799 -5744 END
START 2464 3472 21384 -7688 -3721 -5557 END
START 2764 3684 21260 -8017 -3669 -5351 END
START 3120 3856 21012 -8422 -3460 -5182 END
START 3360 4128 20884 -8811 -3361 -5000 END
START 3632 4228 20632 -9259 -3124 -4811 END
START 3912 4400 20412 -9710 -2942 -4592 END
START 4196 4476 20320 -10215 -2737 -4345 END
START 4404 4472 19948 -10723 -2495 -4138 END
START 4572 4556 19792 -11204 -2242 -3909 END
START 4916 4444 19568 -11718 -2047 -3751 END
START 5064 4560 19312 -12236 -1748 -3501 END
START 5416 4544 19272 -12687 -1542 -3317 END
START 5600 4400 19096 -13160 -1289 -3081 END
START 5864 4352 18800 -13661 -1082 -2851 END
START 5964 4492 18352 -14177 -946 -2600 END
START 6096 4360 18076 -14690 -702 -2328 END
START 6320 4368 17616 -15204 -519 -2070 END
START 6336 4324 17216 -15724 -371 -1830 END
START 6428 4308 16740 -16170 -210 -1547 END
START 6536 4156 16048 -16579 -139 -1331 END
START 6672 4096 15540 -16913 41 -1077 END
START 6752 3992 14880 -17144 192 -865 END
START 6912 3892 14232 -17328 376 -620 END
START 7008 3808 13828 -17464 573 -388 END
START 7008 3860 13340 -17539 823 -134 END
START 7108 3864 12732 -17557 1041 147 END
START 7136 3804 12204 -17560 1265 452 END
START 7164 3796 11764 -17546 1505 800 END
START 7328 3800 11212 -17459 1756 1138 END
START 7280 3720 10728 -17394 1991 1504 END
START 7552 3648 10512 -17270 2169 1843 END
START 7540 3540 9856 -17147 2476 2268 END
START 7500 3536 9556 -17010 2716 2624 END
START 7456 3636 9404 -16887 2946 3084 END
START 7320 3552 8856 -16725 3110 3565 END
START 7220 3408 8740 -16558 3249 4123 END
START 7132 3248 8364 -16388 3399 4653 END
START 7080 3148 8268 -16190 3515 5190 END
START 6900 2948 7852 -15961 3680 5743 END
START 6588 2592 7712 -15738 3748 6238 END
START 6156 2408 7188 -15433 3809 6692 END
START 5760 1972 6752 -15185 3858 7068 END
START 5352 1576 6464 -14850 3887 7386 END
START 4788 1160 6244 -14370 3903 7657 END
START 4280 656 5992 -13962 3900 7830 END
START 3792 152 5892 -13452 3811 7970 END
START 3452 -232 5372 -12925 3755 8033 END
START 2976 -624 4976 -12361 3580 7996 END
START 2640 -828 4548 -11828 3548 7960 END
START 2444 -1120 3928 -11222 3514 7806 END
START 2140 -1440 3576 -10594 3607 7677 END
START 1796 -1692 2896 -9979 3757 7432 END
START 1492 -1932 2304 -9425 3946 7251 END
START 1324 -1996 2072 -8845 4152 7008 END
START 1200 -2328 1532 -8226 4400 6723 END
START 1056 -2444 1436 -7648 4700 6460 END
START 860 -2548 1236 -7049 5017 6246 END
START 596 -2516 1276 -6452 5294 6006 END
START 484 -2644 1220 -5934 5543 5789 END
START 448 -2628 1156 -5385 5725 5602 END
START 392 -2708 1004 -4890 5953 5423 END
START 276 -2816 824 -4401 6178 5219 END
START 192 -2660 784 -3912 6374 5046 END
START 84 -2616 696 -3473 6586 4869 END
START 24 -2656 464 -3076 6786 4717 END
START -24 -2504 340 -2599 7061 4625 END
START -112 -2380 292 -2138 7280 4567 END
START -228 -2244 456 -1620 7472 4519 END
START -392 -2116 348 -1089 7634 4511 END
START -508 -2124 644 -511 7805 4551 END
START -604 -2148 784 100 7860 4571 END
START -616 -2024 940 692 7832 4646 END
START -900 -1888 1304 1304 7713 4749 END
START -1060 -2056 1616 1914 7528 4846 END
START -1228 -2004 1860 2585 7222 4993 END
START -1332 -2056 2156 3169 6926 5117 END
START -1528 -1980 2112 3798 6555 5283 END
START -1596 -2052 2260 4434 6147 5409 END
START -1808 -2172 2304 5087 5710 5540 END
START -2060 -2168 2448 5702 5239 5607 END
START -2256 -2380 2600 6316 4768 5675 END
START -2336 -2472 2332 6945 4326 5627 END
START -2644 -2696 2472 7610 3849 5636 END
START -2948 -2804 2408 8258 3430 5527 END
START -3192 -2940 2556 8962 2960 5387 END
START -3284 -3024 2604 9684 2580 5180 END
START -3316 -3048 2616 10406 2196 4949 END
START -3520 -2896 2764 11193 1813 4721 END
START -3596 -2700 2820 11950 1507 4438 END
START -3696 -2448 2896 12404 1215 4168 END
START -3728 -2172 2940 13165 1048 3888 END
START -3680 -1912 2828 13726 931 3682 END
START -3540 -1672 2904 14258 988 3425 END
START -3396 -1264 2760 14722 1196 3156 END
START -3116 -1076 3136 15184 1533 2941 END
START -3124 -860 3448 15537 1889 2743 END
START -3100 -516 3812 15821 2193 2537 END
START -3096 -112 4160 16038 2449 2338 END
START -3124 132 4412 16227 2674 2157 END
START -3072 420 4780 16312 2892 1928 END
START -3008 608 5260 16421 3075 1776 END
START -3188 828 5860 16503 3222 1597 END
START -3384 932 6284 16622 3301 1456 END
START -3328 1240 6980 16777 3272 1305 END
START -3488 1412 7472 16910 3206 1235 END
START -3620 1592 8036 17137 3030 1069 END
START -3584 1728 8520 17359 2780 966 END
START -3604 1956 8960 17654 2571 855 END
START -3640 2300 9224 17914 2250 755 END
START -3568 2448 9324 18147 1909 697 END
START -3492 2628 9572 18375 1636 670 END
START -3236 2868 9620 18608 1333 635 END
START -3064 3136 10012 18810 1113 665 END
START -2932 3572 9964 19048 923 682 END
START -2772 3852 10428 19274 774 748 END
START -2728 4104 10632 19521 620 795 END
START -2616 4256 10812 19709 472 916 END
START -2660 4616 11252 19920 318 1074 END
START -2468 4852 11548 20075 204 1222 END
START -2400 5072 11840 20242 19 1371 END
START -2552 5328 12012 20388 -147 1563 END
START -2500 5400 12444 20483 -333 1665 END
START -2448 5460 12728 20687 -508 1814 END
START -2460 5404 12992 20873 -712 1927 END
START -2660 5472 13372 21054 -849 2005 END
START -2624 5492 13512 21231 -989 2081 END
START -2716 5592 13648 21427 -1048 2109 END
START -2900 5368 13744 21562 -1097 2165 END
START -3036 5312 14116 21676 -1157 2199 END
START -3220 5136 14316 21742 -1229 2138 END
START -3288 5028 14448 21735 -1155 2118 END
START -3436 5064 14416 21703 -1171 1977 END
START -3636 4896 14444 21610 -1071 1894 END
START -3492 4760 14596 21478 -884 1741 END
START -3500 4644 14724 21353 -719 1656 END
START -3748 4604 14848 21224 -433 1497 END
START -3688 4412 15372 21099 -182 1337 END
START -3724 4380 15372 21022 63 1216 END
START -4004 4320 15824 20854 217 1069 END
START -4088 4212 16100 20722 271 922 END
START -4148 4240 16440 20576 218 792 END
START -4244 3972 16936 20523 130 538 END
START -4216 3928 17348 20433 69 363 END
START -4016 3876 17560 20367 -69 85 END
START -4200 3932 17804 20344 -212 -137 END
START -3864 3988 17932 20314 -414 -360 END
START -3716 4104 18236 20282 -567 -584 END
START -3684 4324 18100 20274 -669 -784 END
START -3448 4448 18312 20225 -781 -962 END
START -3260 4688 18276 20180 -820 -1109 END
START -3140 4948 18248 20095 -769 -1188 END
START -2700 5180 18360 20026 -614 -1302 END
START -2524 5364 18456 19939 -386 -1332 END
START -2352 5604 18560 19863 -60 -1307 END
START -2112 5872 18952 19709 328 -1303 END
START -2060 6136 19312 19511 707 -1253 END
START -1792 6444 19448 19201 1072 -1162 END
START -1520 6804 19884 18821 1462 -1041 END
START -1632 7052 20056 18332 1836 -920 END
START -1604 6972 20480 17828 2262 -734 END
START -1504 7224 20816 17217 2670 -557 END
START -1632 7328 21020 16561 3025 -336 END
START -1736 7224 21592 16044 3390 -89 END
START -2096 7116 21732 15456 3675 162 END
START -2508 6980 22008 14918 4025 410 END
START -2624 6780 22632 14432 4231 623 END
START -3012 6312 22880 13999 4417 837 END
START -3228 5856 23060 13612 4548 971 END
START -3676 5268 23536 13322 4562 1055 END
START -3956 4796 23996 13071 4488 1130 END
START -4276 4188 24612 12847 4292 1151 END
START -4420 3420 25084 12747 3966 1094 END
START -4620 2896 25664 12800 3432 1064 END
START -4488 2528 26060 12728 2816 947 END
START -4428 2008 26108 12830 2164 811 END
START -4304 1940 26212 12857 1509 670 END
START -4248 1752 26204 12962 859 471 END
START -3912 1800 26196 13039 314 281 END
START -3512 1672 26172 13135 -117 158 END
START -3128 1744 25964 13202 -456 97 END
START -2856 1936 26096 13270 -670 -16 END
START -2516 2132 26080 13223 -732 -10 END
START -2320 2392 26404 13124 -877 -66 END
START -1848 2764 26548 12808 -832 -165 END
START -1876 2584 27156 12550 -894 -205 END
START -1720 2648 27856 12159 -994 -153 END
START -1440 3000 28076 12453 -957 -80 END
START -964 3588 27996 12006 -834 -29 END
START -1048 4228 28504 11638 -730 53 END
START -840 4400 28956 10932 -606 213 END
START -496 4636 29104 10220 -444 342 END
START -412 4848 28816 9413 -160 414 END
START -432 4788 28936 8542 164 500 END
START -448 4708 29068 7628 492 596 END
START -508 4492 29432 6801 810 673 END
START -836 4220 29816 5974 1094 793 END
START -816 4104 29788 5170 1331 921 END
START -1000 3928 29968 4469 1499 964 END
START -1372 3700 29856 3710 1601 1041 END
START -1356 3272 29888 3143 1721 1055 END
START -1860 3084 29848 2552 1630 1074 END
START -1800 2680 30188 2183 1490 1057 END
START -1788 2416 30292 1854 1290 983 END
START -2012 2212 30160 1558 1037 945 END
START -1760 2012 30364 1319 866 863 END
START -1880 2052 30276 1109 620 804 END
START -1904 2064 30208 877 392 727 END
START -1828 2048 30072 589 228 661 END
START -1780 2176 30084 250 55 598 END
START -1596 2332 29944 -144 -103 598 END
START -1560 2464 29996 -588 -240 588 END
START -1536 2508 30028 -1039 -291 597 END
START -1580 2560 30088 -1582 -374 608 END
START -1556 2740 29960 -2131 -457 617 END
START -1476 2704 29920 -2662 -484 657 END
START -1344 2860 29560 -3202 -526 662 END
START -1496 3036 29416 -3732 -537 623 END
START -1464 3116 28920 -4391 -553 607 END
START -1516 3412 28428 -5042 -543 567 END
START -1348 3564 28152 -5746 -507 557 END
START -1324 3488 27884 -6366 -481 496 END
START -1428 3468 27484 -6935 -382 483 END
START -1408 3632 27180 -7392 -264 455 END
START -1468 3712 26656 -7874 -226 471 END
START -1468 3536 26636 -8256 -221 451 END
START -1376 3628 26116 -8627 -236 427 END
START -1356 3688 25880 -8980 -214 393 END
START -1328 3836 25488 -9320 -123 397 END
START -1208 3880 25328 -9639 -64 392 END
START -1148 3888 24852 -9960 -24 446 END
START -1056 4160 24812 -10259 -15 485 END
START -1128 4132 24480 -10509 23 568 END
START -1004 4204 24312 -10760 45 672 END
START -904 4188 24068 -10973 86 746 END
START -972 4148 23980 -11112 19 897 END
START -1032 4276 23844 -11307 -70 1020 END
START -1108 4172 23656 -11479 -80 1141 END
START -1332 4140 23536 -11658 -207 1254 END
START -1416 4128 23516 -11840 -337 1371 END
START -1644 3928 23236 -12012 -553 1495 END
START -1780 3732 22960 -12220 -762 1577 END
START -2032 3676 22484 -12406 -969 1643 END
START -2348 3532 22144 -12586 -1142 1675 END
START -2312 3328 21824 -12684 -1259 1619 END
START -2620 3124 21436 -12784 -1317 1609 END
START -2640 2828 21112 -12846 -1370 1560 END
START -2928 2740 20968 -12883 -1422 1469 END
START -3012 2616 20688 -12924 -1474 1387 END
START -3300 2504 20552 -12962 -1546 1320 END
START -3592 2516 20512 -12992 -1597 1179 END
START -3848 2464 20432 -13009 -1708 1060 END
START -4020 2440 20324 -13068 -1866 920 END
START -4108 2400 20188 -13125 -1975 786 END
START -4140 2380 19900 -13177 -2033 635 END
START -4516 2480 19800 -13227 -2090 463 END
START -4596 2464 19788 -13342 -2137 343 END
START -4784 2612 19728 -13465 -2228 208 END
START -4916 2540 19556 -13591 -2245 87 END
START -5020 2640 19716 -13777 -2275 -49 END
START -5328 2716 19548 -13963 -2316 -217 END
START -5424 2580 19408 -14171 -2357 -359 END
START -5604 2696 19372 -14419 -2496 -544 END
START -5780 2676 19220 -14663 -2561 -674 END
START -6000 2844 18952 -14910 -2729 -827 END
START -6100 2752 18756 -15149 -2835 -1008 END
START -6316 2764 18528 -15298 -2918 -1195 END
START -6500 2796 18080 -15443 -2975 -1404 END
START -6596 2660 17868 -15532 -2989 -1636 END
START -6852 2740 17724 -15600 -3020 -1862 END
START -6972 2700 17396 -15656 -3005 -2093 END
START -7132 2752 17296 -15692 -3120 -2331 END
START -7360 2784 16976 -15750 -3234 -2585 END
START -7388 2796 16740 -15794 -3366 -2849 END
START -7492 2724 16460 -15851 -3469 -3123 END
START -7548 2756 16264 -15856 -3577 -3409 END
START -7624 2708 16008 -15857 -3651 -3707 END
START -7636 2788 15784 -15847 -3755 -3980 END
START -7804 2724 15696 -15848 -3850 -4279 END
START -7688 2776 15296 -15830 -3921 -4555 END
START -7676 2784 15156 -15828 -4059 -4866 END
START -7664 2808 14812 -15829 -4177 -5171 END
START -7652 2780 14556 -15834 -4301 -5414 END
START -7584 2772 14084 -15818 -4396 -5729 END
START -7436 2844 13740 -15773 -4452 -6007 END
START -7432 2812 13496 -15718 -4495 -6198 END
START -7528 3012 13160 -15662 -4547 -6403 END
START -7384 2968 12828 -15562 -4581 -6594 END
START -7488 2888 12604 -15464 -4705 -6758 END
START -7392 2752 12388 -15310 -4780 -6975 END
START -7332 2616 12176 -15140 -4902 -7223 END
START -7380 2512 11844 -14943 -5033 -7490 END
START -7244 2464 11472 -14734 -5131 -7763 END
START -6960 2324 11100 -14561 -5171 -8049 END
START -6924 2432 10660 -14347 -5167 -8280 END
START -6916 2416 10396 -14143 -5201 -8518 END
START -6828 2556 9972 -13934 -5161 -8684 END
START -6688 2588 9900 -13741 -5163 -8860 END
START -6580 2476 9596 -13515 -5100 -9031 END
START -6336 2572 9220 -13300 -5012 -9178 END
START -6192 2512 9240 -13056 -4935 -9387 END
START -6020 2580 8932 -12919 -4796 -9513 END
START -6024 2624 8864 -12720 -4782 -9702 END
START -5948 2564 8900 -12566 -4703 -9808 END
START -5920 2632 8640 -12390 -4777 -9989 END
START -5704 2580 8536 -12219 -4768 -10143 END
START -5708 2520 8548 -12009 -4822 -10296 END
START -5572 2520 8416 -11814 -4809 -10415 END
START -5520 2508 8308 -11546 -4856 -10523 END
START -5396 2452 8072 -11273 -4915 -10590 END
START -5368 2472 8048 -11002 -4944 -10682 END
START -5356 2488 7772 -10781 -5068 -10742 END
START -5216 2388 7728 -10459 -5191 -10852 END
START -5264 2364 7564 -10212 -5340 -10949 END
START -5188 2356 7248 -9934 -5439 -11040 END
START -5068 2292 7104 -9552 -5496 -11161 END
START -4924 2112 6792 -9288 -5606 -11247 END
START -4952 2060 6464 -8914 -5625 -11376 END
START -4752 1972 5952 -8544 -5639 -11491 END
START -4708 1864 5948 -8173 -5621 -11675 END
START -4564 1704 5612 -7782 -5592 -11852 END
START -4316 1636 5468 -7408 -5541 -12051 END
START -4252 1540 5168 -7021 -5430 -12270 END
START -3912 1564 4912 -6707 -5277 -12449 END
START -3772 1608 4784 -6344 -5188 -12678 END
START -3412 1772 4596 -6003 -4958 -12806 END
START -3144 1908 4452 -5631 -4767 -13012 END
START -2944 2032 4376 -5333 -4571 -13110 END
START -2640 1988 4384 -4958 -4376 -13224 END
START -2412 2020 4272 -4597 -4155 -13309 END
START -2268 2064 4252 -4280 -3998 -13401 END
START -2080 2112 4144 -3927 -3777 -13513 END
START -1924 2052 4048 -3534 -3590 -13594 END
START -1900 2160 4104 -3112 -3456 -13669 END
START -1704 2104 4296 -2832 -3331 -13750 END
START -1436 2168 4440 -2396 -3237 -13857 END
START -1184 2292 4360 -2028 -3117 -13873 END
START -1136 2380 4484 -1654 -3054 -13905 END
START -888 2400 4492 -1319 -3000 -13904 END
START -660 2500 4228 -972 -2878 -13916 END
START -388 2656 4244 -639 -2710 -13901 END
START -132 2724 4164 -279 -2569 -13861 END
START 176 2736 4024 19 -2383 -13801 END
START 408 2988 4100 347 -2107 -13735 END
START 748 2928 3800 739 -1818 -13641 END
START 1060 2856 3868 1082 -1441 -13512 END
START 1324 3024 3592 1424 -1062 -13397 END
START 1512 3072 3584 1765 -750 -13271 END
START 1588 3032 3744 2116 -418 -13186 END
START 1720 3068 3840 2450 -118 -13044 END
START 1712 3180 3924 2811 87 -12982 END
START 1848 3020 3996 3149 272 -12868 END
START 2080 3212 4052 3587 457 -12831 END
START 2136 3100 4160 4024 603 -12666 END
START 2332 3148 4464 4507 724 -12547 END
START 2408 3204 4800 5014 807 -12433 END
START 2480 3140 5132 5534 763 -12247 END
START 2692 3096 5168 5998 682 -12094 END
START 2868 3292 5500 6503 613 -11960 END
START 2952 3316 5692 6995 520 -11853 END
START 3188 3416 5800 7467 500 -11751 END
START 3444 3488 5784 7945 512 -11631 END
START 3632 3592 5864 8399 557 -11465 END
START 3892 3576 6044 8784 616 -11306 END
START 4028 3632 6248 9170 742 -11146 END
START 4184 3620 6432 9473 812 -11005 END
START 4400 3720 6748 9824 986 -10902 END
START 4756 3788 7004 10123 1144 -10776 END
START 5016 3936 7304 10382 1298 -10678 END
START 5472 4128 7484 10601 1513 -10480 END
START 5684 4424 7908 10832 1686 -10285 END
START 6016 4680 8192 10975 1922 -10033 END
START 6196 5004 8692 11088 2094 -9739 END
START 6456 5248 8972 11186 2280 -9383 END
START 6576 5148 9072 11238 2467 -9020 END
START 6908 5280 9628 11377 2635 -8608 END
START 6932 5212 9936 11391 2783 -8268 END
START 7060 5192 10532 11484 2875 -7885 END
START 7068 5072 10884 11569 2935 -7529 END
START 7132 5084 11416 11816 2921 -7215 END
START 7232 4976 11724 11978 2865 -6926 END
START 7296 4992 12052 12161 2815 -6687 END
START 7392 4976 12188 12141 2785 -6362 END
START 7476 5188 12612 12184 2692 -6068 END
START 7456 5200 12956 12729 2668 -5770 END
START 7548 5440 13436 12766 2623 -5399 END
START 7504 5388 13916 13011 2469 -5044 END
START 7588 5432 14272 13217 2277 -4690 END
START 7592 5496 14652 13358 2078 -4328 END
START 7624 5496 15192 13552 1876 -4030 END
START 7908 5452 15316 13705 1785 -3701 END
START 8040 5536 15648 13905 1651 -3401 END
START 8040 5424 16112 14037 1561 -3102 END
START 8220 5448 16464 14121 1493 -2780 END
START 8228 5680 16884 14137 1403 -2505 END
START 8244 5584 17312 14112 1349 -2212 END
START 8252 5584 17720 14046 1279 -1908 END
START 8412 5660 17956 13927 1282 -1596 END
START 8460 5684 18168 13776 1262 -1286 END
START 8416 5788 18372 13609 1254 -963 END
START 8552 5752 18804 13384 1287 -642 END
START 8588 5824 18976 13189 1403 -290 END
START 8576 5916 19312 12901 1450 70 END
START 8544 6048 19676 12721 1579 384 END
START 8356 6028 20008 12369 1621 769 END
START 8340 6016 20368 12192 1710 1118 END
START 8232 5948 20764 11935 1801 1412 END
START 8096 5904 20916 11501 1876 1718 END
START 8084 5900 21288 11188 1948 2015 END
START 7884 5792 21328 10768 2022 2322 END
START 7964 5840 21616 10368 2096 2652 END
START 7984 5948 21720 9988 2292 2973 END
START 7992 5928 21996 9592 2459 3370 END
START 7940 5980 22196 9155 2722 3716 END
START 7836 5888 22172 8698 2915 4102 END
START 7812 5928 22348 8229 3064 4521 END
START 7588 5936 22688 7726 3215 4930 END
START 7416 5948 22784 7297 3294 5305 END
START 7216 5872 23044 6813 3401 5735 END
START 7116 5684 23232 6359 3424 6136 END
START 6900 5576 23500 5988 3405 6509 END
START 6676 5472 23364 5633 3340 6905 END
START 6500 5372 23576 5303 3285 7281 END
START 6280 5332 23380 5014 3148 7666 END
START 5960 5228 23356 4736 3111 7982 END
START 5836 5048 23224 4483 2931 8367 END
START 5512 4948 23072 4301 2862 8679 END
START 5148 4748 23108 4161 2748 9019 END
START 4828 4648 23068 4046 2620 9325 END
START 4540 4488 23224 3982 2485 9641 END
START 4148 4312 23268 3929 2337 9928 END
START 3868 4196 23380 3878 2112 10194 END
START 3688 4068 23372 3776 1867 10389 END
START 3552 3856 23416 3704 1638 10626 END
START 3208 3760 23276 3558 1382 10820 END
START 3104 3848 23408 3414 1198 11047 END
START 2936 3828 23352 3250 1022 11250 END
START 2748 3692 23136 3042 900 11491 END
START 2608 3620 23100 2815 842 11675 END
START 2444 3556 22860 2620 817 11903 END
START 2268 3540 22520 2353 874 12031 END
START 2080 3440 22388 2119 947 12138 END
START 1788 3432 22196 1808 1089 12283 END
START 1580 3248 22112 1505 1207 12532 END
START 1288 3276 21940 1175 1341 12337 END
START 1168 3204 21888 829 1516 12736 END
START 936 3132 21836 477 1643 12747 END
START 632 2896 21940 115 1763 12875 END
START 320 2924 21740 -160 1885 12798 END
START 80 2880 21728 -466 1941 12804 END
START -424 2904 21828 -722 2025 12852 END
START -812 2748 21916 -962 1942 13281 END
START -1144 2528 21796 -1218 1909 13265 END
START -1308 2432 21708 -1435 1833 13425 END
START -1620 2272 21656 -1589 1736 13512 END
START -2036 2048 21632 -1775 1651 13542 END
START -2320 1896 21500 -1925 1535 13664 END
START -2920 1752 21528 -2109 1340 13744 END
START -3240 1664 21556 -2266 1160 13830 END
START -3508 1516 21648 -2452 847 13918 END
START -3908 1396 21640 -2575 530 14039 END
START -4048 1280 21488 -2756 257 14097 END
START -4196 1176 21592 -2878 -43 14171 END
START -4288 1000 21424 -3016 -282 14188 END
START -4264 1128 21268 -3124 -490 14207 END
START -4412 1176 20988 -3245 -710 14252 END
START -4776 1124 21164 -3374 -992 14284 END
START -5004 1064 20992 -3527 -1284 14328 END
START -5208 1128 20756 -3649 -1619 14359 END
START -5476 1116 20660 -3855 -1971 14372 END
START -5472 1024 20412 -4037 -2355 14317 END
START -5648 996 20252 -4203 -2837 14272 END
START -5828 692 20540 -4281 -3433 14118 END
START -5792 652 20312 -4356 -4059 13969 END
START -5844 608 20260 -4320 -4705 13778 END
START -6032 612 20124 -4236 -5492 13519 END
START -6136 528 19972 -4105 -6320 13410 END
START -6388 536 19464 -3917 -7186 13257 END