START 1704 6620 13852 1050 11820 -6201 END
START 1484 7268 15112 264 12499 -6688 END
START 1324 8068 16740 -514 13042 -7130 END
START 1580 8808 18108 -1230 12950 -7336 END
START 1968 9296 18904 -1929 12402 -7376 END
START 2664 9852 19080 -2512 11911 -7238 END
START 3380 10632 19028 -2939 11507 -6943 END
START 3972 11376 19320 -3186 10984 -6394 END
START 4664 11832 19824 -3314 10427 -5728 END
START 5104 12196 20120 -3408 9679 -4946 END
START 5356 12660 20676 -3498 8730 -4053 END
START 5708 13144 20716 -3570 7683 -3084 END
START 5956 13676 20556 -3615 6641 -2083 END
START 6184 14156 20384 -3648 5610 -982 END
START 6328 14548 20360 -3666 4661 136 END
START 6240 14824 19792 -3710 3723 1337 END
START 6400 15096 19412 -3759 2857 2584 END
START 6320 15132 18812 -3791 2085 3729 END
START 6264 15156 18400 -3857 1379 4961 END
START 5984 14916 17836 -3882 753 6127 END
START 5680 14684 17092 -3917 198 7158 END
START 5352 14420 16524 -3935 -216 8146 END
START 4840 14344 15948 -3912 -582 9014 END
START 4232 13844 15388 -3931 -875 9775 END
START 3260 13416 15060 -3944 -1111 10367 END
START 2416 12840 14540 -3985 -1379 10868 END
START 1608 12136 14024 -4019 -1648 11161 END
START 856 11576 13664 -4026 -1776 11300 END
START -16 10824 13036 -4057 -1926 11268 END
START -528 10224 12496 -4102 -2040 11078 END
START -992 9808 11744 -4178 -2017 10751 END
START -1056 9464 11144 -4244 -1942 10399 END
START -1284 9340 10320 -4327 -1735 9968 END
START -1048 9044 9852 -4510 -1352 9546 END
START -668 8976 9236 -4712 -886 9164 END
START -452 8832 8652 -4904 -303 8817 END
START -364 8812 8256 -5095 332 8525 END
START 8 8944 7728 -5371 1062 8238 END
START -36 9004 7524 -5602 1743 8026 END
START -60 9028 7448 -5877 2455 7794 END
START -248 8988 7564 -6146 3142 7609 END
START -508 8952 7520 -6337 3593 7462 END
START -756 8920 7460 -6475 3949 7308 END
START -1104 8740 7456 -6573 4231 7184 END
START -1328 8592 7372 -6612 4473 7102 END
START -1600 8816 7424 -6699 4582 7011 END
START -1864 8988 7384 -6695 4686 6875 END
START -2100 9028 7236 -6667 4654 6869 END
START -1932 9044 7260 -6558 4510 6967 END
START -2152 9240 7248 -6410 4335 7082 END
START -2272 9484 7336 -6197 3993 7313 END
START -2252 9480 7316 -5920 3519 7552 END
START -2224 9520 7308 -5649 3017 7843 END
START -2212 9560 7236 -5278 2409 8201 END
START -2148 9696 7256 -4903 1805 8605 END
START -2132 9776 6956 -4480 1175 9036 END
START -2216 9856 6992 -4072 550 9482 END
START -2288 9968 6932 -3608 -52 9961 END
START -2208 9960 6540 -3256 -669 10423 END
START -2348 9860 6548 -2817 -1272 10942 END
START -2392 9576 6352 -2433 -1810 11480 END
START -2540 9644 5836 -2032 -2298 11907 END
START -2488 9288 5568 -1627 -2693 12291 END
START -2496 8860 5148 -1210 -2962 12786 END
START -2480 8648 4620 -804 -3121 12998 END
START -2560 8392 4164 -459 -3117 13317 END
START -2768 8116 3704 -104 -2954 13489 END
START -2900 7964 3516 193 -2766 13582 END
START -3044 7720 3196 484 -2461 13686 END
START -3232 7628 3156 713 -2091 13721 END
START -3464 7664 3040 964 -1714 13706 END
START -3788 7592 3344 1152 -1292 13723 END
START -3904 7408 3484 1334 -861 13695 END
START -4240 7128 3856 1444 -461 13654 END
START -4668 6820 3956 1511 -106 13584 END
START -5036 6584 3980 1563 278 13396 END
START -5372 6352 3796 1578 676 13171 END
START -5556 6132 3784 1672 1140 12985 END
START -5852 5900 3612 1783 1716 12607 END
START -6036 5660 3572 1884 2335 12110 END
START -6272 5748 3808 1981 2860 11798 END
START -6536 5640 4328 2082 3241 11398 END
START -6780 5776 4768 2144 3507 11082 END
START -7064 6024 5024 2227 3701 10804 END
START -7160 6212 5212 2304 3857 10614 END
START -7196 6380 5552 2421 3952 10455 END
START -7208 6584 5488 2471 3970 10368 END
START -7232 6644 5572 2569 3973 10327 END
START -7256 6848 5780 2668 3900 10313 END
START -7444 6892 5756 2772 3803 10302 END
START -7352 6960 5800 2972 3662 10330 END
START -7356 6864 5564 3238 3509 10400 END
START -7312 6656 5512 3597 3313 10477 END
START -7224 6576 5384 3997 3022 10613 END
START -7304 6348 5480 4511 2775 10776 END
START -7564 6376 5532 5023 2451 10947 END
START -7560 6420 5548 5622 2044 11222 END
START -7756 6332 5616 6203 1678 11398 END
START -7992 6320 5640 6798 1258 11626 END
START -8108 6128 5640 7398 826 11850 END
START -8356 5992 5948 8048 381 12076 END
START -8564 5880 5796 8694 -70 12264 END
START -8972 5816 6040 9286 -454 12442 END
START -9060 5740 6156 9852 -866 12652 END
START -9336 5680 6384 10442 -1281 12817 END
START -9648 5496 6540 10985 -1685 12878 END
START -10052 5196 6884 11503 -2091 12994 END
START -10432 4976 7016 11924 -2480 13055 END
START -10968 4732 7444 12291 -2825 12851 END
START -11488 4388 7516 12776 -3141 12803 END
START -12016 3932 7700 13093 -3385 12316 END
START -12460 3232 7804 13402 -3522 11877 END
START -12676 2764 7800 13660 -3526 11217 END
START -12476 2492 7936 13831 -3385 10432 END
START -12280 2116 7732 13962 -3080 9572 END
START -11920 2148 7932 13948 -2640 8644 END
START -11496 2344 8128 13881 -2113 7760 END
START -11272 2636 8160 13718 -1503 6908 END
START -10816 2996 8140 13554 -887 6178 END
START -10484 3176 8020 13402 -209 5565 END
START -10056 3648 7996 13312 608 4998 END
START -9672 3816 7944 13245 1462 4559 END
START -9388 4040 8268 13173 2312 4169 END
START -9368 4412 8432 13146 3208 3848 END
START -9284 4960 8948 13003 3965 3616 END
START -9240 5456 9456 12937 4751 3370 END
START -9356 5696 9940 12869 5463 3296 END
START -9656 5812 10576 12793 6011 3233 END
START -9992 5928 11248 12662 6453 3236 END
START -10424 6200 12068 12658 6738 3220 END
START -10872 6428 12584 12718 6884 3228 END
START -11428 6472 13316 12789 6882 3251 END
START -12000 6368 14088 12933 6677 3302 END
START -12540 6172 14796 13088 6247 3395 END
START -12980 6228 15340 13301 5648 3415 END
START -13448 6140 15928 13529 4919 3444 END
START -13788 5996 16436 13798 3995 3445 END
START -14220 5824 16740 14098 2951 3388 END
START -14388 5460 17220 14472 1744 3302 END
START -14536 5056 17744 14927 495 3243 END
START -14460 4632 17808 15480 -827 3120 END
START -14360 4312 17912 16053 -2077 2987 END
START -14028 4004 18156 16699 -3480 2812 END
START -13752 3732 18060 17391 -4786 2612 END
START -13504 3600 17756 17994 -5948 2419 END
START -12940 3384 17488 18612 -6955 2207 END
START -12372 3232 17180 19164 -7671 1940 END
START -11932 3092 16424 19636 -8091 1583 END
START -11452 3312 15980 20015 -8193 1236 END
START -11108 3516 15732 20277 -8110 896 END
START -10796 4024 15420 20463 -7820 554 END
START -10488 4408 15480 20613 -7312 230 END
START -10156 4684 15236 20674 -6588 -76 END
START -10044 4900 15316 20703 -5710 -366 END
START -9984 4956 15532 20678 -4780 -705 END
START -10068 5184 15776 20586 -3746 -1085 END
START -10268 5480 16312 20486 -2680 -1514 END
START -10496 5740 16828 20296 -1734 -1939 END
START -10780 5816 17840 20111 -808 -2352 END
START -10940 6212 18728 19815 -48 -2745 END
START -11312 6588 19676 19488 595 -3090 END
START -11480 6884 20540 19042 1045 -3374 END
START -11740 7000 21300 18576 1430 -3642 END
START -11872 7008 22000 18095 1697 -3874 END
START -11888 6880 22560 17563 1866 -4122 END
START -12168 6644 23328 17009 1869 -4412 END
START -12412 6608 24032 16491 1702 -4718 END
START -12760 6356 24576 15988 1358 -5071 END
START -13280 5936 25340 15500 777 -5471 END
START -13604 5576 25804 15134 -32 -5864 END
START -13716 5340 26292 14849 -960 -6254 END
START -13704 4836 26640 14713 -2039 -6665 END
START -13576 4628 26796 14713 -3265 -7087 END
START -13524 4560 26760 14886 -4601 -7478 END
START -13144 4528 26720 15201 -5897 -7822 END
START -12880 4600 26612 15532 -7230 -8077 END
START -12248 4992 25940 15872 -8376 -8282 END
START -11448 5252 25316 16284 -9378 -8382 END
START -10928 5616 24968 16566 -10175 -8450 END
START -10392 5672 24744 16826 -10845 -8480 END
START -10064 5808 24712 16945 -11326 -8490 END
START -9620 5928 24440 17016 -11628 -8495 END
START -9488 5928 24444 16989 -11796 -8520 END
START -9268 6108 24264 16919 -11768 -8613 END
START -8932 6244 23984 16770 -11620 -8746 END
START -8916 6268 24064 16538 -11244 -8939 END
START -8940 6352 24268 16182 -10814 -9143 END
START -8956 6204 24428 15785 -10332 -9406 END
START -9056 6276 24804 15216 -9815 -9715 END
START -9140 6228 24912 14612 -9300 -10089 END
START -9168 6108 25360 13874 -8701 -10547 END
START -9392 5872 25544 13168 -8168 -11062 END
START -9460 5528 25672 12343 -7661 -11648 END
START -9300 5336 25788 11668 -7141 -12297 END
START -8848 4908 26004 10989 -6678 -13040 END
START -8368 4412 25916 10280 -6136 -13749 END
START -7616 4204 26024 9581 -5589 -14472 END
START -7016 4028 25888 8856 -4913 -15177 END
START -6340 4140 25760 8115 -4203 -15862 END
START -5836 4240 25772 7322 -3427 -16473 END
START -5300 4388 25892 6571 -2748 -17010 END
START -4768 4476 26340 5836 -2119 -17443 END
START -4408 4772 26340 5195 -1587 -17709 END
START -3912 4960 26700 4589 -1155 -17881 END
START -3696 5024 26800 4141 -943 -17949 END
START -3396 5192 27252 3730 -833 -17940 END
START -3228 5244 27608 3432 -939 -17869 END
START -3016 5528 27652 3143 -1165 -17699 END
START -2984 5652 27620 2984 -1461 -17456 END
START -3008 5624 27692 2878 -1876 -17183 END
START -3056 5672 27632 2830 -2426 -16838 END
START -3008 5568 27544 2853 -2961 -16462 END
START -3024 5564 27376 2928 -3570 -16112 END
START -3108 5432 27252 3046 -4203 -15770 END
START -3136 5504 27288 3165 -4818 -15422 END
START -2992 5428 27140 3299 -5447 -15105 END
START -2892 5300 27084 3395 -6033 -14729 END
START -2688 5108 27056 3404 -6540 -14398 END
START -2468 4976 27016 3330 -7033 -14067 END
START -2400 4788 26676 3209 -7363 -13806 END
START -2220 4640 26604 3031 -7602 -13566 END
START -2160 4480 26740 2823 -7770 -13415 END
START -2016 4300 26772 2553 -7885 -13299 END
START -2012 4156 26700 2259 -7975 -13189 END
START -1812 4116 26668 1962 -8036 -13142 END
START -1728 4116 26752 1622 -8029 -13028 END
START -1684 4028 26524 1251 -7927 -13005 END
START -1652 4016 26544 808 -7846 -12922 END
START -1424 3904 26208 345 -7651 -12974 END
START -1196 3784 26000 -131 -7335 -13014 END
START -956 3676 25704 -693 -6878 -13133 END
START -752 3576 25400 -1232 -6283 -13307 END
START -612 3612 25244 -1804 -5709 -13532 END
START -396 3684 25340 -2347 -5027 -13757 END
START -204 3612 25636 -2896 -4399 -14085 END
START 124 3840 25684 -3403 -3846 -14346 END
START 560 4184 25872 -3925 -3296 -14597 END
START 952 4460 26352 -4431 -2828 -14732 END
START 1212 5136 26920 -4978 -2498 -14774 END
START 1408 5696 27272 -5516 -2341 -14715 END
START 1600 6252 27420 -6011 -2337 -14550 END
START 1900 6904 27680 -6435 -2374 -14271 END
START 2240 7400 27732 -6786 -2521 -13917 END
START 2536 7896 27736 -7113 -2664 -13512 END
START 2892 8468 27604 -7325 -2884 -13004 END
START 3104 8860 27744 -7569 -3220 -12384 END
START 3272 9404 27820 -7766 -3537 -11735 END
START 3404 9788 27620 -7928 -3909 -11056 END
START 3696 10144 27628 -8141 -4286 -10367 END
START 3668 10516 27548 -8370 -4652 -9651 END
START 3836 10780 27560 -8631 -5005 -8977 END
START 4048 10880 27444 -8929 -5366 -8311 END
START 4044 10976 27432 -9192 -5728 -7680 END
START 4336 10976 27200 -9462 -6033 -7048 END
START 4460 10996 26928 -9699 -6333 -6511 END
START 4616 11108 26496 -9953 -6477 -5991 END
START 4756 11128 26320 -10251 -6643 -5564 END
START 4984 11120 25992 -10548 -6694 -5078 END
START 5316 11180 25856 -10893 -6723 -4642 END
START 5460 11156 25328 -11292 -6727 -4210 END
START 5824 11048 25108 -11617 -6594 -3781 END
START 5952 10904 24788 -11949 -6399 -3368 END
START 6216 10728 24480 -12322 -6177 -2970 END
START 6424 10504 24256 -12638 -5897 -2628 END
START 6492 10504 23868 -12953 -5608 -2316 END
START 6328 10452 23736 -13302 -5320 -2010 END
START 6044 10368 23500 -13551 -5047 -1710 END
START 5804 10172 23392 -13845 -4818 -1449 END
START 5464 10056 23436 -14117 -4629 -1248 END
START 5276 10012 23332 -14370 -4444 -1041 END
START 5136 9908 23088 -14678 -4267 -870 END
START 4784 9912 22812 -14938 -4066 -740 END
START 4488 10064 22664 -15231 -3915 -609 END
START 4204 10148 22492 -15526 -3824 -461 END
START 3904 10004 22296 -15800 -3804 -363 END
START 3572 9836 21832 -16087 -3816 -176 END
START 3336 9796 21588 -16300 -3933 5 END
START 3164 9756 21316 -16456 -4017 175 END
START 2984 9744 20808 -16585 -4065 349 END
START 2916 9616 20264 -16711 -4170 531 END
START 2756 9456 19756 -16772 -4217 730 END
START 2672 9260 19324 -16881 -4350 893 END
START 2508 9076 18860 -16937 -4467 985 END
START 2448 8964 18292 -16912 -4568 1075 END
START 2344 8744 18096 -16878 -4677 1140 END
START 2476 8700 17636 -16799 -4734 1127 END
START 2680 8656 17124 -16680 -4816 1146 END
START 2732 8676 16904 -16603 -4826 1195 END
START 2876 8792 16432 -16521 -4825 1234 END
START 3052 8732 16060 -16493 -4827 1324 END
START 2936 8752 15656 -16457 -4870 1445 END
START 3072 8916 15304 -16445 -4831 1558 END
START 3148 9028 14896 -16418 -4868 1645 END
START 3204 9144 14448 -16365 -4829 1759 END
START 3180 9300 14000 -16280 -4776 1894 END
START 3408 9460 13604 -16130 -4762 2046 END
START 3588 9676 13296 -15991 -4696 2250 END
START 3836 9908 13024 -15850 -4648 2494 END
START 3876 10056 12676 -15746 -4591 2779 END
START 3912 10280 12480 -15611 -4512 3127 END
START 4140 10332 12196 -15465 -4451 3468 END
START 4000 10500 11708 -15336 -4301 3856 END
START 4096 10600 11592 -15203 -4244 4238 END
START 4036 10592 11348 -15062 -4172 4573 END
START 3808 10504 11056 -14915 -4111 4964 END
START 3780 10540 10916 -14744 -4117 5355 END
START 3428 10588 10952 -14519 -4123 5762 END
START 3224 10532 10672 -14303 -4214 6163 END
START 2916 10388 10652 -14112 -4343 6537 END
START 3028 10276 10512 -13997 -4463 6844 END
START 2728 10364 10368 -13854 -4595 7179 END
START 2712 10496 10112 -13728 -4729 7476 END
START 2668 10524 9788 -13652 -4881 7803 END
START 2600 10600 9508 -13592 -4952 8114 END
START 2740 10580 9204 -13535 -5014 8425 END
START 2732 10396 8640 -13499 -4992 8770 END
START 2812 9968 8188 -13417 -4860 9043 END
START 2744 9844 7764 -13356 -4683 9246 END
START 2492 9688 7500 -13240 -4484 9409 END
START 2236 9560 7352 -13137 -4245 9563 END
START 2128 9516 7420 -13028 -4122 9647 END
START 1720 9352 7480 -12899 -4067 9681 END
START 1536 9096 7436 -12754 -4044 9700 END
START 1560 8880 7208 -12576 -3990 9705 END
START 1660 8740 6928 -12387 -3933 9720 END
START 1588 8884 6796 -12211 -3826 9671 END
START 1768 8960 6344 -12064 -3654 9608 END
START 1832 9104 6084 -11966 -3406 9547 END
START 1972 9300 5676 -11878 -3073 9561 END
START 2108 9408 5416 -11749 -2672 9563 END
START 2192 9324 4968 -11712 -2271 9614 END
START 2208 9460 4800 -11594 -1859 9691 END
START 2148 9332 4596 -11480 -1429 9729 END
START 2076 9424 4284 -11282 -986 9823 END
START 2016 9580 3908 -11005 -523 9866 END
START 1900 9580 3780 -10672 -51 9946 END
START 1808 9756 3692 -10324 400 10005 END
START 1664 9952 3888 -9937 843 10120 END
START 1576 10020 4052 -9592 1199 10241 END
START 1440 10144 4288 -9318 1551 10400 END
START 1432 10288 4632 -9041 1806 10607 END
START 1304 10364 5060 -8838 2008 10789 END
START 1152 10332 5420 -8655 2153 10995 END
START 1060 10232 5916 -8540 2207 11199 END
START 804 10252 6148 -8441 2228 11407 END
START 520 10292 6444 -8348 2153 11631 END
START 480 10364 6548 -8279 2047 11810 END
START 184 10328 6580 -8233 1950 12051 END
START -40 10316 6624 -8204 1794 12203 END
START -316 10276 6652 -8141 1620 12400 END
START -296 10120 6432 -8083 1439 12470 END
START -500 10176 6008 -7952 1267 12806 END
START -616 10108 5968 -7781 1075 12906 END
START -660 10116 5496 -7598 970 13006 END
START -916 10020 5400 -7403 849 13315 END
START -888 9724 5068 -7173 738 13511 END
START -1164 9544 4932 -6981 637 13727 END
START -1392 9400 4504 -6731 568 13902 END
START -1632 9128 4328 -6483 554 14051 END
START -1880 9016 3872 -6224 511 14189 END
START -2144 8800 3684 -5935 530 14275 END
START -2436 8480 3336 -5636 523 14383 END
START -2708 8104 2908 -5338 579 14432 END
START -2888 7868 2456 -4997 635 14460 END
START -3172 7396 2340 -4614 760 14469 END
START -3332 7204 2224 -4213 940 14376 END
START -3672 6964 1780 -3854 1113 14250 END
START -3984 6840 1596 -3507 1364 14100 END
START -4068 6588 1580 -3212 1572 13921 END
START -4228 6164 1440 -2952 1781 13736 END
START -4348 5904 1144 -2662 2025 13544 END
START -4560 5784 1176 -2300 2370 13320 END
START -4760 5472 1056 -1906 2700 13096 END
START -5164 5368 1416 -1578 2985 12992 END
START -5456 5144 1456 -1280 3277 12685 END
START -5808 4996 1556 -1035 3524 12427 END
START -6228 4836 1644 -866 3746 12097 END
START -6444 4752 1732 -679 3930 11790 END
START -6844 4604 1604 -491 4149 11421 END
START -7056 4340 1404 -237 4328 11096 END
START -7708 4328 1620 26 4493 10721 END
START -7912 4068 1380 350 4679 10365 END
START -8360 3952 1552 714 4781 9989 END
START -8488 3784 1704 1109 4872 9572 END
START -8836 3556 2040 1468 4856 9236 END
START -9032 3476 2680 1841 4794 8845 END
START -9016 3428 2752 2171 4641 8512 END
START -9160 3300 2884 2466 4444 8158 END
START -9208 3196 3348 2722 4246 7849 END
START -9204 3120 3588 2944 4071 7591 END
START -8976 3068 3816 3150 3871 7335 END
START -8984 3080 3836 3315 3736 7147 END
START -8836 3148 3768 3490 3643 6981 END
START -8724 3280 3832 3671 3535 6828 END
START -8616 3260 4008 3777 3483 6716 END
START -8632 3208 4192 3880 3458 6590 END
START -8544 3280 4036 3946 3408 6518 END
START -8572 3332 4100 4033 3296 6423 END
START -8640 3412 4160 4134 3317 6439 END
START -8544 3404 3980 4254 3309 6401 END
START -8460 3260 4000 4431 3346 6428 END
START -8464 3252 3824 4591 3352 6446 END
START -8596 3112 3888 4761 3370 6472 END
START -8648 3236 3860 4944 3370 6463 END
START -8852 3208 3772 5146 3433 6446 END
START -8964 3188 3444 5367 3554 6410 END
START -9032 3100 3324 5588 3709 6328 END
START -9160 2908 3276 5899 3864 6261 END
START -9360 2844 3204 6126 4109 6125 END
START -9600 2844 3192 6383 4287 5968 END
START -9588 3004 3500 6616 4481 5798 END
START -9564 3100 3732 6850 4652 5681 END
START -9724 3236 4000 7084 4789 5531 END
START -9868 3456 4328 7273 4817 5392 END
START -9784 3592 4712 7442 4821 5254 END
START -9952 3692 4944 7637 4696 5120 END
START -10024 3980 5240 7843 4593 5063 END
START -9988 4312 5584 8052 4409 5040 END
START -10188 4480 5948 8318 4165 5036 END
START -10232 4412 6276 8604 3846 5006 END
START -10440 4460 6668 8841 3453 4999 END
START -10612 4352 6744 9119 2977 4900 END
START -10768 4352 7188 9385 2481 4805 END
START -10788 4312 7328 9671 1886 4639 END
START -11140 4396 7708 9960 1332 4473 END
START -11148 4508 7600 10255 795 4262 END
START -11104 4736 7640 10620 193 4056 END
START -11004 4760 7468 10951 -288 3847 END
START -10816 4940 7500 11343 -712 3676 END
START -10444 5164 7384 11638 -1039 3488 END
START -10080 5080 7236 11967 -1207 3320 END
START -9668 5252 6960 12206 -1252 3161 END
START -9172 5216 6768 12226 -1073 2990 END
START -8732 5328 6548 12467 -770 2833 END
START -8388 5724 6520 12433 -222 2700 END
START -8352 6180 6428 12493 422 2594 END
START -8464 6636 6524 12514 1145 2496 END
START -8320 6864 6472 12401 1933 2376 END
START -8548 6952 6612 12214 2781 2223 END
START -8704 6964 6980 12032 3642 2022 END
START -8984 7128 7344 12030 4494 1749 END
START -9240 7176 7596 12007 5271 1474 END
START -9532 7344 7792 11964 6030 1165 END
START -9828 7584 8140 11874 6757 804 END
START -10032 7612 8304 11897 7433 522 END
START -10292 7836 8732 11976 8121 220 END
START -10632 8036 9264 11914 8665 -108 END
START -11124 8132 9896 11944 9182 -472 END
START -11620 8348 10784 12060 9515 -838 END
START -12196 8232 11768 12100 9667 -1280 END
START -12656 8000 12496 12161 9656 -1758 END
START -12900 7996 13304 12140 9429 -2242 END
START -13208 8096 14052 12135 9095 -2783 END
START -13280 8300 14748 12212 8654 -3218 END
START -13040 8572 15380 12455 8143 -3576 END
START -13024 8908 15824 12299 7518 -3890 END
START -12876 9152 16044 12424 6866 -4127 END
START -12472 9232 16216 12389 6275 -4283 END
START -12048 9200 16196 12266 5720 -4409 END
START -11656 9080 16276 12399 5236 -4423 END
START -11356 9080 15864 12358 4765 -4479 END
START -10908 9052 15788 12603 4352 -4468 END
START -10676 8988 15740 12754 3959 -4411 END
START -10408 8960 15460 13013 3487 -4297 END
START -10288 9064 15388 13269 3110 -4157 END
START -10020 9104 15276 13585 2736 -4020 END
START -9780 9128 15304 13891 2476 -3832 END
START -9588 9380 15392 14153 2219 -3603 END
START -9760 9608 15496 14382 1990 -3371 END
START -9672 9904 15596 14506 1752 -3207 END
START -9812 9928 15824 14646 1551 -3031 END
START -9692 9852 15688 14745 1375 -2815 END
START -9608 9556 15784 14827 1256 -2636 END
START -9660 9384 15876 14933 1145 -2498 END
START -9856 9104 15624 15108 1138 -2439 END
START -10012 8816 15580 15207 1137 -2495 END
START -10176 8784 15844 15353 1222 -2604 END
START -10472 8796 15924 15496 1291 -2743 END
START -10916 8920 16336 15551 1288 -2928 END
START -11304 8896 16656 15639 1264 -3220 END
START -11632 8588 17004 15661 1196 -3634 END
START -12048 8364 17696 15691 1018 -4144 END
START -12244 8492 17960 15674 836 -4613 END
START -12308 8480 18296 15570 677 -5106 END
START -12212 8464 18364 15359 532 -5696 END
START -12112 8332 18648 15105 488 -6271 END
START -12072 8272 18828 14786 422 -6931 END
START -11784 8264 18808 14439 475 -7613 END
START -11632 8424 18800 14158 556 -8337 END
START -11440 8620 18900 13828 635 -9062 END
START -10944 8792 18996 13534 751 -9756 END
START -10452 8764 19008 13229 826 -10386 END
START -9804 9100 19172 13045 922 -10855 END
START -9484 9284 18872 12906 890 -11248 END
START -9048 9552 18976 12928 796 -11510 END
START -8600 9736 19084 12981 681 -11725 END
START -8212 9992 19320 13100 469 -11817 END
START -7660 10524 19892 13187 224 -11804 END
START -7252 10952 20188 13207 -157 -11686 END
START -6796 11308 20412 13159 -561 -11524 END
START -6280 11620 20608 13028 -1004 -11243 END
START -5756 11552 20984 12891 -1504 -10896 END
START -5504 11620 20840 12732 -2002 -10510 END
START -5140 11656 20612 12658 -2565 -10092 END
START -4676 11488 20092 12657 -3057 -9754 END
START -4380 11452 19888 12818 -3579 -9355 END
START -4232 11308 19664 12954 -3998 -9009 END
START -3980 11380 19348 13208 -4445 -8656 END
START -3844 11212 19164 13485 -4928 -8292 END
START -3492 10952 19084 13773 -5335 -7908 END
START -3420 10572 19280 14047 -5739 -7611 END
START -3328 10248 19520 14248 -6085 -7312 END
START -3252 10240 19540 14363 -6473 -7091 END
START -3092 9964 19708 14368 -6688 -6943 END
START -2740 9776 19500 14254 -6754 -6935 END
START -2348 9724 19368 14060 -6657 -6960 END
START -2136 9668 19228 13778 -6460 -7002 END
START -1936 9800 18936 13450 -6151 -7075 END
START -1716 9856 18928 13146 -5794 -7068 END
START -1308 9480 18700 12814 -5250 -7068 END
START -1004 9272 18968 12443 -4684 -7067 END
START -1044 8908 19028 12191 -4135 -7079 END
START -1180 8624 19452 11843 -3622 -7137 END
START -1176 8424 19748 11389 -3098 -7309 END
START -1340 8196 20448 11009 -2710 -7528 END
START -1352 8164 20876 10608 -2325 -7764 END
START -1424 8040 21200 10248 -2081 -8014 END
START -1524 7992 21608 9892 -1827 -8258 END
START -1268 8108 21832 9555 -1660 -8469 END
START -1208 8132 22376 9208 -1523 -8640 END
START -996 8300 22592 8851 -1410 -8746 END
START -840 8520 22948 8499 -1440 -8794 END
START -708 8524 23252 8183 -1537 -8766 END
START -724 8548 23576 7856 -1778 -8667 END
START -504 8688 23856 7565 -2033 -8501 END
START -284 8680 24000 7316 -2374 -8246 END
START -56 8764 23916 7089 -2700 -7958 END