START -2324 6584 15140 -11756 2693 1321 END
START 8268 3024 3192 -12139 1804 1720 END
START 4836 4028 8764 -11998 2507 2102 END
START 3560 4108 9968 -11803 3649 2442 END
START 3232 4000 9620 -11647 4398 2769 END
START 3348 4076 9024 -11482 4739 3076 END
START 3624 4252 8128 -11289 4890 3298 END
START 3828 4420 7576 -11130 5134 3570 END
START 3892 4448 7400 -10909 5560 3863 END
START 3524 4864 7528 -10668 5997 4156 END
START 3132 5216 7720 -10486 6368 4486 END
START 2792 5364 7792 -10327 6497 4845 END
START 2764 5588 7748 -10146 6619 5241 END
START 2680 5856 7580 -9999 6739 5647 END
START 2480 6016 7596 -9886 6820 6040 END
START 2300 6108 7624 -9774 6853 6438 END
START 2324 6156 7660 -9653 6827 6877 END
START 2364 6100 7568 -9558 6755 7337 END
START 2496 6036 7604 -9389 6676 7834 END
START 2168 5924 7472 -9254 6516 8302 END
START 2136 5884 7460 -9055 6328 8813 END
START 1960 5976 7332 -8800 6146 9325 END
START 1844 5880 7064 -8490 5961 9843 END
START 1732 5840 6832 -8129 5795 10365 END
START 1724 5896 6716 -7736 5613 10884 END
START 1544 5772 6684 -7294 5422 11375 END
START 1324 5644 6364 -6876 5292 11902 END
START 1012 5568 6356 -6419 5076 12399 END
START 524 5564 6516 -5998 4760 12789 END
START 108 5404 6564 -5500 4356 13085 END
START -348 5444 6532 -5006 3841 13640 END
START -844 5180 6656 -4438 3344 13973 END
START -1420 5056 6764 -3862 2715 14252 END
START -1768 4864 6588 -3192 2124 14508 END
START -2196 4536 6540 -2614 1593 14726 END
START -2364 4308 6512 -1998 1057 14845 END
START -2732 4072 6308 -1417 633 14930 END
START -3020 3864 6204 -898 302 14950 END
START -3336 3704 6064 -426 28 14957 END
START -3468 3620 5984 -64 -204 14943 END
START -3432 3504 5948 221 -328 14891 END
START -3660 3380 5904 503 -424 14831 END
START -3788 3244 5628 683 -436 14754 END
START -3884 3204 5540 886 -397 14719 END
START -4152 2984 5348 1014 -331 14616 END
START -4124 2948 5112 1172 -164 14561 END
START -3956 2744 4892 1327 123 14494 END
START -3864 2560 4772 1465 574 14447 END
START -3856 2504 4572 1517 1085 14418 END
START -3712 2588 4480 1526 1648 14379 END
START -3724 2644 4604 1473 2227 14401 END
START -3740 2676 4604 1350 2799 14450 END
START -3868 2684 4768 1212 3273 14516 END
START -3880 2804 4840 1036 3724 14670 END
START -4132 2856 4964 884 4086 14818 END
START -4240 2816 4992 806 4405 15049 END
START -4356 2952 5240 779 4673 15285 END
START -4572 2852 5448 765 4810 15537 END
START -4636 2796 5552 805 4843 15777 END
START -4860 2608 5696 902 4895 16059 END
START -5068 2536 5928 1099 4804 16345 END
START -5272 2248 5904 1339 4711 16666 END
START -5396 2172 6012 1643 4524 16984 END
START -5676 1988 5944 2020 4360 17287 END
START -5816 1836 5988 2398 4094 17553 END
START -5892 1720 5956 2811 3829 17854 END
START -6208 1496 6076 3291 3571 18135 END
START -6460 1380 6192 3735 3323 18425 END
START -6704 1220 6268 4229 3057 18666 END
START -7168 956 6600 4694 2832 18905 END
START -7608 548 6744 5156 2498 19085 END
START -8052 220 6780 5607 2204 19204 END
START -8316 -244 7140 6009 1968 19230 END
START -8784 -756 7316 6447 1800 19205 END
START -9452 -844 7660 6846 1614 19096 END
START -10028 -1240 7868 7249 1491 18975 END
START -10568 -1580 8244 7598 1297 18778 END
START -10932 -2192 8632 7924 1203 18537 END
START -11444 -2608 8560 8230 1193 18234 END
START -11652 -2888 8688 8493 1231 17845 END
START -11972 -3184 8960 8649 1376 17399 END
START -12528 -3352 9224 8769 1519 16860 END
START -12900 -3556 9384 8818 1713 16361 END
START -13356 -3632 9556 8814 1909 15826 END
START -13528 -3752 9976 8765 1981 15329 END
START -13776 -3904 10112 8681 2104 14849 END
START -13948 -3848 10200 8640 2275 14410 END
START -14048 -3820 10260 8604 2449 14024 END
START -14052 -4048 10324 8583 2695 13645 END
START -14116 -4264 10220 8584 2928 13352 END
START -14184 -4452 10752 8678 3224 12770 END
START -14392 -4616 10740 8804 3504 12524 END
START -14436 -4756 10976 8963 3851 12349 END
START -14492 -4812 11384 9156 4191 11863 END
START -14784 -4948 11816 9307 4491 11517 END
START -15040 -4968 12340 9476 4693 11198 END
START -15300 -5104 12956 9586 4881 10885 END
START -15576 -5324 13492 9692 4927 10578 END
START -15908 -5600 14020 9749 4988 10194 END
START -16164 -5724 14728 9795 4916 9791 END
START -16576 -6160 15148 9843 4867 9362 END
START -16672 -6372 15608 9863 4827 8950 END
START -16964 -6748 16184 9898 4738 8494 END
START -17256 -7044 16652 9881 4671 8008 END
START -17436 -7364 17068 9869 4496 7458 END
START -17720 -7592 17368 9804 4345 6868 END
START -18028 -7872 17800 9745 4143 6208 END
START -18404 -8188 18260 9630 3978 5542 END
START -18544 -8296 18452 9550 3709 4843 END
START -18864 -8488 18684 9401 3448 4051 END
START -19172 -8712 19056 9248 3114 3261 END
START -19184 -9108 19296 9133 2792 2462 END
START -19404 -9240 19292 9045 2464 1660 END
START -19380 -9120 19388 8963 2215 815 END
START -19384 -9236 19424 8928 2010 5 END
START -19360 -9312 19724 8812 1850 -804 END
START -19328 -9148 19876 8778 1703 -1610 END
START -19340 -9112 20032 8665 1542 -2390 END
START -19312 -8892 20368 8625 1275 -3144 END
START -19228 -8792 20660 8590 1026 -3860 END
START -19012 -8480 20736 8525 784 -4530 END
START -18776 -8460 20732 8515 655 -5140 END
START -18424 -8244 20772 8445 455 -5737 END
START -18088 -8100 20928 8438 357 -6251 END
START -17672 -7936 21080 8354 279 -6747 END
START -17352 -7680 21212 8171 288 -7215 END
START -16964 -7480 21428 8044 211 -7626 END
START -16640 -7204 21568 7811 269 -8068 END
START -16228 -6956 21816 7653 316 -8400 END
START -15852 -6788 21908 7449 359 -8767 END
START -15548 -6460 22256 7237 475 -9088 END
START -15312 -6152 22480 7013 470 -9413 END
START -15044 -6052 22944 6789 446 -9699 END
START -14708 -5780 23256 6543 389 -9996 END
START -14340 -5484 23184 6319 289 -10317 END
START -13972 -5400 23448 6072 143 -10585 END
START -13736 -5256 23700 5827 7 -10855 END
START -13488 -5180 23920 5643 -215 -11083 END
START -13272 -4976 23948 5454 -409 -11320 END
START -12852 -4912 24024 5263 -634 -11518 END
START -12532 -4760 23988 5058 -766 -11721 END
START -12104 -4564 23712 4911 -812 -11952 END
START -11684 -4480 23716 4674 -777 -12171 END
START -11424 -4336 23596 4382 -668 -12371 END
START -11100 -4176 23632 4092 -530 -12556 END
START -10832 -4064 23856 3711 -399 -12726 END
START -10512 -3796 23784 3369 -285 -12943 END
START -10200 -3636 23684 2994 -129 -13132 END
START -9844 -3436 23820 2664 50 -13276 END
START -9600 -3172 24020 2327 230 -13480 END
START -9224 -2936 24192 2011 375 -13553 END
START -8976 -2752 24548 1613 521 -13715 END
START -8744 -2468 24480 1215 593 -13763 END
START -8332 -2328 24876 741 649 -13832 END
START -8028 -2228 24956 278 608 -13872 END
START -7812 -2060 24932 -204 581 -13878 END
START -7420 -1836 25136 -698 565 -13893 END
START -7072 -1868 24932 -1120 517 -13866 END
START -6640 -1644 24964 -1603 508 -13878 END
START -6296 -1576 24640 -2010 451 -13830 END
START -5832 -1608 24744 -2426 498 -13847 END
START -5448 -1612 24540 -2843 511 -13817 END
START -5176 -1420 24520 -3291 581 -13829 END
START -4952 -1132 24620 -3695 527 -13868 END
START -4976 -736 24644 -4136 351 -13863 END
START -4800 -300 24940 -4482 88 -13804 END
START -4556 92 24628 -4827 -195 -13750 END
START -4240 364 24724 -5105 -626 -13593 END
START -4080 668 24576 -5375 -1041 -13422 END
START -3672 720 24308 -5583 -1450 -13196 END
START -3308 1024 23932 -5750 -1862 -12990 END
START -2964 1064 23712 -5850 -2196 -12748 END
START -2600 1320 23232 -5963 -2514 -12478 END
START -2352 1372 23088 -6121 -2732 -12227 END
START -2032 1624 22916 -6330 -2964 -11999 END
START -1748 1656 22356 -6522 -3145 -11738 END
START -1512 1892 21940 -6784 -3257 -11495 END
START -1216 2108 21764 -7031 -3293 -11230 END
START -1032 2304 21388 -7346 -3299 -11010 END
START -812 2388 21132 -7668 -3273 -10703 END
START -644 2440 20788 -8028 -3132 -10480 END
START -460 2620 20400 -8352 -2981 -10220 END
START -316 2648 20076 -8716 -2762 -9967 END
START -188 2820 19720 -9057 -2519 -9742 END
START -32 2940 19216 -9430 -2193 -9481 END
START 92 2956 18552 -9793 -1872 -9220 END
START -52 3220 18208 -10090 -1548 -8918 END
START 396 3152 17772 -10407 -1208 -8544 END
START 524 3140 17388 -10717 -859 -8320 END
START 568 3216 17044 -10968 -498 -8042 END
START 504 3232 16608 -11220 -172 -7791 END
START 428 3232 16320 -11397 117 -7514 END
START 456 3328 15888 -11550 432 -7244 END
START 244 3244 15492 -11675 646 -6989 END
START 376 3344 15036 -11775 865 -6653 END
START 408 3360 14744 -11874 1089 -6364 END
START 152 3428 14168 -11945 1317 -6103 END
START 184 3412 14000 -11972 1480 -5827 END
START 112 3568 13524 -12037 1600 -5547 END
START 108 3492 13180 -12123 1716 -5237 END
START 20 3620 12608 -12091 1839 -4860 END
START -68 3580 12256 -12097 1946 -4559 END
START -76 3528 11768 -12070 2057 -4140 END
START -140 3416 11336 -12098 2239 -3841 END
START -268 3472 10808 -12030 2372 -3465 END
START -308 3292 10248 -12000 2483 -3155 END
START -216 3184 9784 -11927 2600 -2821 END
START -572 3228 9248 -11806 2763 -2560 END
START -656 3224 8676 -11625 2869 -2271 END
START -1036 3412 8500 -11431 2976 -2037 END
START -1260 3312 8208 -11150 2993 -1788 END
START -1556 3500 7884 -10785 2900 -1554 END
START -1640 3472 7616 -10366 2781 -1348 END
START -1872 3500 7228 -9845 2590 -1139 END
START -2040 3560 7036 -9294 2331 -999 END
START -2228 3564 6772 -8710 2096 -859 END
START -2364 3636 6392 -8042 1821 -761 END
START -2528 3612 6284 -7373 1470 -653 END
START -2564 3796 6140 -6673 1105 -519 END
START -2728 3788 6116 -5960 668 -440 END
START -2728 3768 5892 -5223 225 -350 END
START -2732 3988 5920 -4498 -293 -265 END
START -2604 4116 5640 -3765 -726 -178 END
START -2376 4240 5528 -3106 -1190 -78 END
START -2280 4356 5332 -2429 -1602 38 END
START -2060 4556 5028 -1778 -1962 184 END
START -1740 4660 4828 -1193 -2284 353 END
START -1604 4876 4464 -611 -2480 543 END
START -1500 4856 4488 -115 -2553 784 END
START -1120 5076 3836 328 -2515 1013 END
START -972 5268 3604 722 -2347 1302 END
START -796 5452 3532 1075 -2196 1644 END
START -744 5620 3348 1327 -1954 2003 END
START -580 5764 3224 1524 -1597 2421 END
START -548 5836 3084 1614 -1258 2826 END
START -536 5976 3020 1667 -789 3263 END
START -496 6004 2836 1695 -329 3664 END
START -580 6012 3052 1645 80 4074 END
START -756 6116 2936 1603 430 4407 END
START -900 5932 3176 1585 696 4729 END
START -1120 5948 3264 1605 905 5069 END
START -1168 5748 3376 1686 1070 5364 END
START -1424 5556 3356 1850 1177 5683 END
START -1560 5404 3140 2090 1264 5987 END
START -1816 5308 3380 2365 1334 6282 END
START -2052 5056 3288 2719 1398 6526 END
START -2380 4984 3248 3101 1428 6796 END
START -2712 5004 3172 3491 1425 7005 END
START -2900 4984 3328 3902 1380 7170 END
START -3156 4916 3336 4271 1306 7299 END
START -3388 4876 3424 4629 1271 7398 END
START -3572 4708 3584 4995 1222 7478 END
START -3848 4700 3584 5349 1157 7525 END
START -3988 4728 3648 5647 1081 7623 END
START -4300 4508 3900 6005 1053 7651 END
START -4548 4416 3900 6297 1050 7692 END
START -4564 4484 3928 6603 1145 7734 END
START -4632 4480 3892 6927 1248 7702 END
START -4768 4544 4188 7194 1367 7709 END
START -4980 4548 4080 7434 1490 7740 END
START -4992 4576 4396 7611 1689 7726 END
START -5116 4508 4292 7730 1906 7735 END
START -5012 4592 4372 7813 2231 7760 END
START -5040 4544 4352 7851 2568 7762 END
START -4996 4488 4580 7838 2992 7724 END
START -5120 4740 4912 7818 3321 7684 END
START -5116 4704 5048 7798 3538 7683 END
START -5104 4732 5540 7810 3786 7633 END
START -5260 4600 5996 7812 3893 7667 END
START -5208 4436 6376 7829 3876 7726 END
START -5356 4132 6976 7936 3872 7800 END
START -5436 4064 7296 8040 3692 7832 END
START -5448 4000 7796 8221 3508 7850 END
START -5460 3900 7948 8462 3290 7865 END
START -5416 3864 8204 8657 3027 7856 END
START -5332 3720 8464 8925 2786 7869 END
START -5260 3636 8848 9165 2460 7830 END
START -5380 3544 8968 9376 2191 7804 END
START -5232 3444 9088 9585 1961 7739 END
START -5220 3580 9300 9694 1667 7681 END
START -5160 3660 9364 9811 1410 7679 END
START -4868 3788 9120 9850 1255 7618 END
START -4612 3972 9168 9949 1219 7604 END
START -4412 3920 8920 9957 1331 7627 END
START -4108 3832 8956 9975 1577 7678 END
START -4124 4028 9008 9986 1899 7771 END
START -3888 4180 8896 10013 2392 7853 END
START -3872 4292 8768 10026 3048 8037 END
START -3884 4536 9132 9971 3756 8272 END
START -4080 4872 9388 9937 4437 8522 END
START -4292 5064 9944 9874 5228 8845 END
START -4456 5272 10340 9719 5896 9216 END
START -4708 5300 11148 9541 6517 9605 END
START -4980 5236 11744 9303 7110 10048 END
START -5160 5096 12368 9037 7647 10465 END
START -5624 4920 13028 8769 8125 10938 END
START -6180 4764 13940 8523 8390 11433 END
START -7024 4360 14776 8302 8512 11889 END
START -7732 4192 15996 8217 8344 12348 END
START -8456 3804 16900 8136 7916 12658 END
START -9064 3256 17400 8149 7255 12894 END
START -9500 2948 17716 8161 6545 12904 END
START -10148 2496 18116 8170 5670 13302 END
START -10596 1900 18284 8220 4691 13256 END
START -10796 1384 17944 8249 3738 12794 END
START -11472 780 18352 8407 2808 12626 END
START -11980 348 18384 8644 1889 12534 END
START -12352 4 18488 8873 930 11952 END
START -12752 -240 18148 9135 87 11484 END
START -13124 -432 18020 9411 -706 10883 END
START -13268 -340 17500 9644 -1405 10167 END
START -13052 -400 17080 9877 -1938 9438 END
START -12708 -164 16456 10065 -2193 8758 END
START -12200 -120 16020 10102 -2135 8093 END
START -11892 140 15372 10065 -1816 7573 END
START -11532 160 15604 10022 -1284 7239 END
START -11368 576 15564 10053 -684 7074 END
START -11412 1056 15812 10056 -45 7007 END
START -11120 1404 15976 10014 476 6997 END
START -10952 1816 16528 9863 1052 6990 END
START -10624 1936 16688 9659 1506 7018 END
START -10348 1976 17096 9366 1979 7057 END
START -9980 1920 16812 9036 2393 7088 END
START -9648 1892 17124 8726 2790 7172 END
START -9208 1796 17316 8411 3193 7223 END
START -9076 1768 18012 8070 3665 7251 END
START -8980 1560 18364 7742 4022 7290 END
START -9032 1488 18864 7532 4134 7332 END
START -9268 1396 19404 7312 3978 7341 END
START -9412 1232 20008 7137 3598 7414 END
START -9432 1272 20660 7049 3023 7487 END
START -9732 1120 20972 6965 2332 7588 END
START -9940 1160 21536 7001 1499 7683 END
START -10244 1160 21576 7037 653 7729 END
START -10332 876 21920 7163 -230 7760 END
START -10260 736 21352 7328 -960 7757 END
START -10220 708 21200 7469 -1622 7737 END
START -10232 628 20716 7628 -2136 7692 END
START -10200 656 20636 7766 -2615 7635 END
START -10188 764 20312 7774 -2967 7541 END
START -10176 688 19812 7778 -3170 7434 END
START -10136 712 19600 7696 -3325 7352 END
START -10180 768 19196 7594 -3250 7228 END
START -10216 756 18812 7375 -3086 7087 END
START -10020 768 18348 7157 -2738 6858 END
START -10016 872 17912 6917 -2248 6610 END
START -9884 720 17440 6604 -1652 6377 END
START -9640 644 17104 6315 -923 6076 END
START -9428 532 16848 6044 -137 5910 END
START -9140 332 16592 5683 820 5698 END
START -9036 208 16692 5413 1787 5602 END
START -9048 184 17056 5129 2780 5481 END
START -9384 204 17572 4779 3667 5430 END
START -9476 344 17888 4418 4344 5361 END
START -9748 380 18496 4019 4824 5344 END
START -10032 500 19068 3614 5173 5293 END
START -10428 664 19404 3290 5329 5236 END
START -10492 616 19812 3026 5277 5213 END
START -10676 632 19936 2813 5090 5145 END
START -10648 368 20296 2733 4777 5112 END
START -10672 424 20612 2712 4299 5027 END
START -10868 136 20848 2823 3760 5020 END
START -10916 40 20936 2948 3043 5002 END
START -10916 -80 20976 3142 2322 5027 END
START -10868 -232 20692 3304 1646 5036 END
START -10844 -388 20768 3494 966 5070 END
START -10780 -424 20508 3674 350 5077 END
START -10780 -488 20024 3885 -154 5066 END
START -10556 -620 19880 3986 -522 5010 END
START -10524 -700 19512 4105 -823 4981 END
START -10552 -768 19352 4158 -983 4877 END
START -10624 -888 19400 4159 -1053 4811 END
START -10656 -920 19380 4144 -1095 4690 END
START -10840 -1076 19332 4057 -1102 4567 END
START -11068 -1160 19696 3975 -1132 4435 END
START -11200 -1376 20028 3821 -1161 4275 END
START -11568 -1440 20212 3683 -1266 4105 END
START -11604 -1484 20320 3523 -1217 3849 END
START -11536 -1648 20496 3312 -1173 3596 END
START -11612 -1768 20708 3047 -1027 3329 END
START -11792 -1988 20804 2742 -835 3018 END
START -11920 -1968 21192 2406 -729 2802 END
START -12096 -1988 21452 2005 -490 2447 END
START -12264 -2136 21764 1614 -283 2193 END
START -12364 -2004 22076 1162 -101 1927 END
START -12456 -1952 22336 620 102 1622 END
START -12568 -1796 22304 141 288 1417 END
START -12628 -1816 22400 -356 392 1125 END
START -12744 -1680 22328 -888 496 883 END
START -12848 -1700 22448 -1333 498 615 END
START -12788 -1716 22644 -1759 433 362 END
START -13004 -1684 22620 -2053 329 79 END
START -12984 -1780 22496 -2306 142 -156 END
START -13000 -1736 22592 -2471 -74 -397 END
START -12884 -1752 22288 -2548 -323 -578 END
START -12944 -1816 22188 -2633 -616 -852 END
START -12944 -1872 21912 -2623 -901 -1021 END
START -12864 -1828 21864 -2604 -1171 -1251 END
START -12852 -1868 21760 -2654 -1395 -1424 END
START -12768 -1896 21544 -2664 -1595 -1636 END
START -12788 -1896 21340 -2743 -1716 -1861 END
START -12820 -1972 21076 -2803 -1846 -2073 END
START -12732 -1956 21112 -2930 -1970 -2390 END
START -12860 -2052 20868 -3059 -2022 -2667 END
START -12900 -2236 20820 -3177 -2055 -2955 END
START -12940 -2444 21072 -3259 -2162 -3306 END
START -13044 -2484 21108 -3358 -2233 -3659 END
START -13284 -2532 21212 -3437 -2263 -4040 END
START -13568 -2696 21364 -3508 -2345 -4411 END
START -13984 -2792 21528 -3546 -2381 -4784 END
START -14184 -2924 21688 -3637 -2469 -5208 END
START -14508 -2972 21928 -3729 -2614 -5704 END
START -14576 -2876 21960 -3814 -2733 -6139 END
START -14624 -2836 22096 -3958 -2890 -6665 END
START -14840 -2660 22288 -4104 -3103 -7178 END
START -14924 -2568 22532 -4276 -3471 -7695 END
START -15192 -2472 22744 -4464 -3884 -8201 END
START -15168 -2380 22652 -4624 -4413 -8700 END
START -15208 -2244 22696 -4790 -4964 -9191 END
START -15324 -2324 22420 -4885 -5586 -9716 END
START -15328 -2300 22132 -4952 -6159 -10191 END
START -15256 -2188 21780 -5004 -6735 -10679 END
START -15164 -2208 21508 -4980 -7253 -11168 END
START -15188 -1936 21048 -4927 -7888 -11676 END
START -15168 -1700 20776 -4871 -8455 -12183 END
START -15000 -1376 20104 -4791 -9085 -12687 END
START -14748 -852 19504 -4734 -9711 -13231 END
START -14544 -468 19176 -4652 -10300 -13684 END
START -14336 24 18544 -4628 -10879 -14120 END
START -14052 340 18184 -4603 -11457 -14484 END
START -13644 800 17452 -4625 -11992 -14823 END
START -13288 1264 16744 -4667 -12395 -15075 END
START -12868 1560 15992 -4685 -12692 -15303 END
START -12340 1760 15096 -4787 -12837 -15502 END
START -11744 1840 14368 -4825 -12945 -15710 END
START -11280 1944 13796 -4949 -12850 -15929 END
START -10736 2112 12736 -5068 -12644 -16211 END
START -10036 2276 12260 -5183 -12447 -16462 END
START -9680 2672 11664 -5236 -12109 -16729 END
START -9352 2988 11252 -5222 -11829 -16898 END
START -9164 3372 10740 -5136 -11616 -17059 END
START -9032 3848 10632 -4976 -11540 -17174 END
START -8792 4120 10468 -4758 -11620 -17286 END
START -8644 4284 10176 -4387 -11707 -17360 END
START -8532 4340 10016 -3953 -11907 -17464 END
START -8448 4576 9560 -3462 -12118 -17621 END
START -8208 4768 9220 -2950 -12412 -17764 END
START -7860 4868 8724 -2420 -12652 -17988 END
START -7560 5152 8252 -1922 -12919 -18221 END
START -6992 5352 7700 -1408 -13121 -18471 END
START -6488 5612 7244 -941 -13230 -18673 END
START -5808 6012 6512 -477 -13228 -18887 END
START -5180 6476 6240 -39 -13087 -18974 END
START -4576 6872 5520 368 -12740 -19072 END
START -3664 7512 4988 704 -12208 -19067 END
START -2776 8256 4476 950 -11516 -18965 END
START -2272 8720 4496 1077 -10689 -18803 END
START -1284 9416 4288 1045 -9689 -18580 END
START -300 10048 4060 909 -8568 -18204 END
START 792 10552 3792 619 -7375 -17714 END
START 1716 10968 4120 273 -6138 -17093 END
START 2552 11308 4588 -73 -4871 -16314 END
START 3148 11544 4648 -326 -3666 -15456 END
START 3548 11704 5232 -594 -2497 -14343 END
START 3880 11868 5712 -778 -1487 -13248 END
START 3896 11980 6240 -962 -634 -12053 END
START 4004 11992 6988 -1063 46 -10895 END
START 3976 11936 7500 -1157 519 -9768 END
START 3936 11696 8148 -1232 844 -8571 END
START 3840 11360 8756 -1308 1035 -7491 END
START 3452 10948 9292 -1352 1083 -6438 END
START 3140 10528 9596 -1429 987 -5404 END
START 2912 10260 9896 -1491 774 -4555 END
START 2456 9816 9844 -1498 567 -3725 END
START 2012 9408 9804 -1532 406 -3037 END
START 1512 8888 9756 -1519 271 -2399 END
START 936 8476 9496 -1470 258 -1858 END
START 360 8164 9540 -1461 201 -1431 END
START -176 7788 9308 -1354 293 -1105 END
START -652 7620 9272 -1271 362 -855 END
START -1156 7140 9316 -1197 556 -692 END
START -1752 6708 9324 -1127 812 -605 END
START -2328 6244 9480 -1084 1026 -609 END
START -3060 5824 9528 -1023 1332 -687 END
START -3656 5444 9564 -959 1574 -839 END
START -4364 5112 9820 -885 1822 -1100 END
START -4696 4832 9944 -799 2088 -1446 END
START -5264 4640 10400 -758 2244 -1818 END
START -5640 4424 10776 -711 2301 -2280 END
START -5872 4464 11332 -655 2206 -2766 END
START -6036 4492 11696 -608 1991 -3223 END
START -5780 4572 11992 -572 1748 -3622 END
START -5448 4772 11980 -496 1463 -3988 END
START -4832 4852 12016 -424 1203 -4205 END
START -4084 4860 11920 -322 955 -4328 END
START -3496 4920 11612 -263 846 -4299 END
START -3056 5064 11488 -200 841 -4239 END
START -2340 5372 11112 -198 913 -4003 END
START -1924 5624 11032 -272 1024 -3775 END
START -1416 5984 10792 -389 1202 -3426 END
START -1244 6072 10940 -490 1329 -3036 END
START -976 6164 11120 -620 1530 -2545 END
START -944 6252 11144 -739 1578 -2057 END
START -888 6196 11240 -843 1643 -1493 END
START -872 6132 11544 -944 1591 -920 END
START -1088 6204 11500 -964 1555 -383 END
START -1240 5840 11584 -992 1442 160 END
START -1444 5580 11592 -1016 1322 661 END
START -1528 5360 11688 -946 1210 1133 END
START -1860 5220 11740 -880 1071 1565 END
START -1980 4896 11724 -831 944 1939 END
START -2348 4752 11956 -743 795 2261 END
START -2808 4600 12056 -646 591 2546 END
START -3320 4400 12332 -546 321 2769 END
START -3564 4260 12572 -381 -68 2989 END
START -4056 4028 12744 -241 -418 3127 END
START -4448 3864 12764 -113 -878 3199 END
START -4780 3788 12488 5 -1310 3265 END
START -5012 3376 12672 143 -1688 3212 END
START -5136 3168 12640 293 -2003 3159 END
START -5348 2856 12396 426 -2218 3009 END
START -5408 2632 12340 532 -2369 2863 END
START -5472 2376 12184 615 -2471 2665 END
START -5592 2308 11944 706 -2459 2431 END
START -5680 2052 11964 723 -2403 2237 END
START -5616 1824 11844 760 -2252 2002 END
START -5608 1660 11664 826 -2020 1799 END
START -5288 1536 11796 806 -1811 1565 END