START -3712 2352 11416 450 -1135 3169 END
START -2372 3432 5368 391 -2389 3704 END
START -948 1280 6180 405 -1213 4212 END
START -2220 1756 7364 472 -140 4613 END
START -3656 1540 8200 467 563 4887 END
START -4192 948 8536 454 1055 5047 END
START -4512 316 8688 460 1446 4993 END
START -4888 -748 8708 516 1983 4792 END
START -5028 -1668 8868 630 2515 4419 END
START -5376 -2272 9064 836 3118 3827 END
START -5744 -2680 9236 1078 3640 3093 END
START -6324 -3088 9468 1366 4061 2178 END
START -7016 -3080 10048 1675 4349 1267 END
START -7388 -3076 10376 1984 4631 273 END
START -7728 -3020 10584 2299 4845 -721 END
START -7620 -3000 11024 2543 5138 -1729 END
START -7656 -2656 11280 2761 5365 -2716 END
START -7416 -2184 11568 2899 5673 -3697 END
START -7008 -1776 12132 2949 6009 -4570 END
START -6568 -1080 12648 2895 6322 -5381 END
START -6124 -340 13352 2737 6712 -6005 END
START -5488 412 14144 2436 6931 -6524 END
START -4660 1252 15088 2115 7103 -6836 END
START -4172 1852 16216 1686 7225 -6938 END
START -3576 2560 16944 1219 7193 -6898 END
START -3056 3184 17852 698 6914 -6637 END
START -2700 3588 18576 220 6645 -6250 END
START -2240 3796 19092 -272 6239 -5736 END
START -1980 3864 19000 -645 5825 -5174 END
START -1836 4128 19164 -972 5368 -4508 END
START -1876 4348 19524 -1258 4781 -3793 END
START -1800 4424 19400 -1426 4115 -3054 END
START -1904 4388 19452 -1489 3416 -2255 END
START -2076 4184 19556 -1484 2604 -1495 END
START -2216 4120 19216 -1376 1811 -819 END
START -2112 3864 18856 -1165 1032 -183 END
START -1904 3380 18716 -912 375 445 END
START -1864 3124 18400 -631 -230 927 END
START -1828 2852 18008 -324 -793 1440 END
START -1744 2632 18028 8 -1359 1872 END
START -1852 2472 17988 284 -1943 2247 END
START -2084 2180 17888 577 -2488 2536 END
START -2312 2076 17764 825 -3023 2780 END
START -2348 1672 17852 1026 -3517 2965 END
START -2256 1316 17760 1203 -3883 3065 END
START -2352 1136 17488 1282 -4198 3095 END
START -2320 1104 17168 1350 -4411 3003 END
START -2332 812 16772 1342 -4539 2872 END
START -2320 712 16608 1315 -4560 2621 END
START -2264 696 16408 1205 -4513 2418 END
START -2208 820 16276 1104 -4376 2126 END
START -2188 884 15992 923 -4115 1804 END
START -1964 1108 15732 707 -3855 1486 END
START -1692 1260 15312 375 -3447 1173 END
START -1248 1596 14912 44 -2881 905 END
START -916 1724 14640 -355 -2212 679 END
START -448 1908 14500 -782 -1535 438 END
START -276 1928 14428 -1261 -831 266 END
START 40 2192 14368 -1756 -191 161 END
START 188 2376 14456 -2252 420 84 END
START 332 2424 14456 -2699 991 64 END
START 472 2516 14728 -3090 1393 35 END
START 504 2720 14604 -3482 1787 67 END
START 736 2844 14580 -3881 2107 156 END
START 1032 2944 14596 -4254 2459 259 END
START 1136 3064 14208 -4644 2743 374 END
START 1176 3220 14160 -5006 3010 571 END
START 1208 3368 14208 -5299 3163 790 END
START 1132 3388 14176 -5549 3204 1074 END
START 1204 3412 14228 -5764 3107 1411 END
START 1088 3512 14060 -5904 2961 1763 END
START 1088 3760 13812 -5971 2767 2181 END
START 1144 3596 13492 -5956 2596 2603 END
START 1228 3468 13156 -5929 2319 3038 END
START 1128 3552 12652 -5852 2103 3462 END
START 1072 3576 12156 -5765 1805 3920 END
START 1020 3452 11524 -5620 1593 4332 END
START 1072 3424 11060 -5414 1422 4716 END
START 1036 3232 10600 -5169 1259 5157 END
START 1028 3180 10084 -4886 1180 5510 END
START 1012 3068 9628 -4614 1081 5904 END
START 928 3016 9304 -4328 1025 6275 END
START 860 2948 9048 -4024 1004 6600 END
START 724 3020 8648 -3749 978 6965 END
START 812 2844 8308 -3481 1036 7278 END
START 572 2908 8036 -3235 1117 7549 END
START 468 2856 7428 -3004 1170 7799 END
START 368 2768 7332 -2801 1307 8034 END
START 164 2844 6876 -2573 1450 8186 END
START -116 2768 6700 -2375 1587 8367 END
START -624 2776 6452 -2153 1742 8487 END
START -1112 2516 6360 -1872 1914 8557 END
START -1588 2348 6108 -1554 2019 8622 END
START -2064 1880 5996 -1188 2128 8546 END
START -2236 1504 5720 -822 2257 8405 END
START -2384 1332 5752 -489 2444 8190 END
START -2564 1328 5288 -206 2679 7887 END
START -2576 1360 5172 -35 2961 7575 END
START -2832 1456 4972 151 3269 7181 END
START -2876 1580 5016 203 3552 6885 END
START -2956 1740 4928 248 3907 6600 END
START -3084 1968 4840 310 4302 6359 END
START -3168 2112 4728 357 4701 6119 END
START -3368 2140 4760 409 5057 5920 END
START -3268 2256 4924 452 5312 5739 END
START -3356 2476 4960 512 5548 5570 END
START -3512 2604 5276 556 5680 5473 END
START -3624 2776 5392 668 5737 5396 END
START -3704 3004 5636 784 5644 5419 END
START -3748 3244 5804 1009 5542 5496 END
START -3832 3380 5944 1200 5333 5580 END
START -3992 3688 5992 1469 5066 5779 END
START -3896 3916 6100 1754 4706 5978 END
START -3908 4152 6244 2053 4252 6280 END
START -4104 4176 6192 2410 3754 6561 END
START -4176 4304 6100 2804 3165 6869 END
START -4280 4164 6164 3265 2545 7202 END
START -4232 4056 6024 3850 1857 7456 END
START -4164 4192 5884 4431 1287 7715 END
START -4352 4204 5928 5050 619 7938 END
START -4384 4280 5784 5673 29 8212 END
START -4248 4096 5904 6336 -621 8459 END
START -4264 4156 5668 6988 -1198 8756 END
START -4380 4172 5540 7604 -1802 9022 END
START -4316 4032 5148 8216 -2208 9314 END
START -4240 4124 4864 8736 -2508 9527 END
START -4348 3888 4736 9313 -2622 9673 END
START -4320 3560 4220 9814 -2670 9802 END
START -4428 3620 4304 10285 -2556 9875 END
START -4660 3512 4312 10638 -2334 9892 END
START -4872 3376 4520 10876 -2129 9774 END
START -5288 3428 4464 11044 -1863 9660 END
START -5440 3400 4572 11155 -1532 9527 END
START -5800 3312 4840 11275 -1256 9291 END
START -6084 3272 4904 11299 -848 9029 END
START -6352 3340 5004 11412 -478 8762 END
START -6608 3268 5312 11588 -82 8468 END
START -6844 3304 5544 11663 277 8167 END
START -7368 3632 5908 11634 649 7835 END
START -7740 3804 6296 11909 864 7561 END
START -8216 4124 6764 11876 1033 7320 END
START -8460 4384 7192 12140 1134 7062 END
START -8792 4520 7512 12135 1164 6812 END
START -9016 4420 8176 12128 1220 6630 END
START -8980 4456 8480 12147 1244 6437 END
START -8984 4536 8900 12630 1282 6267 END
START -9000 4584 9160 12377 1270 6123 END
START -9084 4780 9792 12459 1185 5963 END
START -9084 4856 10112 12460 1103 5877 END
START -9152 5048 10592 12428 942 5782 END
START -9120 5204 11100 12578 732 5765 END
START -9228 5224 11492 12184 451 5766 END
START -9140 5184 11820 12511 167 5773 END
START -9144 5048 12064 12439 -189 5765 END
START -9140 5128 12192 12513 -553 5759 END
START -9084 5000 12448 12785 -948 5746 END
START -9064 5052 12512 12962 -1288 5697 END
START -9220 4988 12328 13246 -1632 5664 END
START -9368 4996 12344 13544 -1897 5676 END
START -9532 5168 12416 13818 -2180 5695 END
START -9692 5100 12520 14104 -2399 5687 END
START -10000 4992 12664 14388 -2570 5701 END
START -10224 4840 12752 14635 -2742 5596 END
START -10444 4836 12840 14875 -2799 5503 END
START -10732 4892 13240 15054 -2865 5330 END
START -11116 4776 13388 15279 -2950 5127 END
START -11592 4756 13724 15419 -3027 4857 END
START -11900 4600 13856 15588 -3057 4588 END
START -12212 4676 14088 15770 -3040 4259 END
START -12436 4708 14096 15938 -2995 3912 END
START -12788 4536 14612 16125 -2888 3570 END
START -13012 4592 14664 16299 -2824 3200 END
START -13136 4464 15044 16453 -2724 2784 END
START -13148 4468 15328 16605 -2548 2404 END
START -13104 4484 15808 16687 -2342 1988 END
START -13088 4600 16192 16696 -2088 1605 END
START -13276 4708 16948 16621 -1879 1195 END
START -13452 4716 17360 16440 -1694 870 END
START -13528 4704 18132 16263 -1647 563 END
START -13748 4496 18636 16028 -1528 187 END
START -13824 4512 19284 15798 -1480 -203 END
START -13860 4476 19692 15493 -1480 -620 END
START -13960 4380 20204 15192 -1458 -1045 END
START -13896 4588 20632 14857 -1463 -1433 END
START -13908 4784 20888 14454 -1459 -1821 END
START -13944 4908 21276 14024 -1549 -2125 END
START -13900 4976 21452 13534 -1620 -2386 END
START -14088 5244 21780 13098 -1744 -2598 END
START -14032 5168 21852 12676 -1838 -2804 END
START -14200 5196 22048 12429 -2018 -3007 END
START -14368 5288 21904 11967 -2183 -3205 END
START -14504 5360 21848 12005 -2299 -3387 END
START -14504 5436 22128 11942 -2479 -3576 END
START -14688 5468 22244 11588 -2678 -3681 END
START -14812 5532 22556 11804 -2968 -3801 END
START -14944 5656 22496 11824 -3315 -3901 END
START -14912 5644 22640 11609 -3694 -4062 END
START -14984 5512 22644 11800 -4123 -4245 END
START -14848 5320 22780 11866 -4557 -4423 END
START -14660 5364 22540 11661 -4930 -4651 END
START -14404 5140 22388 12005 -5186 -4953 END
START -14176 5292 22012 11858 -5383 -5291 END
START -14052 5292 22184 11834 -5542 -5477 END
START -13832 5248 22232 11562 -5592 -5662 END
START -13652 5348 22156 11725 -5649 -5812 END
START -13272 5348 22184 11726 -5604 -6082 END
START -12888 5172 22212 11665 -5525 -6310 END
START -12656 5120 22144 11480 -5454 -6601 END
START -12324 5160 22208 11258 -5283 -6895 END
START -12012 5264 22224 11028 -5112 -7158 END
START -11640 5428 22540 10772 -4888 -7412 END
START -11428 5420 22620 10459 -4712 -7558 END
START -11200 5452 22752 10144 -4445 -7714 END
START -10940 5356 22992 9848 -4247 -7851 END
START -10744 5220 23004 9528 -4013 -7967 END
START -10700 5028 23500 9223 -3899 -8110 END
START -10516 5124 23556 8951 -3709 -8240 END
START -10376 5120 23724 8666 -3618 -8382 END
START -10208 5092 23880 8360 -3437 -8512 END
START -10108 5260 23952 8050 -3258 -8616 END
START -9984 5212 24060 7704 -3023 -8751 END
START -9784 5264 24352 7300 -2816 -8870 END
START -9672 5040 24424 6907 -2624 -8981 END
START -9500 4948 24504 6426 -2459 -9123 END
START -9316 5016 24800 5908 -2291 -9260 END
START -9188 5048 24768 5439 -2079 -9404 END
START -9096 4920 25068 4950 -1926 -9519 END
START -9072 5032 25140 4472 -1794 -9637 END
START -8892 5028 25400 4026 -1759 -9767 END
START -8660 5048 25580 3612 -1684 -9865 END
START -8332 4996 25608 3227 -1639 -9998 END
START -8012 5060 25760 2860 -1624 -10081 END
START -7716 5248 25968 2515 -1603 -10148 END
START -7272 5556 26000 2184 -1559 -10160 END
START -6932 5764 26080 1848 -1577 -10142 END
START -6604 5936 26188 1496 -1526 -10092 END
START -6300 6156 26356 1163 -1566 -9961 END
START -5924 6312 26656 917 -1590 -9884 END
START -5732 6584 26808 641 -1625 -9740 END
START -5344 6704 27176 394 -1715 -9602 END
START -5228 6836 27128 153 -1750 -9440 END
START -4940 6836 27564 -122 -1798 -9282 END
START -4772 7044 27492 -422 -1846 -9115 END
START -4476 7192 27480 -777 -1884 -8951 END
START -4196 7364 27640 -1116 -1891 -8811 END
START -3960 7548 27584 -1556 -1894 -8597 END
START -3824 7776 27380 -1963 -1843 -8448 END
START -3616 7984 27488 -2419 -1772 -8233 END
START -3576 7944 27360 -2895 -1626 -8026 END
START -3332 8028 27152 -3385 -1495 -7859 END
START -3192 7992 26972 -3886 -1242 -7633 END
START -3236 8036 26684 -4422 -1053 -7500 END
START -3192 7980 26800 -4902 -843 -7415 END
START -3336 7764 26888 -5372 -659 -7292 END
START -3436 7480 26884 -5803 -508 -7246 END
START -3536 7508 26900 -6211 -429 -7198 END
START -3652 7416 26848 -6599 -376 -7169 END
START -3840 7280 26952 -6951 -403 -7158 END
START -3732 7156 27036 -7276 -451 -7118 END
START -3724 7028 26676 -7635 -515 -7121 END
START -3556 6868 26608 -7949 -598 -7078 END
START -3404 6860 26636 -8293 -629 -7080 END
START -3340 6904 26616 -8634 -652 -7064 END
START -3304 6780 26376 -9002 -711 -7048 END
START -2972 6672 26344 -9336 -688 -7016 END
START -3044 6624 26144 -9700 -713 -7005 END
START -2872 6516 26012 -10057 -629 -6956 END
START -2880 6548 26000 -10406 -586 -6887 END
START -2812 6560 26020 -10781 -605 -6891 END
START -2724 6356 25780 -11158 -553 -6918 END
START -2616 6296 25668 -11486 -579 -6879 END
START -2504 6100 25488 -11882 -548 -6866 END
START -2384 6236 25312 -12169 -521 -6807 END
START -2272 6192 24944 -12558 -461 -6674 END
START -2280 6300 24772 -12871 -402 -6551 END
START -2308 6244 24640 -13301 -431 -6322 END
START -2424 6240 24276 -13701 -494 -6175 END
START -2560 6156 23912 -14058 -679 -5990 END
START -2844 6036 23400 -14440 -858 -5822 END
START -3008 5940 22948 -14668 -1055 -5704 END
START -3060 5612 22412 -14820 -1229 -5644 END
START -3076 5364 21568 -14838 -1408 -5580 END
START -3128 5216 21120 -14775 -1616 -5561 END
START -3172 4856 20580 -14655 -1792 -5607 END
START -3184 4876 20144 -14482 -1872 -5604 END
START -3172 4976 19584 -14321 -1954 -5641 END
START -2908 5012 19056 -14201 -1971 -5684 END
START -2924 5084 18788 -14160 -1960 -5698 END
START -2676 4932 18136 -14141 -1895 -5711 END
START -2516 5056 17920 -14136 -1781 -5738 END
START -2268 5244 17532 -14139 -1703 -5761 END
START -2104 5264 17452 -14139 -1540 -5731 END
START -1988 5300 17060 -14189 -1429 -5707 END
START -1740 5388 17012 -14212 -1280 -5647 END
START -1628 5508 16872 -14231 -1082 -5546 END
START -1552 5660 16800 -14258 -947 -5441 END
START -1648 5756 16600 -14326 -782 -5285 END
START -1716 5896 16568 -14453 -729 -5155 END
START -1620 5960 16528 -14542 -670 -5050 END
START -1612 6032 16468 -14638 -692 -4927 END
START -1504 6020 16356 -14737 -699 -4850 END
START -1552 6128 16344 -14798 -700 -4760 END
START -1372 6200 16184 -14854 -632 -4666 END
START -1264 6408 15968 -14871 -589 -4519 END
START -1164 6364 15804 -14918 -499 -4352 END
START -1160 6368 15768 -14971 -415 -4121 END
START -1060 6460 15684 -15043 -356 -3918 END
START -1124 6424 15380 -15186 -349 -3716 END
START -1208 6376 15364 -15277 -286 -3514 END
START -1176 6416 15320 -15364 -285 -3362 END
START -1232 6312 15064 -15445 -330 -3225 END
START -1392 6348 15168 -15489 -458 -3006 END
START -1604 6204 15284 -15469 -685 -2807 END
START -1704 6032 15088 -15404 -1000 -2610 END
START -1964 6020 15200 -15260 -1341 -2455 END
START -2196 6044 15068 -15123 -1744 -2289 END
START -2176 6020 14812 -14887 -2157 -2164 END
START -2288 6184 14696 -14723 -2543 -1999 END
START -2148 6092 14244 -14510 -2937 -1834 END
START -2080 6340 13980 -14335 -3202 -1699 END
START -1896 6404 13604 -14193 -3364 -1559 END
START -1768 6548 13348 -14062 -3507 -1380 END
START -1528 6700 13032 -13944 -3611 -1250 END
START -1516 6880 12772 -13886 -3670 -1084 END
START -1508 6976 12448 -13816 -3628 -904 END
START -1200 7108 12308 -13786 -3611 -784 END
START -1216 7212 12328 -13782 -3612 -586 END
START -1100 7360 12136 -13777 -3622 -434 END
START -1044 7388 11972 -13739 -3638 -217 END
START -1036 7340 11896 -13730 -3627 -30 END
START -940 7376 11756 -13716 -3697 122 END
START -864 7380 11492 -13627 -3715 320 END
START -860 7484 11312 -13573 -3766 492 END
START -800 7588 11016 -13476 -3770 670 END
START -812 7500 10680 -13343 -3792 870 END
START -752 7564 10260 -13166 -3778 1048 END
START -716 7368 10012 -12999 -3657 1266 END
START -696 7288 9780 -12784 -3576 1459 END
START -528 7332 9488 -12610 -3406 1639 END
START -552 7380 9300 -12428 -3274 1862 END
START -480 7412 9040 -12315 -3094 2062 END
START -492 7336 8888 -12200 -2841 2253 END
START -312 7256 8676 -12072 -2644 2447 END
START -308 7304 8684 -12058 -2436 2645 END
START -300 7196 8432 -12024 -2230 2834 END
START -348 7136 8400 -11993 -2020 3015 END
START -176 6964 8320 -11910 -1862 3208 END
START -300 6964 8484 -11837 -1757 3354 END
START -292 6860 8500 -11813 -1671 3517 END
START -328 6852 8544 -11722 -1618 3716 END
START -420 6744 8472 -11643 -1665 3883 END
START -372 6752 8436 -11597 -1731 4121 END
START -404 6564 8236 -11498 -1782 4263 END
START -484 6624 7940 -11419 -1805 4452 END
START -292 6604 7588 -11291 -1860 4643 END
START -200 6592 7400 -11154 -1866 4864 END
START -284 6516 7252 -10991 -1887 5080 END
START -256 6588 7212 -10889 -1858 5342 END
START -184 6424 6872 -10712 -1944 5664 END
START -64 6280 6604 -10528 -1951 5878 END
START 40 6048 6240 -10393 -1970 6145 END
START 208 5764 6056 -10178 -1966 6325 END
START 220 5760 5636 -10012 -1868 6598 END
START 320 5496 5060 -9811 -1758 6781 END
START 292 5460 4796 -9584 -1589 7022 END
START 308 5332 4428 -9361 -1385 7260 END
START 404 5156 4236 -9153 -1196 7522 END
START 256 5116 4044 -8873 -949 7759 END
START 192 5004 3896 -8663 -695 7984 END
START 136 4788 3676 -8414 -470 8200 END
START -88 4684 3492 -8179 -248 8398 END
START -52 4420 3272 -7922 -24 8548 END
START -184 4336 3272 -7658 201 8735 END
START -412 4244 2996 -7412 445 8899 END
START -652 3912 2812 -7122 683 9069 END
START -804 3828 2724 -6795 917 9249 END
START -1104 3740 2468 -6453 1168 9425 END
START -1240 3804 2244 -6063 1425 9580 END
START -1612 3636 2140 -5599 1737 9740 END
START -1832 3508 2148 -5113 2032 9868 END
START -2292 3208 2228 -4609 2319 10003 END
START -2532 3084 2424 -4152 2537 10139 END
START -2812 2876 2548 -3723 2704 10233 END
START -3068 2648 2624 -3331 2835 10289 END
START -3268 2280 2844 -2976 2900 10354 END
START -3720 2064 3132 -2634 2943 10414 END
START -4176 1816 3136 -2305 3004 10431 END
START -4472 1448 3412 -1971 2969 10379 END
START -4680 1084 3472 -1619 2977 10328 END
START -4920 784 3756 -1276 2950 10189 END
START -4948 512 3872 -947 2947 10051 END
START -5008 472 3960 -658 2943 9902 END
START -5164 188 3984 -381 2957 9720 END
START -5100 140 4008 -144 2953 9623 END
START -5200 100 4252 45 3005 9487 END
START -5224 76 4160 223 3087 9439 END
START -5216 40 4532 361 3177 9347 END
START -5208 108 4600 496 3227 9342 END
START -5504 136 4752 576 3345 9292 END
START -5708 228 4940 685 3459 9326 END
START -5684 148 5188 754 3541 9318 END
START -5884 208 5352 858 3598 9351 END
START -6212 100 5552 949 3610 9419 END
START -6360 48 5516 1098 3633 9443 END
START -6580 -48 5780 1220 3674 9514 END
START -6916 36 5816 1424 3731 9619 END
START -7248 -76 5952 1570 3713 9721 END
START -7692 -200 6180 1795 3652 9777 END
START -8088 -236 6248 2003 3656 9876 END
START -8416 -512 6492 2233 3489 9909 END
START -8788 -816 6768 2488 3435 9901 END
START -9076 -1088 6908 2741 3283 9912 END
START -9292 -1348 7016 2993 3085 9851 END
START -9576 -1640 7152 3306 2929 9703 END
START -9748 -1676 7412 3555 2768 9511 END
START -9884 -1888 7476 3818 2637 9322 END
START -9932 -2092 7672 4043 2536 9059 END
START -10008 -2264 7768 4263 2469 8874 END
START -9980 -2276 7820 4442 2430 8574 END
START -10108 -2436 7992 4595 2370 8365 END
START -10016 -2400 8036 4759 2401 8083 END
START -10036 -2428 8180 4880 2426 7813 END
START -10236 -2452 8232 4987 2508 7549 END
START -10272 -2432 8500 5041 2493 7267 END
START -10220 -2492 8460 5073 2557 6978 END
START -10304 -2384 8676 5104 2602 6729 END
START -10396 -2336 8492 5194 2741 6418 END
START -10768 -2316 8672 5257 2835 6159 END
START -11028 -2220 8728 5372 2954 5923 END
START -11144 -2252 8800 5469 3099 5674 END
START -11236 -2236 8788 5560 3220 5406 END
START -11472 -2280 9004 5666 3354 5127 END
START -11840 -2204 9164 5690 3414 4804 END
START -12124 -2168 9388 5758 3487 4477 END
START -12432 -2108 9556 5836 3496 4123 END
START -12592 -2256 9732 5884 3457 3797 END
START -12912 -2152 9984 6001 3418 3448 END
START -13152 -2088 10036 6096 3315 3138 END
START -13192 -2024 10412 6234 3205 2829 END
START -13304 -1980 10676 6373 2993 2491 END
START -13524 -1888 10940 6507 2735 2147 END
START -13704 -1840 11068 6641 2427 1802 END
START -13576 -1836 11436 6806 2089 1510 END
START -13596 -1728 11416 6958 1656 1219 END
START -13644 -1712 11548 7127 1312 954 END
START -13668 -1556 11876 7319 879 711 END
START -13608 -1380 11916 7495 423 455 END
START -13552 -1236 12088 7677 -15 196 END
START -13516 -1192 11952 7847 -454 -24 END
START -13468 -1000 12016 8060 -840 -298 END
START -13204 -824 11944 8241 -1264 -546 END
START -13132 -656 11988 8368 -1621 -813 END
START -12936 -428 11836 8532 -1935 -1032 END
START -12676 -272 11884 8597 -2235 -1287 END
START -12444 -232 11712 8700 -2439 -1515 END
START -12240 -12 11752 8745 -2674 -1752 END
START -11940 116 11492 8794 -2822 -1977 END
START -11756 220 11452 8820 -2928 -2210 END
START -11792 380 11224 8899 -3068 -2474 END
START -11676 408 11288 8935 -3142 -2769 END
START -11572 500 10976 9052 -3241 -3063 END
START -11388 540 10936 9134 -3265 -3402 END
START -11112 580 10920 9295 -3278 -3762 END
START -10832 712 10680 9402 -3285 -4148 END
START -10512 848 10728 9574 -3239 -4534 END
START -10172 884 10716 9715 -3158 -4916 END
START -10056 1220 10704 9858 -3099 -5277 END
START -9808 1372 10764 9912 -3035 -5602 END
START -9640 1584 10800 10059 -2947 -5945 END
START -9044 1708 10724 10091 -2897 -6284 END
START -8816 1920 10900 10160 -2801 -6601 END
START -8588 2132 10924 10207 -2701 -6888 END
START -8120 2292 11036 10284 -2539 -7182 END
START -7676 2444 10924 10290 -2381 -7441 END
START -7536 2720 10956 10307 -2234 -7605 END
START -7208 3168 11152 10259 -1997 -7764 END
START -6880 3528 11292 10195 -1794 -7888 END
START -6468 3736 11404 10088 -1615 -7957 END
START -6272 3924 11580 9987 -1427 -8009 END
START -6312 4052 11836 9899 -1280 -8045 END
START -6256 4440 12012 9845 -1255 -8035 END
START -6180 4680 12376 9745 -1229 -8055 END
START -6092 5012 12824 9670 -1337 -8025 END
START -5984 5216 12972 9619 -1527 -8016 END
START -5840 5440 13196 9626 -1745 -7942 END
START -5636 5652 13336 9654 -1999 -7838 END
START -5516 5608 13464 9736 -2294 -7700 END
START -5256 5688 13636 9816 -2611 -7578 END
START -4924 5824 13752 9921 -2994 -7454 END
START -4776 5888 13844 10014 -3348 -7339 END
START -4676 6000 13760 10161 -3762 -7250 END
START -4636 6088 13628 10283 -4226 -7151 END
START -4492 6128 13788 10439 -4697 -7061 END
START -4252 6124 13836 10656 -5074 -6961 END
START -4016 6200 13444 10866 -5416 -6871 END
START -3684 6284 13280 11130 -5742 -6824 END
START -3272 6128 13148 11434 -5937 -6783 END
START -2776 6072 12996 11651 -5915 -6741 END
START -2124 6320 12532 11952 -5795 -6751 END
START -1580 6384 12484 12035 -5541 -6708 END
START -1356 6744 12352 11958 -5265 -6675 END
START -1244 6984 12292 11875 -4922 -6590 END
START -1008 7096 12320 11910 -4562 -6481 END
START -800 7232 12384 11606 -4172 -6343 END
START -604 7084 12428 11492 -3774 -6266 END
START -536 7124 12568 11495 -3301 -6162 END
START -480 7184 12812 11508 -2866 -6105 END
START -456 7112 12972 11546 -2412 -6037 END
START -608 7180 13516 11507 -2045 -5953 END
START -696 7336 14188 11432 -1773 -5903 END
START -916 7532 14632 11322 -1629 -5766 END
START -1008 7824 15016 11208 -1500 -5646 END
START -1120 7936 15532 10985 -1407 -5496 END
START -1056 8080 15860 10820 -1342 -5338 END
START -1124 8036 16104 10588 -1341 -5132 END
START -1232 7972 16336 10376 -1336 -4993 END
START -1328 7844 16388 10166 -1413 -4825 END
START -1072 7864 16584 9995 -1506 -4648 END
START -1340 7788 16716 9837 -1652 -4493 END
START -1476 7712 16608 9737 -1861 -4309 END
START -1540 7552 16808 9748 -2126 -4095 END
START -1412 7564 16800 9807 -2364 -3891 END
START -1552 7380 16828 9938 -2751 -3730 END
START -1504 7340 16716 10145 -3157 -3573 END
START -1412 7208 16764 10374 -3598 -3410 END
START -1272 7164 16752 10683 -4007 -3269 END
START -1120 7048 16504 10993 -4374 -3132 END
START -936 6976 16300 11334 -4694 -2990 END
START -712 6968 16416 11628 -4902 -2823 END
START -564 7032 16152 11943 -5057 -2709 END
START -208 6936 15712 12149 -5039 -2576 END
START -120 7040 15920 12186 -4978 -2413 END
START 184 7096 15848 12086 -4888 -2276 END
START 524 7272 15952 12072 -4686 -2141 END
START 756 7408 15968 12044 -4402 -1963 END
START 748 7536 16236 12024 -4084 -1814 END
START 800 7556 16656 11963 -3746 -1621 END
START 808 7668 16672 11523 -3359 -1411 END
START 856 7696 17112 11400 -2936 -1205 END
START 644 7660 17480 11168 -2533 -954 END
START 484 7808 17756 10848 -2206 -746 END
START 284 7780 18332 10558 -1951 -589 END
START 152 7868 18644 10219 -1736 -380 END
START 12 8008 18628 9837 -1581 -177 END
START -172 7936 18912 9486 -1470 69 END
START -404 8020 19320 9148 -1424 219 END
START -568 7980 19556 8841 -1393 437 END
START -716 8052 19432 8530 -1411 677 END
START -780 7868 19556 8314 -1373 834 END
START -848 7716 19532 8084 -1371 973 END
START -864 7512 19524 7897 -1299 1081 END
START -1028 7460 19784 7697 -1255 1204 END
START -1032 7464 19876 7550 -1264 1305 END
START -1152 7508 19972 7342 -1247 1442 END
START -1104 7436 19820 7135 -1212 1571 END
START -1080 7344 19700 6958 -1240 1671 END
START -1192 7268 19948 6784 -1212 1817 END
START -1188 7044 19964 6584 -1233 1982 END
START -1180 6972 20320 6371 -1223 2121 END
START -1292 6984 20284 6149 -1248 2254 END
START -1376 6928 20328 5868 -1354 2419 END
START -1456 6812 20712 5588 -1472 2570 END
START -1492 6696 20512 5280 -1582 2752 END
START -1484 6592 20664 4993 -1731 2941 END
START -1544 6556 20644 4701 -1840 3136 END
START -1748 6472 20532 4380 -1951 3343 END
START -1988 6372 20696 4057 -2046 3560 END
START -2036 6268 20428 3790 -2179 3822 END
START -2188 5996 20240 3536 -2266 4081 END
START -2348 5748 20120 3268 -2387 4278 END
START -2420 5436 19904 3026 -2497 4392 END
START -2472 5040 19628 2739 -2590 4513 END
START -2416 4736 19316 2455 -2659 4583 END
START -2528 4368 18968 2171 -2652 4644 END
START -2576 4080 18476 1849 -2610 4684 END
START -2756 3772 18172 1508 -2578 4686 END
START -3036 3376 17624 1222 -2548 4628 END
START -2960 3172 17500 938 -2476 4575 END
START -3228 2888 17104 676 -2335 4436 END
START -3472 2348 16596 466 -2282 4292 END
START -3640 1908 16324 334 -2201 4128 END
START -3932 1536 15952 184 -2147 3929 END
START -4208 1200 15772 120 -2117 3733 END
START -4456 1004 15560 -3 -2123 3481 END
START -4576 856 15412 -125 -2136 3241 END
START -4544 560 15432 -234 -2231 3005 END
START -4552 416 15284 -347 -2291 2756 END
START -4556 228 15264 -575 -2316 2488 END
START -4396 240 15084 -747 -2289 2299 END
START -4536 104 15008 -1013 -2282 2098 END
START -4408 -68 15028 -1209 -2253 1914 END
START -4784 -68 15160 -1429 -2377 1740 END
START -5140 -208 15160 -1574 -2506 1611 END
START -5324 -400 15248 -1679 -2721 1479 END
START -5684 -504 15216 -1740 -2962 1415 END
START -6060 -544 15180 -1769 -3202 1393 END
START -6224 -564 14964 -1711 -3482 1421 END
START -6652 -384 14900 -1621 -3824 1512 END
START -7012 -272 14728 -1413 -4209 1643 END
START -7644 8 14888 -1075 -4583 1897 END
START -8084 184 14796 -586 -4979 2185 END
START -8404 544 14492 -54 -5142 2466 END
START -9112 736 14680 607 -5290 2731 END