START 4736 6924 11684 -8595 -7543 4055 END
START 4928 7284 11112 -8344 -7421 4044 END
START 5236 7568 10432 -8088 -7137 4095 END
START 5520 8220 9868 -7839 -6773 4164 END
START 5752 8668 9356 -7627 -6258 4291 END
START 6260 9044 9004 -7428 -5525 4503 END
START 6680 9320 8576 -7293 -4652 4774 END
START 7112 9892 8460 -7235 -3686 5049 END
START 7244 10388 8696 -7259 -2619 5359 END
START 7576 10772 8728 -7407 -1571 5747 END
START 7660 11244 9212 -7709 -587 6184 END
START 7900 11392 9876 -8082 237 6668 END
START 7884 11452 10492 -8580 914 7231 END
START 7796 11592 10704 -9111 1470 7873 END
START 7800 11896 11260 -9659 1885 8633 END
START 7744 12268 11384 -10231 2254 9449 END
START 7856 12324 11456 -10799 2528 10313 END
START 7840 12300 11424 -11303 2843 11243 END
START 7848 12320 11288 -11789 3093 12217 END
START 7472 12280 11188 -12208 3352 13228 END
START 7224 12300 11064 -12667 3485 14209 END
START 6896 12288 10936 -13069 3485 15124 END
START 6504 12164 10692 -13404 3348 16110 END
START 6192 11984 10336 -13681 3095 17090 END
START 5816 11872 10148 -13834 2801 18032 END
START 5296 11596 9816 -13848 2413 18925 END
START 4888 11436 9200 -13693 1957 19768 END
START 4344 11008 8648 -13425 1481 20546 END
START 3692 10508 8328 -13068 1032 21175 END
START 2988 10116 7716 -12619 532 21707 END
START 2384 9672 7108 -12057 51 22090 END
START 1824 8920 6472 -11492 -315 22317 END
START 1172 8292 5740 -10858 -645 22367 END
START 708 7736 5268 -10197 -884 22333 END
START 92 7164 4632 -9535 -1013 22148 END
START -212 6832 4200 -8891 -1063 21852 END
START -612 6532 3624 -8294 -978 21499 END
START -700 6264 2976 -7713 -780 21122 END
START -728 5940 2476 -7183 -447 20745 END
START -940 5928 1844 -6718 -13 20334 END
START -872 5792 1484 -6304 548 19954 END
START -852 5552 1120 -5900 1120 19597 END
START -784 5324 916 -5511 1778 19234 END
START -700 5372 932 -5140 2444 18863 END
START -544 5388 812 -4727 3223 18569 END
START -428 5524 928 -4349 3925 18337 END
START -496 5592 1256 -3981 4533 18157 END
START -336 5736 1512 -3674 5091 18047 END
START -188 5936 1920 -3382 5522 18025 END
START -160 6168 2300 -3136 5911 18049 END
START -32 6108 2724 -2913 6130 18214 END
START 16 6328 3232 -2734 6270 18393 END
START 112 6376 3464 -2548 6284 18632 END
START 100 6464 3836 -2285 6111 18941 END
START 136 6624 4172 -2024 5898 19315 END
START -76 6672 4528 -1680 5530 19741 END
START -160 6700 4704 -1314 5033 20168 END
START -424 6928 4744 -889 4516 20650 END
START -428 6992 4908 -388 3928 21153 END
START -364 6796 4572 166 3423 21631 END
START -556 6784 4684 780 3030 22111 END
START -804 6684 4268 1412 2676 22585 END
START -1172 6452 4276 2010 2427 22974 END
START -1672 6232 4144 2558 2196 23287 END
START -2260 6084 4096 3014 2094 23494 END
START -2560 5636 3948 3386 2018 23529 END
START -3088 5064 3940 3655 2020 23473 END
START -3548 4604 4068 3859 2077 23260 END
START -4040 4040 3768 4045 2228 22971 END
START -4444 3736 3896 4201 2414 22557 END
START -4892 3340 3788 4333 2624 22097 END
START -5328 3040 3816 4492 2873 21573 END
START -5524 2736 3696 4672 3197 21039 END
START -5896 2652 3804 4847 3482 20485 END
START -6116 2552 3820 5020 3788 19917 END
START -6236 2420 3956 5208 4076 19333 END
START -6388 2300 4144 5372 4301 18811 END
START -6656 2148 4320 5578 4395 18281 END
START -6704 2004 4584 5768 4510 17861 END
START -6736 1960 4648 6000 4489 17444 END
START -6572 1976 4720 6282 4484 17136 END
START -6476 1976 4788 6589 4472 16845 END
START -6456 1916 4924 6896 4414 16622 END
START -6676 1920 5076 7222 4307 16415 END
START -6608 2152 5276 7607 4103 16237 END
START -6640 2096 5144 8017 3852 16145 END
START -6624 1948 5300 8466 3593 16034 END
START -6676 1804 5056 8941 3372 15953 END
START -6604 1952 5120 9456 3137 15920 END
START -6432 1780 4820 10001 2970 15829 END
START -6448 1732 4900 10547 2861 15787 END
START -6408 1916 4740 11114 2762 15734 END
START -6516 2112 5048 11649 2660 15722 END
START -6516 2320 5208 12023 2562 15733 END
START -6616 2488 5404 12622 2393 15729 END
START -6888 2468 5732 13137 2202 15699 END
START -6900 2496 6020 13632 1972 15655 END
START -6860 2436 6216 14121 1770 15558 END
START -6964 2496 6580 14619 1569 15449 END
START -7072 2520 6932 15173 1295 15360 END
START -7444 2736 7304 15662 1042 15258 END
START -7596 2888 7684 16099 777 15148 END
START -7816 2864 8096 16491 544 15080 END
START -8068 2796 8468 16791 345 14906 END
START -8432 2572 8840 17066 170 14660 END
START -8904 2120 9384 17248 -86 14303 END
START -9056 1728 9512 17427 -285 13857 END
START -9332 1416 9864 17630 -468 13329 END
START -9660 1236 10264 17833 -678 12811 END
START -9900 1152 10408 18064 -893 12144 END
START -10020 1152 10472 18289 -993 11490 END
START -10096 1112 10564 18496 -1016 10805 END
START -10308 1240 10748 18684 -1016 10150 END
START -10248 1280 10756 18808 -981 9472 END
START -10372 1284 10844 18961 -840 8885 END
START -10264 1320 10844 19039 -665 8206 END
START -10504 1332 11156 19168 -453 7604 END
START -10496 1260 11232 19282 -220 6969 END
START -10592 1244 11548 19430 51 6372 END
START -10536 1348 11776 19609 359 5793 END
START -10360 1480 11976 19756 646 5226 END
START -10492 1700 12576 19873 954 4644 END
START -10544 1608 12992 19922 1144 4114 END
START -10396 1876 13800 19860 1306 3580 END
START -10444 1732 14280 19751 1423 3111 END
START -10372 1872 14948 19612 1451 2604 END
START -10352 1816 15592 19370 1434 2138 END
START -10344 1796 16032 19204 1277 1618 END
START -10404 1752 16500 19018 1030 1072 END
START -10508 1884 16792 18891 815 455 END
START -10552 2172 17168 18797 558 -115 END
START -10572 2492 17476 18759 306 -684 END
START -10388 2716 17672 18783 -7 -1212 END
START -10276 3076 17924 18781 -210 -1659 END
START -10084 3256 18308 18806 -396 -2107 END
START -10296 3356 18632 18786 -600 -2537 END
START -10240 3452 18980 18767 -768 -2964 END
START -10224 3396 19332 18734 -947 -3420 END
START -10140 3452 19448 18658 -1133 -3938 END
START -10296 3452 20020 18435 -1405 -4949 END
START -10276 3556 20440 18369 -1546 -5542 END
START -10396 3668 20904 18295 -1727 -6177 END
START -10240 3760 21088 18284 -1875 -6779 END
START -10168 4092 21592 18307 -2005 -7410 END
START -10128 4200 22052 18234 -2119 -8029 END
START -10128 4280 22448 18172 -2357 -8609 END
START -10120 4340 22968 18008 -2650 -9302 END
START -10104 4380 23484 17810 -2973 -10002 END
START -9892 4536 23536 17578 -3327 -10741 END
START -9692 4612 23960 17335 -3682 -11480 END
START -9412 4924 24288 17066 -3986 -12193 END
START -9168 5204 24216 16782 -4273 -12878 END
START -8640 5496 24496 16475 -4501 -13535 END
START -8292 5744 24560 16157 -4704 -14124 END
START -7752 5980 24584 15874 -4809 -14681 END
START -7404 6344 24452 15541 -4863 -15130 END
START -6944 6592 24612 15191 -4839 -15569 END
START -6400 6900 24304 14864 -4811 -15928 END
START -6228 7200 24588 14496 -4790 -16205 END
START -5664 7376 24676 14124 -4677 -16479 END
START -5328 7408 24528 13685 -4681 -16678 END
START -4996 7304 24392 13286 -4606 -16854 END
START -4616 7384 24688 12914 -4529 -17003 END
START -4440 7384 24820 12634 -4500 -17139 END
START -4428 7452 24876 12304 -4534 -17247 END
START -4280 7468 25056 12103 -4539 -17324 END
START -3928 7424 25168 11885 -4594 -17396 END
START -3788 7260 25512 11545 -4646 -17466 END
START -3724 7228 25660 11236 -4743 -17544 END
START -3640 7320 25724 10996 -4861 -17642 END
START -3660 7188 25844 10716 -5035 -17806 END
START -3576 7248 25944 10385 -5178 -18032 END
START -3656 7296 25908 10035 -5324 -18292 END
START -3492 7372 25672 9682 -5483 -18594 END
START -3352 7536 25592 9340 -5620 -18921 END
START -3140 7804 25484 9002 -5667 -19224 END
START -2916 7928 25104 8639 -5703 -19527 END
START -2716 8028 25008 8308 -5647 -19779 END
START -2508 8068 24464 8033 -5526 -20065 END
START -2276 8284 24304 7736 -5391 -20299 END
START -2124 8688 23936 7487 -5142 -20552 END
START -1916 9384 23684 7222 -4857 -20781 END
START -1596 10024 23420 6931 -4478 -21008 END
START -1040 10400 23308 6681 -3897 -21118 END
START -532 10488 23452 6298 -3187 -21097 END
START -180 10496 23840 5899 -2555 -20898 END
START 96 10704 24404 5391 -1969 -20622 END
START 172 10960 24972 4882 -1470 -20252 END
START 136 11192 25524 4319 -1179 -19867 END
START 124 11508 26268 3792 -1006 -19465 END
START 60 11552 26648 3269 -922 -19065 END
START 160 11380 27160 2708 -1034 -18640 END
START -16 11216 27548 2203 -1253 -18224 END
START -136 10988 27524 1699 -1495 -17837 END
START -224 11012 27708 1173 -1800 -17474 END
START -252 10884 27732 683 -2169 -17159 END
START -356 10780 27680 252 -2591 -16915 END
START -340 10580 27648 -146 -2992 -16700 END
START -224 10524 27380 -508 -3371 -16491 END
START -320 10296 27052 -852 -3714 -16329 END
START -268 10252 26904 -1177 -3902 -16160 END
START -336 10248 26532 -1470 -4146 -16020 END
START -400 10216 26236 -1783 -4249 -15900 END
START -524 10352 25992 -2089 -4314 -15753 END
START -672 10136 25636 -2414 -4376 -15713 END
START -768 10012 25456 -2729 -4408 -15653 END
START -864 9748 25308 -3032 -4383 -15637 END
START -1008 9552 25232 -3309 -4384 -15719 END
START -1056 9292 24936 -3599 -4303 -15793 END
START -1384 9072 24880 -3888 -4226 -15987 END
START -1296 9032 24580 -4178 -4119 -16221 END
START -1328 9040 24196 -4502 -3964 -16436 END
START -1268 8784 23948 -4853 -3772 -16666 END
START -1312 8884 23640 -5202 -3551 -16889 END
START -1284 9156 23740 -5562 -3346 -17125 END
START -1404 9372 23688 -5882 -3176 -17362 END
START -1352 9696 23532 -6180 -3055 -17477 END
START -1444 10240 23616 -6429 -3005 -17593 END
START -1248 10844 23608 -6650 -2961 -17540 END
START -1060 11308 23816 -6930 -2960 -17401 END
START -732 11576 23900 -7215 -2974 -17173 END
START -404 11676 24040 -7566 -2916 -16830 END
START -4 11572 23968 -7977 -2860 -16468 END
START 428 11592 24008 -8443 -2838 -16122 END
START 496 11508 24064 -8958 -2761 -15774 END
START 812 11564 24172 -9522 -2779 -15476 END
START 1000 11608 23980 -10106 -2733 -15189 END
START 1000 11696 24024 -10728 -2708 -14958 END
START 1156 11752 23712 -11336 -2728 -14691 END
START 1300 11800 23548 -11945 -2684 -14413 END
START 1476 11876 23304 -12494 -2669 -14138 END
START 1548 12032 22796 -13077 -2635 -13862 END
START 1700 11988 22452 -13572 -2582 -13544 END
START 1800 12132 21996 -14005 -2542 -13280 END
START 2004 12208 21516 -14415 -2423 -12971 END
START 1832 12332 21128 -14740 -2326 -12627 END
START 1932 12448 20756 -15041 -2237 -12272 END
START 1872 12336 20492 -15253 -2187 -11896 END
START 1796 12252 20100 -15409 -2100 -11445 END
START 1604 12016 19660 -15485 -2056 -11015 END
START 1444 11816 19268 -15481 -2036 -10587 END
START 1120 11620 19244 -15422 -1989 -10150 END
START 856 11428 18968 -15332 -1982 -9700 END
START 480 11048 18736 -15190 -2032 -9301 END
START 256 10840 18708 -15010 -2125 -8957 END
START -224 10496 18464 -14894 -2257 -8696 END
START -324 10232 18512 -14757 -2414 -8498 END
START -624 9996 18352 -14674 -2610 -8401 END
START -944 9792 18028 -14614 -2795 -8397 END
START -1072 9684 17648 -14588 -3012 -8447 END
START -1036 9604 17568 -14634 -3256 -8554 END
START -864 9500 17048 -14637 -3484 -8655 END
START -708 9556 16456 -14623 -3640 -8772 END
START -340 9672 16028 -14684 -3694 -8915 END
START 56 9924 15424 -14693 -3661 -9005 END
START 560 10304 15032 -14719 -3521 -9105 END
START 792 10792 14768 -14748 -3324 -9162 END
START 1312 11020 14380 -14833 -3134 -9127 END
START 2160 11536 14104 -14980 -2797 -9017 END
START 2596 11924 13880 -15151 -2426 -8774 END
START 3248 12268 13684 -15396 -1980 -8374 END
START 3704 12764 13600 -15641 -1586 -7865 END
START 4088 13232 13632 -15924 -1089 -7232 END
START 4560 13644 13448 -16213 -698 -6507 END
START 4852 13912 13460 -16468 -231 -5730 END
START 5068 14072 13372 -16745 189 -4905 END
START 5204 14148 13448 -17038 538 -3999 END
START 5408 14196 13592 -17308 818 -3076 END
START 5380 14168 13740 -17578 1038 -2142 END
START 5220 14120 13752 -17849 1097 -1242 END
START 5300 13952 13784 -18080 1141 -401 END
START 5132 13740 13596 -18294 1055 415 END
START 5132 13492 13664 -18469 960 1189 END
START 4808 13392 13528 -18561 725 2038 END
START 4764 13292 13268 -18566 524 2852 END
START 4540 13252 13056 -18523 282 3710 END
START 4352 12880 12836 -18444 -34 4590 END
START 4292 12788 12700 -18295 -335 5408 END
START 4000 12572 12264 -18154 -697 6224 END
START 3808 12400 11940 -17966 -1074 7050 END
START 3560 12248 11880 -17766 -1514 7800 END
START 3400 12044 11348 -17537 -1944 8507 END
START 3404 11948 10828 -17260 -2394 9186 END
START 3236 11916 10696 -16991 -2801 9830 END
START 3240 11888 10236 -16662 -3097 10442 END
START 3320 11812 9772 -16328 -3375 11078 END
START 3224 11840 9532 -16025 -3572 11721 END
START 3328 11932 9040 -15707 -3703 12404 END
START 3252 12008 8620 -15441 -3802 13091 END
START 3388 12020 8516 -15190 -3867 13811 END
START 3508 11900 8220 -14975 -3834 14542 END
START 3484 11832 8052 -14774 -3776 15298 END
START 3496 11932 7780 -14613 -3693 16121 END
START 3676 12068 7664 -14444 -3578 16939 END
START 3792 12068 7572 -14324 -3345 17746 END
START 3904 12032 7584 -14264 -3090 18631 END
START 3948 11836 7700 -14284 -2803 19521 END
START 3900 11964 7692 -14320 -2575 20443 END
START 3728 12108 7872 -14467 -2331 21417 END
START 3624 12180 8148 -14613 -2235 22392 END
START 3496 12272 8372 -14804 -2162 23371 END
START 3264 12176 8616 -15013 -2210 24366 END
START 3088 12136 8796 -15236 -2377 25347 END
START 2612 11960 9136 -15446 -2663 26319 END
START 2424 11744 9412 -15643 -3065 27289 END
START 2092 11688 9448 -15809 -3604 28245 END
START 1628 11596 9388 -15901 -4164 29153 END
START 1292 11556 9428 -15941 -4836 30054 END
START 1068 11376 9432 -15920 -5462 30911 END
START 788 11112 9096 -15827 -6154 31761 END
START 340 10952 8956 -15659 -6879 32594 END
START -140 10716 9080 -15491 -7572 32767 END
START -624 10664 8896 -15211 -8340 32767 END
START -1324 10528 8712 -14933 -9123 32767 END
START -1904 10400 8528 -14652 -9918 32767 END
START -2440 10144 8180 -14355 -10615 32767 END
START -3308 9444 7468 -14043 -11295 32767 END
START -3944 9140 6784 -13694 -11883 32767 END
START -4476 8540 6276 -13333 -12338 32767 END
START -5148 7980 5492 -12867 -12649 32767 END
START -5640 7332 4736 -12302 -12928 32767 END
START -6004 6540 3976 -11626 -13098 32767 END
START -6404 5940 3516 -10893 -13169 32767 END
START -6728 5200 2936 -10007 -13081 32767 END
START -7096 4764 2300 -9180 -12791 32767 END
START -7116 4120 1564 -8272 -12476 32767 END
START -7356 3784 832 -7406 -12029 32767 END
START -7396 3604 384 -6561 -11400 32767 END
START -7616 3284 236 -5705 -10649 32767 END
START -7516 3144 136 -4967 -9904 32767 END
START -7544 2852 24 -4215 -9037 32767 END
START -7736 2616 232 -3540 -8120 32767 END
START -7788 2348 440 -2955 -7208 32257 END
START -8028 2136 684 -2400 -6336 31714 END
START -8336 1768 880 -1893 -5478 31064 END
START -8620 1508 1508 -1487 -4754 30376 END
START -9008 872 1868 -1115 -4119 29624 END
START -9240 376 2360 -754 -3615 28811 END
START -9688 -180 2768 -422 -3219 27995 END
START -10044 -576 3472 -116 -2910 27063 END
START -10548 -704 3796 321 -2723 26122 END
START -10852 -844 4292 714 -2637 25236 END
START -11028 -1008 4640 1183 -2730 24304 END
START -11236 -1248 4904 1686 -2832 23418 END
START -11340 -1524 5396 2208 -2948 22552 END
START -11860 -1932 5728 2741 -3138 21612 END
START -12108 -2164 5924 3259 -3318 20672 END
START -12428 -2544 6036 3699 -3573 19698 END
START -12568 -2928 6164 4096 -3753 18613 END
START -13004 -3200 6308 4434 -3862 17461 END
START -13392 -3656 6308 4733 -3941 16294 END
START -13480 -4016 6160 4975 -3883 15052 END
START -13764 -4308 6264 5159 -3779 13684 END
START -13924 -4452 6208 5286 -3580 12400 END
START -14156 -4528 5828 5348 -3362 10960 END
START -14428 -4596 6024 5371 -3077 9525 END
START -14632 -4500 5632 5377 -2770 8106 END
START -14768 -4568 5624 5408 -2445 6663 END
START -14816 -4588 5636 5466 -2096 5261 END
START -14964 -4796 5420 5581 -1800 3790 END
START -15180 -4916 5548 5712 -1503 2316 END
START -15272 -5012 5412 5971 -1208 781 END
START -15280 -4992 5860 6246 -1008 -764 END
START -15280 -4836 5764 6493 -906 -2224 END
START -15084 -4492 5920 6796 -833 -3694 END
START -14740 -4028 5884 7094 -768 -5018 END
START -14356 -3428 5996 7366 -804 -6238 END
START -14180 -2804 6260 7645 -919 -7334 END
START -13888 -2304 6368 7964 -1051 -8293 END
START -13588 -1860 6300 8356 -1281 -9166 END
START -13232 -1428 6568 8832 -1496 -9959 END
START -12956 -1060 6596 9391 -1746 -10693 END
START -12888 -576 6812 9996 -2062 -11374 END
START -12504 -376 6620 10666 -2354 -12045 END
START -12304 -184 6664 11348 -2595 -12633 END
START -11956 -80 6800 11996 -2828 -13244 END
START -11880 192 7224 12568 -3130 -13838 END
START -11756 228 7556 13246 -3494 -14391 END
START -11824 352 7972 13828 -3898 -14881 END
START -11828 344 8240 14399 -4331 -15391 END
START -11848 428 8440 14905 -4764 -15928 END
START -11980 300 8584 15378 -5209 -16534 END
START -12236 348 8496 15847 -5626 -17225 END
START -12284 212 8288 16300 -6004 -17981 END
START -12528 152 8244 16697 -6379 -18843 END
START -12508 -32 8036 17091 -6653 -19728 END
START -12628 -40 7660 17513 -6774 -20668 END
START -12560 28 7376 17929 -6800 -21666 END
START -12572 -132 7076 18315 -6661 -22609 END
START -12672 -136 6680 18710 -6439 -23712 END
START -12620 4 6320 19047 -6018 -24898 END
START -12632 272 6076 19339 -5509 -26046 END
START -12544 724 5788 19555 -4836 -27283 END
START -12332 1428 5664 19704 -4110 -28512 END
START -12104 2396 5720 19780 -3243 -29735 END
START -11708 3148 5840 19753 -2286 -30917 END
START -11396 3556 6260 19655 -1406 -31839 END
START -11052 4144 6832 19530 -520 -32660 END
START -10740 4660 7468 19374 238 -32768 END
START -10476 5120 8128 19169 861 -32768 END
START -10260 5732 9080 19045 1365 -32768 END
START -10244 6372 9836 18894 1605 -32768 END
START -9912 6900 10592 18784 1694 -32768 END
START -9872 7344 11576 18735 1515 -32768 END
START -9436 7604 12088 18677 1158 -32768 END
START -9024 7736 12956 18730 704 -32768 END
START -8784 8252 13788 18787 43 -32768 END
START -8368 8072 14224 18867 -755 -32768 END
START -8036 8040 14628 19005 -1624 -32768 END
START -7520 7780 14612 19201 -2511 -32768 END
START -7100 7716 14708 19452 -3442 -32768 END
START -6624 7500 14400 19727 -4168 -32768 END
START -6144 7332 14040 20013 -4724 -32768 END
START -5792 7452 13584 20354 -5151 -32768 END
START -5432 7396 13180 20637 -5387 -32768 END
START -5112 7384 12580 20884 -5356 -32768 END
START -5108 7780 11884 21075 -5039 -32768 END
START -5008 8236 11524 21181 -4498 -32768 END
START -5284 8488 11432 21202 -3870 -32768 END
START -5604 8628 11312 21193 -3281 -32768 END
START -5820 8544 11556 21169 -2605 -32768 END
START -5868 8480 11856 21208 -2051 -32768 END
START -6064 8656 12532 21272 -1550 -32768 END
START -6400 8964 13116 21411 -1184 -32768 END
START -6364 9336 13880 21530 -939 -32768 END
START -6604 10100 14556 21681 -787 -32768 END
START -6468 11080 15156 21810 -772 -32768 END
START -6080 11820 15900 21851 -929 -32768 END
START -5508 12700 16472 21837 -1114 -32768 END
START -4720 13332 16920 21708 -1347 -32768 END
START -3520 13864 17408 21440 -1523 -32768 END
START -2348 14220 17840 21121 -1729 -32768 END
START -1336 14700 18352 20751 -1907 -32768 END
START -200 14948 19096 20288 -2093 -32755 END
START 712 15240 19748 19782 -2342 -31701 END
START 1576 15292 20196 19247 -2650 -30526 END
START 2408 15292 20508 18704 -2942 -29328 END
START 3068 15544 20512 18091 -3135 -28135 END
START 3540 15756 20596 17449 -3323 -26947 END
START 4160 15800 20524 16826 -3334 -25758 END
START 4680 15700 19888 16238 -3125 -24546 END
START 5152 15416 19916 15617 -2831 -23449 END
START 5212 15336 19808 15049 -2462 -22434 END
START 5016 15144 19452 14452 -2021 -21406 END
START 4892 14980 19504 13847 -1531 -20476 END
START 4588 14808 19388 13333 -1041 -19662 END
START 4216 14548 19520 12784 -510 -18957 END
START 3856 14192 19380 12208 -1 -18389 END
START 3292 13816 19496 11806 578 -17975 END
START 2840 13516 19596 11282 1101 -17611 END
START 2384 13188 19872 10748 1577 -17276 END
START 1964 12980 20056 10242 1945 -17069 END
START 1564 12876 20372 9748 2246 -16823 END
START 1168 12712 20508 9263 2509 -16673 END
START 824 12612 20724 8869 2642 -16483 END
START 548 12592 21020 8525 2663 -16351 END
START 140 12676 21064 8221 2599 -16210 END
START -132 12616 21144 7990 2489 -16085 END
START -120 12604 21192 7788 2306 -15982 END
START -176 12668 21288 7634 2029 -15871 END
START -136 12908 21132 7567 1701 -15710 END
START 172 13180 21340 7536 1357 -15473 END
START 540 13648 20808 7528 1012 -15172 END
START 980 14160 20572 7602 735 -14719 END
START 1556 14764 20628 7599 494 -14227 END
START 1964 15304 20488 7616 223 -13591 END
START 2324 15584 20704 7638 -81 -12919 END
START 2908 15696 20904 7621 -380 -12078 END
START 3272 15760 20976 7572 -695 -11158 END
START 3852 15640 21068 7520 -1027 -10182 END
START 4056 15836 21180 7496 -1279 -9150 END
START 4252 15888 21168 7481 -1574 -8125 END
START 4192 16016 21372 7433 -1858 -7086 END
START 4236 16116 21252 7392 -2046 -6024 END
START 4168 16088 21104 7311 -2173 -5002 END
START 4052 16144 21016 7214 -2281 -4006 END
START 3936 16064 20800 7007 -2196 -3069 END
START 3832 15968 20408 6740 -1983 -2187 END
START 3452 15836 20248 6413 -1695 -1471 END
START 3360 15556 19904 5985 -1248 -783 END
START 2960 15192 19972 5419 -824 -205 END
START 2476 14896 19924 4899 -390 235 END
START 2144 14728 19908 4274 -9 612 END
START 1536 14628 20020 3669 290 917 END
START 936 14472 20272 3081 475 1136 END
START 380 14176 20140 2482 599 1296 END
START -4 13796 20128 1916 694 1398 END
START -324 13596 20120 1402 743 1418 END
START -712 13256 20028 875 772 1409 END
START -1112 13048 19880 432 707 1302 END
START -1232 12700 19952 -16 643 1209 END
START -1692 12368 19572 -381 441 1102 END
START -1692 11996 19204 -744 260 983 END
START -1636 11848 18912 -1041 153 872 END
START -1772 11484 18552 -1229 30 813 END
START -1748 11360 18144 -1410 -76 717 END
START -1792 11084 17876 -1477 -183 694 END
START -1900 10868 17652 -1547 -326 634 END
START -1828 10732 17688 -1505 -511 672 END
START -1996 10612 17656 -1439 -796 707 END
START -1928 10468 17424 -1304 -1090 794 END
START -1940 10336 17320 -1169 -1364 883 END
START -1892 10248 17080 -1020 -1687 1024 END
START -1832 10088 17012 -880 -1993 1171 END
START -1816 10116 16724 -734 -2304 1342 END