START -5312 -860 12964 366 3398 -6952 END
START -9024 -600 19396 -22 1245 -7113 END
START -4556 -176 11896 151 2106 -7096 END
START -4920 -820 9540 84 2495 -7009 END
START -3344 -176 8772 95 2543 -6897 END
START -2700 64 8676 26 2616 -6770 END
START -2828 264 8812 -31 3017 -6577 END
START -3440 436 9668 -96 3249 -6377 END
START -2844 500 9132 -126 3155 -6166 END
START -3120 632 9184 -141 3035 -5899 END
START -3412 784 9396 -35 3018 -5595 END
START -3436 888 9656 153 2909 -5357 END
START -3364 1036 9108 370 2820 -5098 END
START -3076 1132 8908 704 2760 -4892 END
START -2940 1056 8560 1086 2794 -4666 END
START -2948 1140 8260 1519 2830 -4468 END
START -2772 1144 8152 2069 2836 -4263 END
START -2688 1140 8016 2574 2814 -4081 END
START -2476 1120 8084 3175 2802 -3892 END
START -2324 1108 8240 3759 2755 -3726 END
START -2228 1344 8588 4424 2704 -3575 END
START -2204 1536 8984 5013 2622 -3403 END
START -2332 1800 9168 5540 2480 -3270 END
START -2088 1992 9752 6027 2256 -3095 END
START -2068 2280 9852 6378 1975 -2937 END
START -1764 2480 10268 6781 1670 -2712 END
START -1640 2652 10592 7036 1324 -2510 END
START -1272 2772 11220 7253 966 -2254 END
START -996 2972 11464 7379 624 -2039 END
START -688 3196 11852 7457 186 -1758 END
START -304 3352 12128 7517 -110 -1491 END
START -4 3540 12192 7505 -458 -1157 END
START 252 3964 12348 7499 -699 -842 END
START 380 4120 12440 7465 -935 -487 END
START 664 4384 12648 7468 -1209 -114 END
START 868 4472 12844 7405 -1434 291 END
START 1024 4652 12952 7423 -1640 696 END
START 1336 4756 13264 7367 -1800 1121 END
START 1692 4824 13380 7417 -1965 1510 END
START 1864 5032 13560 7395 -2072 1927 END
START 2252 5168 13740 7370 -2175 2353 END
START 2508 5308 13808 7355 -2205 2755 END
START 2744 5264 14036 7349 -2086 3139 END
START 3012 5472 14164 7286 -1963 3578 END
START 3180 5708 14344 7171 -1830 4054 END
START 3360 6024 14692 7003 -1716 4553 END
START 3680 6364 14936 6907 -1605 5051 END
START 3932 6604 14944 6715 -1442 5628 END
START 4032 6680 15192 6552 -1249 6200 END
START 4364 6680 15568 6366 -1023 6823 END
START 4588 6736 15924 6184 -835 7449 END
START 4764 6476 16132 6015 -609 8125 END
START 4860 6428 16424 5778 -410 8812 END
START 4940 6112 16724 5518 -215 9532 END
START 4812 6036 16888 5306 -64 10218 END
START 4728 5900 17264 5018 47 10985 END
START 4748 5580 17412 4746 171 11668 END
START 4440 5364 17680 4503 202 12404 END
START 4172 4956 17868 4277 215 12712 END
START 3944 4584 18040 4045 185 13609 END
START 3584 4348 18372 3842 131 14098 END
START 3296 3948 18616 3638 48 14649 END
START 2824 3704 18828 3459 -85 15126 END
START 2248 3416 19144 3315 -270 15584 END
START 1820 3008 19284 3160 -548 15996 END
START 1528 2824 19696 3008 -794 16377 END
START 1144 2576 19768 2894 -1108 16750 END
START 540 2224 20236 2723 -1407 17120 END
START -20 1832 20500 2570 -1722 17439 END
START -568 1532 20868 2470 -2076 17747 END
START -1132 1204 21172 2272 -2516 18019 END
START -1824 712 21512 2105 -2901 18258 END
START -2500 292 21672 1905 -3311 18421 END
START -3220 -144 21936 1729 -3683 18522 END
START -3912 -632 22396 1560 -4061 18564 END
START -4532 -1120 22492 1334 -4473 18552 END
START -5308 -1508 22668 1131 -4842 18481 END
START -5724 -2004 22680 837 -5154 18389 END
START -6416 -2300 22692 570 -5408 18184 END
START -6936 -2552 22888 298 -5500 17956 END
START -7428 -2744 22812 -1 -5653 17690 END
START -8036 -3016 23220 -270 -5752 17452 END
START -8368 -3400 23236 -569 -5851 17164 END
START -8956 -3572 23300 -847 -5948 16869 END
START -9368 -3956 23500 -1130 -6031 16604 END
START -9760 -4024 23708 -1406 -6080 16232 END
START -10392 -4180 23808 -1739 -6102 15919 END
START -10916 -4312 24076 -2036 -6149 15547 END
START -11292 -4540 24308 -2389 -6219 15181 END
START -11692 -4700 24140 -2768 -6198 14799 END
START -12148 -4988 24320 -3175 -6177 14429 END
START -12756 -5108 24176 -3606 -6110 14039 END
START -13364 -5404 24100 -4015 -5991 13619 END
START -13816 -5644 24224 -4434 -5857 13284 END
START -14280 -5712 24096 -4809 -5789 12694 END
START -14756 -5844 23840 -5150 -5673 12524 END
START -15228 -6188 23916 -5472 -5544 11907 END
START -15592 -6356 23896 -5772 -5416 11376 END
START -15948 -6548 23780 -5996 -5207 10780 END
START -16208 -6812 23632 -6286 -5065 10180 END
START -16512 -6948 23668 -6574 -4871 9514 END
START -16552 -7172 23452 -6894 -4720 8891 END
START -16848 -7420 23364 -7208 -4538 8242 END
START -16888 -7656 23280 -7517 -4437 7558 END
START -17008 -7780 23152 -7821 -4299 6895 END
START -16988 -7692 22936 -8126 -4125 6191 END
START -17020 -7640 22936 -8385 -3982 5548 END
START -17128 -7468 22816 -8705 -3805 4876 END
START -16972 -7412 22724 -9002 -3651 4215 END
START -17032 -7424 22400 -9306 -3542 3654 END
START -16860 -7412 22196 -9641 -3387 3043 END
START -16856 -7488 21964 -9956 -3285 2458 END
START -16788 -7364 21772 -10195 -3217 1862 END
START -16736 -7296 21468 -10399 -3217 1270 END
START -16672 -7220 21244 -10567 -3225 708 END
START -16508 -7100 20856 -10703 -3233 129 END
START -16424 -7016 20796 -10785 -3245 -445 END
START -16080 -7012 20640 -10857 -3273 -979 END
START -15940 -6904 20388 -10899 -3343 -1523 END
START -15768 -6652 20240 -10942 -3461 -2004 END
START -15576 -6568 20132 -10995 -3638 -2484 END
START -15272 -6332 19836 -11033 -3797 -2959 END
START -14888 -6096 19692 -11058 -4043 -3382 END
START -14612 -5984 19284 -11053 -4253 -3818 END
START -14364 -5956 19172 -11080 -4462 -4191 END
START -14128 -5728 18744 -11070 -4674 -4549 END
START -13640 -5596 18596 -11103 -4837 -4905 END
START -13212 -5548 18168 -11088 -4986 -5233 END
START -12924 -5264 17820 -11118 -5121 -5525 END
START -12572 -4976 17632 -11110 -5182 -5821 END
START -12184 -4808 17136 -11176 -5243 -6050 END
START -11868 -4488 17176 -11223 -5251 -6281 END
START -11500 -4296 16648 -11285 -5250 -6429 END
START -11104 -4124 16280 -11361 -5148 -6610 END
START -10796 -3912 15892 -11441 -5084 -6761 END
START -10484 -3912 15392 -11479 -4945 -6896 END
START -10416 -3692 15136 -11583 -4786 -7038 END
START -10120 -3656 14812 -11638 -4586 -7179 END
START -9972 -3516 14568 -11668 -4387 -7340 END
START -9884 -3396 14084 -11664 -4165 -7486 END
START -9540 -3468 13628 -11685 -3942 -7698 END
START -9352 -3348 13536 -11656 -3655 -7865 END
START -9064 -3376 12736 -11670 -3311 -7984 END
START -8748 -3252 12460 -11642 -2950 -8154 END
START -8464 -3212 11932 -11622 -2598 -8258 END
START -8356 -3204 11612 -11576 -2207 -8383 END
START -8076 -3056 11300 -11549 -1791 -8505 END
START -7876 -3028 10792 -11466 -1366 -8650 END
START -7696 -3028 10528 -11370 -927 -8784 END
START -7588 -3020 10124 -11238 -493 -8933 END
START -7448 -3004 9840 -11093 -104 -9068 END
START -7160 -3012 9696 -10882 309 -9271 END
START -6920 -3236 9292 -10701 683 -9345 END
START -6800 -3224 8944 -10447 1003 -9561 END
START -6712 -3200 8884 -10189 1349 -9709 END
START -6504 -3112 8776 -9944 1575 -9892 END
START -6472 -3156 8544 -9613 1829 -10083 END
START -6172 -3072 8272 -9292 1995 -10295 END
START -5924 -2988 8136 -9044 2156 -10463 END
START -5560 -2984 7816 -8696 2354 -10689 END
START -5236 -2964 7644 -8377 2522 -10921 END
START -4920 -2808 7436 -8025 2694 -11088 END
START -4644 -2800 7288 -7662 2884 -11266 END
START -4188 -2656 7116 -7326 3066 -11424 END
START -3864 -2428 6836 -6942 3234 -11497 END
START -3744 -2344 6812 -6584 3409 -11605 END
START -3332 -2048 6956 -6157 3544 -11650 END
START -3124 -1896 6708 -5768 3638 -11662 END
START -2920 -1712 6836 -5397 3672 -11658 END
START -2656 -1472 7020 -4990 3593 -11643 END
START -2396 -1428 7052 -4540 3509 -11545 END
START -2172 -1068 7232 -4119 3353 -11455 END
START -1876 -916 7172 -3723 3207 -11324 END
START -1472 -732 7100 -3315 2999 -11164 END
START -936 -544 7208 -2924 2873 -11002 END
START -680 -356 7340 -2596 2662 -10791 END
START -408 -196 7344 -2300 2488 -10535 END
START -48 -144 7332 -1987 2341 -10272 END
START 368 88 7192 -1742 2243 -9989 END
START 720 236 7440 -1500 2145 -9712 END
START 916 608 7260 -1289 2078 -9345 END
START 1284 884 7104 -1079 2044 -8972 END
START 1400 1076 7020 -848 2015 -8564 END
START 1728 1304 6920 -640 2077 -8155 END
START 1888 1332 7024 -444 2087 -7740 END
START 2012 1328 6800 -207 2148 -7344 END
START 2096 1420 6752 7 2235 -6981 END
START 2068 1404 6628 236 2294 -6619 END
START 2224 1480 6408 502 2347 -6297 END
START 2176 1468 6412 735 2437 -6032 END
START 2284 1564 6228 1017 2536 -5777 END
START 2252 1512 6080 1378 2615 -5587 END
START 2080 1476 6124 1679 2701 -5415 END
START 2116 1524 6180 2052 2788 -5293 END
START 2048 1504 6028 2416 2846 -5194 END
START 2052 1580 5964 2804 2910 -5102 END
START 2056 1500 6056 3127 2976 -5094 END
START 2096 1616 5944 3465 3064 -5095 END
START 2276 1512 5892 3793 3197 -5120 END
START 2156 1572 5852 4117 3265 -5124 END
START 2332 1580 5980 4412 3372 -5145 END
START 2388 1772 5996 4701 3500 -5154 END
START 2544 1688 5836 4946 3622 -5162 END
START 2688 1744 5780 5198 3783 -5128 END
START 2788 1852 5492 5427 4077 -5099 END
START 3116 1904 5716 5625 4330 -5046 END
START 3428 2044 5624 5813 4662 -4951 END
START 3608 1988 5508 6011 5042 -4852 END
START 4032 2168 5648 6167 5415 -4666 END
START 4212 2212 5820 6279 5808 -4490 END
START 4604 2324 5932 6424 6246 -4226 END
START 4620 2408 6060 6510 6628 -3925 END
START 4608 2624 6152 6575 6965 -3600 END
START 4764 2824 6676 6583 7260 -3198 END
START 4672 2828 6972 6615 7457 -2785 END
START 4772 3052 7228 6626 7611 -2338 END
START 4760 3044 7288 6620 7664 -1936 END
START 4928 3100 7612 6673 7710 -1476 END
START 4640 2912 7644 6687 7729 -1021 END
START 4604 2956 7656 6761 7726 -534 END
START 4600 3088 7632 6837 7658 -106 END
START 4360 3168 7772 6948 7518 380 END
START 4192 3184 7884 7086 7396 799 END
START 3924 3020 7972 7289 7272 1246 END
START 3620 2792 8216 7548 7041 1679 END
START 3252 2604 8268 7823 6730 2085 END
START 2872 2340 8600 8135 6331 2463 END
START 2808 2264 8744 8449 5922 2762 END
START 2380 2156 8856 8856 5449 3087 END
START 2212 2100 8664 9204 5085 3342 END
START 1940 2096 8540 9568 4707 3594 END
START 1560 2172 8720 9914 4353 3808 END
START 1436 1840 8728 10268 3987 4024 END
START 1184 1792 8688 10605 3650 4167 END
START 1020 1792 8612 10956 3407 4391 END
START 776 1744 8552 11282 3148 4552 END
START 776 1704 8512 11558 3097 4741 END
START 664 1644 8688 11709 2979 4859 END
START 556 1728 8520 12152 2977 5015 END
START 468 1800 8596 12156 2996 5137 END
START 440 1760 8588 12215 3175 5248 END
START 372 1764 8728 12656 3328 5395 END
START 348 1788 8880 12717 3514 5540 END
START 404 1756 9100 12741 3757 5687 END
START 400 1912 9164 12758 4058 5786 END
START 376 1948 9392 12908 4339 5935 END
START 228 1896 9704 12885 4582 6060 END
START 296 1748 10192 12948 4806 6188 END
START 184 1928 10440 12992 5026 6279 END
START 316 1900 10844 12973 5156 6373 END
START 408 2032 11152 12965 5329 6429 END
START 456 2244 11456 13013 5419 6553 END
START 600 2280 11744 12984 5478 6662 END
START 600 2364 12084 12967 5611 6811 END
START 720 2608 12380 12949 5721 6972 END
START 760 2700 12748 13020 5888 7197 END
START 676 3012 13088 13003 6004 7459 END
START 620 3156 13516 12920 6115 7736 END
START 480 3428 13864 12955 6163 8035 END
START 420 3672 14428 12827 6265 8360 END
START 524 3872 14732 12809 6287 8662 END
START 396 4016 14964 12694 6358 9003 END
START 288 4168 15484 12599 6447 9333 END
START 156 4368 15720 12362 6535 9628 END
START 44 4388 15984 12205 6568 9980 END
START -96 4400 16528 12028 6608 10318 END
START -96 4352 16604 12047 6696 10656 END
START -340 4492 17072 12023 6696 11038 END
START -584 4552 17296 11932 6684 11395 END
START -736 4484 17772 11569 6666 11774 END
START -1072 4320 18028 11443 6584 12069 END
START -1364 4284 18168 11339 6528 12557 END
START -1680 4160 18312 11157 6553 12639 END
START -2060 4080 18324 11013 6475 12919 END
START -2332 4032 18504 10858 6435 13433 END
START -2696 3900 18460 10771 6412 13580 END
START -3116 3728 18564 10652 6362 13842 END
START -3484 3484 18700 10596 6352 14087 END
START -3860 3300 18872 10536 6294 14216 END
START -4280 3100 19092 10466 6235 14359 END
START -4512 2944 19304 10392 6143 14466 END
START -4812 2636 19392 10276 6065 14555 END
START -5140 2400 19556 10153 6007 14631 END
START -5364 2256 19752 10027 5913 14591 END
START -5768 2160 19888 9907 5807 14586 END
START -5988 1952 20256 9782 5652 14547 END
START -6388 1900 20152 9691 5526 14450 END
START -6564 1916 20336 9589 5394 14383 END
START -7056 1848 20396 9487 5317 14294 END
START -7312 1848 20408 9357 5290 14222 END
START -7524 1676 20692 9221 5251 14175 END
START -7840 1644 20700 9076 5292 14096 END
START -8328 1636 20896 8879 5284 14066 END
START -8856 1592 21108 8721 5277 14059 END
START -9292 1352 21244 8488 5277 14059 END
START -9820 1180 21604 8301 5268 14038 END
START -10388 1124 21812 8087 5240 14035 END
START -10884 928 22132 7864 5191 13976 END
START -11336 704 22268 7630 5158 13975 END
START -12020 536 22520 7373 5135 13891 END
START -12620 356 22664 7091 5094 13881 END
START -13380 -160 22892 6803 5000 13821 END
START -14232 -500 23260 6589 4885 13757 END
START -14980 -932 23528 6302 4719 13653 END
START -15804 -1460 23640 6084 4540 13482 END
START -16872 -2196 24236 5866 4304 13296 END
START -17916 -2628 24620 5645 3908 12668 END
START -18796 -3292 24824 5423 3488 12547 END
START -19596 -3780 25080 5178 3064 11836 END
START -20404 -4376 25244 4968 2564 11177 END
START -21156 -4960 25288 4641 2096 10409 END
START -21884 -5420 25480 4366 1586 9516 END
START -22476 -5852 25492 4043 1129 8635 END
START -22932 -6300 25488 3645 649 7638 END
START -23096 -6632 25376 3271 237 6618 END
START -23224 -6784 25088 2879 -24 5591 END
START -23120 -6828 24940 2505 -203 4606 END
START -22956 -6936 24612 2048 -265 3549 END
START -22876 -6916 24348 1635 -204 2653 END
START -22696 -6776 24208 1220 -84 1757 END
START -22264 -6792 24208 835 143 958 END
START -21984 -6556 24048 425 443 258 END
START -21680 -6364 23968 53 817 -392 END
START -21500 -6056 23900 -333 1227 -953 END
START -21352 -5876 23780 -743 1598 -1540 END
START -21144 -5760 23792 -1193 1985 -2080 END
START -21152 -5568 23868 -1626 2296 -2624 END
START -20992 -5400 23916 -2048 2518 -3187 END
START -20932 -5324 24132 -2451 2688 -3730 END
START -20732 -5304 24180 -2889 2811 -4276 END
START -20648 -5196 24436 -3272 2847 -4793 END
START -20428 -5092 24544 -3615 2831 -5320 END
START -20336 -4988 24652 -4007 2751 -5846 END
START -20208 -4844 24712 -4406 2613 -6348 END
START -20064 -4736 24976 -4763 2453 -6832 END
START -19956 -4628 24848 -5136 2150 -7330 END
START -19576 -4416 24868 -5547 1890 -7848 END
START -19404 -4280 24560 -5886 1545 -8306 END
START -19024 -4080 24424 -6266 1231 -8857 END
START -18848 -3960 24368 -6602 869 -9305 END
START -18684 -3692 24236 -6931 519 -9816 END
START -18636 -3532 24060 -7251 178 -10273 END
START -18300 -3300 23884 -7551 -229 -10763 END
START -18152 -3124 23560 -7891 -611 -11256 END
START -18024 -2884 23340 -8172 -935 -11723 END
START -17896 -2748 23080 -8451 -1259 -12185 END
START -17860 -2528 22816 -8732 -1557 -12673 END
START -17784 -2312 22160 -8990 -1848 -13178 END
START -17592 -2104 21588 -9238 -2125 -13702 END
START -17212 -2088 21016 -9445 -2284 -14220 END
START -17012 -1888 20168 -9607 -2329 -14742 END
START -16988 -1800 19696 -9765 -2354 -15259 END
START -16644 -1644 19052 -9889 -2285 -15767 END
START -16512 -1468 18548 -9970 -2177 -16305 END
START -16408 -1328 17804 -10032 -2090 -16814 END
START -16144 -1320 17212 -10083 -1928 -17319 END
START -15956 -1348 16604 -10001 -1690 -17867 END
START -15808 -1344 15856 -9910 -1438 -18428 END
START -15640 -1408 15352 -9723 -1198 -18934 END
START -15636 -1484 14812 -9447 -911 -19586 END
START -15356 -1464 14292 -9131 -678 -20185 END
START -15112 -1596 13624 -8788 -465 -20815 END
START -14732 -1268 12848 -8469 -201 -21433 END
START -14036 -1032 12304 -8114 81 -22034 END
START -13632 -868 11720 -7737 445 -22560 END
START -12952 -508 10888 -7344 752 -23028 END
START -12324 -40 10248 -6949 1121 -23396 END
START -11768 488 9532 -6489 1439 -23716 END
START -10820 900 8892 -5994 1812 -23899 END
START -10080 1184 8612 -5411 2183 -24055 END
START -9276 1496 7984 -4792 2635 -24140 END
START -8464 1896 7476 -4194 3027 -24138 END
START -7564 2044 7180 -3591 3503 -24084 END
START -6648 2252 6864 -2926 3935 -24003 END
START -5676 2376 7020 -2274 4400 -23885 END
START -4888 2608 6960 -1665 4705 -23737 END
START -4084 3040 7388 -1083 4944 -23579 END
START -3364 3316 7732 -522 5034 -23360 END
START -2376 3796 8352 -75 5054 -23143 END
START -1500 4088 8680 313 4900 -22870 END
START -792 4576 9256 620 4624 -22544 END
START -4 5064 9872 860 4228 -22104 END
START 488 5324 10100 1054 3670 -21604 END
START 1364 5748 10544 1200 2985 -21072 END
START 2200 6028 10744 1384 2203 -20403 END
START 3116 6276 10816 1512 1476 -19774 END
START 4008 6500 10888 1760 563 -19067 END
START 4868 6784 10968 2004 -214 -18298 END
START 5904 7112 10936 2273 -898 -17565 END
START 6992 7380 10684 2495 -1458 -16707 END
START 8084 7768 10280 2692 -1814 -15772 END
START 9004 8164 10212 2817 -1909 -14789 END
START 9884 8600 9936 2871 -1959 -13694 END
START 10444 9188 9680 2811 -1750 -12485 END
START 11024 9668 9224 2666 -1432 -11184 END
START 11548 9964 9088 2469 -917 -9874 END
START 11804 10212 9016 2304 -345 -8584 END
START 11852 10456 9188 2086 308 -7250 END
START 11772 10372 9156 1867 927 -6022 END
START 11416 10352 9384 1635 1511 -4775 END
START 11132 10276 9412 1450 2054 -3553 END
START 10568 10112 9708 1266 2486 -2441 END
START 10156 9980 9656 1147 2857 -1442 END
START 9636 9752 9844 1097 3129 -473 END
START 8732 9472 10228 1091 3305 340 END
START 7920 9212 10600 1174 3364 1077 END
START 7068 8796 11040 1338 3288 1707 END
START 6204 8332 11636 1559 3039 2295 END
START 5388 7888 11956 1762 2768 2766 END
START 4728 7588 12376 1997 2340 3148 END
START 4036 7060 12644 2127 1858 3493 END
START 3764 6860 12796 2266 1385 3804 END
START 3368 6780 12836 2244 913 4055 END
START 3152 6612 12808 2275 499 4331 END
START 2884 6476 12824 2236 161 4599 END
START 2552 6232 12688 2242 -140 4924 END
START 2152 6012 12768 2192 -380 5267 END
START 1840 5692 12896 2128 -570 5614 END
START 1476 5404 12856 2081 -699 5918 END
START 1096 5064 12796 1972 -819 6243 END
START 812 4676 13172 1845 -927 6528 END
START 504 4444 13180 1695 -1036 6761 END
START 20 4184 13364 1499 -1193 7021 END
START -328 3764 13388 1292 -1362 7265 END
START -1008 3532 13688 1030 -1556 7479 END
START -1324 3228 13680 813 -1800 7708 END
START -2120 3004 13932 574 -2088 7893 END
START -2740 2724 13872 371 -2406 8101 END
START -3116 2396 14048 154 -2745 8262 END
START -3860 2064 13856 5 -3096 8426 END
START -4132 1780 13752 -126 -3437 8537 END
START -4496 1496 13692 -202 -3770 8607 END
START -4848 1132 13504 -227 -4023 8678 END
START -5344 836 13288 -200 -4266 8659 END
START -5560 456 13300 -171 -4481 8650 END
START -5968 192 12956 -71 -4639 8617 END
START -6300 -200 13000 11 -4774 8510 END
START -6616 -340 12924 144 -4858 8440 END
START -6880 -756 12628 284 -4958 8336 END
START -7008 -960 12632 420 -4986 8211 END