START -2196 -824 8732 26 4018 -270 END
START 1980 -728 3956 253 3382 -398 END
START -936 -2088 6456 511 3612 -118 END
START -536 -1504 9132 995 3934 -20 END
START -684 -1544 10380 1570 4058 251 END
START -1560 -1472 11228 2091 4061 521 END
START -2924 -560 12572 2568 3476 801 END
START -3520 336 13520 3002 2513 1035 END
START -3448 1136 13664 3432 1643 1270 END
START -2988 1572 13744 3903 1082 1539 END
START -3004 1108 14060 4306 695 1748 END
START -2840 132 14612 4596 123 1982 END
START -2508 -908 14708 4830 -385 2189 END
START -2172 -1788 14984 4992 -774 2340 END
START -1820 -2412 14832 5149 -1019 2395 END
START -1516 -2732 14688 5342 -1019 2268 END
START -1528 -3092 15000 5518 -843 2067 END
START -1772 -3116 15436 5723 -718 1797 END
START -2204 -3376 16052 5950 -679 1495 END
START -2392 -3620 16564 6140 -744 1157 END
START -2676 -3872 17060 6292 -837 842 END
START -2736 -3976 17720 6446 -853 483 END
START -3012 -3964 18228 6434 -904 187 END
START -3272 -3704 18860 6406 -962 -134 END
START -3376 -3572 19708 6233 -1133 -467 END
START -3564 -3392 20468 5882 -1407 -805 END
START -3668 -3288 21000 5508 -1731 -1189 END
START -3620 -3144 21212 5028 -2083 -1593 END
START -3424 -3000 21612 4520 -2391 -1943 END
START -3248 -2688 21836 3954 -2672 -2325 END
START -2824 -2480 21724 3437 -2876 -2715 END
START -2312 -2240 21752 2886 -2888 -3013 END
START -1696 -1800 21636 2323 -2779 -3254 END
START -892 -1444 21372 1686 -2348 -3330 END
START -660 -1172 21432 968 -1939 -3300 END
START -612 -536 21932 217 -1637 -3161 END
START -752 84 22188 -537 -1504 -2955 END
START -556 304 22628 -1343 -1544 -2712 END
START -484 324 22696 -2014 -1553 -2482 END
START -372 200 22936 -2643 -1695 -2202 END
START -256 112 22776 -3110 -1861 -1916 END
START -76 100 22292 -3532 -1991 -1632 END
START 88 20 22336 -3809 -1981 -1308 END
START 292 20 21948 -4000 -1945 -1014 END
START 424 -8 21676 -4114 -1947 -720 END
START 664 -168 21544 -4255 -1947 -422 END
START 824 -228 21368 -4339 -1892 -104 END
START 848 -144 21368 -4442 -1876 168 END
START 836 -268 21092 -4586 -1879 481 END
START 988 -340 20964 -4743 -1892 750 END
START 1064 -476 20844 -4898 -1960 982 END
START 1004 -684 20592 -5061 -2036 1184 END
START 1200 -1004 20388 -5228 -2057 1392 END
START 1192 -1104 20172 -5348 -2119 1524 END
START 1132 -1184 19796 -5524 -2163 1705 END
START 1096 -1288 19492 -5698 -2267 1838 END
START 1188 -1532 19016 -5843 -2353 1964 END
START 1132 -1596 18816 -5959 -2381 2012 END
START 1324 -1628 18432 -6043 -2380 2142 END
START 1428 -1840 17744 -6111 -2271 2232 END
START 1724 -1984 17412 -6191 -2146 2339 END
START 1772 -2080 17116 -6282 -2013 2396 END
START 1888 -2156 16636 -6317 -1856 2472 END
START 2032 -2316 16264 -6434 -1597 2513 END
START 2064 -2172 15940 -6494 -1435 2570 END
START 2144 -2208 15756 -6580 -1259 2617 END
START 1980 -2284 15612 -6642 -1148 2658 END
START 2284 -2392 15312 -6697 -1021 2734 END
START 2160 -2356 15308 -6761 -855 2838 END
START 2232 -2476 14972 -6851 -733 2891 END
START 2424 -2292 14640 -6885 -578 2956 END
START 2548 -2256 14748 -6947 -435 3038 END
START 2660 -2144 14440 -7021 -344 3113 END
START 2752 -2044 14588 -7103 -264 3263 END
START 2772 -1628 14168 -7251 -167 3443 END
START 2832 -1492 14172 -7354 -63 3663 END
START 2980 -1396 13848 -7479 36 3912 END
START 2904 -1240 13740 -7612 96 4246 END
START 2732 -1264 13652 -7692 97 4572 END
START 2700 -1260 13532 -7834 41 4847 END
START 2572 -1124 13108 -7891 42 5144 END
START 2408 -1144 12876 -7982 0 5409 END
START 2412 -916 12612 -8042 -7 5713 END
START 2104 -876 12232 -8074 -36 6010 END
START 2048 -812 11864 -8071 -44 6340 END
START 1760 -760 11404 -8031 -45 6662 END
START 1548 -588 11036 -7989 41 6960 END
START 1528 -752 10760 -7844 86 7269 END
START 1460 -664 10292 -7718 170 7532 END
START 1252 -716 10116 -7545 282 7845 END
START 1040 -728 9884 -7321 363 8053 END
START 820 -924 9604 -7049 381 8242 END
START 644 -1024 9680 -6776 419 8401 END
START 296 -1020 9536 -6452 280 8598 END
START 12 -768 9684 -6106 216 8773 END
START -28 -576 9512 -5800 132 8946 END
START -204 -632 9344 -5513 -20 9155 END
START -344 -724 9320 -5205 -175 9359 END
START -384 -648 9076 -4946 -361 9539 END
START -336 -784 9144 -4723 -494 9744 END
START -564 -984 8812 -4518 -666 9876 END
START -624 -1084 8464 -4267 -846 9999 END
START -840 -1016 8356 -4041 -1035 10067 END
START -1024 -1216 8196 -3736 -1198 10118 END
START -1088 -1364 7888 -3330 -1339 10134 END
START -1136 -1484 7772 -2988 -1423 10098 END
START -1196 -1636 7376 -2504 -1472 10080 END
START -1352 -1884 7240 -2047 -1452 9982 END
START -1320 -2032 6968 -1548 -1407 9869 END
START -1480 -2032 6900 -1054 -1306 9750 END
START -1448 -1940 6744 -583 -1167 9616 END
START -1300 -1808 6748 -215 -1034 9503 END
START -1384 -1744 6688 113 -829 9373 END
START -1412 -1608 6708 413 -681 9247 END
START -1464 -1568 6628 599 -571 9216 END
START -1492 -1472 6980 788 -439 9209 END
START -1344 -1424 6912 909 -331 9221 END
START -1408 -1184 7052 1020 -217 9232 END
START -1512 -1168 7080 1164 -91 9310 END
START -1676 -1096 7104 1254 48 9405 END
START -1772 -1156 7124 1468 163 9577 END
START -2016 -1152 7132 1671 256 9708 END
START -2384 -944 7236 1893 345 9829 END
START -2752 -968 7412 2153 347 9941 END
START -3080 -996 7320 2442 428 10037 END
START -3400 -1080 7464 2754 443 10168 END
START -3956 -1136 7472 3068 450 10261 END
START -4320 -1188 7548 3422 397 10332 END
START -4588 -1244 7692 3712 344 10346 END
START -4848 -1340 7736 4060 297 10338 END
START -5264 -1380 7828 4357 189 10336 END
START -5632 -1536 7828 4628 61 10324 END
START -5796 -1432 7748 4852 -92 10242 END
START -6028 -1564 7664 5050 -180 10145 END
START -6080 -1580 7760 5271 -356 10048 END
START -6172 -1712 7808 5537 -449 9851 END
START -6324 -1788 7820 5742 -535 9725 END
START -6416 -1820 7780 5966 -594 9559 END
START -6432 -1844 7712 6166 -661 9424 END
START -6436 -1948 7640 6388 -689 9274 END
START -6540 -1904 7692 6614 -725 9087 END
START -6852 -1856 7572 6832 -816 8875 END
START -6880 -2220 7644 7074 -913 8713 END
START -7124 -2504 7640 7366 -958 8549 END
START -7220 -2620 7724 7710 -982 8404 END
START -7488 -2716 7880 8080 -1031 8196 END
START -7900 -2920 7912 8507 -1049 7984 END
START -8176 -3044 8068 8928 -1161 7724 END
START -8528 -3180 8284 9364 -1177 7452 END
START -8764 -3084 8452 9822 -1238 7132 END
START -9096 -3156 8704 10241 -1313 6842 END
START -9228 -3304 8884 10623 -1363 6492 END
START -9440 -3288 9256 10948 -1432 6163 END
START -9584 -3348 9428 11272 -1465 5805 END
START -9708 -3392 9652 11485 -1464 5412 END
START -9828 -3484 9824 11705 -1469 4996 END
START -9768 -3372 10140 11971 -1401 4585 END
START -9772 -3444 10376 12063 -1295 4155 END
START -9872 -3472 10528 12082 -1258 3836 END
START -9980 -3620 10936 12092 -1200 3461 END
START -9992 -3772 11280 12058 -1167 3100 END
START -10060 -3952 11528 12037 -1150 2739 END
START -10152 -4160 11792 11839 -1178 2417 END
START -10312 -4236 12044 11998 -1185 2083 END
START -10444 -4408 12276 12119 -1174 1731 END
START -10560 -4472 12328 12130 -1255 1334 END
START -10756 -4500 12844 12142 -1283 951 END
START -11100 -4616 13024 12598 -1331 586 END
START -11300 -4648 13484 12821 -1447 184 END
START -11600 -4536 13780 13173 -1587 -152 END
START -11672 -4712 14188 13445 -1830 -520 END
START -11780 -4576 14508 13783 -2074 -930 END
START -11824 -4520 14796 14100 -2315 -1296 END
START -11832 -4356 15408 14393 -2580 -1675 END
START -11724 -4180 15668 14643 -2781 -1989 END
START -11776 -4012 15968 14839 -3042 -2319 END
START -11796 -3808 16460 14943 -3324 -2574 END
START -11708 -3612 17056 15032 -3546 -2849 END
START -11560 -3428 17552 15070 -3793 -3093 END
START -11404 -3400 17844 15052 -3949 -3370 END
START -11496 -3412 18476 15053 -4201 -3598 END
START -11452 -3508 18640 15002 -4413 -3855 END
START -11396 -3432 19100 14945 -4626 -4096 END
START -11252 -3480 19592 14861 -4824 -4382 END
START -11264 -3484 19612 14779 -4999 -4669 END
START -11300 -3352 20020 14732 -5150 -4992 END
START -11220 -3488 20456 14623 -5343 -5315 END
START -11088 -3484 20572 14572 -5441 -5682 END
START -11004 -3560 20972 14517 -5477 -6032 END
START -10672 -3720 21328 14448 -5445 -6475 END
START -10388 -3864 21480 14346 -5360 -6865 END
START -10028 -3780 21896 14172 -5159 -7277 END
START -9840 -3576 22556 13911 -5001 -7718 END
START -9468 -3596 22984 13575 -4762 -8130 END
START -8964 -3552 23136 13168 -4552 -8568 END
START -8532 -3432 23492 12751 -4186 -8995 END
START -8084 -3316 23816 12013 -3770 -9388 END
START -7488 -3148 24184 11787 -3269 -9783 END
START -7164 -2976 24600 11098 -2763 -10173 END
START -6704 -2760 24852 10457 -2189 -10467 END
START -6280 -2708 25204 9727 -1554 -10842 END
START -5772 -2632 25724 9014 -932 -11118 END
START -5396 -2316 26232 8338 -326 -11386 END
START -5216 -2184 27044 7625 157 -11587 END
START -5004 -2092 27396 6993 542 -11794 END
START -4888 -1848 27956 6363 867 -11932 END
START -4484 -1776 28372 5743 1153 -12108 END
START -4256 -1564 28948 5172 1381 -12202 END
START -4032 -1580 29456 4612 1552 -12272 END
START -3796 -1304 29960 3993 1688 -12349 END
START -3444 -1024 30260 3435 1777 -12389 END
START -3012 -880 30364 2806 1793 -12408 END
START -2632 -764 30680 2120 1836 -12394 END
START -2220 -592 30884 1526 1839 -12333 END
START -1852 -192 30880 888 1940 -12238 END
START -1600 296 31052 270 1975 -12091 END
START -1280 580 30824 -407 2040 -11911 END
START -872 896 30920 -1031 2116 -11680 END
START -524 956 30840 -1685 2150 -11430 END
START -304 1004 30824 -2316 2216 -11140 END
START -8 996 30812 -2930 2255 -10825 END
START 172 1084 30632 -3441 2324 -10546 END
START 208 1196 30536 -3938 2389 -10276 END
START 380 1344 30384 -4458 2372 -9985 END
START 476 1560 30136 -4862 2422 -9754 END
START 608 1596 30108 -5336 2439 -9443 END
START 692 1636 30068 -5776 2422 -9084 END
START 844 1720 29684 -6200 2334 -8740 END
START 884 1760 29568 -6650 2261 -8376 END
START 968 1700 29344 -7116 2219 -8056 END
START 972 1692 29196 -7506 2099 -7758 END
START 1012 1472 28956 -7876 1981 -7503 END
START 952 1376 28756 -8262 1863 -7224 END
START 988 1268 28624 -8653 1697 -7033 END
START 752 1340 28312 -9068 1523 -6842 END
START 780 1248 27992 -9444 1320 -6685 END
START 736 1100 27424 -9788 1130 -6525 END
START 568 972 27012 -10230 983 -6434 END
START 616 772 26432 -10621 824 -6350 END
START 604 764 26040 -10980 638 -6312 END
START 708 604 25392 -11335 554 -6293 END
START 792 568 24996 -11697 466 -6313 END
START 892 436 24368 -11963 461 -6326 END
START 1096 500 23664 -12248 462 -6382 END
START 1124 460 23248 -12567 538 -6401 END
START 1292 580 22588 -12794 670 -6394 END
START 1500 676 21872 -13066 820 -6373 END
START 1572 760 21568 -13301 1007 -6303 END
START 1848 684 21060 -13532 1164 -6242 END
START 1928 716 20852 -13733 1340 -6115 END
START 1808 700 20344 -13934 1439 -5991 END
START 1836 760 20232 -14110 1531 -5851 END
START 1952 688 19968 -14198 1576 -5678 END
START 1788 476 19684 -14327 1503 -5468 END
START 1856 664 19324 -14357 1391 -5237 END
START 1776 864 18928 -14404 1254 -5056 END
START 1784 984 18432 -14403 1091 -4832 END
START 1692 1036 18200 -14401 859 -4563 END
START 1588 804 17472 -14400 618 -4283 END
START 1416 784 16980 -14394 396 -3994 END
START 1468 724 16292 -14311 212 -3642 END
START 1420 440 15836 -14254 68 -3369 END
START 1180 288 15408 -14121 -41 -3114 END
START 1140 212 14980 -13970 -166 -2894 END
START 1088 196 14432 -13770 -268 -2714 END
START 1120 -56 14020 -13580 -331 -2573 END
START 972 -72 13544 -13380 -390 -2435 END
START 904 -268 13124 -13137 -334 -2290 END
START 920 -156 12700 -12940 -344 -2177 END
START 712 -184 12372 -12704 -344 -2038 END
START 728 -216 12048 -12562 -419 -1896 END
START 620 -236 11712 -12387 -422 -1775 END
START 744 -316 11552 -12185 -447 -1669 END
START 624 -420 11216 -12016 -432 -1624 END
START 820 -396 11040 -11872 -392 -1557 END
START 728 -360 10652 -11712 -398 -1507 END
START 536 -416 10540 -11628 -415 -1497 END
START 588 -236 10244 -11512 -457 -1444 END
START 568 -312 10100 -11333 -493 -1398 END
START 520 -340 9832 -11251 -530 -1327 END
START 656 -240 9648 -11109 -526 -1235 END
START 624 -336 9564 -10954 -598 -1135 END
START 600 -320 9312 -10826 -637 -1029 END
START 476 -412 9024 -10658 -702 -935 END
START 476 -312 8652 -10471 -764 -827 END
START 480 -336 8468 -10345 -772 -785 END
START 312 -284 8416 -10173 -819 -688 END
START 512 -272 7976 -9962 -862 -629 END
START 464 -128 7736 -9778 -870 -532 END
START 400 -152 7304 -9591 -905 -444 END
START 336 -132 7152 -9374 -908 -420 END
START 588 -120 6788 -9177 -910 -313 END
START 464 -32 6388 -8956 -927 -221 END
START 424 -44 6084 -8722 -878 -150 END
START 492 44 5688 -8469 -870 -59 END
START 332 20 5564 -8164 -868 -10 END
START 364 36 5228 -7860 -848 81 END
START 308 -80 4948 -7481 -781 136 END
START 412 -164 4864 -7085 -729 191 END
START 392 -116 4820 -6676 -719 238 END
START 256 -52 4384 -6218 -716 332 END
START 208 -36 4392 -5785 -631 361 END
START 340 8 4152 -5275 -644 374 END
START 220 96 4080 -4860 -606 376 END
START 160 24 3808 -4420 -611 407 END
START 228 164 3796 -3992 -592 402 END
START 164 204 3516 -3578 -537 407 END
START 424 436 3448 -3160 -520 463 END
START 336 620 3320 -2786 -413 499 END
START 336 656 3592 -2423 -338 556 END
START 452 960 3416 -2086 -256 656 END
START 464 1144 3380 -1756 -198 775 END
START 564 1164 3448 -1471 -134 951 END
START 504 1128 3340 -1189 -72 1084 END
START 448 1348 3376 -956 -39 1217 END
START 472 1480 3388 -656 12 1360 END
START 392 1352 3288 -426 59 1516 END
START 292 1292 3360 -200 127 1654 END
START 268 1236 3332 66 134 1776 END
START 176 1156 3176 317 186 1910 END
START -140 928 3112 632 240 2022 END
START -236 880 2948 927 297 2115 END
START -516 1000 2872 1229 420 2170 END
START -616 896 2784 1547 433 2235 END
START -804 892 2716 1897 521 2255 END
START -848 912 2788 2239 610 2287 END
START -1076 864 2644 2559 644 2292 END
START -1144 916 2520 2934 673 2341 END
START -1380 804 2432 3305 735 2304 END
START -1468 688 2488 3683 703 2296 END
START -1556 552 2692 4086 709 2271 END
START -1648 584 2736 4496 689 2231 END
START -1872 532 2684 4860 673 2162 END
START -1984 420 2636 5292 690 2079 END
START -1896 612 2672 5668 668 2007 END
START -2048 692 2716 6082 680 1941 END
START -1932 864 2612 6444 675 1871 END
START -1984 1052 2820 6833 725 1867 END
START -2056 1044 2880 7192 721 1834 END
START -2024 1140 2708 7535 775 1862 END
START -1920 1256 2868 7862 848 1882 END
START -1896 1340 2952 8219 908 1873 END
START -1824 1212 3072 8521 1066 1884 END
START -1844 1384 3172 8871 1145 1875 END
START -1872 1540 3392 9196 1211 1863 END
START -1832 1588 3588 9563 1324 1844 END
START -1960 1772 3740 9884 1413 1807 END
START -2032 2036 4088 10215 1437 1826 END
START -2108 1968 4332 10532 1473 1836 END
START -2120 2104 4396 10871 1448 1855 END
START -2148 2168 4620 11183 1425 1838 END
START -2160 2432 4856 11598 1437 1802 END
START -2108 2328 5052 11903 1425 1768 END
START -2084 2504 5248 12247 1488 1702 END
START -2020 2600 5528 12223 1512 1687 END
START -1812 2748 5716 12752 1595 1697 END
START -1932 2880 6040 13058 1682 1691 END
START -1960 3108 6236 13254 1786 1769 END
START -2060 3468 6432 13480 1878 1836 END
START -2184 3752 6892 13701 1941 1855 END
START -2240 3820 6968 13872 1951 1936 END
START -2404 3940 7516 14101 1937 2008 END
START -2576 3952 7736 14340 1831 2049 END
START -2760 4204 7796 14586 1774 2130 END
START -2764 4360 7952 14872 1689 2217 END
START -2856 4316 8176 15207 1637 2244 END
START -2824 4392 8388 15566 1566 2310 END
START -2816 4320 8764 15971 1533 2356 END
START -2964 4424 9040 16349 1430 2388 END
START -3036 4356 9112 16709 1367 2436 END
START -3116 4312 9348 17043 1211 2447 END
START -3040 4308 9644 17362 1095 2426 END
START -3212 4164 10088 17673 1026 2389 END
START -3208 4224 10048 17923 877 2349 END
START -3136 4084 10480 18226 808 2293 END
START -3016 4288 10624 18433 779 2241 END
START -3036 4224 10872 18619 754 2143 END
START -3148 4424 11192 18781 728 2119 END
START -3032 4504 11392 18949 717 2041 END
START -2876 4680 11552 19076 716 1987 END
START -2784 4752 11748 19228 703 1970 END
START -2808 4872 12152 19370 754 1913 END
START -2836 4952 12552 19512 800 1906 END
START -2852 5076 12876 19702 893 1926 END
START -2924 5224 13268 19847 873 1925 END
START -2996 5332 13556 19959 830 1930 END
START -2924 5512 13716 20089 830 1946 END
START -2940 5832 14284 20164 761 1907 END
START -2916 6012 14568 20238 719 1949 END
START -2804 6040 15084 20262 740 1969 END
START -2708 6276 15308 20272 708 2018 END
START -2660 6256 15636 20256 670 2152 END
START -2692 6280 16108 20233 603 2234 END
START -2736 6300 16500 20154 535 2361 END
START -2768 6252 16832 20119 461 2393 END
START -2632 6452 16984 20062 371 2494 END
START -2612 6144 17304 20015 258 2494 END
START -2472 6224 17656 19998 176 2523 END
START -2444 5956 17948 19963 116 2520 END
START -2412 5964 18028 19956 19 2504 END
START -2200 5684 18448 20014 -27 2437 END
START -1924 5508 18732 20005 -7 2386 END
START -1604 5296 18804 20015 8 2342 END
START -1396 5020 19104 19998 117 2220 END
START -1112 4924 19324 19971 249 2109 END
START -892 4936 19568 19901 506 2059 END
START -872 4960 19888 19834 667 2032 END
START -664 5008 20188 19706 907 2061 END
START -652 5072 20568 19539 1115 2087 END
START -840 5060 21076 19440 1362 2184 END
START -944 4912 21496 19330 1519 2323 END
START -968 4900 22320 19247 1745 2459 END
START -1108 4728 22892 19164 1916 2616 END
START -1472 4672 23768 19083 2122 2805 END
START -1768 4836 24500 18970 2213 2960 END
START -2164 5032 25376 18787 2219 3088 END
START -2856 5024 26152 18534 2131 3233 END
START -3216 5092 26924 18227 1978 3337 END
START -3576 5204 27844 17846 1738 3408 END
START -4156 5232 28444 17423 1425 3471 END
START -4524 5348 29000 16997 1144 3426 END
START -5004 5352 29540 16486 810 3381 END
START -5332 5308 29708 15991 378 3273 END
START -5484 5280 30016 15517 48 3129 END
START -5680 5036 30240 14983 -293 3000 END
START -5548 4904 30212 14479 -519 2793 END
START -5552 4972 29712 13835 -615 2561 END
START -5048 5152 29692 13109 -647 2262 END
START -5976 4968 30580 12580 -616 2255 END
START -5616 4832 29932 12446 -506 2421 END
START -5548 4972 30064 12509 -429 2527 END
START -5608 5036 29632 11975 -347 2520 END
START -5664 4848 29332 11810 -311 2368 END
START -5484 4620 29172 10853 -299 2095 END
START -5576 4384 29216 9912 -247 1837 END
START -5548 4156 29308 9013 -162 1703 END
START -5632 3812 29448 8202 17 1679 END
START -5544 3756 29404 7583 155 1689 END
START -5556 3516 29316 7071 315 1658 END
START -5476 3068 29400 6669 443 1583 END
START -5412 2836 29324 6272 572 1470 END
START -5612 2556 29392 5859 605 1349 END
START -5704 2524 29316 5382 484 1269 END
START -5864 2452 29032 4908 356 1149 END
START -5808 2252 28652 4363 192 1109 END
START -5896 2264 28520 3881 42 1031 END
START -5796 2148 28204 3471 -76 922 END
START -5960 1996 28016 3122 -112 914 END
START -6028 1836 27772 2864 -192 829 END
START -6004 1684 27528 2618 -242 792 END
START -6176 1640 27160 2325 -324 715 END
START -6320 1544 26744 2046 -440 653 END
START -6456 1504 26532 1632 -528 618 END
START -6556 1428 26316 1299 -645 610 END
START -6604 1404 25812 873 -667 559 END
START -6812 1124 25628 568 -726 472 END
START -6952 800 25080 238 -756 379 END
START -7108 600 24912 -7 -794 203 END
START -7360 484 24776 -232 -863 52 END
START -7484 388 24548 -423 -899 -131 END
START -7616 256 24248 -579 -988 -340 END
START -7668 300 24052 -783 -1005 -511 END
START -7804 372 23648 -1023 -1120 -672 END
START -7948 484 23476 -1266 -1210 -861 END
START -8016 448 23208 -1552 -1276 -1075 END
START -8088 492 22648 -1866 -1324 -1272 END
START -7864 388 22308 -2134 -1324 -1454 END
START -7624 268 22008 -2386 -1270 -1647 END
START -7672 312 21600 -2562 -1193 -1840 END
START -7628 284 21420 -2740 -1084 -2070 END
START -7548 296 21292 -2892 -1053 -2261 END
START -7748 368 20964 -3080 -1048 -2489 END
START -7664 388 20780 -3247 -1096 -2651 END
START -7724 544 20536 -3416 -1170 -2856 END
START -7644 424 20176 -3595 -1217 -3115 END
START -7476 560 19864 -3807 -1308 -3311 END
START -7544 512 19648 -3913 -1323 -3517 END
START -7452 548 19516 -3984 -1293 -3755 END
START -7564 808 19260 -4047 -1349 -3987 END
START -7316 872 18788 -4093 -1286 -4165 END
START -7132 1000 18528 -4120 -1178 -4324 END
START -7048 1056 18264 -4206 -1098 -4501 END
START -6948 1120 18116 -4294 -1059 -4626 END
START -6896 1288 18032 -4434 -1019 -4751 END
START -6608 1208 17756 -4583 -1012 -4937 END
START -6560 1284 17624 -4710 -979 -5084 END
START -6296 1236 17432 -4831 -940 -5195 END
START -6152 1232 17168 -4966 -926 -5342 END
START -6084 1492 17040 -5058 -849 -5480 END
START -5820 1512 16988 -5173 -821 -5598 END
START -5724 1776 16700 -5241 -809 -5708 END
START -5636 1804 16468 -5284 -741 -5769 END
START -5564 1940 16368 -5363 -720 -5830 END
START -5288 2004 16308 -5385 -597 -5885 END
START -5212 2260 16032 -5442 -546 -5928 END
START -5140 2448 15808 -5443 -438 -5962 END
START -5028 2368 15708 -5529 -360 -6021 END
START -4916 2396 15704 -5602 -272 -6068 END
START -4764 2420 15592 -5672 -161 -6147 END
START -4528 2472 15452 -5723 -71 -6243 END
START -4596 2596 15348 -5781 -21 -6299 END
START -4384 2840 15232 -5832 40 -6431 END
START -4236 2912 15160 -5896 56 -6516 END
START -4276 3116 15204 -5967 92 -6555 END
START -4096 3236 14928 -6010 41 -6603 END
START -4044 3492 15012 -6035 -35 -6599 END
START -3828 3724 14896 -6068 -56 -6627 END
START -3556 3892 14772 -6069 -132 -6641 END
START -3372 4008 14768 -6051 -190 -6606 END
START -3284 4064 14680 -6053 -218 -6574 END
START -2976 4148 14480 -6044 -307 -6506 END
START -2860 4236 14700 -6001 -400 -6447 END
START -2664 4472 14500 -5923 -388 -6355 END
START -2496 4632 14488 -5891 -424 -6318 END
START -2324 4748 14472 -5828 -430 -6261 END
START -2196 4844 14404 -5852 -459 -6172 END
START -1964 5124 14208 -5869 -443 -6088 END
START -1832 5280 14088 -5996 -433 -5969 END
START -1800 5428 13952 -6153 -472 -5881 END
START -1656 5520 14052 -6380 -537 -5736 END
START -1308 5748 13708 -6657 -565 -5548 END
START -1092 5824 13272 -6891 -552 -5395 END
START -768 5920 12980 -7184 -463 -5210 END
START -248 5912 12436 -7470 -301 -5040 END
START 104 5924 12124 -7762 -96 -4834 END
START 256 5856 11828 -8008 234 -4595 END
START 500 5864 11224 -8298 612 -4348 END
START 540 5788 10716 -8588 1098 -4132 END
START 604 5500 10176 -8818 1538 -3877 END
START 588 5296 9700 -8988 1953 -3660 END
START 260 5340 9284 -9131 2406 -3518 END
START 200 5112 8932 -9217 2650 -3378 END
START -184 4828 8208 -9175 2962 -3304 END
START -208 4564 7816 -9125 3270 -3260 END
START -396 4044 7708 -8916 3540 -3244 END
START -692 3640 7248 -8588 3819 -3297 END
START -1076 3384 6912 -8151 4038 -3374 END
START -1420 3152 6472 -7585 4271 -3541 END
START -1664 3084 6096 -6991 4455 -3716 END
START -2116 3104 5888 -6268 4664 -3932 END
START -2492 3296 6012 -5450 4803 -4174 END
START -2956 3640 6336 -4586 4937 -4450 END
START -3360 3940 6608 -3677 4858 -4633 END
START -3372 4160 6920 -2828 4712 -4847 END
START -3492 4368 7356 -1949 4598 -4980 END
START -3528 4672 8060 -1091 4443 -5075 END
START -3472 4788 8668 -321 4151 -5073 END
START -3624 4956 9904 392 3767 -5036 END
START -3676 5308 10600 977 3266 -5013 END
START -3596 5608 11788 1461 2637 -4915 END
START -3608 5820 12420 1853 1824 -4840 END
START -3444 5984 12916 2041 1033 -4734 END
START -3224 6344 13356 2225 230 -4611 END
START -3132 6536 13424 2304 -377 -4490 END
START -2724 6588 13592 2288 -983 -4356 END
START -2588 6796 13300 2213 -1399 -4222 END
START -2220 7052 13188 2052 -1566 -4121 END
START -2148 7180 13416 1862 -1759 -3943 END
START -1896 7344 13392 1684 -1947 -3840 END
START -1900 7340 13164 1437 -1995 -3681 END
START -1940 7536 13176 1211 -2014 -3582 END
START -1824 7688 13476 982 -1953 -3490 END
START -1764 7756 13400 798 -1870 -3442 END
START -1844 7908 13480 611 -1806 -3327 END
START -1812 7884 13532 448 -1674 -3187 END
START -1696 7992 13668 243 -1547 -3069 END
START -1632 7968 13888 72 -1429 -2949 END
START -1584 8004 13796 -51 -1346 -2866 END
START -1424 8044 14072 -148 -1268 -2829 END
START -1420 8352 14068 -262 -1226 -2797 END
START -1196 8136 14720 -285 -1053 -2812 END
START -1016 8052 14912 -370 -1091 -2833 END
START -948 7904 14964 -422 -1177 -2869 END
START -892 7908 15016 -493 -1098 -2901 END