START -2624 -524 15452 -2017 697 779 END
START -2320 0 11272 -2020 43 592 END
START -1560 -1232 11888 -1885 476 543 END
START -2080 -1056 13176 -1735 1020 374 END
START -2560 -924 13780 -1627 1207 198 END
START -2888 -1100 13956 -1532 1351 -32 END
START -3176 -1120 14092 -1461 1470 -277 END
START -3280 -1240 14124 -1372 1567 -536 END
START -3236 -1312 14232 -1266 1670 -771 END
START -3208 -1232 14196 -1180 1802 -1018 END
START -3240 -984 14284 -1108 1867 -1267 END
START -3144 -880 14428 -1057 1923 -1514 END
START -3224 -788 14544 -1141 1974 -1764 END
START -3344 -736 14800 -1196 1957 -1930 END
START -3340 -756 14936 -1302 1877 -2064 END
START -3356 -744 14932 -1458 1747 -2111 END
START -3208 -512 14688 -1617 1699 -2146 END
START -2984 -316 14496 -1727 1648 -2157 END
START -2852 -424 14548 -1827 1664 -2177 END
START -2752 -448 14508 -1831 1690 -2212 END
START -2396 -604 14324 -1897 1725 -2229 END
START -2256 -660 14140 -1883 1810 -2195 END
START -2036 -688 14036 -1784 1957 -2240 END
START -1828 -628 13896 -1747 2233 -2196 END
START -1732 -488 14080 -1666 2375 -2168 END
START -1756 -596 13844 -1601 2541 -2078 END
START -1664 -556 14048 -1584 2664 -2045 END
START -1660 -464 14088 -1510 2801 -1972 END
START -1704 -312 14072 -1484 2875 -1931 END
START -1628 -308 14124 -1405 2907 -1817 END
START -1676 -228 14048 -1353 2923 -1762 END
START -1656 -392 14112 -1266 2926 -1698 END
START -1616 -352 14188 -1212 2876 -1572 END
START -1584 -336 14188 -1122 2767 -1545 END
START -1704 -204 14324 -1046 2636 -1447 END
START -1556 12 14384 -961 2505 -1337 END
START -1620 -28 14236 -921 2361 -1219 END
START -1564 20 14108 -864 2226 -1094 END
START -1712 40 13944 -769 2063 -928 END
START -1720 -12 14164 -665 1888 -740 END
START -1736 -160 13848 -558 1734 -622 END
START -1892 -48 13768 -440 1550 -496 END
START -1864 -120 13800 -353 1444 -417 END
START -1792 -232 13444 -168 1341 -315 END
START -1848 -240 12996 -87 1246 -301 END
START -1972 -352 12848 93 1272 -306 END
START -2024 -384 12784 251 1284 -251 END
START -2148 -260 12604 411 1328 -323 END
START -2232 -184 12516 527 1363 -372 END
START -2360 -332 12380 592 1410 -469 END
START -2320 -260 12256 664 1468 -502 END
START -2304 -204 12148 699 1587 -618 END
START -2324 -12 11940 716 1678 -707 END
START -2236 140 11692 684 1869 -726 END
START -2340 256 11360 644 2126 -805 END
START -2220 196 11180 609 2289 -867 END
START -2348 336 11148 581 2558 -895 END
START -2320 460 10836 572 2820 -924 END
START -2296 564 10736 527 3073 -972 END
START -2244 728 10448 502 3372 -1022 END
START -2124 736 10392 425 3615 -1038 END
START -1956 840 10296 356 3906 -1064 END
START -1892 768 9952 259 4127 -1071 END
START -1940 1080 9708 218 4412 -1081 END
START -1940 1192 9532 234 4630 -1051 END
START -1700 1236 9560 262 4813 -1058 END
START -1796 1316 9516 300 4924 -1030 END
START -1836 1576 9328 396 4986 -1015 END
START -1932 1624 9424 496 4910 -955 END
START -1856 1572 9444 616 4785 -870 END
START -1872 1696 9304 791 4597 -833 END
START -1832 1832 9204 1002 4347 -781 END
START -1764 1956 9076 1234 4096 -705 END
START -1664 2248 8884 1488 3764 -600 END
START -1448 2544 8428 1712 3431 -532 END
START -1372 2824 7908 1981 3139 -374 END
START -1144 3092 7544 2218 2891 -252 END
START -768 3356 7072 2491 2638 -104 END
START -636 3464 6708 2781 2440 57 END
START -636 3644 6332 3083 2227 277 END
START -352 3644 6196 3398 2043 481 END
START -308 3808 5956 3753 1874 745 END
START -156 3928 5444 4090 1723 1043 END
START -124 3948 5076 4446 1584 1270 END
START 20 3980 4976 4842 1404 1558 END
START 0 4012 4672 5258 1270 1838 END
START 60 3956 4432 5638 1148 2134 END
START 28 3952 4548 6096 984 2397 END
START -40 3880 4084 6514 858 2667 END
START -36 3888 3744 7002 813 2940 END
START -100 3932 3620 7472 748 3184 END
START -80 3796 3492 7970 727 3429 END
START -184 3716 3512 8397 770 3618 END
START -364 3652 3412 8941 827 3765 END
START -376 3648 3460 9325 909 3932 END
START -388 3696 3656 9741 960 4079 END
START -748 3764 3632 10073 1013 4150 END
START -964 3836 3864 10360 1009 4276 END
START -1152 3852 3856 10635 1062 4348 END
START -1312 3916 4080 10882 1059 4347 END
START -1392 3896 4260 11149 1091 4392 END
START -1680 3960 4520 11456 1077 4364 END
START -1728 4168 4680 11765 1040 4382 END
START -2008 4360 5096 11728 990 4338 END
START -2128 4380 5216 12176 874 4355 END
START -2604 4372 5516 12255 667 4295 END
START -2744 4520 5836 12750 480 4327 END
START -2852 4436 6096 13095 174 4309 END
START -2936 4516 6332 13425 -112 4303 END
START -2976 4612 6444 13809 -395 4272 END
START -3144 4616 6516 14183 -644 4256 END
START -3168 4580 6832 14564 -949 4219 END
START -3280 4688 6756 14955 -1165 4183 END
START -3348 4724 6824 15323 -1326 4158 END
START -3284 4856 6808 15725 -1459 4090 END
START -3096 4792 6736 16123 -1417 4012 END
START -2976 4680 6988 16476 -1328 3925 END
START -2920 4688 7100 16797 -1178 3805 END
START -2912 4808 7432 17018 -981 3713 END
START -2772 5048 7808 17221 -802 3575 END
START -2908 5032 8304 17358 -614 3383 END
START -2932 5156 8752 17464 -438 3248 END
START -2960 5448 9256 17485 -224 3087 END
START -2968 5692 9652 17491 -36 2928 END
START -2968 5912 10212 17480 107 2810 END
START -3188 6228 10692 17499 305 2689 END
START -3280 6368 11200 17482 513 2593 END
START -3416 6592 11588 17439 701 2561 END
START -3632 6804 11932 17445 908 2506 END
START -3992 7084 12284 17442 1087 2440 END
START -4040 7208 12880 17474 1328 2378 END
START -4184 7328 13368 17502 1508 2343 END
START -4456 7452 14064 17588 1646 2298 END
START -4528 7484 14720 17640 1708 2267 END
START -4760 7536 15368 17701 1720 2185 END
START -4980 7580 16452 17747 1670 2090 END
START -5008 7524 17096 17767 1542 1978 END
START -5076 7596 17844 17749 1362 1767 END
START -4852 7536 18288 17708 1240 1626 END
START -4740 7676 18856 17554 1113 1421 END
START -4520 7872 19468 17344 1021 1248 END
START -4372 8132 19796 17053 1060 1071 END
START -4108 8352 20368 16696 1019 930 END
START -3712 8336 20680 16312 1112 889 END
START -3576 8352 20904 15898 1211 854 END
START -3324 8428 20968 15469 1356 853 END
START -2952 8468 21288 15100 1548 856 END
START -2884 8540 21416 14703 1764 886 END
START -2728 8740 21464 14414 1941 960 END
START -2492 8660 21548 14037 2251 991 END
START -2584 8704 21564 13688 2459 1045 END
START -2672 8680 21952 13316 2700 1095 END
START -3000 8648 22080 13009 2918 1187 END
START -3228 8492 22080 12806 3100 1291 END
START -3580 8244 22440 12556 3287 1449 END
START -3848 8160 22632 12521 3397 1526 END
START -4216 8180 23012 12561 3511 1654 END
START -4900 8420 23304 12130 3522 1774 END
START -5304 8476 23728 12022 3437 1821 END
START -5972 8488 24168 11955 3156 1911 END
START -6428 8428 24584 11996 2817 1975 END
START -6852 8320 25092 11843 2363 2088 END
START -7040 8108 25340 11599 1840 2167 END
START -7220 7800 25520 11471 1166 2312 END
START -7136 7596 26044 11382 520 2484 END
START -7076 7296 26136 11349 -74 2582 END
START -6848 7032 26020 11365 -606 2711 END
START -6612 6844 25640 11253 -1005 2818 END
START -6660 6500 25756 11296 -1309 2966 END
START -6576 6472 25616 11240 -1462 3059 END
START -6388 6268 25096 11227 -1573 3120 END
START -6100 6064 24968 11164 -1515 3034 END
START -5920 5652 24812 11036 -1416 2886 END
START -5688 5316 25068 10836 -1240 2626 END
START -5552 5136 25540 10602 -1033 2328 END
START -5380 5124 25856 10306 -851 1976 END
START -5264 5056 26204 9997 -690 1607 END
START -5108 5112 26360 9702 -567 1267 END
START -4988 5348 26808 9309 -438 878 END
START -4960 5504 27400 8953 -297 623 END
START -4620 5764 27616 8564 -198 350 END
START -4680 6028 28068 8138 -133 153 END
START -4432 6140 28252 7667 -58 1 END
START -4252 6340 28596 7181 31 -64 END
START -4176 6340 28872 6684 91 -82 END
START -4196 6468 28888 6165 193 -132 END
START -4060 6588 28904 5612 286 -90 END
START -4100 6536 29160 5074 430 -68 END
START -4072 6412 29324 4619 525 -7 END
START -4328 6544 29424 4160 564 118 END
START -4312 6500 29696 3713 540 227 END
START -4440 6516 29872 3287 488 297 END
START -4640 6396 29588 2778 434 404 END
START -4712 6296 29752 2266 343 493 END
START -4768 6256 29564 1694 245 567 END
START -4664 5972 29388 1174 198 654 END
START -4768 5696 29200 624 177 673 END
START -4704 5444 29080 198 208 640 END
START -4780 5200 28908 -247 298 603 END
START -4860 5168 28728 -633 442 544 END
START -4828 5068 28612 -1093 560 487 END
START -5152 5152 28516 -1496 672 408 END
START -5296 5332 28244 -1970 792 349 END
START -5500 5348 28380 -2470 910 312 END
START -5564 5232 28144 -2894 981 272 END
START -5916 5140 28188 -3347 1058 242 END
START -5944 5060 27916 -3720 1111 210 END
START -6212 4948 27708 -4114 1145 137 END
START -6140 4856 27548 -4444 1178 -8 END
START -6356 4608 27364 -4741 1215 -163 END
START -6476 4524 27532 -4991 1184 -326 END
START -6448 4520 27184 -5226 1176 -518 END
START -6520 4636 27088 -5422 1146 -682 END
START -6492 4732 26980 -5640 1131 -836 END
START -6452 4736 26980 -5896 1104 -921 END
START -6508 4916 27064 -6123 1032 -1006 END
START -6524 5028 26924 -6423 1000 -1087 END
START -6440 5056 27048 -6750 921 -1143 END
START -6408 4984 26900 -6997 833 -1214 END
START -6348 5172 26764 -7291 745 -1290 END
START -6324 5332 26416 -7504 698 -1362 END
START -6180 5512 26416 -7713 662 -1349 END
START -6192 5500 26348 -7941 597 -1386 END
START -6284 5644 26460 -8163 553 -1378 END
START -6272 5676 26388 -8427 391 -1357 END
START -6380 5660 26508 -8665 221 -1343 END
START -6384 5664 26472 -8912 88 -1333 END
START -6284 5808 26352 -9230 -171 -1321 END
START -6356 5908 26296 -9471 -386 -1337 END
START -6328 6100 26084 -9726 -600 -1322 END
START -6148 6032 25748 -9956 -826 -1297 END
START -6020 6112 25628 -10217 -999 -1279 END
START -5924 6012 25156 -10478 -1135 -1260 END
START -5712 6164 24892 -10714 -1270 -1210 END
START -5532 6020 24792 -10938 -1435 -1233 END
START -5404 6056 24404 -11111 -1520 -1204 END
START -5284 6076 23932 -11278 -1621 -1165 END
START -5164 6200 23720 -11405 -1732 -1182 END
START -4872 6208 23448 -11554 -1750 -1171 END
START -4700 6196 23264 -11675 -1820 -1212 END
START -4476 6152 23048 -11877 -1849 -1226 END
START -4340 6144 22912 -12025 -1847 -1239 END
START -4148 6248 22452 -12170 -1835 -1263 END
START -4060 6240 22324 -12360 -1758 -1317 END
START -3940 6280 21832 -12550 -1680 -1340 END
START -3876 6324 21660 -12706 -1507 -1346 END
START -3860 6484 21404 -12833 -1343 -1347 END
START -3980 6532 21212 -12970 -1161 -1381 END
START -3992 6508 21136 -13060 -1031 -1412 END
START -4040 6496 20908 -13218 -941 -1470 END
START -3952 6336 20788 -13353 -835 -1552 END
START -3972 6440 20804 -13505 -839 -1610 END
START -3852 6572 20696 -13655 -828 -1710 END
START -3844 6640 20592 -13795 -806 -1753 END
START -3912 6808 20496 -13969 -812 -1798 END
START -3856 6848 20176 -14121 -890 -1794 END
START -3740 6772 19888 -14269 -872 -1807 END
START -3816 6776 19800 -14392 -906 -1812 END
START -3676 6816 19624 -14520 -945 -1785 END
START -3628 6760 19252 -14647 -999 -1806 END
START -3564 6708 19112 -14701 -1038 -1812 END
START -3680 6748 18832 -14777 -1068 -1804 END
START -3688 6776 18692 -14840 -1129 -1794 END
START -3696 6712 18356 -14850 -1181 -1752 END
START -3712 6652 18204 -14849 -1233 -1734 END
START -3648 6680 17800 -14864 -1341 -1707 END
START -3612 6612 17736 -14924 -1419 -1682 END
START -3780 6516 17532 -14916 -1516 -1707 END
START -3588 6676 17276 -15009 -1584 -1744 END
START -3532 6756 17120 -15058 -1714 -1760 END
START -3520 6592 16912 -15144 -1778 -1742 END
START -3556 6636 16848 -15168 -1882 -1765 END
START -3516 6564 16492 -15229 -1889 -1751 END
START -3560 6536 16172 -15236 -2001 -1771 END
START -3472 6556 15936 -15250 -2072 -1821 END
START -3396 6504 15736 -15271 -2172 -1805 END
START -3340 6588 15416 -15269 -2234 -1834 END
START -3252 6480 15076 -15297 -2355 -1844 END
START -3104 6468 14732 -15335 -2396 -1853 END
START -3068 6408 14424 -15328 -2503 -1884 END
START -2952 6452 13844 -15370 -2516 -1889 END
START -2952 6412 13564 -15367 -2597 -1931 END
START -2708 6396 13232 -15362 -2610 -1957 END
START -2724 6272 12828 -15333 -2624 -1995 END
START -2472 6312 12360 -15286 -2594 -2010 END
START -2404 6296 12168 -15222 -2597 -2075 END
START -2368 6296 11728 -15131 -2562 -2076 END
START -2396 6252 11128 -15099 -2554 -2087 END
START -2364 6332 10688 -15034 -2452 -2055 END
START -2152 6196 10256 -14938 -2354 -2085 END
START -2108 6048 9572 -14792 -2233 -2085 END
START -1968 5824 9276 -14639 -2124 -2139 END
START -1996 5652 9064 -14396 -1997 -2158 END
START -1980 5628 8564 -14178 -1850 -2194 END
START -1868 5500 8468 -13904 -1801 -2224 END
START -1860 5428 8200 -13645 -1746 -2271 END
START -2016 5252 7936 -13378 -1726 -2289 END
START -2064 5156 7732 -13127 -1754 -2321 END
START -1868 4944 7308 -12824 -1751 -2388 END
START -1908 4832 6972 -12545 -1714 -2399 END
START -1904 4764 6880 -12281 -1747 -2407 END
START -1844 4700 6688 -12044 -1747 -2420 END
START -1732 4804 6316 -11750 -1830 -2348 END
START -1800 4764 6032 -11519 -1880 -2285 END
START -1836 4808 5956 -11243 -2000 -2191 END
START -1676 4772 5672 -10923 -2095 -2103 END
START -1712 4556 5532 -10619 -2259 -1938 END
START -1716 4416 5152 -10273 -2376 -1794 END
START -1692 4364 4836 -9936 -2520 -1641 END
START -1744 4156 4348 -9598 -2607 -1528 END
START -1576 3976 4156 -9269 -2674 -1353 END
START -1552 3632 3760 -8958 -2761 -1227 END
START -1408 3384 3464 -8666 -2740 -1122 END
START -1460 3208 3060 -8349 -2745 -1064 END
START -1224 2988 2740 -8070 -2645 -1026 END
START -1108 2816 2336 -7769 -2591 -992 END
START -1168 2556 1928 -7412 -2385 -978 END
START -1072 2528 1944 -7117 -2241 -949 END
START -952 2416 1588 -6769 -1990 -948 END
START -808 2308 1312 -6468 -1807 -885 END
START -860 2328 1160 -6106 -1548 -840 END
START -796 2300 1152 -5774 -1288 -771 END
START -940 1964 1068 -5434 -1059 -681 END
START -788 1944 1120 -5099 -861 -631 END
START -872 1600 1136 -4743 -714 -572 END
START -1016 1520 1372 -4372 -559 -537 END
START -1108 1440 1392 -3982 -473 -476 END
START -1184 1116 1564 -3540 -408 -439 END
START -1384 1012 1848 -3135 -396 -375 END
START -1524 856 1956 -2687 -391 -358 END
START -1812 804 2256 -2249 -406 -337 END
START -2012 696 2328 -1855 -413 -416 END
START -1916 380 2616 -1413 -388 -469 END
START -1988 116 3028 -994 -299 -583 END
START -1948 20 3080 -566 -194 -712 END
START -1868 16 3412 -215 7 -799 END
START -1824 116 3636 145 192 -931 END
START -1752 140 3816 488 414 -1043 END
START -1680 332 4288 764 739 -1090 END
START -1772 336 4916 1008 978 -1113 END
START -1672 444 5696 1244 1248 -1121 END
START -1712 444 6436 1385 1456 -1119 END
START -1724 436 7144 1469 1674 -1090 END
START -1636 420 7620 1521 1894 -1065 END
START -1680 404 8252 1505 2077 -1085 END
START -1764 360 9028 1487 2321 -1082 END
START -1700 296 9832 1425 2459 -1118 END
START -1856 292 10568 1323 2596 -1108 END
START -1876 312 11128 1192 2799 -1155 END
START -2052 380 11708 1035 2928 -1142 END
START -1992 356 12028 905 3056 -1140 END
START -2112 512 12724 749 3139 -1104 END
START -2328 544 13340 629 3236 -1066 END
START -2536 636 13872 542 3290 -1007 END
START -2752 628 14372 444 3314 -929 END
START -2816 600 14744 342 3345 -821 END
START -3020 672 15212 332 3300 -750 END
START -3272 896 15664 235 3244 -638 END
START -3556 860 16156 176 3162 -523 END
START -3876 1040 16720 59 3081 -356 END
START -4100 1044 17232 5 2924 -214 END
START -4328 1112 17404 -65 2781 -58 END
START -4712 1036 17824 -150 2648 83 END
START -5040 980 18288 -199 2443 206 END
START -5364 848 18532 -317 2294 295 END
START -5604 732 19140 -409 2083 373 END
START -5940 564 19252 -498 1886 436 END
START -6188 308 19592 -640 1694 490 END
START -6468 208 19872 -797 1494 501 END
START -6740 -60 20216 -970 1279 485 END
START -7060 -244 20364 -1118 1097 444 END
START -7404 -524 20604 -1310 872 371 END
START -7392 -664 20672 -1474 676 265 END
START -7592 -884 20724 -1677 507 86 END
START -7988 -1016 20800 -1930 355 -71 END
START -8052 -1248 20760 -2102 241 -273 END
START -8308 -1368 20796 -2364 72 -469 END
START -8516 -1488 20724 -2539 -96 -715 END
START -8624 -1600 20664 -2752 -264 -914 END
START -8900 -1700 20884 -2950 -435 -1166 END
START -8988 -1776 20700 -3133 -643 -1454 END
START -9208 -1968 20748 -3274 -804 -1745 END
START -9252 -2184 20900 -3441 -1009 -2023 END
START -9376 -2228 20980 -3635 -1198 -2327 END
START -9620 -2276 20868 -3912 -1441 -2644 END
START -9720 -2364 20668 -4130 -1660 -2906 END
START -9636 -2304 20520 -4432 -1880 -3250 END
START -9676 -2328 20304 -4691 -2096 -3562 END
START -9752 -2416 20108 -4880 -2227 -3900 END
START -9724 -2708 19824 -5112 -2426 -4202 END
START -9856 -2708 19564 -5291 -2554 -4483 END
START -9796 -2776 19212 -5497 -2697 -4815 END
START -9820 -2792 18984 -5649 -2845 -5083 END
START -9780 -2904 18696 -5824 -2964 -5349 END
START -9840 -2940 18532 -5951 -3072 -5664 END
START -9724 -3104 18132 -6077 -3199 -5966 END
START -9592 -3056 17952 -6220 -3360 -6265 END
START -9544 -2980 17768 -6322 -3421 -6504 END
START -9456 -2968 17196 -6437 -3517 -6785 END
START -9372 -3088 16984 -6517 -3568 -7040 END
START -9284 -3076 16672 -6628 -3577 -7265 END
START -9248 -3060 16332 -6681 -3641 -7487 END
START -9124 -2960 15816 -6780 -3597 -7701 END
START -8988 -3040 15316 -6901 -3535 -7981 END
START -9000 -2920 14712 -6957 -3437 -8195 END
START -8912 -3036 14248 -7005 -3311 -8448 END
START -8980 -2972 13856 -7010 -3148 -8689 END
START -9000 -2760 13364 -6971 -2976 -8964 END
START -9124 -2904 12800 -6870 -2801 -9244 END
START -9244 -2748 12568 -6753 -2611 -9528 END
START -9432 -2648 12164 -6633 -2493 -9857 END
START -9448 -2696 11464 -6448 -2316 -10185 END
START -9488 -2684 11160 -6265 -2100 -10559 END
START -9312 -2632 10516 -6059 -1839 -10978 END
START -9492 -2512 10044 -5771 -1576 -11368 END
START -9492 -2680 9840 -5453 -1374 -11825 END
START -9576 -2784 9328 -5081 -1118 -12252 END
START -9540 -2992 9252 -4654 -1039 -12743 END
START -9488 -3036 9016 -4190 -955 -13211 END
START -9236 -3168 8936 -3684 -912 -13792 END
START -8920 -3228 9060 -3162 -955 -14343 END
START -8704 -3232 9264 -2661 -1075 -14849 END
START -8368 -3328 9312 -2243 -1219 -15378 END
START -8032 -3200 9356 -1874 -1448 -15807 END
START -7676 -2992 9268 -1568 -1684 -16197 END
START -7276 -2828 9208 -1226 -1951 -16502 END
START -6952 -2368 9244 -956 -2225 -16741 END
START -6644 -2264 9092 -631 -2567 -16923 END
START -6180 -1912 8840 -349 -2926 -17024 END
START -6032 -1636 8668 4 -3287 -17064 END
START -5488 -1324 8460 333 -3634 -17057 END
START -4920 -1124 8384 802 -4035 -16983 END
START -4500 -876 8148 1175 -4338 -16860 END
START -4032 -816 8016 1594 -4696 -16684 END
START -3440 -660 7752 1987 -5049 -16503 END
START -2984 -564 7516 2345 -5355 -16290 END
START -2644 -540 7368 2751 -5688 -16090 END
START -2200 -492 7040 3139 -5950 -15894 END
START -1824 -440 6796 3516 -6217 -15716 END
START -1528 -368 6552 3890 -6467 -15552 END
START -1240 -352 6364 4266 -6651 -15392 END
START -984 -164 6088 4639 -6782 -15191 END
START -440 -184 5772 5028 -6820 -15036 END
START 152 -172 5520 5405 -6706 -14911 END
START 620 -44 5360 5689 -6474 -14811 END
START 1164 140 5160 5966 -6205 -14723 END
START 1628 332 5128 6159 -5801 -14645 END
START 2052 492 5116 6238 -5374 -14549 END
START 2244 640 5012 6240 -4906 -14478 END
START 2576 756 5076 6243 -4355 -14416 END
START 2944 956 5080 6219 -3776 -14377 END
START 3204 1148 5240 6191 -3237 -14322 END
START 3444 1220 5384 6185 -2731 -14255 END
START 3720 1392 5596 6241 -2285 -14209 END
START 4032 1360 5788 6233 -1891 -14171 END
START 4388 1776 5904 6359 -1518 -14109 END
START 4612 1912 5980 6442 -1180 -14059 END
START 4860 2132 6052 6598 -925 -13979 END
START 5332 2384 6144 6759 -643 -13834 END
START 5412 2560 6200 6994 -455 -13689 END
START 5720 2864 6540 7227 -256 -13443 END
START 5888 3044 6688 7518 -128 -13180 END
START 6140 3340 6928 7840 -58 -12914 END
START 6408 3516 7144 8178 -82 -12566 END
START 6660 3852 7500 8523 -105 -12206 END
START 6720 4060 7828 8884 -185 -11818 END
START 6964 4312 8016 9251 -347 -11448 END
START 7140 4504 8348 9669 -468 -11073 END
START 7440 4756 8644 10084 -690 -10575 END
START 7732 4972 9080 10438 -874 -10124 END
START 8112 5300 9256 10765 -1045 -9590 END
START 8448 5500 9564 11074 -1226 -9058 END
START 8780 5636 9452 11347 -1283 -8502 END
START 9092 5912 9808 11526 -1315 -7960 END
START 9640 5952 9980 11922 -1272 -7401 END
START 9896 6072 10268 11750 -1191 -6853 END
START 10228 6288 10468 12126 -1059 -6273 END
START 10412 6528 10712 12088 -928 -5699 END
START 10432 6616 11028 12076 -783 -5068 END
START 10804 6768 11352 12074 -630 -4451 END
START 10836 6960 11516 12068 -413 -3780 END
START 11000 6880 11684 12074 -201 -3132 END
START 11048 6880 11928 12065 71 -2576 END
START 11152 6872 11960 12054 479 -2051 END
START 11176 6888 12360 12030 883 -1601 END
START 11100 6996 12160 12013 1345 -1158 END
START 11132 7080 12692 11876 1844 -719 END
START 11276 7208 12692 11628 2397 -240 END
START 11188 7400 13100 11409 2922 225 END
START 11068 7464 13556 11161 3403 675 END
START 10820 7356 14008 10964 3862 1093 END
START 10564 7384 14668 10754 4227 1499 END
START 10260 7324 15228 10554 4473 1826 END
START 9752 7092 15860 10384 4570 2146 END
START 9432 6988 16520 10238 4528 2383 END
START 9176 6960 17044 10108 4418 2563 END
START 9144 7004 17204 9962 4279 2698 END
START 8920 7148 17400 9896 4134 2866 END
START 9104 7316 17548 9753 3980 2986 END
START 9200 7536 17584 9678 3940 3169 END
START 9368 7624 17348 9536 3847 3427 END
START 9656 7832 17296 9456 3842 3644 END
START 9848 7960 17280 9323 3966 3896 END
START 10148 8144 17224 9217 4095 4163 END
START 10448 8432 16768 9044 4353 4479 END
START 10556 8672 16976 8921 4598 4786 END
START 10812 8948 16916 8739 4874 5213 END
START 10844 9136 16972 8574 5169 5620 END
START 11012 9444 16972 8449 5457 6076 END
START 11336 9532 16940 8281 5821 6566 END
START 11340 9508 17224 8145 6152 7047 END
START 11508 9640 17604 7984 6501 7644 END
START 11536 9580 17884 7819 6772 8234 END
START 11588 9504 17980 7636 7130 8898 END
START 11412 9368 18284 7450 7309 9578 END
START 11188 9176 18476 7302 7663 10319 END
START 11072 8992 18764 7127 7974 11083 END
START 10656 8940 19072 7038 8268 11884 END
START 10268 8744 19580 6910 8603 12704 END
START 9988 8528 19784 6800 8838 13144 END
START 9360 8452 20400 6593 9066 13950 END
START 8568 8412 21008 6419 9203 14578 END
START 7740 8284 21700 6231 9246 15159 END
START 7024 8244 22204 5982 9213 15717 END
START 6060 7964 22696 5729 9068 16178 END
START 5200 7716 23444 5441 8833 16579 END
START 4560 7416 23924 5123 8517 16886 END
START 3888 7248 24312 4788 8121 17119 END
START 3464 6928 24644 4414 7749 17222 END
START 2824 6800 24556 4008 7438 17295 END
START 2448 6756 24668 3650 7132 17300 END
START 2232 6684 24496 3217 6936 17290 END
START 1936 6668 24276 2762 6836 17313 END
START 1772 6624 24164 2358 6801 17281 END
START 1532 6540 24116 1895 6829 17294 END
START 1176 6456 23956 1409 6956 17315 END
START 816 6592 24084 947 7177 17337 END
START 492 6564 24144 485 7346 17450 END
START 20 6552 24220 -31 7486 17596 END
START -564 6528 24304 -537 7622 17737 END
START -1016 6572 24516 -1081 7681 17870 END
START -1744 6460 24752 -1588 7796 17992 END
START -1956 6260 24936 -2205 7839 18078 END
START -2448 5928 25120 -2834 7772 18224 END
START -3152 5892 25112 -3449 7702 18328 END
START -3744 5776 25256 -4076 7612 18455 END
START -4364 5568 25160 -4692 7523 18600 END
START -5068 5120 25124 -5264 7369 18747 END
START -5808 4704 25108 -5821 7167 18866 END
START -6568 4320 24924 -6359 6845 18960 END
START -7080 4008 24736 -6770 6545 18956 END
START -7728 3712 24680 -7178 6190 18895 END
START -8580 3348 24196 -7490 5808 18753 END
START -9176 3008 24064 -7811 5412 18631 END
START -9700 2588 23792 -8010 5021 18500 END
START -10384 2152 23716 -8225 4539 18336 END
START -10904 1756 23684 -8523 4053 18115 END
START -11264 1452 23284 -8833 3553 17849 END
START -11756 1244 23032 -9088 3071 17542 END
START -12076 880 22712 -9386 2560 17273 END
START -12336 420 22528 -9660 2108 16934 END
START -12748 100 22036 -9909 1638 16591 END
START -13044 -268 21548 -10091 1260 16218 END
START -13444 -584 21060 -10253 818 15784 END
START -13872 -776 20708 -10396 509 15348 END
START -14340 -1156 20016 -10506 121 14892 END
START -14760 -1564 19740 -10604 -282 14425 END
START -15096 -1996 19376 -10678 -703 13861 END
START -15480 -2364 19112 -10750 -1155 13277 END
START -16044 -2696 18672 -10720 -1651 12644 END
START -16068 -3020 18348 -10727 -2132 11959 END
START -16204 -3492 17928 -10725 -2595 11239 END
START -16480 -3672 17252 -10715 -3111 10483 END
START -16380 -3960 16788 -10670 -3473 9713 END
START -16408 -4024 15968 -10620 -3848 8920 END
START -16424 -4188 15516 -10593 -4199 8163 END
START -16280 -4376 14900 -10526 -4473 7400 END
START -16124 -4300 14340 -10455 -4775 6657 END
START -15872 -4404 13596 -10374 -5005 5902 END
START -15628 -4472 13016 -10189 -5213 5187 END
START -15260 -4464 12036 -9951 -5284 4525 END
START -14768 -4480 11492 -9626 -5305 3871 END
START -14496 -4440 10936 -9272 -5288 3228 END
START -14212 -4396 10316 -8925 -5276 2637 END
START -13864 -4480 9708 -8463 -5228 2103 END
START -13552 -4364 9224 -8086 -5159 1594 END
START -13184 -4192 8804 -7709 -5020 1073 END
START -12932 -3940 8236 -7240 -4946 580 END
START -12616 -3680 8104 -6826 -4860 138 END
START -12504 -3680 8008 -6355 -4788 -228 END
START -12120 -3680 7788 -5882 -4789 -572 END
START -11952 -3672 7764 -5423 -4869 -820 END
START -11672 -3628 7472 -4898 -4941 -1070 END
START -11588 -3496 7448 -4386 -5096 -1356 END
START -11492 -3316 7172 -3868 -5183 -1649 END
START -11132 -3412 7076 -3321 -5350 -1961 END
START -11020 -3340 6704 -2760 -5445 -2297 END
START -10724 -3156 6580 -2242 -5537 -2614 END
START -10568 -2768 6380 -1714 -5584 -2950 END
START -10212 -2600 6240 -1252 -5627 -3226 END
START -10044 -2372 5884 -796 -5540 -3543 END
START -9816 -2212 5952 -384 -5466 -3761 END
START -9468 -1980 5884 -35 -5340 -3959 END
START -9292 -1668 5868 252 -5168 -4179 END
START -8972 -1516 5696 477 -4957 -4373 END
START -8904 -1228 5768 772 -4725 -4548 END
START -8804 -968 5620 976 -4451 -4740 END
START -8528 -808 5644 1194 -4179 -4939 END
START -8516 -572 5648 1376 -3847 -5096 END
START -8428 -408 5572 1557 -3522 -5249 END
START -8528 -264 5652 1766 -3232 -5450 END
START -8820 -68 5640 1981 -2939 -5624 END
START -8788 92 5764 2207 -2672 -5826 END
START -8900 96 5696 2454 -2486 -6090 END
START -8876 144 5800 2691 -2286 -6372 END
START -8856 368 5988 3001 -2108 -6707 END
START -8876 652 6116 3255 -1988 -7031 END
START -8836 712 5976 3544 -1820 -7327 END
START -8544 1024 6000 3807 -1632 -7617 END
START -8560 1196 5916 4034 -1411 -7869 END
START -8428 1324 6108 4261 -1248 -8135 END
START -8284 1492 6060 4512 -1086 -8405 END
START -8168 1844 5932 4728 -802 -8633 END
START -8124 2100 5880 4929 -500 -8883 END
START -8144 2348 5916 5126 -159 -9120 END
START -8004 2548 5928 5350 208 -9389 END
START -7984 2860 5968 5499 535 -9644 END
START -7812 2860 6280 5658 819 -9861 END
START -7720 2972 6420 5802 1126 -10077 END
START -7596 3000 6284 5951 1396 -10294 END
START -7568 3204 6552 6149 1702 -10446 END
START -7532 3584 6676 6387 1873 -10666 END
START -7744 3700 6868 6687 2095 -10770 END
START -7712 4120 7032 6999 2231 -10898 END
START -7724 4320 7300 7301 2314 -11055 END
START -7792 4396 7316 7652 2330 -11092 END
START -7644 4572 7412 7966 2304 -11153 END
START -7496 4700 7400 8284 2302 -11179 END
START -7436 4660 7824 8629 2207 -11200 END
START -7232 4744 7640 8959 2098 -11162 END
START -7244 4868 7740 9315 2009 -11142 END
START -7188 4912 7896 9711 1828 -11075 END
START -7196 5048 7860 10127 1630 -11032 END
START -7252 5132 8004 10547 1431 -10987 END
START -7120 5236 8092 10956 1253 -10910 END
START -7012 5252 8016 11468 1080 -10925 END
START -6848 5332 8020 11869 999 -10921 END
START -6692 5304 8072 12261 860 -10921 END
START -6544 5212 8196 12272 885 -10921 END
START -6340 5388 8260 12728 847 -10983 END
START -6152 5600 8308 13037 900 -11048 END
START -5988 5832 8384 13208 1020 -11092 END
START -5728 6060 8712 13368 1115 -11148 END
START -5656 6072 8912 13508 1220 -11227 END
START -5444 6120 9140 13579 1288 -11291 END
START -5260 6268 9072 13662 1411 -11405 END
START -5048 6344 9456 13814 1562 -11542 END
START -4724 6624 9612 13958 1652 -11669 END
START -4548 6716 9792 14054 1727 -11775 END
START -4352 6936 9856 14235 1764 -11846 END
START -4088 7168 10072 14400 1842 -11905 END
START -3748 7408 10320 14618 1948 -11958 END
START -3500 7556 10552 14798 2019 -11966 END
START -3308 7744 10688 14994 2117 -11977 END
START -2952 7800 10956 15168 2189 -11944 END
START -2564 7912 11152 15378 2230 -11910 END
START -2344 7964 11400 15581 2317 -11824 END
START -1932 7984 11796 15795 2348 -11746 END
START -1760 8164 12216 15983 2426 -11684 END
START -1428 8228 12520 16140 2443 -11592 END
START -1296 8256 12656 16297 2431 -11495 END
START -792 8268 13060 16476 2419 -11380 END
START -488 8304 13392 16629 2361 -11308 END
START -180 8540 13836 16783 2311 -11255 END
START 184 8740 14156 16979 2293 -11170 END
START 488 8940 14448 17219 2167 -11078 END
START 940 9052 14928 17485 2030 -10966 END
START 1416 9268 15500 17675 1886 -10800 END
START 2012 9696 15764 17893 1695 -10645 END
START 2312 10472 16168 18155 1521 -10429 END
START 2932 11084 16616 18368 1376 -10176 END
START 3740 11416 17456 18611 1076 -9785 END
START 4408 11260 18264 18856 760 -9253 END
START 5028 11352 19164 19053 330 -8728 END
START 5732 11440 19868 19252 -140 -8131 END
START 6216 11676 20680 19381 -631 -7444 END
START 6640 11708 21384 19515 -1125 -6814 END
START 7144 11684 22012 19588 -1636 -6153 END
START 7376 11620 22572 19642 -2173 -5457 END
START 7644 11588 22764 19641 -2502 -4829 END
START 7840 11532 22908 19570 -2769 -4225 END
START 7852 11628 23136 19415 -2823 -3650 END
START 7936 11612 23236 19158 -2770 -3097 END
START 8100 11520 23208 18793 -2516 -2643 END
START 8140 11560 23172 18274 -2077 -2191 END
START 8436 11432 23252 17627 -1438 -1768 END
START 8252 11364 23180 16926 -765 -1414 END
START 8200 11240 23476 16151 47 -1102 END
START 7976 10996 23792 15279 926 -822 END
START 7720 11000 23828 14372 1747 -599 END
START 7400 10824 23892 13410 2602 -374 END
START 6996 10508 24288 12455 3457 -229 END
START 6472 10248 24344 11551 4303 -141 END
START 6084 9820 24380 10505 5024 -64 END
START 5456 9524 24236 9582 5709 -20 END
START 5072 9220 24500 8729 6344 -63 END
START 4740 9048 24744 7876 6897 -119 END
START 3900 8696 24632 7119 7221 -201 END
START 3276 8488 24676 6426 7503 -250 END
START 2544 8604 24504 5773 7717 -296 END
START 2168 8404 24456 5228 7914 -335 END
START 1808 8132 24124 4714 8058 -334 END
START 1444 7888 23908 4253 8226 -473 END
START 1152 7588 23848 3880 8308 -574 END
START 752 7236 23708 3424 8433 -766 END
START 380 6904 23796 3066 8428 -947 END
START 28 6688 23664 2707 8403 -1093 END
START -520 6340 23696 2397 8270 -1259 END
START -856 6092 23664 2049 8102 -1447 END
START -1356 5804 23844 1779 7830 -1609 END
START -1692 5624 23608 1504 7470 -1817 END
START -1964 5520 23844 1269 7105 -2040 END
START -2196 5320 23620 997 6661 -2316 END
START -2336 5248 23372 818 6231 -2566 END
START -2624 5384 23300 622 5784 -2821 END
START -2712 5556 23108 465 5333 -3116 END
START -2648 5876 23156 291 4928 -3336 END
START -2736 6120 23000 135 4457 -3555 END
START -2808 6524 23036 -16 4022 -3782 END
START -2704 7080 22644 -169 3585 -3922 END
START -2376 7760 22512 -306 3279 -4060 END
START -2172 8100 22508 -496 3045 -4111 END
START -1908 8040 22248 -708 2790 -4111 END
START -1604 8232 22280 -952 2550 -3989 END
START -1288 8168 22300 -1246 2367 -3845 END
START -832 8324 22088 -1603 2249 -3611 END