START -2152 1744 16120 -715 703 2022 END
START -2724 2064 16268 -853 -477 2154 END
START -1568 1276 14536 -810 316 2429 END
START -1072 1748 14248 -720 748 2578 END
START -1644 1484 14528 -641 901 2590 END
START -1976 888 14608 -629 1099 2610 END
START -2360 408 14704 -563 1124 2510 END
START -2508 -140 14396 -508 1302 2422 END
START -2564 -644 13920 -395 1524 2238 END
START -2528 -676 13680 -228 1926 1991 END
START -2816 -808 13368 -21 2313 1643 END
START -3068 -792 13484 241 2650 1248 END
START -3276 -864 13588 499 2981 826 END
START -3512 -940 13848 744 3184 425 END
START -3512 -836 13968 1023 3388 40 END
START -3464 -784 13964 1282 3532 -296 END
START -3608 -564 14132 1526 3617 -582 END
START -3484 -256 14520 1763 3715 -793 END
START -3440 -12 14612 1909 3713 -1002 END
START -3196 40 14704 2102 3781 -1105 END
START -3164 128 15148 2148 3648 -1172 END
START -3044 340 15332 2236 3551 -1202 END
START -2996 372 15704 2193 3497 -1233 END
START -2836 688 15864 2132 3359 -1210 END
START -2800 760 16024 2096 3201 -1199 END
START -2748 676 16376 1951 3049 -1132 END
START -2688 736 16380 1796 2791 -1071 END
START -2668 928 16524 1674 2605 -989 END
START -2776 1036 16484 1520 2391 -928 END
START -2804 1092 16052 1438 2196 -891 END
START -2772 1056 15876 1335 2105 -828 END
START -2864 904 15748 1310 2021 -762 END
START -2920 920 15644 1293 1985 -826 END
START -2860 1008 15424 1321 2005 -789 END
START -3048 1180 15204 1336 2014 -862 END
START -3112 1336 15232 1354 2037 -859 END
START -3116 1484 15360 1378 2008 -902 END
START -3408 1440 15704 1337 1939 -871 END
START -3292 1540 15740 1331 1784 -863 END
START -3288 1636 15864 1253 1634 -801 END
START -3216 1512 15868 1207 1436 -820 END
START -3172 1512 15892 1156 1274 -792 END
START -2972 1436 15628 1121 1180 -746 END
START -2916 1456 15332 1141 1100 -742 END
START -2756 1580 15336 1207 1088 -690 END
START -2704 1608 14924 1328 1109 -610 END
START -2652 1696 14904 1448 1099 -505 END
START -2828 2056 14900 1633 1136 -402 END
START -2840 2056 14836 1804 1157 -290 END
START -2876 2016 14740 1964 1211 -133 END
START -2952 1800 14712 2133 1243 -16 END
START -2864 1480 14740 2278 1291 36 END
START -2996 1172 14640 2407 1374 37 END
START -3104 892 14788 2521 1411 -33 END
START -3348 760 15028 2655 1456 -151 END
START -3376 776 15296 2736 1388 -279 END
START -3508 912 15360 2833 1327 -364 END
START -3496 948 15444 2946 1280 -454 END
START -3416 996 15456 3008 1172 -534 END
START -3464 956 15460 3078 1089 -588 END
START -3276 952 15512 3143 962 -552 END
START -3160 972 15616 3178 823 -557 END
START -3196 1056 15440 3195 716 -530 END
START -2976 972 15272 3238 607 -451 END
START -2772 940 15192 3274 574 -387 END
START -2884 1080 15376 3266 531 -327 END
START -2968 1320 15252 3255 461 -307 END
START -3048 1656 15336 3237 405 -295 END
START -2984 1576 15260 3213 369 -257 END
START -3032 1572 15448 3150 285 -231 END
START -3040 1640 15376 3128 191 -171 END
START -2944 1580 15396 3116 101 -137 END
START -2996 1640 15232 3093 66 -30 END
START -3108 1748 15200 3098 47 30 END
START -3108 1712 15100 3083 82 42 END
START -3140 1832 15332 3038 53 78 END
START -3060 1900 15156 2987 104 56 END
START -3140 2024 15228 2902 129 104 END
START -3104 2200 15320 2798 219 142 END
START -3180 2304 15628 2704 314 109 END
START -3228 2324 15464 2573 397 154 END
START -3028 2392 15532 2467 525 136 END
START -2924 2304 15704 2314 622 115 END
START -3060 2296 15808 2158 750 144 END
START -2948 2312 15828 2004 897 82 END
START -3024 2292 15876 1836 1004 91 END
START -3124 2356 15760 1681 1112 40 END
START -3108 2560 15868 1580 1230 30 END
START -3096 2660 15916 1445 1295 5 END
START -3328 2640 15952 1390 1359 -2 END
START -3248 2724 16172 1345 1329 60 END
START -3420 2836 16288 1378 1264 135 END
START -3344 2792 16360 1381 1158 204 END
START -3260 2616 16396 1512 923 297 END
START -3348 2444 16432 1542 755 351 END
START -3308 2424 16748 1692 528 402 END
START -3300 2488 16788 1775 260 441 END
START -3336 2668 16992 1911 -57 503 END
START -3484 2836 16956 2044 -397 549 END
START -3460 2724 17264 2167 -749 703 END
START -3416 2612 17076 2269 -1122 798 END
START -3456 2384 17120 2345 -1474 905 END
START -3476 2080 16748 2387 -1731 964 END
START -3316 2004 16536 2491 -1944 951 END
START -3348 2004 16632 2532 -2076 909 END
START -3392 1868 16452 2614 -2106 824 END
START -3452 1908 16240 2640 -2108 714 END
START -3376 1960 16112 2682 -2047 641 END
START -3312 2004 15952 2711 -1882 561 END
START -3076 2020 16204 2713 -1744 458 END
START -3048 2076 16016 2676 -1507 410 END
START -3000 2104 16120 2610 -1278 399 END
START -2960 2176 16340 2531 -991 377 END
START -2912 2184 16400 2426 -668 380 END
START -3060 2324 16604 2351 -403 351 END
START -3004 2140 16624 2294 -95 330 END
START -2884 2100 16920 2224 208 304 END
START -3072 2064 17228 2143 525 275 END
START -2992 2104 17380 2062 787 251 END
START -2972 1932 17828 2003 1035 211 END
START -2984 1884 18184 1899 1234 209 END
START -3004 1808 18348 1834 1426 185 END
START -3108 1780 18828 1723 1535 141 END
START -3072 1712 19020 1623 1718 133 END
START -3212 1588 19352 1555 1742 58 END
START -3244 1552 19356 1450 1857 29 END
START -3320 1364 19516 1315 1923 -47 END
START -3484 1576 19760 1211 1990 -131 END
START -3476 1508 19920 1100 2037 -158 END
START -3640 1620 19924 1013 2109 -189 END
START -3712 1728 20052 897 2141 -250 END
START -3792 1740 20028 838 2154 -259 END
START -3860 1752 20144 763 2156 -266 END
START -3912 1864 20308 681 2147 -229 END
START -4016 1920 20304 650 2071 -197 END
START -4132 2180 20364 609 2058 -137 END
START -4404 2144 20292 635 1982 -81 END
START -4512 2084 20288 651 1950 -21 END
START -4624 1832 20488 675 1822 26 END
START -4628 1776 20660 696 1698 69 END
START -4796 1700 20760 681 1563 102 END
START -4924 1684 20888 713 1392 143 END
START -5076 1540 20788 716 1238 119 END
START -5092 1420 20920 737 1094 92 END
START -5044 1292 20872 699 929 65 END
START -4932 1092 20964 684 869 29 END
START -4684 1000 20884 604 829 -51 END
START -4508 796 20768 589 880 -112 END
START -4152 836 20724 493 987 -175 END
START -4044 808 20708 417 1100 -223 END
START -3776 676 20888 322 1214 -274 END
START -3592 820 20956 242 1356 -256 END
START -3456 796 21112 179 1435 -228 END
START -3320 712 20932 70 1577 -246 END
START -3264 644 21108 -39 1611 -195 END
START -3096 704 21056 -182 1730 -200 END
START -3196 864 21316 -284 1872 -199 END
START -3340 768 21428 -353 1859 -137 END
START -3488 692 21608 -389 1763 -72 END
START -3568 712 21576 -456 1627 -4 END
START -3892 568 22004 -448 1343 89 END
START -4120 656 22184 -462 1055 171 END
START -4168 760 21824 -493 824 269 END
START -4336 788 21660 -492 569 373 END
START -4400 792 21472 -454 368 457 END
START -4488 408 21276 -409 243 539 END
START -4616 56 21260 -333 75 688 END
START -4864 -272 21188 -228 -39 738 END
START -4732 -496 21016 -123 -150 830 END
START -4740 -664 20948 15 -258 811 END
START -4516 -848 21044 84 -328 837 END
START -4692 -868 20780 166 -359 833 END
START -4584 -764 20908 234 -240 815 END
START -4496 -796 20748 247 -117 829 END
START -4352 -928 20868 237 44 857 END
START -4208 -988 21220 153 197 910 END
START -4236 -732 21164 51 451 958 END
START -4168 -512 21440 -130 686 955 END
START -3920 -512 21976 -320 926 1035 END
START -3888 -676 22424 -589 1120 1088 END
START -3976 -784 23004 -886 1216 1154 END
START -4112 -808 23420 -1246 1321 1191 END
START -4364 -780 23728 -1634 1370 1240 END
START -4448 -680 24032 -2031 1305 1222 END
START -4528 -644 24584 -2420 1231 1231 END
START -4924 -668 24976 -2830 1065 1188 END
START -5200 -636 25360 -3185 878 1164 END
START -5512 -608 25616 -3563 553 1068 END
START -5712 -488 25760 -3951 189 989 END
START -5944 -356 25824 -4309 -149 886 END
START -6036 -212 25868 -4717 -511 706 END
START -6124 -140 25804 -5110 -885 593 END
START -6224 68 25376 -5523 -1138 415 END
START -6224 236 25116 -5937 -1355 210 END
START -6152 456 24804 -6302 -1502 4 END
START -6108 504 24544 -6605 -1590 -181 END
START -6000 700 24420 -6906 -1740 -319 END
START -5992 1088 24328 -7139 -1888 -416 END
START -5780 1372 24180 -7424 -2006 -509 END
START -5792 1596 23876 -7630 -2175 -491 END
START -5656 1668 23824 -7859 -2339 -515 END
START -5592 1840 23624 -8086 -2524 -481 END
START -5556 1948 23240 -8325 -2650 -433 END
START -5508 2144 23132 -8487 -2810 -427 END
START -5408 2396 22816 -8713 -2925 -353 END
START -5476 2396 22276 -8838 -3010 -321 END
START -5520 2372 21920 -8963 -3079 -274 END
START -5300 2304 21768 -9072 -3118 -282 END
START -5384 2312 21488 -9170 -3155 -274 END
START -5152 2312 21144 -9291 -3133 -333 END
START -5140 2372 20752 -9386 -3029 -390 END
START -5092 2424 20620 -9532 -2972 -489 END
START -5096 2540 20624 -9740 -2907 -573 END
START -5052 2712 20456 -9974 -2882 -707 END
START -5196 3008 20408 -10267 -2867 -806 END
START -5172 3016 20036 -10548 -2837 -907 END
START -5220 3044 19912 -10863 -2866 -1004 END
START -5144 3176 19680 -11089 -2931 -1117 END
START -5076 3176 19488 -11357 -3012 -1235 END
START -5140 3264 19140 -11614 -3090 -1326 END
START -5144 3364 18704 -11845 -3173 -1472 END
START -5056 3424 18312 -12107 -3325 -1564 END
START -5152 3700 17884 -12313 -3447 -1724 END
START -4960 3660 17240 -12527 -3535 -1828 END
START -4708 3728 16640 -12774 -3529 -1937 END
START -4552 3816 16084 -12991 -3459 -2075 END
START -4256 3920 15540 -13189 -3283 -2165 END
START -3908 3904 14872 -13350 -3151 -2303 END
START -3696 3892 14536 -13491 -2968 -2409 END
START -3584 3884 13908 -13619 -2874 -2524 END
START -3444 4008 13384 -13674 -2728 -2591 END
START -3460 3796 13000 -13676 -2692 -2675 END
START -3440 3932 12700 -13684 -2671 -2720 END
START -3396 3808 12480 -13610 -2694 -2833 END
START -3416 3728 12124 -13497 -2840 -2937 END
START -3160 3640 11652 -13376 -2945 -3015 END
START -3120 3548 11180 -13234 -3119 -3095 END
START -2956 3580 10520 -13048 -3190 -3141 END
START -2860 3652 9908 -12870 -3276 -3230 END
START -2536 3596 9188 -12650 -3295 -3244 END
START -2288 3468 8656 -12453 -3222 -3294 END
START -1960 3280 8180 -12167 -3157 -3280 END
START -1800 3132 7772 -11950 -3086 -3301 END
START -1612 3056 7568 -11664 -2992 -3303 END
START -1532 3024 7440 -11474 -2887 -3358 END
START -1476 2920 7036 -11245 -2833 -3293 END
START -1196 2712 6880 -11043 -2752 -3356 END
START -1032 2692 6560 -10857 -2688 -3358 END
START -976 2660 6424 -10702 -2575 -3331 END
START -852 2368 6124 -10455 -2528 -3319 END
START -768 2372 6040 -10329 -2463 -3323 END
START -588 2136 5748 -10158 -2393 -3288 END
START -632 1816 5644 -9970 -2357 -3328 END
START -420 1776 5648 -9824 -2263 -3325 END
START -560 1680 5308 -9671 -2205 -3359 END
START -760 1712 5268 -9506 -2155 -3415 END
START -736 1780 4992 -9383 -2107 -3469 END
START -768 1568 4780 -9209 -2085 -3506 END
START -828 1380 4304 -9032 -1970 -3614 END
START -804 1300 3900 -8828 -1823 -3741 END
START -676 1136 3528 -8612 -1572 -3887 END
START -756 1116 3260 -8337 -1257 -4081 END
START -704 1096 2888 -8024 -936 -4280 END
START -644 1292 2844 -7749 -584 -4414 END
START -508 1592 2732 -7402 -142 -4529 END
START -368 2188 2744 -7085 275 -4667 END
START -224 2532 2720 -6838 668 -4729 END
START 164 2432 3056 -6565 999 -4678 END
START 316 2276 3328 -6355 1261 -4538 END
START 548 2460 3484 -6214 1451 -4206 END
START 624 2656 3560 -6034 1612 -3847 END
START 516 2820 3948 -5833 1672 -3420 END
START 560 2892 4188 -5608 1580 -2946 END
START 452 2504 4572 -5367 1472 -2508 END
START 388 2104 4520 -5005 1235 -2095 END
START 448 1820 4648 -4655 979 -1631 END
START 496 1612 4744 -4258 712 -1231 END
START 424 1400 4524 -3780 435 -873 END
START 392 1164 4576 -3311 188 -528 END
START 456 852 4608 -2847 -56 -204 END
START 336 492 4244 -2366 -232 116 END
START 304 460 4196 -1857 -297 364 END
START 324 228 4068 -1339 -365 646 END
START 204 -144 4172 -826 -298 850 END
START 236 -308 4192 -415 -261 1026 END
START 204 -744 4516 50 -125 1175 END
START 124 -1116 4748 424 38 1225 END
START -68 -1252 4984 769 212 1282 END
START -40 -1192 5136 998 332 1244 END
START -208 -1264 5564 1235 565 1219 END
START -376 -1468 6000 1407 728 1185 END
START -656 -1544 6372 1565 886 1140 END
START -784 -1416 6980 1665 1026 1097 END
START -1108 -1480 7396 1771 1132 1047 END
START -1088 -1512 7540 1856 1235 1004 END
START -1320 -1504 7828 1913 1338 968 END
START -1416 -1496 8168 1939 1505 909 END
START -1388 -1352 8052 1902 1715 874 END
START -1400 -1372 8196 1942 1976 790 END
START -1464 -1348 8304 1909 2200 749 END
START -1512 -1404 8320 1898 2519 708 END
START -1664 -1452 8804 1908 2767 632 END
START -1680 -1500 8976 1930 3053 593 END
START -1700 -1560 9256 1975 3323 530 END
START -1804 -1488 9608 2014 3499 537 END
START -1680 -1544 10004 2028 3657 520 END
START -1596 -1596 10208 2041 3756 522 END
START -1476 -1492 10588 2039 3866 583 END
START -1420 -1404 11060 1957 3936 664 END
START -1452 -1448 11596 1914 4013 816 END
START -1368 -1528 11740 1765 4052 937 END
START -1536 -1660 12076 1697 4075 1091 END
START -1616 -1740 12336 1619 4056 1220 END
START -1772 -1876 12708 1579 4017 1349 END
START -1912 -1960 13100 1573 3881 1478 END
START -2136 -2152 13432 1557 3681 1577 END
START -2296 -2228 13732 1614 3464 1682 END
START -2396 -2396 13856 1700 3233 1734 END
START -2704 -2420 14168 1829 2956 1849 END
START -2804 -2588 14436 1919 2647 1858 END
START -2984 -2524 14540 2061 2363 1891 END
START -3144 -2620 14848 2104 2097 1970 END
START -3324 -2636 14984 2211 1863 2006 END
START -3536 -2528 15280 2280 1648 2036 END
START -3696 -2436 15544 2337 1497 2107 END
START -3968 -2408 15700 2350 1269 2167 END
START -4112 -2460 15868 2395 1154 2217 END
START -4396 -2528 16180 2378 955 2229 END
START -4380 -2768 16332 2375 797 2266 END
START -4708 -2700 16336 2378 693 2231 END
START -4976 -2824 16464 2386 655 2140 END
START -5092 -2848 16720 2389 605 2091 END
START -5316 -3068 16856 2349 584 1956 END
START -5300 -3108 17124 2291 643 1824 END
START -5416 -3424 17384 2195 679 1657 END
START -5520 -3424 17664 2093 732 1449 END
START -5580 -3412 17884 1906 860 1241 END
START -5440 -3416 17912 1707 1043 968 END
START -5292 -3352 18152 1482 1265 767 END
START -5220 -3356 18328 1194 1580 534 END
START -5108 -3276 18532 868 1878 353 END
START -5100 -3220 18836 558 2181 145 END
START -5196 -3232 19032 173 2489 -48 END
START -5380 -3084 19404 -168 2649 -173 END
START -5388 -3156 19728 -497 2862 -309 END
START -5564 -3156 19912 -801 2900 -479 END
START -5720 -3228 20084 -1038 2911 -557 END
START -5828 -3200 20508 -1244 2781 -641 END
START -5992 -2980 20488 -1380 2680 -718 END
START -6136 -2920 20596 -1490 2500 -752 END
START -6060 -2852 20724 -1575 2231 -735 END
START -6204 -2832 20948 -1615 2028 -735 END
START -6296 -2728 20932 -1702 1782 -654 END
START -6280 -2668 21104 -1795 1565 -606 END
START -6396 -2800 21252 -1904 1296 -521 END
START -6492 -2896 21304 -2035 1132 -434 END
START -6624 -2896 21580 -2162 911 -409 END
START -6704 -3032 21452 -2336 764 -337 END
START -7000 -2956 21564 -2522 533 -358 END
START -7336 -3016 21504 -2716 341 -357 END
START -7516 -3032 21636 -2935 179 -366 END
START -7744 -3132 21912 -3180 -2 -453 END
START -8000 -3276 21900 -3419 -168 -539 END
START -8160 -3336 22016 -3712 -349 -701 END
START -8308 -3476 21948 -3987 -536 -862 END
START -8364 -3424 21932 -4309 -697 -1043 END
START -8504 -3584 21924 -4689 -823 -1265 END
START -8640 -3636 21892 -5035 -932 -1488 END
START -8588 -3696 21852 -5410 -1047 -1758 END
START -8656 -3716 21500 -5765 -1126 -1994 END
START -8724 -3852 21496 -6128 -1228 -2223 END
START -8920 -3668 21164 -6430 -1272 -2478 END
START -8872 -3600 21068 -6793 -1357 -2687 END
START -8948 -3388 20596 -7094 -1408 -2869 END
START -8980 -3396 20344 -7383 -1392 -3072 END
START -9104 -3524 20276 -7644 -1449 -3205 END
START -9048 -3580 19808 -7959 -1421 -3426 END
START -9068 -3736 19600 -8203 -1390 -3571 END
START -9176 -3772 19424 -8420 -1359 -3692 END
START -9364 -3832 19244 -8693 -1330 -3862 END
START -9460 -3780 18884 -8883 -1348 -3958 END
START -9536 -3880 18888 -9113 -1327 -4093 END
START -9736 -3908 18484 -9352 -1387 -4185 END
START -9824 -3964 18288 -9543 -1398 -4274 END
START -9928 -4244 18016 -9744 -1451 -4361 END
START -10108 -4564 17488 -9953 -1456 -4460 END
START -10460 -4880 17092 -10154 -1436 -4588 END
START -10620 -5168 16528 -10306 -1430 -4790 END
START -10820 -5504 16096 -10465 -1404 -5008 END
START -11012 -5844 15408 -10588 -1296 -5364 END
START -11136 -6204 14928 -10653 -1179 -5712 END
START -11196 -6588 14192 -10651 -1024 -6163 END
START -11216 -6648 13800 -10587 -792 -6609 END
START -11328 -6748 13096 -10536 -556 -7074 END
START -11228 -6820 12692 -10396 -301 -7554 END
START -11200 -6808 12172 -10265 -59 -8056 END
START -10892 -7008 11848 -10154 212 -8511 END
START -10768 -6932 11520 -10062 566 -8962 END
START -10452 -6912 11068 -10030 873 -9425 END
START -10356 -6796 10792 -9954 1241 -9825 END
START -10240 -6616 10616 -9880 1588 -10244 END
START -9976 -6464 10356 -9850 1870 -10651 END
START -9716 -6316 10264 -9781 2049 -11024 END
START -9524 -6316 10016 -9713 2200 -11375 END
START -9260 -5972 9940 -9609 2360 -11652 END
START -8968 -5976 9852 -9504 2423 -11935 END
START -8756 -5848 9748 -9440 2395 -12235 END
START -8736 -5832 9660 -9323 2272 -12436 END
START -8380 -5644 9464 -9225 2147 -12702 END
START -8396 -5508 9076 -9083 1927 -12945 END
START -8248 -5452 8724 -8917 1619 -13196 END
START -7912 -5288 8168 -8704 1400 -13426 END
START -7592 -5124 7740 -8452 1206 -13660 END
START -7104 -4904 7312 -8165 1050 -13877 END
START -6996 -4892 6644 -7880 948 -14057 END
START -6684 -4688 6136 -7570 894 -14199 END
START -6484 -4420 5648 -7242 852 -14366 END
START -5968 -4344 5136 -6883 825 -14465 END
START -5776 -4308 4628 -6515 799 -14600 END
START -5408 -4244 4120 -6051 770 -14736 END
START -5264 -4064 3708 -5583 780 -14819 END
START -5132 -3952 3648 -5030 698 -14901 END
START -4992 -3952 3424 -4450 511 -14981 END
START -4724 -4000 3336 -3841 290 -15098 END
START -4564 -3996 3140 -3191 -18 -15166 END
START -4240 -3872 2976 -2536 -354 -15303 END
START -4100 -3896 2808 -1872 -692 -15437 END
START -3648 -3860 2560 -1146 -1057 -15644 END
START -3344 -3664 2660 -411 -1427 -15755 END
START -3164 -3380 2548 305 -1767 -15901 END
START -2760 -3304 2248 1019 -2132 -16048 END
START -2356 -3100 2028 1704 -2437 -16120 END
START -1872 -2844 1908 2378 -2705 -16224 END
START -1348 -2624 1860 3009 -2926 -16290 END
START -1052 -2468 1668 3595 -3043 -16385 END
START -496 -2340 1664 4193 -3154 -16464 END
START -152 -2092 1564 4704 -3189 -16517 END
START 256 -1992 1536 5230 -3241 -16631 END
START 836 -1772 1500 5750 -3259 -16682 END
START 1156 -1696 1576 6283 -3304 -16746 END
START 1576 -1320 1700 6847 -3328 -16786 END
START 2144 -1052 1628 7357 -3359 -16857 END
START 2400 -756 1888 7838 -3318 -16796 END
START 2776 -332 1828 8368 -3318 -16747 END
START 3336 68 2164 8806 -3211 -16636 END
START 3892 612 2224 9297 -3210 -16488 END
START 4296 944 2380 9697 -3112 -16279 END
START 4376 1384 2700 10115 -3011 -16093 END
START 4884 1632 2960 10506 -2972 -15857 END
START 5184 1592 3280 10858 -2939 -15639 END
START 5540 1636 3508 11218 -2930 -15356 END
START 5956 1660 3660 11536 -2892 -15102 END
START 6232 1868 3916 12148 -2889 -14864 END
START 6596 2128 4124 12253 -2764 -14676 END
START 6832 2376 4284 12314 -2671 -14429 END
START 7192 2684 4536 12826 -2428 -14182 END
START 7108 2920 4804 13043 -2177 -13939 END
START 7236 2956 5212 13312 -1968 -13652 END
START 7448 2940 5616 13567 -1767 -13466 END
START 7664 3000 6112 13837 -1514 -13281 END
START 7852 3036 6496 14062 -1333 -13107 END
START 8020 3292 6736 14275 -1118 -12953 END
START 8352 3504 7208 14436 -907 -12787 END
START 8444 3864 7644 14658 -777 -12560 END
START 8800 4064 8096 14826 -560 -12280 END
START 9072 4244 8724 15021 -455 -11967 END
START 9232 4604 9220 15187 -399 -11596 END
START 9436 4836 9660 15473 -349 -11184 END
START 9860 5184 10264 15653 -338 -10768 END
START 9940 5396 10760 15944 -369 -10310 END
START 10124 5656 11340 16155 -382 -9796 END
START 10396 5900 11800 16356 -482 -9269 END
START 10528 6024 12432 16486 -607 -8633 END
START 10796 6228 12984 16649 -748 -8039 END
START 10816 6328 13476 16748 -884 -7415 END
START 11016 6344 13796 16796 -1026 -6779 END
START 11272 6548 14196 16883 -1182 -6152 END
START 11600 6508 14312 16971 -1266 -5512 END
START 11920 6648 14668 16984 -1274 -4904 END
START 12236 6716 14864 16972 -1156 -4254 END
START 12320 6844 15256 16893 -1052 -3595 END
START 12536 6996 15600 16779 -812 -2933 END
START 12400 7000 15892 16593 -561 -2266 END
START 12364 6956 16240 16348 -216 -1622 END
START 12428 6796 16440 16084 88 -1144 END
START 12400 6656 16844 15821 552 -645 END
START 12396 6544 17228 15453 1019 -234 END
START 12340 6752 17720 15130 1533 156 END
START 12292 6648 18032 14715 2011 487 END
START 12284 6748 18644 14247 2472 844 END
START 12276 6908 19100 13807 2924 1203 END
START 12240 7020 19600 13310 3361 1570 END
START 12332 7232 20012 12760 3761 1979 END
START 12368 7064 20612 12166 4208 2336 END
START 12448 7072 20944 11864 4551 2717 END
START 12460 6988 21340 11247 4911 3092 END
START 12680 7056 21856 10618 5221 3472 END
START 12616 7256 22236 10056 5420 3847 END
START 12608 7372 22600 9416 5597 4245 END
START 12720 7508 22796 8873 5712 4655 END
START 12528 7616 23164 8270 5825 5093 END
START 12568 7812 23172 7747 5859 5495 END
START 12696 7900 23212 7176 5982 5973 END
START 12692 7936 23268 6671 6130 6460 END
START 12752 8128 23232 6157 6304 6938 END
START 12696 8188 23496 5618 6547 7427 END
START 12556 8288 23444 5094 6724 7895 END
START 12468 8456 23364 4582 6916 8381 END
START 12448 8812 23508 4010 7135 8941 END
START 12464 9116 23304 3512 7418 9543 END
START 12276 9572 23380 3010 7730 10211 END
START 12208 9824 23268 2549 8088 11017 END
START 12036 9904 23616 2116 8419 11927 END
START 11584 9876 23436 1636 8714 12746 END
START 11224 9628 23632 1220 8986 13758 END
START 10568 9440 23668 749 9231 14768 END
START 9952 9152 23764 308 9438 15725 END
START 9116 8916 23564 -145 9626 16640 END
START 8300 8456 23552 -511 9739 17449 END
START 7500 8068 23372 -835 9888 18272 END
START 6828 7412 23328 -1048 9969 18915 END
START 6068 6864 23292 -1237 10012 19573 END
START 5432 6476 23136 -1395 9942 20149 END
START 4868 6028 23076 -1467 9884 20712 END
START 4244 5828 23072 -1572 9866 21188 END
START 3564 5720 23040 -1585 9804 21636 END
START 3064 5532 22964 -1683 9656 22042 END
START 2468 5328 22908 -1778 9473 22470 END
START 1772 4920 22844 -1781 9265 22856 END
START 924 4688 23148 -1783 9057 23300 END
START 4 4268 23128 -1758 8823 23648 END
START -1028 4060 23444 -1739 8435 24045 END
START -1960 3788 23452 -1724 8089 24401 END
START -2956 3420 23524 -1682 7595 24686 END
START -3932 2912 23560 -1718 7119 24909 END
START -4964 2444 23676 -1696 6685 25031 END
START -5828 1864 23772 -1774 6189 25044 END
START -6896 1280 23684 -1826 5700 25019 END
START -7652 748 23660 -1881 5210 24870 END
START -8588 304 23636 -1932 4783 24709 END
START -9416 -248 23532 -1943 4264 24457 END
START -10416 -764 23532 -2016 3767 24212 END
START -11280 -1176 23372 -2003 3338 23979 END
START -12040 -1592 23080 -2093 2959 23694 END
START -12816 -1984 23096 -2163 2647 23357 END
START -13672 -2376 22768 -2224 2304 22959 END
START -14168 -2776 22436 -2356 2054 22540 END
START -14740 -3184 22336 -2514 1781 22030 END
START -15200 -3628 22172 -2672 1671 21482 END
START -15644 -4052 22128 -2877 1546 20927 END
START -16168 -4400 21988 -3100 1466 20398 END
START -16620 -4788 21904 -3433 1376 19855 END
START -17072 -5044 21656 -3845 1325 19297 END
START -17640 -5316 21596 -4313 1297 18709 END
START -18136 -5848 21004 -4806 1267 18103 END
START -18592 -6404 20684 -5312 1223 17394 END
START -19188 -6848 20120 -5789 1212 16607 END
START -19688 -7216 19464 -6282 1241 15694 END
START -20048 -7616 18748 -6643 1275 14748 END
START -20548 -7916 17920 -6973 1367 13709 END
START -20840 -8212 17344 -7193 1414 12791 END
START -21036 -8328 16512 -7360 1454 11588 END
START -21092 -8512 16136 -7488 1445 10503 END
START -21020 -8684 15604 -7506 1521 9427 END
START -20816 -8636 14788 -7520 1526 8373 END
START -20548 -8696 14348 -7486 1595 7368 END
START -20264 -8512 13628 -7397 1640 6413 END
START -19824 -8328 13244 -7315 1649 5493 END
START -19404 -8164 12780 -7211 1603 4646 END
START -18872 -7940 12364 -7027 1583 3865 END
START -18360 -7852 11880 -6873 1555 3184 END
START -17780 -7540 11700 -6652 1503 2519 END
START -17328 -7288 11260 -6464 1405 1970 END
START -16776 -6940 10616 -6244 1327 1456 END
START -16336 -6528 10424 -5977 1205 1047 END
START -15928 -6424 10024 -5702 1118 693 END
START -15568 -6152 9716 -5410 958 361 END
START -15444 -6088 9388 -5066 826 40 END
START -15136 -5864 9168 -4704 662 -269 END
START -14860 -5792 8768 -4342 492 -586 END
START -14552 -5552 8440 -3950 361 -953 END
START -14216 -5360 8152 -3588 223 -1314 END
START -13948 -4976 7912 -3149 67 -1640 END
START -13844 -4648 7640 -2734 -106 -1983 END
START -13604 -4456 7708 -2281 -227 -2271 END
START -13272 -4052 7524 -1829 -451 -2519 END
START -12960 -3752 7448 -1332 -667 -2795 END
START -12636 -3432 7264 -880 -865 -2988 END
START -12192 -3136 6928 -415 -1066 -3182 END
START -11940 -2796 6976 83 -1221 -3349 END
START -11568 -2532 6976 532 -1413 -3448 END
START -11268 -2160 6700 966 -1600 -3573 END
START -10808 -1804 6776 1372 -1684 -3665 END
START -10372 -1440 6748 1718 -1720 -3761 END
START -10080 -1116 6516 2071 -1700 -3817 END
START -9712 -700 6524 2334 -1631 -3858 END
START -9508 -536 6404 2581 -1524 -3950 END
START -9268 -264 6608 2743 -1353 -3994 END
START -9180 100 6448 2906 -1213 -4064 END
START -8980 336 6812 3033 -1058 -4103 END
START -9004 448 6652 3170 -940 -4191 END
START -8880 616 6664 3203 -755 -4310 END
START -8820 764 6776 3317 -670 -4405 END
START -8784 920 6828 3385 -530 -4543 END
START -8552 912 6820 3462 -410 -4754 END
START -8492 968 6796 3558 -307 -4912 END
START -8428 1188 6848 3603 -156 -5096 END
START -8172 1240 6636 3681 -23 -5264 END
START -8068 1456 6484 3767 165 -5453 END
START -7940 1640 6580 3831 320 -5645 END
START -7832 1692 6336 3938 494 -5769 END
START -7572 1760 6196 4077 747 -5905 END
START -7616 1796 6228 4216 879 -6006 END
START -7724 1848 6240 4393 1084 -6142 END
START -7540 1932 6096 4565 1256 -6296 END
START -7568 1800 6088 4826 1376 -6473 END
START -7400 1928 6016 5054 1538 -6655 END
START -7280 1964 6044 5317 1681 -6817 END
START -7116 2028 5980 5590 1853 -6995 END
START -6816 2296 6064 5835 2096 -7176 END
START -6632 2432 6068 6039 2312 -7310 END
START -6500 2436 6052 6222 2601 -7439 END
START -6272 2528 6088 6326 2901 -7552 END
START -6028 2528 6504 6414 3182 -7668 END
START -5832 2652 6696 6487 3443 -7758 END
START -5768 2560 6824 6512 3681 -7846 END
START -5552 2752 7224 6558 3886 -7939 END
START -5436 2776 7576 6628 4022 -7986 END
START -5472 2800 8080 6704 4045 -7992 END
START -5464 2752 8432 6777 4004 -8004 END
START -5476 2964 8644 6941 3870 -7955 END
START -5748 3080 9052 7098 3646 -7927 END
START -5936 3180 9420 7204 3250 -7917 END
START -6172 3192 9720 7373 2910 -7869 END
START -6276 3220 9736 7526 2465 -7875 END
START -6296 3060 9780 7636 2059 -7882 END
START -6280 3020 9832 7802 1696 -7972 END
START -6032 3000 9632 7910 1490 -8082 END
START -5812 2880 9404 8016 1338 -8257 END
START -5532 2840 9268 8067 1303 -8374 END
START -5468 2688 9232 8131 1310 -8555 END
START -5388 2708 9088 8138 1364 -8674 END
START -5300 2716 8968 8241 1394 -8787 END
START -4976 2500 8968 8324 1545 -8883 END
START -4696 2232 9016 8454 1626 -9023 END
START -4252 1980 9032 8615 1828 -9178 END
START -3668 1812 8924 8804 2055 -9349 END
START -3332 1824 8936 8952 2377 -9465 END
START -2756 2020 8952 9066 2747 -9505 END
START -2312 2320 8980 9230 3187 -9480 END
START -2092 2688 9204 9387 3631 -9323 END
START -1756 2948 9364 9550 4059 -9092 END
START -1516 3220 9804 9723 4463 -8867 END
START -1312 3316 9960 9959 4885 -8609 END
START -1392 3420 10400 10228 5322 -8340 END
START -1728 3576 11164 10541 5566 -8015 END
START -2240 3612 11788 10849 5773 -7700 END
START -2540 3644 12396 11131 5806 -7456 END
START -2788 3676 13196 11355 5759 -7275 END
START -3076 3564 13880 11573 5629 -7177 END
START -3464 3540 14596 12083 5508 -7078 END
START -3960 3548 15416 12244 5267 -6993 END
START -4384 3548 16008 12151 4917 -6975 END
START -4820 3360 16768 12634 4517 -6963 END
START -4968 3240 17184 12697 4085 -7035 END
START -4880 3264 17608 12767 3754 -7144 END
START -4904 3304 17980 12751 3428 -7293 END
START -4572 3260 18360 12860 3182 -7373 END
START -4128 3248 18440 12787 3009 -7491 END
START -3964 3204 18516 12815 2887 -7470 END
START -3660 3244 18752 12760 2882 -7480 END
START -3496 3344 18908 12666 2882 -7405 END
START -3380 3408 18988 12732 2917 -7358 END
START -3076 3300 19116 12739 2975 -7296 END
START -2780 3212 19280 12702 3049 -7197 END
START -2876 3116 19648 12637 3100 -7155 END
START -2656 2960 19860 12753 3133 -7113 END
START -2676 2952 20196 12756 3176 -7097 END
START -2600 2884 20340 12713 3187 -7143 END
START -2700 3000 20472 12692 3206 -7152 END
START -2820 2884 20732 12856 3240 -7217 END
START -2928 3220 20988 12876 3225 -7288 END
START -2860 3420 21480 12961 3210 -7288 END
START -2736 3572 21660 13063 3125 -7291 END
START -2560 3776 22168 13065 3124 -7250 END
START -2436 3996 22492 13083 3148 -7249 END
START -2292 4104 22976 12981 3163 -7252 END
START -2184 4284 23472 12801 3189 -7295 END
START -2064 4468 23972 12456 3203 -7264 END
START -1960 4932 24648 12230 3180 -7254 END
START -2016 5220 24964 11898 3222 -7156 END
START -1912 5212 25256 11385 3163 -7064 END
START -1888 5364 25632 10822 3072 -6949 END
START -1904 5380 25620 10246 2937 -6901 END
START -1848 5524 25868 9661 2787 -6842 END
START -2004 5704 25964 9152 2623 -6738 END
START -1804 5800 25744 8601 2392 -6655 END
START -2008 5820 25584 8152 2175 -6560 END
START -1884 5844 25168 7733 1932 -6421 END
START -1972 5816 24920 7396 1719 -6335 END
START -1952 5888 24676 7135 1493 -6269 END
START -1900 5728 24296 6902 1167 -6224 END
START -1920 5832 24244 6697 935 -6182 END
START -1812 5764 24040 6547 689 -6167 END
START -1752 5812 23780 6409 327 -6134 END
START -1800 5936 23808 6314 96 -6091 END
START -1800 5820 23608 6150 -187 -6070 END
START -1680 5860 23344 6007 -509 -6032 END
START -1500 5844 23340 5824 -710 -5947 END
START -1340 5908 23184 5609 -902 -5933 END
START -1088 5976 22992 5331 -1069 -5854 END
START -656 5932 22900 4987 -1150 -5815 END
START -240 6088 22800 4618 -1147 -5725 END
START -172 6148 22600 4237 -1117 -5584 END
START 184 6284 22552 3863 -1078 -5392 END
START 264 6364 22484 3500 -1009 -5182 END
START 324 6504 22464 3103 -974 -4875 END
START 476 6580 22328 2762 -966 -4531 END
START 664 6588 22260 2410 -930 -4199 END
START 872 6512 22044 2082 -892 -3849 END
START 1144 6340 21976 1728 -862 -3470 END
START 1144 6120 21736 1420 -760 -3088 END
START 1180 5968 21508 1148 -698 -2718 END
START 1388 5784 21356 845 -679 -2353 END
START 1488 5556 21332 631 -530 -1955 END
START 1344 5440 21036 385 -506 -1591 END
START 1224 5364 21108 233 -401 -1219 END