START -5716 2852 15016 396 -3170 -438 END
START -6688 3380 11960 82 -4888 -469 END
START -3740 1420 11344 -282 -4264 -382 END
START -2812 1908 12796 -610 -3354 -147 END
START -2560 1880 12944 -789 -2675 91 END
START -2528 2132 12916 -1012 -2253 290 END
START -2580 2248 12460 -1212 -2007 550 END
START -2124 2280 12032 -1396 -1507 809 END
START -1260 2456 11748 -1522 -608 959 END
START -844 2448 11532 -1584 487 1167 END
START -1088 2684 11556 -1704 1548 1346 END
START -1880 2924 11920 -1799 2195 1557 END
START -2676 3308 12472 -2005 2547 1764 END
START -3076 3236 13096 -2077 2708 1943 END
START -3872 3184 13644 -2180 2628 2131 END
START -4432 2808 14240 -2100 2310 2207 END
START -4848 2460 14504 -1906 1884 2203 END
START -5044 1780 14792 -1595 1463 2128 END
START -5424 1188 15008 -1133 1048 1988 END
START -5504 712 15256 -634 604 1806 END
START -5848 396 15540 -114 181 1599 END
START -5844 252 15920 411 -245 1364 END
START -5732 160 15476 863 -549 1188 END
START -5544 -136 15640 1272 -782 943 END
START -5436 -364 15908 1565 -980 736 END
START -5196 -668 15820 1832 -1142 521 END
START -4832 -896 15600 1977 -1184 295 END
START -4768 -960 15972 2051 -1177 22 END
START -4508 -928 15868 2083 -1206 -306 END
START -4376 -980 15980 2073 -1045 -665 END
START -4288 -1116 16028 2027 -982 -1095 END
START -4248 -1100 16052 1925 -911 -1489 END
START -4224 -960 16124 1799 -842 -1939 END
START -4312 -620 15960 1631 -943 -2306 END
START -3880 -380 15544 1413 -852 -2683 END
START -3828 -80 15156 1244 -682 -2993 END
START -3708 -64 14940 1069 -573 -3180 END
START -3688 372 14372 942 -222 -3272 END
START -3796 1000 14288 899 13 -3281 END
START -3920 1284 14292 885 280 -3236 END
START -3976 1484 14308 957 506 -3060 END
START -4184 1868 14516 1080 749 -2843 END
START -4276 2308 14568 1168 921 -2638 END
START -4620 2636 14956 1309 1012 -2395 END
START -4580 2792 15092 1352 958 -2125 END
START -4636 2548 15440 1382 895 -1875 END
START -4500 2224 15800 1383 662 -1572 END
START -4364 2020 15636 1305 498 -1328 END
START -4204 1648 15720 1280 269 -1097 END
START -4024 1596 15932 1248 57 -933 END
START -3964 1436 15932 1237 -43 -821 END
START -4168 1412 16060 1245 -179 -726 END
START -4200 1556 16016 1252 -323 -603 END
START -4268 1512 16352 1265 -571 -483 END
START -4480 1572 16432 1253 -781 -316 END
START -4740 1384 16568 1329 -1074 -171 END
START -4956 1348 16580 1350 -1412 38 END
START -5028 1368 16488 1397 -1684 181 END
START -5000 1364 16576 1514 -1997 290 END
START -5012 1224 16480 1610 -2245 334 END
START -5092 1020 16476 1734 -2490 427 END
START -5152 1120 16532 1887 -2708 503 END
START -5124 1144 16520 2029 -2907 592 END
START -5256 924 16412 2172 -3058 645 END
START -5360 740 16492 2292 -3227 764 END
START -5340 584 16432 2417 -3360 841 END
START -5564 148 16576 2545 -3444 899 END
START -5844 100 16292 2739 -3490 951 END
START -5916 -148 16476 2885 -3609 978 END
START -6100 -456 16404 3055 -3607 923 END
START -6496 -588 16484 3213 -3703 826 END
START -6988 -640 16792 3307 -3849 728 END
START -7276 -844 16612 3421 -3953 558 END
START -7456 -1064 16744 3462 -4024 445 END
START -7700 -1344 16756 3448 -4117 274 END
START -8020 -1552 16816 3465 -4121 74 END
START -8084 -1760 16764 3459 -4078 -166 END
START -8204 -2124 16828 3447 -4093 -429 END
START -8236 -2464 16648 3415 -3986 -701 END
START -8164 -2676 16648 3397 -3795 -1041 END
START -8376 -2436 16724 3362 -3572 -1372 END
START -8560 -2200 16660 3319 -3400 -1717 END
START -8824 -2176 16856 3264 -3193 -2114 END
START -9040 -1880 17132 3182 -3142 -2457 END
START -9220 -1776 17140 3042 -2997 -2731 END
START -9368 -1624 17480 2887 -2873 -2995 END
START -9220 -1572 17668 2701 -2844 -3223 END
START -9148 -1360 17948 2508 -2747 -3395 END
START -9048 -1368 18156 2309 -2673 -3586 END
START -8960 -1476 18076 2030 -2598 -3699 END
START -8716 -1480 18332 1804 -2458 -3873 END
START -8676 -1460 18396 1526 -2389 -4003 END
START -8516 -1320 18556 1238 -2283 -4215 END
START -8352 -1468 18640 947 -2111 -4398 END
START -8280 -1564 18784 714 -1961 -4555 END
START -8188 -1656 19200 428 -1808 -4729 END
START -8304 -1476 19368 190 -1725 -4854 END
START -8176 -1444 19736 -19 -1659 -4947 END
START -8228 -1460 19892 -167 -1661 -5044 END
START -7968 -1584 20120 -316 -1720 -5112 END
START -7660 -1672 20208 -413 -1676 -5127 END
START -7604 -1552 20392 -525 -1604 -5166 END
START -7540 -1692 20588 -656 -1533 -5182 END
START -7284 -1628 20560 -785 -1527 -5183 END
START -7076 -1624 20656 -929 -1443 -5232 END
START -6976 -1676 20724 -1080 -1380 -5254 END
START -6952 -1572 20936 -1177 -1332 -5277 END
START -7016 -1572 21028 -1314 -1297 -5306 END
START -7016 -1492 21360 -1421 -1326 -5334 END
START -7120 -1480 21160 -1568 -1358 -5398 END
START -7088 -1400 21272 -1652 -1412 -5463 END
START -7056 -1504 21340 -1785 -1389 -5521 END
START -6828 -1576 21076 -1924 -1344 -5584 END
START -6808 -1540 20888 -2039 -1137 -5712 END
START -6724 -1336 20520 -2208 -920 -5820 END
START -6528 -1344 20248 -2372 -658 -5948 END
START -6380 -1336 19760 -2538 -285 -6134 END
START -6264 -1512 19724 -2674 211 -6357 END
START -6072 -1520 19600 -2803 728 -6590 END
START -5980 -1644 19452 -2920 1253 -6800 END
START -5844 -1608 19596 -3018 1807 -7062 END
START -5948 -1708 19880 -3089 2280 -7286 END
START -5864 -1560 19984 -3153 2618 -7587 END
START -5648 -1380 20120 -3254 2915 -7857 END
START -5560 -1124 20368 -3336 3179 -8174 END
START -5312 -700 20600 -3493 3418 -8491 END
START -5104 -440 20684 -3637 3520 -8796 END
START -4808 -320 20852 -3812 3613 -9023 END
START -4648 -328 21032 -3997 3614 -9245 END
START -4276 -68 21152 -4171 3615 -9428 END
START -3932 -8 21228 -4338 3664 -9586 END
START -3512 220 21276 -4461 3714 -9667 END
START -3180 192 21252 -4496 3799 -9764 END
START -2904 480 21312 -4651 3888 -9816 END
START -2664 776 21460 -4735 3944 -9842 END
START -2600 1156 21564 -4843 4046 -9870 END
START -2156 1476 21576 -4985 4024 -9844 END
START -2196 1596 21504 -5135 4048 -9780 END
START -1876 1988 21452 -5330 3958 -9687 END
START -1668 2096 21580 -5472 3986 -9547 END
START -1404 2240 21708 -5641 3952 -9397 END
START -1072 2540 21628 -5828 3908 -9276 END
START -832 2808 21628 -6056 3848 -9072 END
START -732 3036 21552 -6320 3705 -8866 END
START -572 3300 21700 -6573 3531 -8605 END
START -584 3312 21396 -6842 3280 -8351 END
START -392 3404 21328 -7064 3049 -8086 END
START -288 3464 20900 -7257 2874 -7828 END
START -192 3580 20500 -7425 2742 -7542 END
START -200 3392 20228 -7524 2575 -7328 END
START -228 3456 19944 -7617 2457 -7101 END
START -176 3444 19812 -7636 2320 -6881 END
START -236 3356 19604 -7617 2189 -6653 END
START -180 3348 19344 -7619 2064 -6410 END
START -544 3264 19444 -7629 1862 -6133 END
START -588 3236 19516 -7659 1604 -5832 END
START -644 3256 19376 -7678 1293 -5568 END
START -736 3048 19252 -7677 998 -5274 END
START -784 2968 18980 -7639 710 -5083 END
START -668 2592 18720 -7646 450 -4924 END
START -724 2408 18440 -7631 266 -4770 END
START -964 2424 18192 -7569 102 -4737 END
START -1104 2472 18080 -7518 -22 -4676 END
START -1460 2448 17776 -7495 -228 -4658 END
START -1996 2400 17548 -7486 -413 -4629 END
START -2172 2292 17328 -7466 -615 -4629 END
START -2196 2132 17292 -7469 -851 -4693 END
START -2252 2160 16876 -7496 -1019 -4778 END
START -2268 2016 16548 -7571 -1103 -4899 END
START -2048 2056 16236 -7624 -1064 -5120 END
START -1796 1896 15888 -7729 -944 -5358 END
START -1596 2044 15584 -7923 -836 -5614 END
START -1740 2116 15348 -8135 -763 -5836 END
START -1396 2340 15016 -8399 -623 -6074 END
START -1268 2764 14884 -8689 -488 -6277 END
START -1164 3052 14544 -8955 -387 -6442 END
START -912 3428 14200 -9319 -274 -6592 END
START -940 3548 14076 -9653 -186 -6633 END
START -548 3588 13800 -9967 -83 -6667 END
START -404 3652 13688 -10208 33 -6651 END
START -260 3576 13440 -10438 99 -6523 END
START 36 3572 13404 -10611 152 -6452 END
START 204 3656 13176 -10744 133 -6314 END
START 472 3704 12940 -10851 119 -6243 END
START 496 3840 12584 -10908 81 -6088 END
START 672 4000 11980 -10969 -36 -5952 END
START 900 4204 11756 -10965 -197 -5751 END
START 1132 4284 11140 -10956 -312 -5541 END
START 1216 4408 10784 -10891 -410 -5239 END
START 1484 4492 10372 -10756 -491 -4945 END
START 1808 4684 9920 -10532 -465 -4586 END
START 2064 4516 9552 -10275 -430 -4195 END
START 2208 4284 9628 -9996 -475 -3832 END
START 2384 4092 9420 -9677 -465 -3391 END
START 2508 3964 9524 -9318 -496 -2959 END
START 2624 3904 9456 -8935 -619 -2467 END
START 2548 3756 9268 -8585 -741 -1989 END
START 2648 3768 9084 -8208 -900 -1529 END
START 2616 3812 8880 -7869 -1026 -1090 END
START 2640 3740 8828 -7490 -1189 -663 END
START 2524 3776 8484 -7288 -1310 -240 END
START 2668 3736 8400 -7031 -1369 177 END
START 2688 3640 8072 -6883 -1357 627 END
START 2676 3524 7908 -6755 -1354 1081 END
START 2744 3264 7372 -6704 -1291 1563 END
START 2680 3080 7056 -6612 -1137 1982 END
START 2724 2944 6648 -6541 -924 2344 END
START 2764 2760 6156 -6453 -620 2700 END
START 2672 2404 5876 -6322 -327 2967 END
START 2324 2312 5644 -6209 38 3234 END
START 1980 2096 5528 -5986 331 3493 END
START 1528 1900 5448 -5798 559 3733 END
START 1152 1740 5256 -5574 788 3987 END
START 916 1568 5296 -5289 971 4224 END
START 368 1456 5296 -5026 1076 4423 END
START -112 1084 5144 -4763 1174 4625 END
START -532 816 5176 -4437 1220 4825 END
START -876 412 5344 -4101 1299 4921 END
START -1356 16 5412 -3755 1332 5028 END
START -1472 -308 5352 -3438 1306 5096 END
START -1796 -684 5404 -3058 1311 5086 END
START -2144 -888 5380 -2764 1295 5080 END
START -2492 -1232 5240 -2436 1320 4996 END
START -2724 -1436 5280 -2137 1430 4856 END
START -3020 -1472 5132 -1827 1479 4732 END
START -3376 -1656 4944 -1499 1567 4510 END
START -3600 -1600 4864 -1227 1738 4304 END
START -3884 -1580 5084 -979 1885 4113 END
START -4260 -1604 5132 -759 2074 3974 END
START -4400 -1656 5404 -525 2245 3834 END
START -4732 -1912 5428 -280 2420 3704 END
START -5124 -2088 5692 -130 2576 3642 END
START -5316 -2116 5792 84 2827 3575 END
START -5828 -2260 6012 272 2984 3456 END
START -6324 -2392 6220 432 3085 3336 END
START -6444 -2640 6248 635 3164 3235 END
START -6728 -2700 6500 754 3156 3034 END
START -7000 -2920 6596 919 3199 2888 END
START -7240 -3076 6492 1096 3185 2669 END
START -7508 -3208 6740 1298 3202 2474 END
START -7752 -3360 6864 1496 3296 2274 END
START -8108 -3468 6860 1754 3353 2100 END
START -8268 -3408 7216 2063 3377 1932 END
START -8512 -3612 7380 2399 3453 1779 END
START -8708 -3864 7748 2779 3514 1610 END
START -8964 -4052 7900 3128 3559 1487 END
START -9108 -4112 8144 3498 3573 1360 END
START -9488 -4104 8236 3823 3614 1173 END
START -9632 -4296 8692 4147 3560 1019 END
START -9716 -4832 8888 4423 3547 785 END
START -9820 -5164 9340 4656 3595 570 END
START -9984 -5376 9592 4907 3697 263 END
START -9980 -5484 9596 5177 3814 -81 END
START -9956 -5716 10204 5465 4056 -466 END
START -10168 -5808 10640 5673 4295 -848 END
START -10440 -5824 11416 5874 4505 -1209 END
START -10696 -5920 11864 5987 4591 -1558 END
START -10936 -5744 12540 6055 4624 -1837 END
START -11000 -5704 12996 6023 4591 -2122 END
START -11104 -5748 13632 5902 4516 -2315 END
START -11332 -5788 13884 5822 4392 -2561 END
START -11372 -5748 14384 5690 4170 -2732 END
START -11644 -5776 14784 5583 3881 -2904 END
START -11776 -5980 15088 5459 3584 -3041 END
START -11848 -6108 15624 5476 3230 -3191 END
START -11956 -6036 15828 5439 2876 -3330 END
START -12112 -5844 15924 5467 2496 -3479 END
START -12320 -5892 16040 5502 2169 -3540 END
START -12308 -6012 16292 5580 1846 -3649 END
START -12572 -6028 16384 5646 1594 -3704 END
START -12608 -6136 16336 5763 1449 -3805 END
START -12656 -6144 16500 5864 1339 -3936 END
START -12716 -6196 16324 5980 1329 -4106 END
START -12828 -6336 16544 6048 1316 -4349 END
START -12824 -6484 16716 6141 1302 -4653 END
START -12900 -6408 16840 6146 1354 -5027 END
START -12944 -6388 17304 6166 1434 -5424 END
START -12960 -6124 17492 6129 1448 -5867 END
START -12792 -6016 17672 6002 1416 -6278 END
START -12864 -5796 18056 5834 1398 -6780 END
START -12720 -5712 18492 5664 1323 -7214 END
START -12640 -5396 18660 5426 1260 -7743 END
START -12252 -5300 18956 5179 1165 -8170 END
START -11980 -5032 19144 4964 1055 -8663 END
START -11612 -4828 19512 4705 972 -9129 END
START -11192 -4344 19724 4505 935 -9571 END
START -10740 -4108 19832 4260 835 -9938 END
START -10336 -3780 20040 4002 730 -10292 END
START -9940 -3252 20412 3742 560 -10542 END
START -9496 -3068 20256 3460 363 -10802 END
START -8996 -2840 20460 3229 294 -10969 END
START -8620 -2552 20348 2999 170 -11160 END
START -8116 -2332 20436 2788 5 -11333 END
START -7844 -1844 20556 2603 -127 -11473 END
START -7460 -1440 20348 2405 -275 -11571 END
START -7092 -1032 20572 2216 -506 -11618 END
START -6712 -652 20420 2023 -674 -11616 END
START -6160 -456 20268 1782 -840 -11572 END
START -5624 -228 20168 1588 -1047 -11550 END
START -5204 -148 20132 1345 -1216 -11492 END
START -4620 76 19656 1093 -1354 -11441 END
START -4220 464 19488 897 -1462 -11379 END
START -3700 452 19216 668 -1493 -11279 END
START -3216 552 19020 469 -1616 -11195 END
START -2768 712 19012 276 -1701 -11064 END
START -2304 796 18928 83 -1841 -10881 END
START -1964 836 18664 -45 -1884 -10714 END
START -1520 920 18648 -213 -2007 -10498 END
START -1100 1088 18228 -341 -2092 -10285 END
START -568 1000 18116 -441 -2113 -10091 END
START -304 1100 17712 -556 -2148 -9875 END
START 52 1212 17552 -610 -2161 -9651 END
START 428 1120 17288 -676 -2203 -9459 END
START 820 1144 16960 -707 -2212 -9216 END
START 1180 1300 16872 -737 -2272 -8988 END
START 1244 1464 16568 -797 -2260 -8763 END
START 1512 1416 16272 -842 -2271 -8500 END
START 1768 1512 15980 -918 -2285 -8234 END
START 2188 1476 15580 -974 -2203 -7939 END
START 2340 1556 15364 -1026 -2171 -7624 END
START 2544 1572 15216 -1053 -2037 -7328 END
START 2788 1520 15180 -1139 -1964 -6978 END
START 2920 1424 14820 -1144 -1808 -6656 END
START 2980 1432 14724 -1198 -1808 -6358 END
START 3160 1356 14568 -1241 -1693 -6035 END
START 3120 1316 14396 -1252 -1661 -5750 END
START 3260 1232 14188 -1306 -1608 -5446 END
START 3436 1276 13952 -1305 -1581 -5186 END
START 3432 1200 14028 -1346 -1569 -4905 END
START 3600 1212 13580 -1386 -1536 -4655 END
START 3688 1228 13500 -1366 -1556 -4360 END
START 3816 1264 13068 -1316 -1559 -4110 END
START 3940 1220 13008 -1289 -1491 -3786 END
START 4072 1160 12852 -1205 -1468 -3469 END
START 3996 1160 12876 -1126 -1473 -3133 END
START 4068 1092 12660 -1061 -1513 -2837 END
START 4128 928 12484 -953 -1525 -2500 END
START 4136 956 12412 -869 -1597 -2204 END
START 4100 932 12172 -817 -1599 -1886 END
START 4056 880 11868 -736 -1591 -1622 END
START 4008 1064 11736 -675 -1512 -1315 END
START 3912 1124 11528 -634 -1442 -1061 END
START 3944 988 11308 -554 -1301 -800 END
START 3816 988 11352 -551 -1128 -502 END
START 3636 780 11100 -515 -982 -275 END
START 3500 656 10892 -501 -842 -56 END
START 3348 580 10864 -490 -725 120 END
START 3168 484 10608 -490 -588 270 END
START 2884 276 10520 -445 -477 373 END
START 2780 156 10236 -410 -377 448 END
START 2628 76 10096 -367 -198 483 END
START 2520 -40 9840 -355 -76 482 END
START 2436 -4 9700 -326 135 482 END
START 2216 -88 9452 -279 298 420 END
START 2200 40 9196 -232 535 400 END
START 2240 -80 9088 -197 807 400 END
START 2260 28 8888 -169 1063 405 END
START 2160 -76 8808 -132 1369 467 END
START 2036 -52 8912 -90 1587 513 END
START 1944 -120 9036 1 1780 567 END
START 1740 -4 8956 54 1923 668 END
START 1672 -68 9236 148 2004 730 END
START 1464 0 9212 292 2027 828 END
START 1268 -92 9320 441 1981 891 END
START 1196 96 9440 587 1900 981 END
START 1196 72 9408 765 1805 1104 END
START 1196 216 9348 919 1673 1227 END
START 1020 388 9112 1082 1630 1402 END
START 1072 560 9080 1221 1607 1560 END
START 1196 776 9100 1386 1615 1775 END
START 1040 928 8960 1511 1667 2023 END
START 1056 832 8992 1621 1695 2250 END
START 984 860 9200 1696 1726 2508 END
START 872 780 9336 1796 1694 2766 END
START 816 900 9480 1900 1672 3011 END
START 664 872 9560 1972 1585 3234 END
START 528 768 9732 2058 1468 3417 END
START 352 808 9660 2146 1303 3581 END
START 324 744 9640 2226 1149 3733 END
START 196 808 9588 2353 1010 3855 END
START 260 848 9468 2468 881 3962 END
START 144 880 9288 2649 755 4072 END
START 52 896 9276 2844 721 4179 END
START 100 896 9028 3037 670 4328 END
START 48 756 8984 3254 632 4444 END
START -68 740 9112 3467 637 4574 END
START -28 848 9212 3649 634 4682 END
START -148 732 9128 3844 594 4794 END
START -216 704 9136 3994 670 4895 END
START -28 752 8976 4136 610 4933 END
START 0 772 9092 4205 668 5003 END
START -20 828 8760 4313 730 5099 END
START -88 952 8684 4334 814 5122 END
START -176 948 8508 4390 944 5211 END
START -268 1036 8520 4387 1068 5285 END
START -368 848 8316 4476 1196 5371 END
START -520 932 8384 4579 1316 5441 END
START -732 916 8532 4724 1465 5524 END
START -952 872 8608 4886 1554 5634 END
START -1192 792 8720 5081 1579 5747 END
START -1344 836 8812 5340 1557 5815 END
START -1604 732 8936 5566 1592 5922 END
START -1768 748 8780 5846 1571 6015 END
START -1992 740 8868 6058 1533 6082 END
START -2228 636 8848 6317 1564 6126 END
START -2272 672 8792 6542 1555 6198 END
START -2540 684 8920 6767 1566 6231 END
START -2856 480 8992 6979 1530 6330 END
START -2968 432 8996 7245 1535 6337 END
START -3344 308 9200 7431 1522 6369 END
START -3632 424 9304 7695 1509 6393 END
START -4004 408 9312 7915 1484 6420 END
START -4212 348 9728 8136 1494 6408 END
START -4436 244 9972 8342 1467 6390 END
START -4624 256 10148 8489 1418 6319 END
START -4928 212 10300 8652 1314 6249 END
START -5188 184 10540 8777 1198 6173 END
START -5304 228 10632 8836 1059 6121 END
START -5712 192 10700 8942 887 5996 END
START -5832 140 10916 9048 768 5937 END
START -6052 180 10716 9119 650 5790 END
START -6092 172 10896 9213 574 5641 END
START -6116 148 10712 9297 570 5472 END
START -6232 128 10472 9367 530 5301 END
START -6428 88 10480 9468 550 5097 END
START -6468 128 10256 9569 586 4920 END
START -6632 40 10216 9657 674 4653 END
START -6600 -56 10188 9789 848 4449 END
START -6600 -60 9948 9884 962 4215 END
START -6856 -224 10116 10008 1047 3987 END
START -6752 -328 10144 10125 1220 3687 END
START -6600 -340 10136 10281 1387 3392 END
START -6716 -416 10104 10433 1582 3076 END
START -6476 -408 10128 10617 1712 2765 END
START -6632 -236 10228 10812 1877 2489 END
START -6484 -116 10256 10990 2005 2222 END
START -6512 -104 10472 11225 2108 2069 END
START -6372 48 10496 11311 2246 1908 END
START -6300 128 10628 11521 2379 1842 END
START -6112 176 10676 11616 2460 1762 END
START -6032 408 10676 12009 2570 1634 END
START -5708 548 10880 11866 2665 1557 END
START -5532 820 10784 12053 2868 1472 END
START -5264 908 10772 12110 3126 1353 END
START -4880 924 10692 12083 3497 1337 END
START -4544 740 10380 12083 4014 1326 END
START -4252 600 10196 12068 4696 1299 END
START -4028 544 9972 12054 5561 1315 END
START -4168 248 9916 12054 6571 1263 END
START -4092 168 9996 12009 7506 1238 END
START -4228 276 10052 11996 8535 1109 END
START -4648 260 10312 11647 9630 971 END
START -5320 -44 10644 11870 10591 809 END
START -6016 -272 11324 11634 11479 670 END
START -6816 -636 11932 11774 12379 522 END
START -7780 -772 12744 11948 13067 375 END
START -8732 -776 13592 12096 13221 215 END
START -9728 -848 14256 12215 13141 -20 END
START -10664 -896 15216 12136 13612 -273 END
START -11640 -932 16112 12194 12979 -521 END
START -12456 -1120 17144 12682 12931 -821 END
START -13004 -1136 18132 12738 12296 -1175 END
START -13684 -1392 19124 12895 11569 -1468 END
START -14220 -1608 20120 13000 10551 -1825 END
START -14408 -1804 21092 13077 9531 -2137 END
START -14576 -1948 21776 13187 8362 -2452 END
START -14564 -2004 22552 13293 7162 -2761 END
START -14568 -1656 23104 13378 6013 -3037 END
START -14544 -1328 23376 13441 4852 -3266 END
START -14504 -944 23960 13454 3686 -3445 END
START -14532 -632 24140 13472 2515 -3544 END
START -14712 -88 24436 13486 1351 -3560 END
START -14548 144 24748 13445 348 -3581 END
START -14416 340 24872 13472 -668 -3517 END
START -14216 776 25032 13454 -1504 -3444 END
START -14004 1132 25048 13433 -2278 -3381 END
START -13844 1500 25108 13412 -2851 -3289 END
START -13768 1520 25056 13270 -3278 -3275 END
START -13592 1664 25056 13152 -3504 -3212 END
START -13468 1924 25020 12854 -3561 -3230 END
START -13376 1672 25112 12686 -3498 -3238 END
START -13256 1624 25344 12009 -3335 -3327 END
START -13528 1772 25608 11940 -3198 -3485 END
START -13888 1884 25856 11708 -3079 -3735 END
START -14068 1668 25980 11152 -2920 -4067 END
START -13516 1496 26484 10718 -2696 -4532 END
START -13948 1644 26864 10390 -2372 -5064 END
START -14056 1576 26872 10289 -2112 -5388 END
START -13696 1692 27084 10181 -1847 -5791 END
START -13464 1940 27092 9988 -1589 -6425 END
START -13108 2236 27164 9599 -1395 -7220 END
START -12984 2584 27016 9014 -1202 -8036 END
START -12800 2700 27172 8319 -1133 -8785 END
START -12680 3224 27472 7513 -1067 -9536 END
START -12540 3940 27732 6706 -1019 -10171 END
START -12320 4624 27836 5926 -1005 -10759 END
START -12272 5436 28096 5084 -1116 -11351 END
START -11936 6308 28228 4312 -1343 -11769 END
START -11620 7336 28220 3541 -1553 -12103 END
START -11040 8068 28108 2772 -1760 -12274 END
START -10512 8032 28208 1948 -1974 -12277 END
START -10224 8032 28512 1242 -2293 -12106 END
START -9408 8348 28188 531 -2655 -11883 END
START -8904 8800 28056 -182 -3082 -11736 END
START -8452 9336 27816 -912 -3605 -11567 END