START -920 3416 5072 -14420 -2986 -8633 END
START -852 3400 4544 -13873 -2951 -8486 END
START -912 3576 3876 -13355 -2834 -8359 END
START -596 3476 3412 -12844 -2694 -8292 END
START -580 3636 3172 -12345 -2523 -8254 END
START -388 3500 3120 -11873 -2358 -8225 END
START -236 3480 2520 -11427 -2122 -8191 END
START -52 3472 2180 -10990 -1795 -8185 END
START -80 3616 1876 -10538 -1491 -8173 END
START -248 3784 1820 -10141 -1162 -8154 END
START -260 3872 1536 -9681 -835 -8137 END
START -424 4084 1504 -9250 -585 -8131 END
START -460 4304 1144 -8823 -390 -8128 END
START -492 4296 976 -8328 -135 -8072 END
START -284 4332 884 -7870 174 -8089 END
START -296 4388 612 -7317 436 -8001 END
START -188 4416 316 -6778 805 -7924 END
START -104 4596 492 -6234 1116 -7809 END
START 88 4752 160 -5604 1447 -7631 END
START 56 5004 168 -4994 1727 -7421 END
START 144 5312 480 -4340 1963 -7170 END
START 224 5404 440 -3708 2132 -6872 END
START 288 5644 604 -3036 2309 -6520 END
START 544 5720 788 -2376 2420 -6125 END
START 556 5796 936 -1776 2440 -5685 END
START 540 5768 1076 -1155 2442 -5230 END
START 660 5724 1088 -550 2369 -4832 END
START 664 5744 1392 -66 2325 -4431 END
START 632 5604 1524 427 2195 -4116 END
START 600 5528 1612 933 1982 -3827 END
START 800 5228 1728 1402 1789 -3532 END
START 832 5148 1692 1906 1627 -3267 END
START 880 5188 1688 2398 1444 -3025 END
START 996 5032 1660 2892 1315 -2798 END
START 1036 5272 1656 3363 1199 -2558 END
START 1072 5404 1372 3816 1156 -2327 END
START 1216 5552 1084 4262 1158 -2073 END
START 1292 5612 688 4629 1282 -1840 END
START 1404 5632 420 4925 1494 -1628 END
START 1484 5772 148 5131 1804 -1391 END
START 1592 6056 -84 5299 2226 -1160 END
START 1676 6216 -180 5457 2680 -938 END
START 1596 6376 -352 5546 3169 -701 END
START 1620 6592 -456 5649 3741 -437 END
START 1572 6616 -716 5769 4309 -162 END
START 1380 6604 -732 5903 4922 134 END
START 1376 6592 -824 6092 5514 423 END
START 1316 6336 -912 6331 6120 706 END
START 1112 6208 -948 6640 6775 993 END
START 1012 6152 -888 7005 7301 1231 END
START 1032 6192 -844 7412 7885 1475 END
START 944 6228 -568 7887 8351 1702 END
START 636 6384 -276 8358 8678 1950 END
START 544 6308 140 8819 8950 2184 END
START 472 6556 548 9340 9086 2477 END
START 372 6608 928 9869 9095 2794 END
START 476 6728 1276 10378 9150 3172 END
START 408 6860 1288 10906 9125 3610 END
START 276 7104 1584 11432 9139 4103 END
START 312 7344 1584 11935 9144 4583 END
START 304 7472 1748 12418 9164 5099 END
START 244 7496 1844 12900 9164 5582 END
START 256 7524 2172 13448 9227 6090 END
START 84 7396 2356 13989 9193 6534 END
START -48 7252 2784 14529 9119 6981 END
START -156 7176 3164 15073 8956 7380 END
START -500 7084 3720 15661 8788 7727 END
START -740 7004 4224 16167 8492 8044 END
START -952 6988 4388 16715 8154 8377 END
START -1072 6884 4772 17250 7740 8683 END
START -1256 6932 5156 17815 7327 8949 END
START -1368 6912 5332 18383 6940 9197 END
START -1464 7096 5724 18959 6539 9450 END
START -1584 7084 5840 19534 6100 9669 END
START -1664 7172 6052 20114 5645 9902 END
START -1724 7192 6180 20711 5235 10105 END
START -1464 7072 6360 21309 4822 10268 END
START -1324 7244 6564 21975 4546 10451 END
START -1160 7324 6532 22540 4325 10598 END
START -1016 7540 6964 23145 4185 10744 END
START -936 7840 7288 23675 4008 10931 END
START -964 8232 7684 24198 3936 11101 END
START -680 8616 8032 24616 3787 11323 END
START -644 8932 8344 24955 3787 11538 END
START -544 9208 8636 25248 3793 11837 END
START -64 9484 9032 25461 3949 12108 END
START 88 9600 9264 25610 4095 12570 END
START 132 9608 9936 25727 4330 12942 END
START 68 9568 10348 25798 4585 13234 END
START 108 9624 10896 25831 4821 13757 END
START 200 9536 11880 25783 4940 14178 END
START -24 9756 12784 25703 4977 14607 END
START -272 9644 14056 25605 4801 15006 END
START -528 9544 15176 25430 4446 15440 END
START -752 9544 15808 25222 4036 15847 END
START -872 9516 16368 24980 3580 16267 END
START -1036 9580 16664 24706 3219 16685 END
START -1296 9480 16724 24408 2991 17086 END
START -1808 9688 16832 24105 2794 17403 END
START -2196 9436 16808 23760 2660 17642 END
START -2648 9296 17216 23393 2556 17748 END
START -3176 9020 17288 23001 2376 17718 END
START -3544 8708 17216 22599 2302 17554 END
START -3852 8432 17208 22201 2310 17244 END
START -4096 8172 17080 21798 2342 16837 END
START -4332 8048 16860 21372 2514 16335 END
START -4572 7952 16364 20901 2675 15724 END
START -4732 8096 16080 20428 2999 15045 END
START -5024 7960 15556 20018 3434 14337 END
START -5220 8036 15512 19617 3877 13582 END
START -5248 7676 15436 19349 4393 12718 END
START -5040 7292 15412 19144 4982 12010 END
START -4932 7296 15424 19064 5594 11193 END
START -4864 7268 15740 19051 6290 10451 END
START -4740 7580 16000 19030 6930 9770 END
START -4776 7640 16552 19023 7481 9106 END
START -4744 7572 17360 18982 7906 8436 END
START -4580 7696 18248 18880 8160 7851 END
START -4356 7800 19288 18679 8171 7305 END
START -4276 7880 20032 18435 8063 6821 END
START -3800 8036 20748 18126 7864 6402 END
START -3488 8476 21544 17747 7534 6095 END
START -3288 8676 21980 17355 7174 5857 END
START -3024 9152 22132 16936 6854 5662 END
START -2700 9592 22268 16485 6402 5603 END
START -2404 9952 22564 16008 6010 5626 END
START -1992 10240 22796 15610 5563 5745 END
START -1596 10540 22528 15208 5200 5854 END
START -1284 10828 22532 14922 4825 6025 END
START -1032 11200 22384 14669 4477 6119 END
START -912 11444 22308 14498 4185 6265 END
START -700 11556 22120 14389 3942 6413 END
START -616 11772 22280 14320 3783 6594 END
START -436 11816 22348 14318 3602 6756 END
START -312 11912 22552 14300 3500 6969 END
START -504 12052 22816 14287 3439 7223 END
START -728 12144 23324 14269 3267 7470 END
START -1116 12216 23848 14170 3101 7718 END
START -1420 12248 24304 14039 2833 7895 END
START -1504 12064 24564 13803 2553 8047 END
START -1940 11704 24956 13564 2239 8083 END
START -2208 11420 25164 13248 1964 8132 END
START -2332 10932 25508 12967 1654 8051 END
START -2408 10320 25288 12609 1441 7897 END
START -2616 9944 25252 12364 1367 7642 END
START -2812 9528 25332 11954 1336 7319 END
START -2988 9196 25300 11715 1370 6901 END
START -3000 8664 25328 11224 1481 6490 END
START -2972 8472 25276 10850 1697 6027 END
START -2940 8432 25244 10355 2021 5527 END
START -2844 8392 25348 9866 2446 5020 END
START -2880 8528 25652 9358 2849 4538 END
START -2924 8680 26256 8849 3308 4079 END
START -3020 8840 26752 8311 3631 3760 END
START -3156 8964 27192 7818 3861 3524 END
START -3204 9348 28100 7327 3952 3251 END
START -3380 9472 28932 6823 3881 3124 END
START -3552 9596 29448 6357 3678 3041 END
START -3568 9856 29952 5908 3291 3000 END
START -3660 10220 30236 5474 2945 3014 END
START -3496 10176 30720 5071 2507 3064 END
START -3480 10212 30848 4629 2055 3183 END
START -3324 10204 30948 4190 1604 3267 END
START -3256 10336 30860 3700 1144 3387 END
START -3148 10368 30660 3177 747 3541 END
START -3080 10436 30388 2673 448 3648 END
START -2960 10260 30180 2150 146 3806 END
START -2820 10212 29844 1661 -15 3876 END
START -2784 9936 29496 1217 -210 4022 END
START -2884 9712 29288 815 -297 4079 END
START -2852 9668 29256 472 -386 4141 END
START -2992 9536 29172 133 -451 4147 END
START -3332 9392 29096 -164 -489 4173 END
START -3716 9304 29284 -481 -514 4144 END
START -4084 9044 29336 -777 -579 4094 END
START -4412 8896 29416 -1123 -652 3937 END
START -4584 8624 29572 -1487 -666 3744 END
START -4928 8528 29472 -1895 -724 3487 END
START -4992 8328 29536 -2348 -762 3134 END
START -5160 8276 29408 -2801 -727 2786 END
START -5164 8184 29472 -3291 -745 2391 END
START -5376 8032 29484 -3819 -801 1988 END
START -5428 7952 29356 -4328 -776 1629 END
START -5596 7924 29184 -4820 -754 1198 END
START -5592 7968 28848 -5306 -726 758 END
START -5552 7988 28596 -5759 -672 312 END
START -5400 7936 28204 -6232 -606 -98 END
START -5296 7928 27820 -6686 -506 -549 END
START -5064 8060 27432 -7105 -409 -967 END
START -4900 8380 27112 -7549 -202 -1391 END
START -4824 8380 26768 -7969 -76 -1747 END
START -4488 8496 26572 -8363 126 -2095 END
START -4284 8640 26348 -8688 269 -2351 END
START -4096 8876 26096 -9053 527 -2555 END
START -4004 8984 25744 -9324 666 -2685 END
START -3792 9076 25816 -9602 807 -2766 END
START -3544 9252 25604 -9886 936 -2829 END
START -3412 9324 25560 -10143 1012 -2871 END
START -3328 9444 25460 -10422 1084 -2880 END
START -3276 9672 25300 -10718 1112 -2869 END
START -3156 9748 25180 -11049 1077 -2827 END
START -2840 9748 24928 -11340 1104 -2759 END
START -2900 9948 24784 -11689 1126 -2692 END
START -2792 9984 24704 -11928 1125 -2581 END
START -2636 9820 24432 -12241 1090 -2459 END
START -2624 9648 24392 -12489 1001 -2338 END
START -2708 9500 24176 -12769 897 -2205 END
START -2672 9388 24176 -13018 752 -2124 END
START -2748 9200 23976 -13250 586 -2042 END
START -2616 9192 23672 -13499 440 -1984 END
START -2620 9056 23508 -13709 218 -1928 END
START -2644 8848 23096 -13982 132 -1895 END
START -2604 8896 22724 -14199 -2 -1843 END
START -2652 8776 22620 -14415 -98 -1887 END
START -2736 8724 22328 -14670 -116 -1865 END
START -2792 8684 22032 -14875 -162 -1931 END
START -2800 8512 21584 -15098 -135 -1945 END
START -2868 8492 21320 -15335 -27 -2017 END
START -2932 8344 21032 -15541 107 -2057 END
START -2992 8384 20664 -15753 306 -2160 END
START -3136 8352 20452 -16006 507 -2245 END
START -3212 8232 20236 -16260 783 -2359 END
START -3432 8164 19828 -16458 1060 -2511 END
START -3668 8176 19668 -16692 1316 -2671 END
START -3764 8000 19272 -16879 1602 -2845 END
START -3924 7924 19312 -16999 1870 -3056 END
START -4132 7956 19088 -17123 2134 -3316 END
START -4428 7884 19188 -17237 2307 -3559 END
START -4576 7724 19200 -17286 2411 -3806 END
START -4724 7668 19108 -17373 2447 -4033 END
START -4928 7484 19276 -17474 2420 -4270 END
START -5052 7352 18936 -17511 2298 -4529 END
START -4996 7396 19012 -17571 2190 -4786 END
START -5072 7396 18956 -17582 2052 -5053 END
START -5196 7348 18848 -17576 1936 -5330 END
START -5232 7120 18744 -17589 1711 -5511 END
START -5020 7024 18592 -17596 1525 -5703 END
START -5128 7036 18540 -17596 1335 -5872 END
START -5220 7140 18436 -17634 1059 -6029 END
START -5180 7064 18632 -17676 795 -6208 END
START -5204 6956 18284 -17721 529 -6376 END
START -5276 6944 18316 -17738 228 -6530 END
START -5300 6884 18188 -17795 -19 -6742 END
START -5252 7052 17960 -17860 -330 -6942 END
START -5224 7112 17912 -17897 -586 -7085 END
START -5316 7284 17764 -17957 -895 -7259 END
START -5212 7392 17440 -17993 -1146 -7426 END
START -5244 7516 17696 -18051 -1480 -7551 END
START -5244 7548 17456 -18090 -1775 -7654 END
START -5384 7756 17224 -18132 -2070 -7721 END
START -5220 7760 17064 -18143 -2391 -7817 END
START -5268 7732 17088 -18215 -2720 -7860 END
START -5352 7672 16776 -18272 -3046 -7942 END
START -5304 7400 16544 -18364 -3335 -8076 END
START -5060 7312 16156 -18477 -3621 -8244 END
START -4916 7200 15832 -18679 -3833 -8474 END
START -4712 7104 15448 -18908 -3933 -8744 END
START -4592 7016 15068 -19144 -3980 -9005 END
START -4336 7080 14716 -19415 -3968 -9288 END
START -4152 7276 14252 -19734 -3850 -9542 END
START -4036 7480 13896 -20005 -3643 -9700 END
START -3960 7660 13472 -20287 -3443 -9804 END
START -4164 7700 13228 -20600 -3166 -9897 END
START -4288 7540 12856 -20853 -3017 -9968 END
START -4500 7248 12776 -21086 -2874 -10099 END
START -4456 7024 12224 -21294 -2702 -10271 END
START -4680 6700 11840 -21407 -2551 -10501 END
START -4840 6400 11528 -21437 -2480 -10824 END
START -5008 6220 11232 -21403 -2437 -11145 END
START -5288 5916 11012 -21296 -2504 -11557 END
START -5372 5864 10508 -21087 -2576 -11949 END
START -5496 5672 10096 -20837 -2681 -12367 END
START -5584 5572 9632 -20543 -2796 -12824 END
START -5836 5644 9120 -20189 -2971 -13216 END
START -5984 5772 8672 -19793 -3118 -13658 END
START -6160 5652 8284 -19399 -3337 -14129 END
START -6184 5448 7608 -18988 -3511 -14523 END
START -6136 5164 7156 -18578 -3675 -14963 END
START -6016 4940 6636 -18143 -3792 -15401 END
START -6092 4756 5884 -17661 -3809 -15888 END
START -5968 4840 5564 -17165 -3873 -16347 END
START -5768 4836 4940 -16670 -3785 -16839 END
START -5520 4624 4440 -16124 -3654 -17269 END
START -5348 4544 4040 -15573 -3532 -17708 END
START -5272 4496 3764 -15040 -3337 -18118 END
START -5256 4468 3548 -14506 -3156 -18467 END
START -5284 4528 3268 -14001 -3030 -18823 END
START -5360 4596 3104 -13491 -3037 -19133 END
START -5208 4368 2904 -12958 -3087 -19407 END
START -5228 4300 2592 -12415 -3145 -19691 END
START -5132 4212 2136 -11836 -3201 -19955 END
START -4972 4032 1848 -11195 -3253 -20239 END
START -5028 3852 1332 -10473 -3237 -20536 END
START -4928 3800 1048 -9646 -3297 -20844 END
START -4920 3576 920 -8835 -3350 -21144 END
START -5112 3500 668 -7978 -3498 -21444 END
START -5076 3516 672 -7114 -3661 -21741 END
START -5168 3468 512 -6224 -3891 -22067 END
START -5064 3372 60 -5298 -4084 -22384 END
START -4992 3272 -44 -4349 -4239 -22700 END
START -4820 3252 -348 -3444 -4307 -22998 END
START -4784 3344 -432 -2565 -4337 -23322 END
START -4648 3272 -736 -1688 -4336 -23666 END
START -4460 3308 -888 -860 -4275 -23954 END
START -4232 3456 -1140 -51 -4108 -24283 END
START -4176 3700 -1260 715 -3921 -24571 END
START -3908 4008 -1328 1455 -3717 -24793 END
START -3596 4104 -1144 2137 -3549 -25029 END
START -3232 4180 -1004 2785 -3381 -25167 END
START -2700 4356 -1128 3383 -3231 -25222 END
START -2172 4368 -1380 3955 -2937 -25240 END
START -1620 4516 -1480 4508 -2607 -25176 END
START -1144 4968 -1712 5057 -2193 -25109 END
START -660 5284 -1760 5551 -1731 -24958 END
START -164 5768 -1568 6019 -1271 -24751 END
START 160 6024 -1668 6457 -748 -24432 END
START 396 6372 -1536 6820 -267 -24104 END
START 784 6452 -1444 7148 205 -23676 END
START 908 6548 -1236 7407 663 -23266 END
START 960 6460 -1112 7668 1070 -22796 END
START 1028 6440 -836 7899 1430 -22363 END
START 1052 6256 -728 8115 1743 -21993 END
START 1268 6136 -456 8393 1988 -21693 END
START 1592 6144 -476 8682 2251 -21434 END
START 1792 6108 -588 9030 2442 -21172 END
START 1856 6256 -516 9409 2624 -20961 END
START 1988 6520 -784 9848 2875 -20679 END
START 2312 6972 -812 10328 3144 -20323 END
START 2652 7256 -960 10833 3433 -19912 END
START 2812 7676 -728 11368 3810 -19412 END
START 3064 7792 -616 11863 4111 -18823 END
START 3340 7896 -592 12412 4434 -18211 END
START 3588 8076 -420 13058 4837 -17498 END
START 4008 8140 -268 13600 5116 -16791 END
START 4136 8288 68 14135 5514 -16049 END
START 4256 8608 480 14622 5805 -15425 END
START 4516 8688 1024 15100 6119 -14717 END
START 4680 8944 1732 15475 6330 -14080 END
START 5016 9180 2072 15829 6521 -13336 END
START 5188 9204 2684 16049 6714 -12541 END
START 5388 9440 3036 16156 6920 -11610 END
START 5700 9552 3360 16199 7143 -10687 END
START 5872 9684 3548 16195 7404 -9678 END
START 5836 9816 3836 16130 7708 -8725 END
START 5868 10020 4248 16071 7959 -7711 END
START 5608 10028 4820 15984 8163 -6731 END
START 5320 9940 5628 15897 8256 -5848 END
START 5200 9556 6400 15870 8224 -4896 END
START 4976 9216 6920 15852 8096 -4091 END
START 4688 9044 7600 15869 7955 -3273 END
START 4540 9012 7700 15893 7782 -2527 END
START 4308 8888 8124 15929 7684 -1742 END
START 4368 8916 8312 15977 7590 -1054 END
START 4220 8944 8620 16021 7600 -320 END
START 4136 8880 8824 15989 7588 312 END
START 4276 8964 9088 15959 7655 988 END
START 4244 9088 9364 15951 7766 1636 END
START 4160 9168 9520 15889 7852 2272 END
START 4224 9352 9880 15814 7965 2951 END
START 4284 9636 10280 15716 8112 3639 END
START 4088 9816 10580 15573 8302 4326 END
START 3900 9888 11064 15455 8523 4997 END
START 3612 9980 11712 15325 8697 5667 END
START 3204 9792 12436 15200 8764 6272 END
START 2936 9936 13080 15037 8782 6788 END
START 2704 9796 13652 14880 8721 7288 END
START 2672 9864 14256 14733 8604 7771 END
START 2540 9756 14672 14495 8474 8189 END
START 2572 9916 14984 14262 8354 8648 END
START 2752 9944 15204 13914 8330 9154 END
START 2936 10068 15496 13584 8287 9602 END
START 3128 10448 15684 13211 8345 10138 END
START 3168 10628 15692 12751 8456 10703 END
START 3328 10772 15864 12194 8591 11336 END
START 3604 10948 15764 11794 8865 11936 END
START 3808 10880 15824 11314 9172 12486 END
START 3844 11004 15868 10798 9588 13192 END
START 3928 11140 15880 10290 9937 13879 END
START 3960 11308 15856 9793 10302 14501 END
START 3948 11432 16136 9366 10695 15153 END
START 3800 11676 16196 8934 11041 15821 END
START 3688 11808 16532 8587 11368 16493 END
START 3540 11992 16784 8258 11615 17174 END
START 3488 12300 17052 8008 11878 17865 END
START 3408 12628 17196 7719 12110 18631 END
START 3200 12740 17492 7513 12342 19497 END
START 2756 13064 17980 7335 12398 20314 END
START 2152 13204 18548 7134 12375 21110 END
START 1616 13072 19152 6973 12218 21891 END
START 1092 12876 19556 6891 11936 22649 END
START 724 12792 20056 6832 11575 23318 END
START 180 12700 20548 6817 11162 23876 END
START -312 12596 21104 6822 10698 24374 END
START -904 12504 21204 6792 10141 24809 END
START -1356 12208 21640 6789 9562 25182 END
START -1828 11880 21800 6752 8970 25534 END
START -2112 11548 22076 6676 8381 25771 END
START -2392 11408 22256 6606 7887 25968 END
START -2812 10980 22152 6508 7435 26090 END
START -3068 10840 22176 6403 7028 26116 END
START -3148 10812 22064 6274 6734 26147 END
START -3136 10588 21944 6061 6541 26084 END
START -3160 10456 22048 5841 6453 26029 END
START -3060 10512 21940 5532 6455 25964 END
START -3176 10520 22036 5191 6451 25916 END
START -3276 10456 22112 4790 6528 25852 END
START -3176 10356 22172 4330 6568 25759 END
START -3256 10316 22240 3817 6652 25631 END
START -3188 10256 22408 3290 6742 25489 END
START -3144 10296 22404 2761 6823 25348 END
START -3368 10200 22592 2257 6860 25200 END
START -3372 10196 22880 1753 6749 25083 END
START -3576 10124 23068 1297 6536 24959 END
START -3632 9988 23004 916 6262 24883 END
START -3456 9844 22980 604 5977 24811 END
START -3512 9748 22764 330 5697 24728 END
START -3432 9456 22628 113 5430 24633 END
START -3232 9436 22300 -56 5209 24535 END
START -3296 9360 22044 -134 4981 24453 END
START -3180 9388 21952 -214 4832 24450 END
START -3040 9444 21832 -245 4612 24441 END
START -2972 9452 21900 -294 4490 24566 END
START -2976 9544 21812 -352 4336 24688 END
START -2984 9660 21888 -452 4148 24876 END
START -2976 9644 21976 -586 3971 25023 END
START -3160 9516 22068 -706 3683 25206 END
START -3444 9292 22432 -865 3344 25395 END
START -3692 9184 22652 -1026 2895 25512 END
START -4224 8932 22944 -1134 2314 25627 END
START -4352 8552 23116 -1156 1723 25668 END
START -4584 8068 23108 -1176 1016 25662 END
START -5016 7836 22988 -1116 356 25621 END
START -5196 7704 22936 -1019 -251 25514 END
START -5448 7668 22868 -952 -752 25399 END
START -5608 7460 22600 -879 -1184 25156 END
START -5872 7308 22816 -873 -1582 24844 END
START -6064 6932 22888 -964 -1940 24478 END
START -6292 6820 23008 -1176 -2258 24083 END
START -6476 6640 22940 -1496 -2502 23558 END
START -6500 6644 23080 -1957 -2717 23039 END
START -6408 6352 22880 -2530 -2867 22464 END
START -6280 6124 23016 -3173 -2966 21886 END
START -6176 6008 22780 -3853 -3056 21386 END
START -5988 5880 22604 -4530 -3065 20845 END
START -5980 6160 22168 -5186 -3110 20322 END
START -5956 6760 21748 -5810 -3076 19802 END
START -5744 7060 21164 -6357 -2919 19356 END
START -5592 6792 20732 -6922 -2674 18954 END
START -5508 6684 20080 -7510 -2491 18531 END
START -5504 6344 19720 -8006 -2315 18091 END
START -5320 6100 19076 -8429 -2164 17643 END
START -5312 5868 18532 -8735 -1962 17161 END
START -5148 5912 17984 -8918 -1787 16693 END
START -5072 5636 17416 -8995 -1641 16208 END
START -5060 5516 16808 -8961 -1468 15761 END
START -5160 5332 16520 -8829 -1359 15349 END
START -5336 5120 15972 -8626 -1322 14936 END
START -5156 5288 15680 -8371 -1306 14512 END
START -5248 5088 15188 -8065 -1238 14127 END
START -5256 5040 14868 -7719 -1184 13728 END
START -5324 5024 14600 -7381 -1182 13322 END
START -5312 4976 14220 -7046 -1161 12892 END
START -5092 4848 13968 -6712 -1130 12527 END
START -5076 4536 13708 -6423 -1118 12267 END
START -5068 4452 13632 -6183 -1054 11859 END
START -5104 4312 13600 -5941 -1069 11468 END
START -5264 4104 13648 -5713 -1041 11050 END
START -5448 4016 13360 -5456 -1078 10586 END
START -5720 3984 13780 -5223 -1147 10141 END
START -6000 3596 13772 -5047 -1321 9576 END
START -6132 3424 13896 -4852 -1572 9065 END
START -6296 3132 14052 -4690 -1779 8466 END
START -6436 3072 14028 -4535 -2040 7888 END
START -6436 3204 14000 -4399 -2280 7270 END
START -6416 3192 13724 -4291 -2518 6648 END
START -6268 3256 13568 -4199 -2653 6026 END
START -6224 3152 13268 -4133 -2756 5422 END
START -6200 3132 12940 -4046 -2773 4844 END
START -6424 3032 12764 -4005 -2760 4252 END
START -6524 3144 12584 -3975 -2769 3678 END
START -6616 3160 12544 -3910 -2760 3078 END
START -6864 3360 12420 -3901 -2748 2389 END
START -7084 3464 12020 -3860 -2731 1760 END
START -7304 3432 11592 -3863 -2738 1036 END
START -7356 3496 10984 -3846 -2685 326 END
START -7488 3480 10616 -3818 -2588 -326 END
START -7516 3772 10340 -3767 -2505 -1037 END
START -7728 3880 9896 -3636 -2413 -1718 END
START -7752 3896 9456 -3468 -2235 -2438 END
START -7788 3760 9000 -3223 -2015 -3077 END
START -7776 3452 8600 -2949 -1792 -3727 END
START -7740 3304 8216 -2623 -1533 -4377 END
START -7856 3344 8076 -2264 -1314 -5026 END
START -8180 3360 8020 -1895 -1147 -5698 END
START -8332 3176 7948 -1464 -999 -6473 END
START -8616 3260 7976 -1116 -1011 -7211 END
START -8764 3192 8288 -687 -1014 -7981 END
START -8760 3100 8384 -284 -1115 -8769 END
START -8860 2976 8408 167 -1261 -9600 END
START -8868 3052 8544 551 -1520 -10386 END
START -8940 3200 8856 972 -1787 -11211 END
START -9004 3564 8884 1373 -2092 -11954 END
START -9040 3844 9264 1696 -2476 -12709 END
START -9224 3980 9272 1975 -2863 -13442 END
START -9504 4204 9544 2209 -3280 -14086 END
START -9808 4248 9644 2370 -3773 -14815 END
START -10180 4208 9620 2523 -4316 -15621 END
START -10396 4100 9488 2686 -4908 -16503 END
START -10668 3736 9248 2892 -5403 -17444 END
START -10660 3324 8968 3167 -5864 -18460 END
START -10780 3256 8636 3486 -6224 -19549 END
START -10916 3232 8412 3865 -6574 -20582 END
START -10972 3296 8112 4335 -6832 -21692 END
START -10952 3448 7692 4812 -6993 -22790 END
START -11104 3748 7484 5308 -7061 -23867 END
START -11232 4176 7344 5837 -7184 -24936 END
START -11528 4636 7376 6285 -7223 -26040 END
START -11916 5212 7456 6744 -7325 -27160 END
START -11948 5844 7500 7101 -7431 -28310 END
START -11736 6408 7624 7365 -7550 -29394 END
START -11508 6716 8136 7527 -7621 -30406 END
START -11240 7076 8240 7589 -7743 -31246 END
START -10768 7508 8248 7576 -7877 -31948 END
START -10316 8256 8208 7486 -7944 -32564 END
START -9912 8940 8180 7375 -7989 -32768 END
START -9776 9400 8368 7286 -8063 -32768 END
START -9592 9984 8420 7142 -8125 -32768 END
START -9364 10176 8512 7056 -8276 -32768 END
START -9072 9924 8444 6899 -8415 -32768 END
START -8456 9396 8416 6825 -8493 -32768 END
START -8172 9088 8248 6829 -8567 -32768 END
START -7884 8800 8112 6847 -8687 -32768 END
START -7372 8532 7576 6913 -8761 -32768 END
START -6948 8364 7068 7087 -8663 -32768 END
START -6684 8404 6588 7280 -8389 -32768 END
START -6680 8600 6348 7556 -8129 -32768 END
START -6864 8544 6280 7885 -7899 -32768 END
START -6776 8620 6252 8251 -7698 -32768 END
START -7044 8716 6332 8662 -7526 -32768 END
START -7168 9028 6276 9092 -7456 -32768 END
START -7076 9220 6324 9510 -7405 -32768 END
START -7096 9348 6324 9959 -7343 -32768 END
START -6748 9648 6124 10408 -7298 -32768 END
START -6532 9656 6032 10885 -7137 -32768 END
START -6324 9732 6200 11420 -7067 -32768 END
START -6144 10192 6484 11869 -6952 -32768 END
START -5796 10892 6412 12478 -6845 -32768 END
START -5452 11624 6560 13053 -6746 -32768 END
START -4952 12620 7164 13563 -6653 -32768 END
START -4680 13560 7540 13978 -6584 -32768 END
START -4144 14548 7980 14329 -6484 -32768 END
START -3768 15256 8468 14502 -6476 -32768 END
START -3136 15772 9240 14548 -6493 -32768 END
START -2220 15920 9636 14472 -6534 -32768 END
START -1260 15896 10156 14177 -6519 -32768 END
START -204 15788 10452 13885 -6448 -32768 END
START 828 15912 10808 13449 -6209 -32768 END
START 1720 16188 11080 12975 -5924 -32768 END
START 2656 16100 11204 12423 -5616 -32768 END
START 3428 15600 11432 11980 -5195 -32768 END
START 3996 15164 11716 11372 -4664 -32027 END
START 4220 14312 12220 10883 -4101 -31040 END
START 4252 12724 12784 10365 -3674 -30094 END
START 3796 11984 12708 9842 -3469 -29261 END
START 3184 14808 11464 9361 -3091 -28765 END
START 3092 18020 10520 9003 -2149 -28532 END
START 3084 19060 10668 8682 -1212 -28232 END
START 3364 17720 11208 8460 -368 -27497 END
START 3704 16312 11764 8276 320 -26562 END
START 3788 15624 12200 8194 862 -25519 END
START 3816 15812 12596 8152 1327 -24664 END
START 3680 16224 13376 8207 1566 -23906 END
START 3368 16456 14116 8249 1647 -23267 END
START 3128 16188 14740 8275 1530 -22591 END
START 3080 15844 15068 8384 1289 -21899 END
START 3156 15780 15364 8514 1105 -21160 END
START 3216 15928 15724 8652 870 -20418 END
START 3000 16084 15828 8814 680 -19684 END
START 3072 15972 15932 8955 482 -18912 END
START 3104 15700 15772 9085 355 -18198 END
START 3284 15608 15652 9243 334 -17502 END
START 3360 15596 15796 9348 371 -16848 END
START 3476 15796 15624 9378 463 -16299 END
START 3704 16396 15928 9360 651 -15756 END
START 3764 16928 16012 9265 816 -15204 END
START 3928 17224 16676 9037 987 -14676 END
START 4212 17432 17176 8690 1086 -13980 END
START 4464 17644 17604 8224 1130 -13286 END
START 4640 17536 18044 7690 1124 -12450 END
START 4996 17616 18396 7130 1110 -11535 END
START 5180 17572 18456 6529 1188 -10582 END
START 5456 17500 18424 5907 1357 -9610 END
START 5296 17476 18484 5331 1594 -8697 END
START 5116 17392 18660 4737 1852 -7858 END
START 4728 17196 18640 4147 2108 -7104 END
START 4388 16896 18720 3608 2275 -6452 END
START 3992 16520 18816 3029 2416 -5866 END
START 3536 16328 18840 2507 2486 -5335 END
START 3032 16096 19032 2001 2497 -4868 END
START 2468 16008 18936 1583 2407 -4467 END
START 2352 15856 18696 1253 2346 -4072 END
START 1948 15736 18312 936 2323 -3687 END
START 1680 15696 18056 737 2330 -3310 END
START 1344 15520 17916 574 2263 -2935 END
START 1116 15336 17936 479 2170 -2581 END
START 832 15100 17968 480 2026 -2262 END
START 600 14964 17728 492 1836 -1926 END
START 556 14824 17744 536 1596 -1623 END
START 528 14600 17720 591 1354 -1346 END
START 704 14356 17680 638 1019 -1056 END
START 804 14288 17360 692 752 -754 END
START 892 14192 17148 713 468 -472 END
START 1036 14096 17096 731 239 -176 END
START 1076 14084 16952 771 46 190 END
START 1168 13908 16824 766 -173 507 END
START 1260 13840 16628 800 -282 853 END
START 1336 13628 16336 810 -451 1174 END
START 1496 13392 16240 801 -575 1509 END
START 1572 13224 16196 803 -607 1816 END
START 1560 13068 15940 792 -621 2052 END
START 1828 13072 15768 789 -562 2270 END
START 1836 13116 15848 736 -456 2504 END
START 1872 13156 15696 651 -352 2751 END
START 1908 13244 15536 535 -225 3009 END
START 1768 13444 15692 369 -69 3330 END
START 1816 13532 15364 155 44 3667 END
START 1880 13540 15344 -89 206 3980 END
START 1768 13340 15424 -276 398 4318 END
START 1800 13308 15252 -490 648 4685 END
START 1676 13188 15264 -632 780 4966 END
START 1424 13016 15292 -785 988 5275 END
START 1140 12840 15472 -822 1123 5598 END
START 948 12904 15484 -879 1188 5909 END
START 456 13044 15760 -926 1149 6189 END
START 8 13108 15744 -953 1090 6452 END
START -372 12956 15860 -999 1027 6727 END
START -764 12860 16152 -1049 849 6984 END
START -1204 12600 16268 -1082 643 7188 END