START -1444 1592 13000 -480 4059 -2860 END
START 1272 2136 5776 -485 3404 -2964 END
START 800 1692 8388 -400 4555 -2960 END
START -712 1924 11616 -424 5215 -2943 END
START -968 1944 12488 -451 5535 -2978 END
START -1300 1480 13212 -578 5903 -2907 END
START -1312 1196 13348 -669 6011 -2941 END
START -1440 1172 13468 -733 6057 -2867 END
START -1644 1448 13472 -792 6253 -2844 END
START -1684 1496 13332 -847 6426 -2839 END
START -1944 1576 13780 -826 6566 -2817 END
START -2208 1636 13864 -883 6606 -2815 END
START -2420 1372 13888 -892 6547 -2781 END
START -2388 1132 14076 -869 6431 -2735 END
START -2448 796 14120 -883 6355 -2704 END
START -2452 680 14172 -806 6252 -2665 END
START -2500 608 14136 -737 6149 -2620 END
START -2552 408 14132 -663 5954 -2630 END
START -2528 228 14076 -535 5848 -2634 END
START -2428 192 14020 -395 5727 -2667 END
START -2584 8 14092 -242 5631 -2673 END
START -2336 -288 13916 -112 5543 -2681 END
START -2324 -316 13964 43 5539 -2708 END
START -2184 -512 14216 194 5560 -2781 END
START -2228 -576 14312 270 5530 -2829 END
START -2344 -796 14796 339 5476 -2878 END
START -2232 -760 14796 330 5347 -3004 END
START -2248 -940 15180 312 5231 -3076 END
START -2376 -812 15372 218 5097 -3168 END
START -2332 -660 15528 134 4921 -3269 END
START -2468 -512 15656 -9 4691 -3350 END
START -2544 -44 15600 -146 4486 -3432 END
START -2416 -12 15648 -283 4302 -3442 END
START -2336 -12 15704 -425 4121 -3419 END
START -2128 12 15628 -512 3881 -3347 END
START -2012 24 15536 -609 3682 -3272 END
START -2020 408 15536 -652 3552 -3122 END
START -2088 596 15396 -654 3396 -3033 END
START -2056 840 15504 -662 3231 -2831 END
START -2052 1148 15488 -669 3064 -2652 END
START -2120 1424 15728 -733 2821 -2370 END
START -2012 1464 15924 -761 2514 -2021 END
START -2076 1248 16116 -839 2200 -1691 END
START -2104 1192 16384 -917 1840 -1322 END
START -2072 1060 16328 -999 1496 -958 END
START -1960 872 16140 -1038 1201 -644 END
START -1944 932 16040 -1062 950 -328 END
START -1824 840 15944 -1079 730 -46 END
START -1936 716 16012 -1139 579 208 END
START -2308 492 15864 -1132 437 389 END
START -2228 304 15712 -1083 296 556 END
START -2632 48 15348 -994 230 655 END
START -2832 -160 15380 -877 200 679 END
START -3216 -244 15184 -756 153 656 END
START -3244 -304 15060 -674 113 569 END
START -3452 -444 15008 -594 99 416 END
START -3700 -480 15320 -641 51 268 END
START -3676 -464 15368 -628 11 114 END
START -3776 -436 15308 -703 -37 -46 END
START -3684 -304 15440 -767 -66 -155 END
START -3568 -176 15564 -894 -135 -323 END
START -3564 -52 15620 -1011 -211 -434 END
START -3444 144 15608 -1190 -248 -504 END
START -3408 160 15560 -1352 -337 -549 END
START -3292 256 15136 -1527 -317 -588 END
START -3124 364 14828 -1643 -316 -657 END
START -3144 360 14700 -1727 -202 -708 END
START -3080 412 14488 -1810 -125 -806 END
START -3132 452 14396 -1862 -74 -834 END
START -3004 624 14444 -1956 -31 -869 END
START -2968 708 14244 -2090 82 -918 END
START -2964 836 14032 -2177 75 -942 END
START -2956 844 13872 -2285 101 -977 END
START -2964 888 13680 -2379 137 -995 END
START -2936 808 13580 -2415 175 -995 END
START -2976 824 13280 -2463 213 -1063 END
START -2932 756 13180 -2448 222 -1087 END
START -2876 792 13004 -2417 195 -1136 END
START -2836 856 13048 -2355 139 -1155 END
START -2936 1168 12864 -2325 48 -1146 END
START -2908 1376 12548 -2260 -48 -1166 END
START -2780 1512 12448 -2250 -135 -1141 END
START -2700 1668 12164 -2241 -252 -1072 END
START -2568 1784 12108 -2180 -406 -908 END
START -2472 1836 11932 -2142 -502 -783 END
START -2368 1956 11840 -2133 -703 -590 END
START -2428 1948 11736 -2110 -848 -427 END
START -2360 1968 11500 -2090 -1069 -269 END
START -2436 1772 11304 -2004 -1246 -126 END
START -2216 1640 11040 -1882 -1438 -10 END
START -2380 1532 10756 -1737 -1617 87 END
START -2376 1524 10516 -1609 -1810 158 END
START -2284 1452 10168 -1428 -1946 206 END
START -2356 1532 9688 -1224 -2061 185 END
START -2280 1536 9148 -1075 -2123 188 END
START -2420 1332 8832 -834 -2150 131 END
START -2200 1288 8360 -614 -2093 45 END
START -2156 1108 7916 -392 -2007 -10 END
START -2044 1180 7640 -145 -1914 -116 END
START -1892 1088 7328 171 -1805 -228 END
START -1940 1108 7212 469 -1651 -348 END
START -1860 1320 7052 783 -1459 -480 END
START -1716 1456 6628 1077 -1290 -572 END
START -1540 1448 6588 1348 -1067 -601 END
START -1404 1604 6628 1570 -958 -678 END
START -1396 1760 6608 1768 -837 -706 END
START -1256 1796 6476 1880 -822 -714 END
START -1196 1836 6212 2074 -762 -727 END
START -1136 1908 6180 2208 -690 -731 END
START -972 2184 6188 2440 -703 -703 END
START -884 2216 5980 2610 -657 -691 END
START -904 2284 5928 2839 -584 -651 END
START -840 2428 5636 3073 -576 -577 END
START -852 2692 5376 3269 -533 -541 END
START -668 2652 5288 3478 -479 -467 END
START -500 2880 5092 3727 -360 -370 END
START -420 2796 4648 3916 -270 -278 END
START -304 2720 4504 4170 -133 -182 END
START -408 2788 4404 4420 11 -79 END
START -488 2828 4244 4672 158 19 END
START -616 2872 3988 4979 287 56 END
START -764 2816 3992 5248 403 129 END
START -728 2676 3864 5552 503 187 END
START -884 2576 3940 5880 599 246 END
START -908 2536 3860 6217 732 271 END
START -1132 2584 3748 6545 807 311 END
START -1208 2708 3736 6852 917 301 END
START -1236 2660 3788 7158 999 357 END
START -1396 2568 3836 7454 1090 338 END
START -1532 2604 3756 7738 1166 341 END
START -1712 2616 3680 7974 1248 306 END
START -2016 2712 3772 8274 1333 240 END
START -2160 2704 3724 8528 1474 154 END
START -2408 2692 3768 8777 1517 13 END
START -2720 2612 3888 9051 1658 -162 END
START -2872 2560 3908 9270 1668 -363 END
START -3040 2496 3980 9475 1840 -655 END
START -2984 2512 3788 9605 2010 -951 END
START -2792 2608 3476 9736 2324 -1304 END
START -2760 2724 3464 9824 2653 -1636 END
START -2836 2964 3072 9861 3179 -1978 END
START -2700 3176 3084 9933 3734 -2294 END
START -2748 3124 3000 9966 4387 -2600 END
START -2736 3128 3116 10063 5096 -2951 END
START -2696 3220 3008 10148 5934 -3254 END
START -2600 3220 3312 10248 6688 -3570 END
START -2788 3264 3668 10383 7456 -3838 END
START -2748 3552 4200 10556 7982 -4077 END
START -2920 3868 4948 10802 8432 -4249 END
START -2880 4244 5672 11178 8714 -4380 END
START -2668 4536 6200 11568 8884 -4439 END
START -2464 4812 7224 12196 8849 -4439 END
START -2288 5412 8064 12441 8659 -4261 END
START -2172 6060 9068 13249 8317 -4051 END
START -2040 6660 10104 13880 7799 -3670 END
START -1984 7188 11136 14626 7149 -3208 END
START -1784 7588 11984 15300 6406 -2651 END
START -1696 7816 12932 16011 5587 -2100 END
START -1520 7992 13760 16705 4722 -1571 END
START -1356 8032 14716 17419 3938 -983 END
START -960 8048 15664 18038 3136 -418 END
START -756 8164 16664 18553 2396 121 END
START -668 8240 17364 19021 1668 704 END
START -568 8376 18108 19341 1018 1273 END
START -588 8396 18424 19585 479 1814 END
START -472 8364 19252 19683 63 2396 END
START -288 8244 19652 19667 -188 2830 END
START -396 8408 20172 19575 -288 3269 END
START -404 8436 20572 19281 -288 3582 END
START -536 8400 20900 18873 -9 3815 END
START -584 8180 21484 18374 313 4000 END
START -584 8072 21988 17769 738 4164 END
START -652 8008 22236 17130 1215 4235 END
START -800 7844 22480 16437 1838 4338 END
START -976 7876 22832 15670 2499 4404 END
START -1424 7736 23512 14929 3168 4417 END
START -1720 7564 23768 14054 3780 4469 END
START -2084 7648 24044 13278 4298 4440 END
START -2392 7356 24324 12392 4845 4424 END
START -2756 7060 24504 11691 5340 4403 END
START -3060 6848 24372 11222 5942 4327 END
START -3648 6524 24224 10486 6562 4238 END
START -4120 6268 24564 9784 7134 4111 END
START -5008 5912 24816 9203 7551 3956 END
START -5684 5464 25168 8791 7836 3770 END
START -6308 5052 25424 8519 7979 3586 END
START -6656 4820 25644 8309 7986 3294 END
START -7124 4496 26060 8127 7759 2970 END
START -7484 4116 26372 8069 7408 2680 END
START -7528 3936 26844 8004 6923 2435 END
START -7764 3712 27024 7975 6388 2233 END
START -7848 3668 27136 8058 5749 2090 END
START -7776 3596 27228 8148 5090 2013 END
START -7804 3488 27316 8306 4473 1956 END
START -7924 3356 27580 8470 3781 1991 END
START -7772 3176 27808 8652 3087 2055 END
START -7748 3288 27964 8848 2302 2112 END
START -7604 3092 28084 8992 1679 2157 END
START -7448 3088 28040 9052 976 2190 END
START -7292 2868 28260 9072 378 2273 END
START -7036 2752 28140 9053 -217 2309 END
START -6912 2680 28124 9003 -780 2314 END
START -6856 2568 28176 8955 -1224 2325 END
START -6600 2552 27864 8778 -1553 2317 END
START -6496 2468 27828 8545 -1800 2263 END
START -6324 2520 27436 8188 -1843 2260 END
START -6076 2444 27128 7866 -1771 2195 END
START -5712 2296 26932 7406 -1577 2124 END
START -5708 2060 26768 7078 -1176 2013 END
START -5668 2020 26556 6663 -826 1888 END
START -5512 1752 26596 6307 -399 1723 END
START -5520 1688 26468 5910 24 1577 END
START -5436 1752 26556 5502 456 1428 END
START -5264 1708 26416 5140 857 1275 END
START -5340 1832 26308 4737 1315 1132 END
START -5360 1796 26264 4358 1799 1005 END
START -5376 1920 26268 3937 2323 887 END
START -5340 1820 26304 3552 2854 790 END
START -5300 1820 26260 3124 3374 674 END
START -5528 1788 26372 2696 3872 566 END
START -5548 1868 26432 2273 4313 437 END
START -5756 1768 26752 1808 4719 326 END
START -5988 1584 26988 1381 5012 239 END
START -6236 1528 27284 939 5314 118 END
START -6308 1400 27652 507 5420 35 END
START -6488 1260 27832 125 5383 -52 END
START -6820 1136 28240 -254 5229 -219 END
START -7100 1184 28604 -563 4879 -351 END
START -7372 1228 29092 -846 4428 -523 END
START -7564 1272 29436 -1066 3796 -622 END
START -7504 1236 29608 -1245 3023 -714 END
START -7296 1344 29816 -1397 2228 -770 END
START -6916 1432 29776 -1504 1460 -820 END
START -6728 1644 29656 -1623 679 -778 END
START -6388 1968 29508 -1726 15 -690 END
START -6180 2248 29448 -1875 -695 -538 END
START -5848 2648 29192 -2065 -1205 -306 END
START -5412 3000 29076 -2323 -1607 14 END
START -5008 3212 28660 -2677 -1919 313 END
START -4788 3352 28500 -3085 -2063 669 END
START -4664 3460 28284 -3522 -2235 946 END
START -4904 3660 28400 -3969 -2336 1270 END
START -4916 3620 28332 -4350 -2473 1509 END
START -5028 3640 28368 -4726 -2575 1723 END
START -5252 3676 28088 -5069 -2749 1879 END
START -5280 3644 28036 -5327 -2858 2019 END
START -5536 3732 27604 -5612 -2911 2138 END
START -5524 3660 27248 -5870 -2953 2194 END
START -5672 3668 27016 -6207 -2804 2212 END
START -5592 3512 26624 -6524 -2764 2197 END
START -5712 3476 26468 -6870 -2606 2151 END
START -5692 3324 25992 -7282 -2367 2075 END
START -5788 3180 25744 -7707 -2118 1904 END
START -5780 3164 25504 -8069 -1843 1739 END
START -5700 3068 25144 -8481 -1507 1529 END
START -5756 3132 24996 -8872 -1188 1281 END
START -5784 3080 24636 -9311 -780 1069 END
START -5588 3236 24728 -9764 -448 854 END
START -5660 3032 24668 -10187 -126 636 END
START -5576 3044 24436 -10538 108 487 END
START -5620 3016 24388 -10958 303 299 END
START -5644 2968 24200 -11249 461 141 END
START -5644 2976 23884 -11520 532 5 END
START -5692 3020 23920 -11687 522 -139 END
START -5704 3200 23684 -11803 418 -186 END
START -5564 3232 23488 -11905 306 -267 END
START -5496 3324 23352 -11930 155 -249 END
START -5356 3416 23184 -12028 -33 -238 END
START -5136 3380 22904 -12102 -153 -136 END
START -5128 3356 22696 -12167 -323 -74 END
START -5072 3468 22436 -12222 -442 41 END
START -4944 3452 22244 -12200 -519 117 END
START -4944 3472 22076 -12308 -589 211 END
START -4872 3368 21884 -12334 -672 283 END
START -4920 3392 21768 -12405 -694 313 END
START -4868 3448 21544 -12509 -736 356 END
START -4864 3444 21556 -12592 -770 357 END
START -4780 3492 21364 -12708 -853 395 END
START -4812 3632 21192 -12809 -857 380 END
START -4844 3616 20916 -12923 -851 416 END
START -4864 3920 20620 -13052 -885 490 END
START -4896 4032 20344 -13147 -844 528 END
START -4720 4084 20204 -13275 -773 543 END
START -4784 4104 19884 -13431 -697 568 END
START -4656 4156 19536 -13533 -550 558 END
START -4728 4124 19152 -13675 -348 564 END
START -4784 4244 18868 -13810 -153 531 END
START -4804 4180 18796 -13924 118 529 END
START -5088 4268 18680 -14023 318 491 END
START -5232 4208 18696 -14152 471 425 END
START -5552 3988 18640 -14278 595 333 END
START -5640 3944 18464 -14402 676 218 END
START -5856 3880 18264 -14437 727 53 END
START -5932 3616 18104 -14515 760 -162 END
START -5928 3608 18128 -14565 776 -361 END
START -6028 3728 18028 -14619 725 -584 END
START -6052 3768 17776 -14652 631 -826 END
START -6056 3636 17460 -14603 562 -1085 END
START -5804 3392 17132 -14551 497 -1350 END
START -5632 3236 16708 -14419 441 -1663 END
START -5472 3204 16508 -14277 377 -1890 END
START -5420 3216 16160 -14154 246 -2175 END
START -5292 3264 16008 -13992 199 -2405 END
START -5052 3500 15668 -13789 58 -2600 END
START -4752 3648 15336 -13660 -21 -2750 END
START -4592 3900 15188 -13495 -188 -2845 END
START -4280 3984 14816 -13341 -313 -2900 END
START -4128 4192 14872 -13219 -481 -2887 END
START -3780 4380 14464 -13077 -595 -2855 END
START -3440 4620 14096 -12934 -696 -2748 END
START -3468 4672 13972 -12846 -780 -2632 END
START -3156 4704 13672 -12678 -857 -2496 END
START -3204 4724 13300 -12512 -943 -2308 END
START -3124 4868 13256 -12379 -1027 -2175 END
START -3096 4940 13000 -12246 -1114 -2044 END
START -2964 5056 12684 -12110 -1281 -1850 END
START -3064 5004 12396 -11993 -1406 -1742 END
START -3024 4908 12084 -11851 -1521 -1562 END
START -3104 4824 11816 -11666 -1705 -1408 END
START -3012 4780 11432 -11437 -1865 -1242 END
START -3068 4740 11040 -11185 -2056 -1104 END
START -2940 4728 10800 -10902 -2268 -965 END
START -3008 4612 10408 -10619 -2472 -808 END
START -2804 4556 9976 -10304 -2632 -651 END
START -2744 4524 9536 -10011 -2735 -441 END
START -2636 4572 9200 -9733 -2826 -278 END
START -2472 4408 8808 -9525 -2863 -76 END
START -2376 4432 8432 -9291 -2864 123 END
START -2432 4360 8020 -9053 -2897 313 END
START -2300 4204 7632 -8786 -2830 460 END
START -2344 4048 7440 -8559 -2786 607 END
START -2416 3944 7008 -8208 -2737 699 END
START -2512 3664 6980 -7950 -2672 756 END
START -2584 3576 6748 -7613 -2693 739 END
START -2632 3356 6460 -7343 -2644 751 END
START -2596 3116 6416 -7108 -2643 683 END
START -2592 3084 6020 -6906 -2656 627 END
START -2576 3212 5944 -6739 -2599 537 END
START -2516 3128 5748 -6529 -2584 466 END
START -2592 3144 5556 -6362 -2565 395 END
START -2612 2968 5332 -6127 -2547 321 END
START -2708 2724 5112 -5845 -2557 217 END
START -2772 2552 5264 -5572 -2557 81 END
START -2596 2348 4960 -5304 -2588 -61 END
START -2356 2204 4748 -5008 -2616 -187 END
START -2224 2168 4508 -4774 -2547 -342 END
START -1976 2088 4344 -4531 -2458 -502 END
START -1880 2288 3940 -4359 -2322 -593 END
START -1740 2300 3896 -4192 -2142 -635 END
START -1644 2308 3664 -4027 -2008 -677 END
START -1676 2284 3916 -3860 -1814 -691 END
START -1528 2324 3884 -3713 -1657 -685 END
START -1576 2184 3632 -3530 -1490 -649 END
START -1580 2128 3748 -3362 -1320 -674 END
START -1496 2036 3612 -3144 -1139 -650 END
START -1612 1900 3680 -2909 -947 -700 END
START -1564 1816 3880 -2708 -752 -679 END
START -1628 1888 3868 -2524 -590 -646 END
START -1544 2020 4080 -2353 -464 -642 END
START -1660 1900 4220 -2217 -347 -604 END
START -1752 1888 4344 -2066 -272 -544 END
START -1908 1928 4500 -1894 -229 -509 END
START -1936 1864 4660 -1715 -261 -451 END
START -2064 2100 4892 -1477 -225 -395 END
START -2060 1836 5036 -1268 -298 -365 END
START -2164 1768 5284 -1036 -326 -307 END
START -2160 1664 5492 -822 -436 -231 END
START -2140 1472 5836 -596 -546 -225 END
START -2124 1288 6076 -379 -668 -229 END
START -2340 1124 6436 -158 -829 -248 END
START -2384 1000 6752 72 -995 -305 END
START -2484 1020 7052 281 -1194 -350 END
START -2368 908 7352 535 -1394 -427 END
START -2400 928 7548 761 -1594 -534 END
START -2184 864 7924 996 -1725 -629 END
START -2156 764 8072 1240 -1819 -699 END
START -1924 848 8460 1448 -1896 -774 END
START -1716 856 8768 1635 -1917 -833 END
START -1396 848 9084 1809 -1915 -852 END
START -1136 988 9496 1949 -1812 -858 END
START -1008 1092 9852 2055 -1689 -808 END
START -844 1008 10164 2057 -1557 -713 END
START -640 1020 10476 2062 -1367 -640 END
START -572 976 10956 1999 -1159 -555 END
START -464 908 11116 1939 -861 -451 END
START -524 976 11456 1897 -521 -257 END
START -468 896 11840 1813 -191 -125 END
START -624 916 11992 1781 155 48 END
START -828 912 12372 1668 413 203 END
START -1100 920 12892 1561 704 413 END
START -1576 860 13192 1436 900 594 END
START -1908 764 13964 1358 1091 754 END
START -2112 604 14336 1271 1151 895 END
START -2408 560 14832 1145 1258 1080 END
START -2644 356 15260 1029 1235 1179 END
START -2936 320 15476 930 1281 1292 END
START -3196 160 15864 817 1304 1371 END
START -3560 8 16392 702 1288 1432 END
START -3636 -148 16500 583 1246 1472 END
START -3984 -328 16812 469 1206 1527 END
START -4136 -316 17064 337 1108 1523 END
START -4508 -524 17300 201 1047 1477 END
START -4760 -728 17536 95 863 1437 END
START -5064 -840 17684 4 740 1382 END
START -5152 -1076 17864 -123 604 1342 END
START -5248 -1164 17944 -192 473 1227 END
START -5328 -1452 17956 -253 375 1114 END
START -5404 -1636 18188 -336 282 977 END
START -5572 -1832 18340 -411 229 811 END
START -5636 -1968 18564 -478 142 621 END
START -5608 -2064 18616 -531 109 444 END
START -5580 -2152 18572 -658 66 258 END
START -5692 -1972 18904 -764 56 127 END
START -5672 -2036 19120 -927 66 -3 END
START -5788 -2060 19044 -1066 56 -113 END
START -5904 -2080 19264 -1205 75 -199 END
START -6020 -2020 19312 -1373 108 -287 END
START -6128 -2024 19264 -1555 95 -378 END
START -6268 -1952 19080 -1772 171 -425 END
START -6248 -1948 18908 -1965 298 -500 END
START -6340 -2048 18776 -2168 460 -536 END
START -6392 -2292 18464 -2325 690 -593 END
START -6400 -2240 18312 -2556 1009 -656 END
START -6656 -2496 18280 -2691 1257 -750 END
START -6972 -2748 18156 -2901 1496 -862 END
START -7320 -3020 18236 -3036 1685 -1037 END
START -7564 -3300 18272 -3181 1827 -1241 END
START -7912 -3472 18368 -3301 1842 -1476 END
START -8176 -3592 18444 -3383 1794 -1714 END
START -8500 -3652 18420 -3413 1669 -1981 END
START -8628 -3700 18460 -3439 1516 -2262 END
START -8704 -3900 18220 -3389 1296 -2527 END
START -8872 -3860 18220 -3358 1114 -2741 END
START -9004 -3944 18156 -3342 992 -2949 END
START -9064 -3824 18108 -3299 789 -3177 END
START -9156 -3884 18068 -3273 634 -3382 END
START -9288 -3940 18072 -3271 494 -3530 END
START -9308 -3984 18068 -3280 367 -3699 END
START -9492 -4148 18060 -3316 215 -3916 END
START -9692 -4128 18152 -3345 71 -4125 END
START -9916 -4208 17992 -3393 -80 -4331 END
START -10168 -4084 17972 -3478 -286 -4536 END
START -10384 -4176 18020 -3556 -510 -4750 END
START -10536 -4020 18076 -3621 -724 -4969 END
START -10672 -3908 17684 -3662 -973 -5240 END
START -10724 -4068 17248 -3696 -1120 -5489 END
START -10808 -4060 17248 -3773 -1297 -5785 END
START -10816 -4056 16996 -3783 -1494 -6040 END
START -10700 -3960 16744 -3795 -1575 -6364 END
START -10832 -3868 16524 -3833 -1728 -6639 END
START -10792 -3836 16356 -3898 -1865 -6904 END
START -10744 -3680 16216 -3947 -2006 -7201 END
START -10768 -3720 16272 -4065 -2139 -7492 END
START -10732 -3832 16104 -4152 -2383 -7749 END
START -10736 -3816 15896 -4263 -2567 -8040 END
START -10732 -3712 15672 -4369 -2748 -8338 END
START -10676 -3704 15600 -4415 -2917 -8669 END
START -10600 -3620 15160 -4496 -3096 -8969 END
START -10388 -3412 14928 -4537 -3225 -9287 END
START -10360 -3400 14636 -4583 -3363 -9570 END
START -10220 -3348 14324 -4623 -3478 -9880 END
START -9864 -3332 14012 -4702 -3525 -10141 END
START -9796 -3216 13688 -4792 -3617 -10444 END
START -9672 -3192 13372 -4887 -3602 -10717 END
START -9500 -3160 13044 -4979 -3652 -11012 END
START -9360 -3172 12688 -5069 -3664 -11356 END
START -9144 -3288 12352 -5176 -3647 -11633 END
START -9104 -3220 11908 -5214 -3626 -11984 END
START -9052 -3148 11448 -5241 -3606 -12354 END
START -8976 -3072 11032 -5207 -3625 -12732 END
START -8824 -3060 10620 -5163 -3577 -13166 END
START -8644 -3044 10300 -5090 -3565 -13564 END
START -8436 -2956 9644 -4950 -3519 -13990 END
START -8372 -2868 9256 -4821 -3507 -14390 END
START -8020 -2724 8784 -4630 -3459 -14819 END
START -7700 -2504 8268 -4388 -3413 -15234 END
START -7412 -2228 7840 -4173 -3311 -15626 END
START -7100 -2004 7444 -3943 -3226 -15944 END
START -6736 -1888 7264 -3660 -3217 -16298 END
START -6368 -1584 6932 -3406 -3174 -16597 END
START -5768 -1460 6608 -3117 -3148 -16834 END
START -5276 -1396 6308 -2835 -3114 -17026 END
START -4820 -1368 5992 -2565 -3048 -17218 END
START -4160 -1200 5656 -2242 -2990 -17431 END
START -3692 -908 5288 -1950 -2904 -17543 END
START -3220 -700 5064 -1643 -2767 -17657 END
START -2764 -504 4692 -1329 -2662 -17761 END
START -2376 -312 4428 -1006 -2537 -17771 END
START -1904 84 4060 -628 -2412 -17769 END
START -1608 48 4148 -291 -2291 -17752 END
START -1324 300 3968 91 -2239 -17680 END
START -852 508 3852 505 -2115 -17594 END
START -396 720 3644 900 -2040 -17485 END
START 196 1028 3408 1307 -1945 -17345 END
START 724 1252 3476 1763 -1848 -17187 END
START 1168 1396 3356 2150 -1763 -16955 END
START 1536 1508 3472 2539 -1665 -16765 END
START 1996 1740 3240 2942 -1565 -16432 END
START 2288 2084 3288 3282 -1445 -16135 END
START 2688 2336 3232 3630 -1316 -15821 END
START 2884 2508 3256 3978 -1196 -15466 END
START 3264 2584 3240 4331 -1077 -15121 END
START 3464 2672 3164 4685 -929 -14802 END
START 3748 2852 2916 5039 -750 -14476 END
START 3940 2868 3144 5425 -590 -14182 END
START 4324 2908 3008 5859 -439 -13849 END
START 4592 2848 2860 6247 -192 -13537 END
START 4636 2820 2968 6648 11 -13261 END
START 4820 3004 3024 7044 171 -13079 END
START 5080 3140 3332 7437 375 -12793 END
START 5296 3264 3384 7832 511 -12583 END
START 5236 3420 3716 8213 631 -12333 END
START 5496 3524 3860 8650 746 -12098 END
START 5692 3588 4032 9065 831 -11893 END
START 5948 3876 4060 9470 950 -11612 END
START 6104 3944 4344 9852 1086 -11385 END
START 6260 4324 4644 10282 1196 -11110 END
START 6528 4556 4724 10641 1418 -10844 END
START 6688 4940 4992 10981 1661 -10496 END
START 6984 5244 5460 11380 1888 -10200 END
START 7240 5540 5660 11784 2134 -9884 END
START 7548 5676 5968 11959 2410 -9489 END
START 7688 5884 6548 12187 2632 -9157 END
START 7816 6240 7184 12426 2838 -8728 END
START 8112 6488 7844 12783 2952 -8341 END
START 8288 6772 8388 13088 3040 -7890 END
START 8352 7132 8856 13278 3129 -7446 END
START 8692 7524 9420 13432 3179 -6921 END
START 8628 7628 9588 13597 3234 -6371 END
START 8832 7948 9980 13716 3260 -5735 END
START 9008 8208 10596 13871 3326 -5138 END
START 8992 8508 10900 14009 3363 -4475 END
START 9088 8604 11400 14151 3332 -3840 END
START 9048 8724 12076 14271 3278 -3141 END
START 8996 8900 12608 14369 3218 -2491 END
START 9012 8944 13148 14491 3112 -1842 END
START 8760 9112 13404 14584 2985 -1176 END
START 8840 9100 13868 14634 2893 -512 END
START 8748 9032 14244 14685 2775 60 END
START 8660 9072 14704 14720 2676 654 END
START 8528 8888 15096 14764 2630 1160 END
START 8408 8872 15288 14766 2502 1665 END
START 8444 8792 15664 14774 2445 2081 END
START 8492 8752 15764 14720 2478 2451 END
START 8476 8760 15996 14642 2520 2744 END
START 8668 8852 16192 14534 2665 3084 END
START 8880 8784 16548 14348 2924 3360 END
START 8880 8764 16736 14077 3217 3681 END
START 9172 8648 17164 13729 3532 3951 END
START 9320 8864 17344 13345 3962 4260 END
START 9436 8796 17756 12912 4345 4535 END
START 9536 8876 18188 12539 4804 4844 END
START 9580 8968 18572 11895 5292 5202 END
START 9716 9164 18928 11556 5848 5516 END
START 9680 9196 19220 10919 6400 5888 END
START 9624 9524 19736 10349 6943 6262 END
START 9548 9684 19972 9755 7508 6660 END
START 9452 9884 20380 9160 7992 7118 END
START 9288 9980 20776 8611 8430 7564 END
START 9220 10000 21164 8050 8851 8054 END
START 8948 10048 21620 7526 9124 8604 END
START 8664 10092 22088 7070 9315 9201 END
START 8308 10208 22636 6639 9359 9763 END
START 7968 10272 23020 6241 9330 10395 END
START 7716 10100 23524 5850 9197 11032 END
START 7360 9876 23872 5495 8985 11709 END
START 7204 9760 24104 5208 8713 12373 END
START 6872 9548 24248 4829 8439 12764 END
START 6624 9372 24432 4543 8157 13478 END
START 6428 9268 24408 4239 7891 14066 END
START 6292 8912 24524 3902 7648 14604 END
START 6020 8760 24604 3609 7464 15140 END
START 5684 8536 24608 3260 7349 15677 END
START 5400 8332 24528 2908 7221 16177 END
START 5076 8304 24652 2514 7207 16596 END
START 4828 8128 24592 2131 7143 17062 END
START 4592 8072 24644 1697 7141 17486 END
START 4464 7816 24616 1243 7156 17935 END
START 4180 7680 24580 753 7171 18338 END
START 4024 7568 24512 266 7322 18737 END
START 3812 7452 24204 -252 7518 19141 END
START 3536 7428 24064 -751 7742 19563 END
START 3136 7168 24016 -1319 8020 19991 END
START 2760 7164 23788 -1888 8244 20431 END
START 2180 6780 23700 -2388 8573 20809 END
START 1616 6580 23460 -2951 8911 21204 END
START 1032 6244 23408 -3435 9237 21553 END
START 200 5920 23280 -3921 9561 21903 END
START -612 5536 23084 -4352 9824 22184 END
START -1580 5208 23116 -4713 10022 22440 END
START -2624 4748 23432 -4998 10159 22679 END
START -3520 4312 23432 -5181 10099 22881 END
START -4656 3720 23804 -5329 10033 23045 END
START -5900 3304 24160 -5412 9795 23149 END
START -7120 2896 24436 -5467 9388 23220 END
START -8332 2140 24548 -5426 8840 23187 END
START -9476 1456 24828 -5422 8203 23081 END
START -10180 984 24904 -5441 7526 22847 END
START -11192 360 24936 -5386 6785 22496 END
START -12172 -200 24960 -5333 6037 22030 END
START -12832 -560 24872 -5288 5333 21548 END
START -13736 -1016 24892 -5291 4678 21002 END
START -14336 -1540 24820 -5261 4038 20460 END
START -14880 -1868 24796 -5292 3491 19874 END
START -15300 -2208 24440 -5334 2987 19276 END
START -15744 -2448 24204 -5427 2553 18609 END
START -16148 -2784 24244 -5523 2113 17962 END
START -16460 -3140 24052 -5635 1824 17169 END
START -16636 -3304 23736 -5735 1503 16502 END
START -16872 -3488 23552 -5860 1278 15763 END
START -17212 -3712 23372 -6033 1030 15037 END
START -17552 -3620 23308 -6198 804 14332 END
START -17744 -3676 23212 -6346 586 13738 END
START -17888 -3680 23076 -6559 345 13195 END
START -18148 -3728 23160 -6786 69 12572 END
START -18340 -3856 23140 -7032 -133 12003 END
START -18412 -3832 22804 -7334 -435 11415 END
START -18460 -3928 22500 -7692 -653 10827 END
START -18680 -4092 22232 -8065 -841 10188 END
START -18724 -4336 21992 -8407 -1056 9556 END
START -18656 -4544 21480 -8764 -1212 8889 END
START -18756 -4628 21108 -9182 -1283 8168 END
START -18684 -4596 20624 -9533 -1328 7447 END
START -18592 -4496 20216 -9965 -1380 6722 END
START -18664 -4396 19692 -10370 -1393 6013 END
START -18552 -4416 19120 -10802 -1413 5281 END
START -18500 -4384 18616 -11187 -1448 4608 END
START -18132 -4388 17884 -11560 -1411 3871 END
START -17852 -4184 17188 -11832 -1326 3147 END
START -17456 -4360 16544 -12149 -1295 2427 END
START -17024 -4236 15756 -12326 -1179 1713 END
START -16648 -4176 15144 -12504 -1069 987 END
START -16296 -3996 14196 -12646 -965 334 END
START -15968 -3824 13684 -12740 -795 -255 END
START -15616 -3616 12984 -12794 -657 -868 END
START -15316 -3512 12672 -12782 -535 -1420 END
START -14824 -3320 11904 -12703 -453 -1943 END
START -14340 -3244 11244 -12586 -358 -2422 END
START -13980 -3192 10880 -12402 -331 -2912 END
START -13552 -3172 10232 -12150 -256 -3368 END
START -13204 -2968 9444 -11809 -276 -3851 END
START -12828 -2828 9168 -11386 -317 -4266 END
START -12396 -2768 8672 -10910 -433 -4674 END
START -11948 -2608 7884 -10333 -557 -5044 END
START -11560 -2300 7444 -9679 -726 -5344 END
START -10992 -2076 6832 -9044 -866 -5594 END
START -10556 -1756 6452 -8359 -1042 -5786 END
START -10116 -1612 6008 -7629 -1172 -5921 END
START -9568 -1236 5676 -6885 -1364 -6007 END
START -9064 -1072 5316 -6103 -1560 -6040 END
START -8684 -772 4992 -5335 -1733 -6078 END
START -8204 -524 4656 -4560 -1856 -6045 END
START -7700 -552 4484 -3838 -2043 -5969 END
START -7268 -244 4348 -3139 -2181 -5895 END
START -7040 -60 3808 -2401 -2305 -5853 END
START -6788 -16 3844 -1732 -2393 -5763 END
START -6320 156 3572 -1089 -2397 -5700 END
START -6084 232 3368 -415 -2409 -5620 END
START -5868 500 3316 204 -2389 -5538 END
START -5724 656 3124 790 -2351 -5476 END
START -5396 840 2972 1313 -2302 -5394 END
START -5272 860 3060 1850 -2189 -5348 END
START -5148 936 3000 2366 -2080 -5274 END
START -4868 1108 2880 2873 -1937 -5215 END
START -4896 1428 3068 3348 -1734 -5166 END
START -4792 1748 3220 3768 -1578 -5072 END
START -4776 1944 3432 4136 -1361 -5016 END
START -4704 2036 3464 4475 -1178 -4885 END
START -4800 2148 3656 4753 -953 -4850 END
START -4928 2128 3824 5019 -765 -4797 END
START -4896 2144 4000 5211 -582 -4828 END
START -4932 2272 4020 5371 -435 -4887 END
START -5052 2256 4312 5520 -212 -5003 END
START -5060 2332 4052 5682 -28 -5098 END
START -4912 2412 4056 5840 238 -5220 END
START -5012 2440 3904 5938 544 -5397 END
START -5048 2584 3956 6056 881 -5507 END
START -5056 2712 4048 6125 1159 -5620 END
START -4948 2748 4080 6261 1552 -5766 END
START -4928 2960 4036 6395 1842 -5910 END
START -4980 3192 4192 6535 2251 -5956 END
START -4952 3388 4324 6756 2571 -6032 END
START -4900 3704 4376 7000 2915 -6068 END
START -4840 3896 4720 7168 3187 -6084 END
START -4892 3968 4944 7350 3341 -6043 END
START -4904 4200 5248 7485 3460 -5983 END
START -4968 4380 5348 7709 3563 -5960 END
START -4840 4432 5492 7935 3633 -5863 END
START -4796 4500 5764 8195 3680 -5758 END
START -4720 4616 5776 8470 3700 -5665 END
START -4744 4532 6000 8793 3697 -5519 END
START -4896 4548 6144 9156 3746 -5365 END
START -4988 4700 6276 9515 3716 -5222 END
START -5000 4528 6504 9911 3683 -5121 END
START -5116 4576 6440 10300 3707 -5010 END
START -5212 4396 6872 10698 3673 -5006 END
START -5312 4472 7056 11078 3642 -4933 END
START -5496 4300 7328 11403 3607 -4930 END
START -5848 4272 7508 11670 3596 -4937 END
START -5900 4300 7656 12202 3574 -4959 END
START -5900 4144 7580 12201 3632 -5038 END
START -5888 4152 7496 12683 3744 -5152 END
START -5860 4152 7680 12902 3913 -5183 END
START -5924 4348 8012 13289 4131 -5303 END
START -6036 4540 8420 13565 4264 -5359 END
START -6220 4580 8788 13766 4369 -5455 END
START -6396 4580 9072 13965 4420 -5552 END
START -6352 4364 9652 14145 4465 -5698 END
START -6220 4172 9808 14332 4542 -5892 END
START -6236 4300 10368 14539 4584 -6107 END
START -6264 4352 10612 14685 4603 -6362 END
START -6016 4572 11284 14934 4668 -6560 END
START -5976 4480 11440 15154 4658 -6763 END
START -5880 4556 11936 15367 4624 -6926 END
START -5892 4840 12268 15573 4614 -7050 END
START -5732 5100 12604 15703 4576 -7119 END
START -5684 5260 13096 15778 4508 -7225 END
START -5584 5316 13600 15878 4420 -7257 END
START -5572 5328 14084 15911 4248 -7272 END
START -5408 5200 14528 16010 4233 -7261 END
START -5180 5212 15068 16083 4127 -7268 END
START -5228 5144 15632 16093 4126 -7246 END
START -5064 5196 15964 16114 4079 -7192 END
START -4968 5208 16296 16015 4052 -7099 END
START -4996 5224 16772 15932 4075 -7090 END
START -4952 5080 17112 15782 4108 -7025 END
START -5004 5020 17556 15580 4127 -7015 END
START -5052 4888 18100 15455 4114 -6995 END
START -5240 4684 18444 15218 4097 -7004 END
START -5384 4652 19020 15074 4037 -7090 END
START -5288 4412 19392 14823 3969 -7150 END
START -5356 4560 19520 14564 3878 -7223 END
START -5176 4512 19752 14332 3842 -7409 END
START -5004 4492 19908 14011 3821 -7525 END
START -4964 4596 20208 13702 3839 -7667 END
START -4928 4740 20308 13418 3917 -7771 END
START -4852 4924 20448 13097 3952 -7853 END
START -4832 5108 20840 12801 3984 -8005 END
START -4664 5012 21208 12426 4033 -8137 END
START -4732 4904 21516 12112 4057 -8307 END
START -4404 4796 21772 11987 4063 -8523 END
START -4144 4828 22236 11942 4065 -8730 END
START -4072 5024 22308 11526 4038 -8905 END
START -3740 5232 22700 11264 3951 -9057 END
START -3548 5652 23160 10921 3914 -9145 END
START -3176 5876 23312 10526 3822 -9168 END
START -2944 6160 23780 10105 3770 -9069 END
START -2696 6220 24112 9650 3666 -8958 END
START -2608 6556 24236 9189 3501 -8789 END
START -2364 6676 24396 8761 3383 -8620 END
START -2308 6668 24656 8305 3169 -8415 END
START -2408 6712 24512 7928 2929 -8212 END
START -2672 6812 24692 7475 2652 -7986 END
START -2640 6804 24668 7175 2397 -7807 END
START -2880 6700 24752 6806 2093 -7617 END
START -2864 6556 24648 6470 1865 -7407 END
START -2744 6336 24580 6126 1695 -7269 END
START -2676 6084 24564 5744 1568 -7176 END
START -2376 5960 24632 5297 1562 -7125 END
START -2532 5840 24592 4806 1560 -7101 END
START -2452 5828 24804 4249 1629 -7075 END
START -2452 5908 24812 3608 1673 -7050 END
START -2376 5860 24864 2970 1802 -7014 END
START -2484 5992 24916 2342 1881 -6992 END
START -2412 6000 25120 1633 2012 -6916 END
START -2584 5936 25184 964 2083 -6844 END
START -2664 5856 25440 423 2084 -6773 END
START -2996 5784 25584 -150 1951 -6707 END
START -3344 5700 25876 -576 1666 -6591 END
START -3484 5552 26204 -978 1243 -6550 END
START -3560 5352 26404 -1283 687 -6505 END
START -3656 5304 26544 -1544 22 -6443 END
START -3636 5028 26624 -1742 -669 -6425 END
START -3848 4916 26632 -1850 -1534 -6407 END
START -3712 4724 26444 -1932 -2321 -6428 END
START -3552 4548 26172 -1949 -3120 -6428 END
START -3420 4324 25744 -1969 -3857 -6431 END
START -3120 4256 25336 -1972 -4396 -6430 END
START -2756 4120 24956 -1938 -4833 -6417 END
START -2548 4000 24588 -2017 -5141 -6395 END
START -2080 3960 24064 -2058 -5326 -6380 END
START -1956 3868 23948 -2138 -5373 -6358 END
START -1692 3752 23588 -2294 -5339 -6376 END
START -1376 3512 23304 -2471 -5232 -6337 END