START -4812 1772 -296 -2875 6694 -1525 END
START -5128 1844 376 -2556 7777 -1807 END
START -4856 2040 452 -2363 8684 -2094 END
START -5256 1612 1168 -2298 9319 -2455 END
START -5500 1200 2088 -2299 9754 -2772 END
START -5872 1052 2848 -2406 9902 -3134 END
START -5996 1416 3180 -2589 10075 -3562 END
START -5816 1792 3352 -2795 10282 -4015 END
START -5660 2312 3372 -2983 10554 -4421 END
START -5748 2472 3456 -3156 10682 -4719 END
START -5800 2408 3444 -3309 10576 -4947 END
START -5324 2316 2868 -3348 10589 -5136 END
START -5016 2440 2192 -3258 10668 -5315 END
START -4464 2392 1992 -3050 10867 -5575 END
START -3992 2140 1880 -2745 11045 -5902 END
START -3832 2040 1816 -2379 11068 -6178 END
START -3416 2112 1820 -2014 11041 -6478 END
START -3116 2664 1784 -1621 10846 -6687 END
START -2852 3180 1980 -1244 10567 -6799 END
START -2908 4044 2272 -775 10083 -6742 END
START -2576 4560 2476 -290 9442 -6494 END
START -2284 5064 2592 265 8669 -6123 END
START -1948 5544 2404 934 7804 -5615 END
START -1532 5820 2104 1696 6847 -5082 END
START -1224 5972 1836 2550 5876 -4487 END
START -900 6244 1532 3556 4796 -3846 END
START -508 6556 1376 4570 3871 -3221 END
START -232 6692 1272 5618 2914 -2462 END
START -24 6828 1016 6725 1876 -1658 END
START 328 7168 1020 7779 950 -791 END
START 616 7348 700 8769 128 50 END
START 832 7512 436 9711 -584 878 END
START 1004 7632 356 10552 -1142 1731 END
START 992 7540 88 11371 -1548 2497 END
START 972 7260 28 12215 -1841 3255 END
START 792 7108 44 12844 -1978 3911 END
START 448 6928 32 13509 -2133 4470 END
START -28 6908 392 14088 -2162 4924 END
START -472 6816 472 14600 -2198 5258 END
START -932 6500 872 15016 -2212 5428 END
START -1568 6336 1160 15354 -2256 5556 END
START -1780 6100 1396 15660 -2260 5556 END
START -2124 6172 1908 15847 -2112 5456 END
START -2200 5540 2388 15983 -2058 5334 END
START -2392 5220 2608 16049 -1885 5086 END
START -2376 5176 2660 16057 -1735 4836 END
START -2432 5056 2624 15994 -1392 4470 END
START -2316 5112 2752 15896 -1004 4075 END
START -2272 5092 3048 15757 -501 3660 END
START -2120 5348 3040 15552 28 3290 END
START -1908 5304 2856 15349 607 2948 END
START -1796 5340 3156 15142 1324 2670 END
START -1656 5336 3328 14959 2120 2369 END
START -1448 5592 3408 14734 2843 2142 END
START -1616 5824 3840 14455 3561 1936 END
START -1836 6188 3792 14264 4280 1732 END
START -1948 6440 4240 14148 4863 1597 END
START -1972 6568 4728 14130 5432 1517 END
START -2300 6956 5000 14149 5782 1532 END
START -2552 7312 5864 14228 6000 1579 END
START -2808 7488 6076 14375 6057 1705 END
START -2972 7756 6528 14614 5955 1889 END
START -2936 8020 7216 14915 5757 2083 END
START -2840 8064 7452 15269 5474 2355 END
START -2712 7960 7896 15670 5197 2678 END
START -2560 8016 8376 16015 4841 2993 END
START -2572 8312 8996 16396 4422 3310 END
START -2640 8744 9356 16766 4009 3650 END
START -2748 9016 9808 17139 3596 4002 END
START -2920 9032 10256 17515 3136 4373 END
START -2972 8780 10352 17927 2675 4696 END
START -2828 8548 10744 18390 2263 4960 END
START -3056 8504 11056 18818 2013 5107 END
START -3000 8372 11064 19186 1819 5196 END
START -3052 8268 11392 19521 1667 5220 END
START -3084 8420 11852 19833 1658 5183 END
START -3036 8504 12148 20099 1728 5198 END
START -3004 8616 12588 20275 1792 5197 END
START -3156 8860 12992 20412 1956 5220 END
START -3320 9024 13752 20498 2129 5235 END
START -3416 8832 14472 20471 2330 5270 END
START -3484 8984 15052 20393 2669 5231 END
START -3432 9224 15604 20182 2931 5166 END
START -3956 9632 16500 19826 3267 5144 END
START -4188 9868 16944 19462 3582 5153 END
START -4352 10008 17360 19077 3972 5177 END
START -4448 9864 17748 18697 4338 5211 END
START -4712 9448 18272 18336 4728 5223 END
START -4904 9228 18672 17955 5208 5157 END
START -5148 8996 19320 17614 5549 5043 END
START -5332 8764 19692 17290 5845 4972 END
START -5732 8628 20196 17000 6075 4784 END
START -5896 8432 20684 16693 6231 4639 END
START -5964 8144 21060 16466 6369 4464 END
START -6156 7804 21300 16199 6514 4301 END
START -5920 7472 21648 15975 6622 4139 END
START -5652 7304 22020 15775 6750 4014 END
START -5432 7288 22440 15561 6856 3929 END
START -5208 7540 22988 15436 6906 3927 END
START -4924 7712 23512 15181 6896 4007 END
START -4828 7828 24192 14906 6799 4182 END
START -4744 7848 24496 14645 6659 4472 END
START -4808 7764 24876 14474 6507 4735 END
START -4828 7696 25192 14287 6365 5042 END
START -5048 7492 25600 14120 6173 5369 END
START -5332 7440 26048 13983 5955 5674 END
START -5572 7140 26244 13881 5740 5944 END
START -5964 7088 26480 13768 5526 6184 END
START -6560 7056 26892 13684 5248 6443 END
START -6952 7024 27284 13591 4885 6698 END
START -7544 6728 27816 13515 4529 6968 END
START -8264 6424 27960 13513 4076 7215 END
START -8804 6128 28168 13502 3679 7424 END
START -9264 5500 28628 13585 3240 7529 END
START -10116 5036 29144 13654 2801 7561 END
START -10664 4452 29676 13712 2255 7494 END
START -11100 4128 30216 13684 1649 7361 END
START -11440 3648 30668 13554 1060 7162 END
START -11600 3416 31004 13373 535 6853 END
START -11692 3120 31188 13100 60 6522 END
START -11608 2824 31264 12672 -293 6077 END
START -11448 2560 31336 12209 -512 5598 END
START -11092 2384 31316 11806 -550 5092 END
START -10716 2304 31504 11290 -455 4559 END
START -10252 2216 31428 10656 -353 4010 END
START -9940 2276 31484 9977 -78 3489 END
START -9724 2296 31656 9266 220 3024 END
START -9464 2264 31656 8479 554 2551 END
START -9124 2288 31952 7716 847 2122 END
START -8824 2304 31816 6924 1198 1718 END
START -8592 2492 31824 6192 1535 1402 END
START -8372 2476 32096 5527 1863 1099 END
START -8244 2644 32200 4789 2199 894 END
START -8228 2732 32560 4101 2390 742 END
START -8080 2792 32764 3434 2456 646 END
START -7920 2784 32767 2796 2511 599 END
START -8052 2656 32767 2214 2392 548 END
START -8084 2624 32767 1645 2294 562 END
START -8188 2632 32767 1134 2074 598 END
START -8244 2404 32767 740 1842 616 END
START -8200 2308 32767 392 1692 660 END
START -8416 2264 32728 67 1459 686 END
START -8688 2240 32752 -200 1199 706 END
START -8660 2040 32548 -452 923 736 END
START -8672 1948 32436 -663 714 713 END
START -8816 1720 32460 -886 504 649 END
START -8852 1484 32340 -1117 245 596 END
START -9140 1576 32352 -1403 5 490 END
START -9196 1600 32136 -1686 -230 390 END
START -9288 1732 32084 -2021 -444 281 END
START -9140 1760 32012 -2322 -579 137 END
START -9120 1856 31660 -2648 -717 14 END
START -9056 1940 31708 -3032 -725 -131 END
START -8844 1856 31388 -3402 -721 -337 END
START -8640 1780 31200 -3802 -685 -508 END
START -8712 1940 31052 -4227 -645 -780 END
START -8600 1900 31088 -4684 -621 -985 END
START -8372 1972 31148 -5162 -623 -1219 END
START -8416 2168 31064 -5649 -584 -1428 END
START -8244 2424 30844 -6151 -594 -1667 END
START -8104 2476 30772 -6642 -540 -1843 END
START -8036 2676 30640 -7135 -536 -2046 END
START -7912 2740 30516 -7616 -412 -2208 END
START -7788 2896 30392 -8093 -353 -2391 END
START -7880 3024 30252 -8525 -346 -2569 END
START -7924 3144 29980 -8954 -324 -2766 END
START -8088 3136 30020 -9395 -367 -2958 END
START -8092 3112 30048 -9813 -491 -3144 END
START -8056 3296 29900 -10206 -591 -3363 END
START -8004 3432 29672 -10625 -653 -3572 END
START -7896 3636 29608 -11028 -844 -3743 END
START -7692 3764 29408 -11411 -936 -3886 END
START -7724 3956 28988 -11839 -1070 -3985 END
START -7660 4088 28748 -12311 -1072 -4114 END
START -7500 4260 28588 -12731 -1132 -4248 END
START -7108 4300 28140 -13191 -1124 -4407 END
START -6984 4496 27668 -13610 -1076 -4506 END
START -6852 4576 27600 -14070 -1002 -4627 END
START -6700 4820 27328 -14533 -1027 -4765 END
START -6484 4856 27048 -14959 -1078 -4861 END
START -6296 4976 26832 -15311 -1182 -4921 END
START -6076 5144 26468 -15636 -1343 -4954 END
START -5928 5216 26016 -15888 -1520 -4942 END
START -5780 5424 25780 -16095 -1760 -4942 END
START -5528 5480 25324 -16215 -2046 -4915 END
START -5428 5540 24856 -16319 -2368 -4869 END
START -5228 5716 24388 -16355 -2653 -4807 END
START -5008 5956 23996 -16359 -3004 -4686 END
START -4800 6000 23524 -16371 -3316 -4584 END
START -4700 6324 23080 -16352 -3584 -4456 END
START -4432 6296 22576 -16345 -3891 -4319 END
START -4224 6588 21952 -16361 -4141 -4195 END
START -4108 6704 21768 -16397 -4390 -3972 END
START -3876 6892 21492 -16452 -4590 -3862 END
START -3728 6968 20876 -16478 -4713 -3662 END
START -3584 7084 20328 -16494 -4799 -3516 END
START -3516 7140 19796 -16538 -4756 -3326 END
START -3680 7268 19380 -16598 -4740 -3227 END
START -3772 7288 19204 -16648 -4729 -3105 END
START -4100 7432 18716 -16728 -4721 -3030 END
START -4044 7388 18520 -16834 -4779 -2971 END
START -4092 7484 18060 -16908 -4831 -2953 END
START -4068 7448 17744 -17000 -4849 -2920 END
START -3948 7340 17296 -17046 -4900 -2924 END
START -3904 7332 16716 -17091 -4897 -2925 END
START -3808 7280 16408 -17107 -4876 -2963 END
START -3812 7176 15896 -17154 -4849 -2941 END
START -3780 7176 15572 -17166 -4837 -2971 END
START -3696 7168 15004 -17204 -4867 -2979 END
START -3596 7088 14696 -17218 -4762 -3008 END
START -3492 6944 13984 -17267 -4671 -3031 END
START -3340 6860 13400 -17295 -4453 -3085 END
START -3336 6872 12832 -17313 -4308 -3109 END
START -3240 6720 12392 -17294 -4138 -3176 END
START -3276 6764 11792 -17247 -3962 -3200 END
START -3332 6640 11336 -17162 -3851 -3254 END
START -3316 6520 10556 -16995 -3727 -3297 END
START -3296 6396 10312 -16812 -3658 -3308 END
START -3600 6168 9896 -16582 -3631 -3327 END
START -3580 6000 9532 -16286 -3694 -3314 END
START -3604 5920 9100 -16006 -3767 -3322 END
START -3692 5900 8408 -15732 -3932 -3364 END
START -3504 5716 8176 -15381 -4028 -3366 END
START -3392 5692 7564 -15024 -4150 -3329 END
START -3268 5728 7296 -14673 -4305 -3335 END
START -3152 5700 6824 -14315 -4418 -3258 END
START -2996 5568 6500 -13934 -4532 -3140 END
START -2764 5588 6160 -13587 -4661 -3017 END
START -2768 5392 5632 -13178 -4731 -2852 END
START -2524 5352 5168 -12751 -4782 -2715 END
START -2724 5120 5008 -12349 -4773 -2557 END
START -2516 5100 4520 -11956 -4799 -2453 END
START -2792 5020 4220 -11564 -4788 -2337 END
START -2812 4812 3828 -11060 -4815 -2237 END
START -2824 4712 3696 -10591 -4885 -2145 END
START -2848 4568 3416 -10126 -4963 -2053 END
START -2884 4536 3156 -9668 -5019 -1984 END
START -2836 4388 2988 -9237 -5087 -1928 END
START -2656 4300 2712 -8787 -5075 -1873 END
START -2340 4136 2344 -8345 -5053 -1835 END
START -2140 3840 2208 -7964 -4988 -1770 END
START -1824 3908 1968 -7622 -4844 -1700 END
START -1708 3788 1748 -7310 -4667 -1656 END
START -1412 3844 1456 -7026 -4417 -1582 END
START -1108 3784 1240 -6684 -4112 -1480 END
START -972 3936 1260 -6362 -3771 -1379 END
START -888 3868 1292 -6028 -3396 -1270 END
START -840 3772 1160 -5743 -3045 -1158 END
START -788 3836 1324 -5471 -2706 -1083 END
START -880 3804 1180 -5231 -2345 -1003 END
START -704 3836 1216 -5022 -1992 -912 END
START -760 3592 1336 -4775 -1673 -874 END
START -592 3664 1500 -4551 -1375 -785 END
START -720 3732 1700 -4284 -1047 -698 END
START -940 3788 1804 -4024 -791 -533 END
START -848 3884 2012 -3701 -578 -394 END
START -936 3760 2216 -3349 -413 -237 END
START -1232 3732 2460 -2980 -232 -90 END
START -1340 3580 2784 -2571 -69 30 END
START -1572 3472 3024 -2177 38 115 END
START -1880 3172 3572 -1790 91 157 END
START -1992 2956 4088 -1385 99 179 END
START -2200 2800 4676 -1006 110 172 END
START -2176 2668 4860 -620 67 198 END
START -2172 2480 5372 -277 15 204 END
START -2244 2336 5744 78 -89 244 END
START -2160 2272 6540 406 -163 295 END
START -2124 2144 6752 699 -247 352 END
START -1976 1912 7464 1002 -345 400 END
START -1924 1688 8020 1282 -479 469 END
START -1820 1688 8684 1547 -588 562 END
START -1724 1564 9156 1795 -705 669 END
START -1668 1580 9832 1964 -797 809 END
START -1628 1548 10056 2110 -790 973 END
START -1476 1748 10520 2222 -746 1153 END
START -1564 1892 11008 2286 -631 1342 END
START -1784 2044 11404 2270 -424 1545 END
START -1960 2004 11992 2234 -204 1755 END
START -2184 1920 12812 2159 74 1889 END
START -2724 1812 13444 2091 335 2009 END
START -3152 1804 14332 1900 608 2039 END
START -3396 1804 14984 1688 757 2090 END
START -4016 1880 15868 1382 887 2065 END
START -4640 1840 16764 1008 906 2023 END
START -5204 1724 17628 672 873 1994 END
START -5840 1556 18488 255 811 1943 END
START -6436 1480 19100 -151 607 1862 END
START -7348 1412 19900 -526 434 1762 END
START -7740 1320 20268 -941 234 1630 END
START -8056 1128 20524 -1307 68 1470 END
START -8680 956 20868 -1779 -91 1324 END
START -9060 752 21084 -2198 -206 1097 END
START -9272 560 21292 -2655 -328 929 END
START -9676 344 21328 -3086 -399 718 END
START -9936 136 21100 -3557 -475 564 END
START -10184 -56 21132 -3938 -494 416 END
START -10248 -244 20988 -4276 -482 284 END
START -10740 -544 21108 -4582 -471 152 END
START -11116 -908 21000 -4863 -508 -10 END
START -11592 -1524 20860 -5139 -562 -164 END
START -12048 -1980 20808 -5332 -614 -400 END
START -12356 -2448 20824 -5596 -735 -698 END
START -12784 -2840 20460 -5785 -873 -1014 END
START -13112 -3348 20496 -5941 -992 -1390 END
START -13284 -3760 20012 -6113 -1089 -1774 END
START -13720 -3972 19984 -6236 -1155 -2213 END
START -14116 -4224 19716 -6378 -1277 -2671 END
START -14440 -4600 19388 -6523 -1345 -3190 END
START -14672 -4812 19056 -6671 -1450 -3702 END
START -14824 -5036 18780 -6799 -1458 -4297 END
START -14988 -5412 18472 -6937 -1524 -4881 END
START -15036 -5636 18132 -7070 -1503 -5513 END
START -15144 -5556 18048 -7222 -1496 -6113 END
START -15236 -5516 17844 -7366 -1559 -6718 END
START -15440 -5560 17912 -7540 -1697 -7302 END
START -15576 -5572 17728 -7718 -1884 -7827 END
START -15652 -5756 17280 -7919 -2159 -8429 END
START -15616 -5768 17136 -8080 -2344 -9001 END
START -15624 -5856 16564 -8214 -2576 -9595 END
START -15540 -5908 16024 -8318 -2766 -10183 END
START -15440 -6092 15504 -8456 -2953 -10762 END
START -15432 -6232 14916 -8577 -3136 -11358 END
START -15272 -6024 14444 -8691 -3254 -11972 END
START -15136 -5996 13652 -8770 -3402 -12641 END
START -14988 -5948 12908 -8865 -3439 -13319 END
START -14876 -5884 12356 -8930 -3487 -14029 END
START -14636 -5716 11920 -8949 -3510 -14756 END
START -14636 -5676 11276 -9004 -3573 -15465 END
START -14332 -5436 10624 -9016 -3657 -16258 END
START -13808 -5380 10188 -9039 -3749 -16966 END
START -13468 -5196 9620 -8974 -3841 -17729 END
START -12892 -4820 8800 -8890 -3887 -18405 END
START -12200 -4596 8044 -8737 -3930 -19029 END
START -11940 -3904 7644 -8535 -3986 -19490 END
START -10708 -3888 6436 -8287 -3802 -19965 END
START -10496 -3728 6540 -8005 -3951 -20481 END
START -10224 -3340 5712 -7649 -3922 -20937 END
START -9560 -3164 5164 -7267 -3868 -21349 END
START -8932 -3268 4524 -6855 -3710 -21744 END
START -8324 -3104 4060 -6441 -3582 -22161 END
START -7828 -2904 3520 -5971 -3320 -22567 END
START -7284 -2652 3196 -5524 -3074 -22974 END
START -6812 -2356 2892 -5100 -2810 -23362 END
START -6392 -1808 2688 -4672 -2520 -23725 END
START -5836 -1356 2412 -4241 -2167 -24064 END
START -5408 -832 2308 -3827 -1857 -24364 END
START -4892 -516 2412 -3423 -1663 -24571 END
START -4340 -172 2288 -3019 -1455 -24727 END
START -3888 180 2324 -2629 -1286 -24793 END
START -3572 452 2432 -2216 -1189 -24845 END
START -2976 892 2672 -1828 -1175 -24904 END
START -2580 1104 2664 -1465 -1185 -24921 END
START -1944 1536 2476 -1074 -1267 -24901 END
START -1412 2088 2228 -678 -1262 -24852 END
START -620 2648 2064 -248 -1286 -24756 END
START 60 2936 1892 189 -1195 -24540 END
START 584 3184 1784 651 -1046 -24333 END
START 1400 3312 1764 1069 -842 -24055 END
START 1884 3368 1408 1538 -618 -23747 END
START 2252 3468 1236 2030 -338 -23453 END
START 2788 3676 1144 2544 -51 -23168 END
START 3104 3792 1176 2985 299 -22900 END
START 3436 3900 1328 3476 697 -22660 END
START 3796 4112 1596 3917 1019 -22429 END
START 4268 4260 1736 4301 1415 -22184 END
START 4500 4500 1924 4712 1720 -21900 END
START 5004 4728 2368 5071 2054 -21633 END
START 5640 5088 2648 5434 2393 -21202 END
START 6228 5116 3216 5717 2660 -20817 END
START 6616 5108 3500 6057 2874 -20364 END
START 7216 5236 4092 6350 3085 -19941 END
START 7652 5348 4440 6635 3260 -19480 END
START 7984 5536 4960 6924 3303 -18966 END
START 8260 5768 5504 7167 3234 -18465 END
START 8576 5920 5892 7479 3111 -17876 END
START 8936 6176 6172 7830 2884 -17301 END
START 9348 6476 6016 8247 2703 -16577 END
START 9896 6740 6296 8714 2504 -15817 END
START 10144 7116 6236 9267 2265 -15005 END
START 10264 7368 6320 9822 2107 -14144 END
START 10540 7584 6208 10390 1957 -13282 END
START 10680 7692 6208 10960 1754 -12348 END
START 10648 7776 6180 11623 1735 -11440 END
START 10484 7864 6436 12111 1721 -10593 END
START 10284 7780 6908 12817 1736 -9793 END
START 10020 7612 7564 13340 1653 -9013 END
START 10004 7520 7984 13855 1544 -8326 END
START 9976 7552 8236 14293 1416 -7683 END
START 10068 7540 8564 14747 1391 -7132 END
START 10180 7476 9016 15159 1417 -6598 END
START 10488 7540 9516 15516 1433 -6112 END
START 10632 7580 10204 15871 1543 -5629 END
START 10736 7832 10808 16111 1619 -5060 END
START 10916 8084 11684 16296 1706 -4508 END
START 11316 8400 12216 16397 1831 -3912 END
START 11720 8464 13064 16426 1976 -3361 END
START 12064 8744 13536 16410 2214 -2794 END
START 12476 9076 14152 16277 2457 -2184 END
START 12992 9620 14724 16147 2757 -1479 END
START 13164 9796 15564 15906 3041 -771 END
START 13472 9936 16144 15626 3305 4 END
START 13700 10272 16656 15326 3485 734 END
START 13896 10564 17408 15037 3753 1529 END
START 13952 10828 18008 14680 3941 2358 END
START 14020 10968 18552 14347 4061 3193 END
START 14124 11292 19152 14001 4153 4101 END
START 14060 11312 19736 13654 4075 5087 END
START 13912 11412 20336 13271 3959 6025 END
START 13724 11560 20416 12930 3822 6948 END
START 13484 11648 20444 12698 3729 7839 END
START 13476 11848 20480 12516 3712 8668 END
START 13156 12072 20396 12249 3719 9500 END
START 12816 12320 20488 12213 3779 10360 END
START 12724 12596 20776 12007 3889 11134 END
START 12488 12556 20972 11651 4009 11968 END
START 12296 12628 21104 11393 4101 12674 END
START 11948 12580 21492 11091 4127 13544 END
START 11700 12700 21700 10817 4163 14251 END
START 11576 12748 21780 10515 4177 14998 END
START 11432 12740 21816 10223 4216 15717 END
START 11224 12640 21620 9917 4322 16459 END
START 11048 12640 21852 9587 4458 17148 END
START 10976 12500 21636 9196 4681 17793 END
START 10720 12356 21424 8788 4958 18431 END
START 10468 12276 21324 8305 5349 19022 END
START 10076 12104 21112 7832 5781 19571 END
START 9656 11888 20776 7308 6267 20048 END
START 9392 11684 20732 6812 6779 20472 END
START 8764 11548 20672 6332 7316 20929 END
START 8340 11524 20560 5874 7803 21370 END
START 7804 11380 20500 5379 8346 21820 END
START 7316 11340 20440 4909 8856 22258 END
START 6816 11212 20364 4457 9326 22718 END
START 6368 11188 20712 3926 9785 23149 END
START 6204 11000 20736 3412 10164 23670 END
START 5908 10876 20848 2925 10463 24220 END
START 5584 10836 21028 2455 10815 24845 END
START 5168 10752 21160 2037 11083 25526 END
START 4156 10356 21516 1635 11269 26204 END
START 3548 9984 21760 1234 11341 26854 END
START 2632 9692 22056 892 11301 27435 END
START 2156 9404 22392 596 11065 27951 END
START 1360 9112 22476 290 10661 28496 END
START 600 8648 22588 82 10293 29001 END
START -16 8368 22532 -94 9856 29535 END
START -736 8116 22324 -215 9439 30049 END
START -1620 7840 22340 -347 9021 30546 END
START -2736 7396 22476 -464 8509 30982 END
START -3644 6976 22532 -608 8000 31321 END
START -4720 6440 22460 -699 7480 31547 END
START -5848 5648 22324 -814 6972 31662 END
START -6960 5136 22176 -920 6524 31666 END
START -7980 4556 21948 -1017 6097 31541 END
START -9016 4072 21808 -1114 5711 31340 END
START -9916 3540 21564 -1249 5361 31044 END
START -10680 2912 21468 -1350 4972 30662 END
START -11488 2396 21172 -1455 4682 30185 END
START -12260 1784 21096 -1592 4364 29568 END
START -12840 1300 20676 -1749 4133 28903 END
START -13508 680 20416 -1904 3997 28133 END
START -14140 4 20168 -2090 3908 27326 END
START -14772 -592 19724 -2257 3953 26491 END
START -15320 -1132 19216 -2445 4071 25593 END
START -16148 -1528 18640 -2629 4253 24662 END
START -16896 -1764 18004 -2726 4574 23808 END
START -17880 -2008 17332 -2745 4982 22998 END
START -18780 -2420 16856 -2623 5405 22186 END
START -19708 -3148 16932 -2476 5717 21352 END
START -20660 -3912 16916 -2305 5950 20376 END
START -21540 -4688 16980 -2087 6105 19313 END
START -22428 -5216 17276 -1858 6160 18132 END
START -23276 -5760 17444 -1624 6068 16892 END
START -24028 -5984 18036 -1357 5757 15504 END
START -24800 -6192 18360 -1113 5213 14235 END
START -25092 -6536 18684 -783 4473 12945 END
START -25504 -6440 19084 -461 3637 11770 END
START -25660 -6504 19316 -78 2648 10629 END
START -25576 -6468 19108 308 1635 9497 END
START -25360 -6444 18964 683 616 8402 END
START -25024 -6368 18668 1045 -280 7382 END
START -24788 -6176 18364 1346 -1243 6347 END
START -24244 -6276 18112 1633 -2080 5409 END
START -23736 -6324 17512 1869 -2807 4465 END
START -23128 -5856 17060 2038 -3411 3545 END
START -22548 -5368 16420 2151 -3922 2625 END
START -21928 -4960 15936 2233 -4382 1725 END
START -21308 -4716 15064 2275 -4690 888 END
START -20520 -4532 14608 2241 -4850 145 END
START -19820 -4112 13696 2237 -4856 -636 END
START -19080 -3656 12992 2199 -4740 -1385 END
START -18536 -3164 12372 2113 -4500 -2075 END
START -17864 -2676 11836 1995 -4210 -2752 END
START -17236 -2396 11360 1816 -3876 -3355 END
START -16536 -1952 10860 1654 -3530 -3932 END
START -15896 -1460 10404 1430 -3094 -4505 END
START -15124 -1108 10052 1197 -2639 -5008 END
START -14404 -740 9832 935 -2157 -5522 END
START -13732 -392 9372 698 -1674 -5919 END
START -13064 -148 8728 468 -1122 -6277 END
START -12364 264 8124 235 -497 -6614 END
START -11956 328 7752 43 182 -6901 END
START -11512 552 7256 -121 852 -7171 END
START -11224 560 6992 -266 1469 -7469 END
START -10952 724 6448 -364 2141 -7736 END
START -10832 1052 6176 -366 2701 -8065 END
START -10600 1120 6016 -404 3266 -8394 END
START -10412 1284 5868 -353 3585 -8658 END
START -10088 1416 5896 -303 3893 -8943 END
START -9928 1444 5924 -203 4028 -9143 END
START -9656 1736 5828 -78 4110 -9334 END
START -9524 2020 5624 124 4037 -9426 END
START -9260 2364 5448 420 3871 -9459 END
START -9108 2628 5376 805 3621 -9430 END
START -8712 2800 4868 1279 3377 -9371 END
START -8488 3080 4692 1854 3061 -9233 END
START -8184 3176 4256 2434 2766 -9109 END
START -7884 3180 4040 3030 2419 -8968 END
START -7740 3348 3872 3667 2153 -8766 END
START -7496 3624 3656 4354 1843 -8593 END
START -7516 3984 3536 4965 1604 -8423 END
START -7496 4272 3496 5602 1289 -8212 END
START -7492 4396 3276 6206 1056 -8035 END
START -7392 4664 3324 6858 795 -7862 END
START -7328 4560 3552 7454 561 -7727 END
START -7432 4476 3580 7928 381 -7680 END
START -7456 4548 3416 8370 226 -7649 END
START -7308 4500 3540 8706 261 -7712 END
START -7164 4440 3340 8962 376 -7852 END
START -7080 4616 3452 9133 546 -8002 END
START -6912 4780 3604 9287 814 -8193 END
START -6780 4992 3680 9407 1120 -8347 END
START -6636 5112 3728 9464 1453 -8520 END
START -6400 5348 3984 9546 1914 -8702 END
START -6376 5532 4228 9547 2309 -8863 END
START -6380 5940 4364 9592 2680 -9041 END
START -6228 6100 4644 9612 3066 -9185 END
START -6140 6356 4876 9630 3388 -9295 END
START -6096 6468 5344 9669 3668 -9434 END
START -6008 6532 5716 9648 3856 -9540 END
START -5852 6672 5896 9687 4108 -9606 END
START -5672 7044 5836 9753 4351 -9691 END
START -5592 7344 6060 9798 4602 -9740 END
START -5336 7656 6136 9876 4936 -9744 END
START -5396 7772 6476 9919 5223 -9759 END
START -5552 7968 6960 9941 5451 -9781 END
START -5792 8104 7468 9947 5610 -9830 END
START -5948 8352 7732 9950 5621 -9886 END
START -6128 8228 8060 10061 5588 -10027 END
START -6132 8244 8428 10217 5520 -10144 END
START -6240 8192 8696 10463 5404 -10280 END
START -5948 8424 8960 10729 5319 -10411 END
START -6040 8724 9372 11026 5274 -10503 END
START -5876 9112 9576 11274 5265 -10595 END
START -5660 9552 9920 11558 5232 -10581 END
START -5528 9916 10372 11747 5250 -10510 END
START -5192 10328 10956 11969 5226 -10405 END
START -4884 10504 11596 11848 5185 -10290 END
START -4680 10572 12104 12029 5158 -10139 END
START -4364 10468 13028 11951 5123 -9986 END
START -4388 10412 13536 11762 5075 -9852 END
START -4416 10344 14216 11772 5011 -9780 END
START -4468 10440 14640 11577 4821 -9686 END
START -4408 10532 14956 11436 4667 -9610 END
START -4424 10400 15624 11283 4467 -9563 END
START -4264 10248 15884 11185 4249 -9485 END
START -3896 10192 15996 11125 4095 -9446 END
START -3656 10164 16440 11125 3966 -9380 END
START -3572 9824 16832 11094 3881 -9359 END
START -3512 9692 17044 11053 3721 -9338 END
START -3420 9600 17564 10976 3650 -9327 END
START -3336 9568 17988 10877 3501 -9378 END
START -3060 9168 18472 10754 3400 -9488 END
START -2664 9128 18916 10568 3419 -9610 END
START -2444 9028 19004 10320 3448 -9737 END
START -2112 8940 19536 9985 3593 -9856 END
START -1532 8956 19712 9613 3778 -9987 END
START -588 8828 20168 9217 4146 -10112 END
START 12 8736 20484 8767 4607 -10160 END
START 632 8804 20888 8269 5190 -10199 END
START 1128 8964 21424 7799 5675 -10155 END
START 1260 9096 22112 7307 6153 -10012 END
START 1716 9156 22724 6759 6533 -9816 END
START 2016 9336 23328 6308 6865 -9534 END
START 2156 9468 23980 5805 7037 -9163 END
START 2392 9624 24516 5392 7127 -8781 END
START 2464 9768 25164 4976 7046 -8271 END
START 2548 9888 25756 4665 6815 -7743 END
START 2604 9924 26052 4461 6465 -7121 END
START 2728 9836 26568 4330 5916 -6417 END
START 2820 9784 26844 4269 5347 -5659 END
START 2988 9636 26784 4300 4661 -4915 END
START 2972 9376 26904 4384 3843 -4095 END
START 2852 9040 26908 4506 3017 -3349 END
START 2708 8776 27168 4602 2155 -2671 END
START 2516 8544 26952 4799 1290 -1969 END
START 2508 8312 27052 4972 495 -1364 END
START 2204 8184 26996 5220 -171 -848 END
START 1972 8008 27168 5436 -801 -314 END
START 1524 7700 27732 5642 -1458 105 END
START 1412 7404 28192 5786 -2120 523 END
START 1092 7136 28784 5841 -2767 879 END