START -2932 4136 4332 -11274 -3155 115 END
START -3120 3868 3828 -11026 -3288 191 END
START -3248 3396 3232 -10781 -3368 226 END
START -3284 2956 2928 -10450 -3359 204 END
START -3184 2440 2448 -10157 -3237 106 END
START -3492 2132 2456 -9788 -3057 -78 END
START -3532 1936 2028 -9426 -2868 -373 END
START -3864 1852 2032 -9003 -2756 -747 END
START -4092 1872 1732 -8546 -2602 -1205 END
START -4336 1864 1540 -8087 -2500 -1686 END
START -4300 1912 1312 -7626 -2234 -2203 END
START -4160 2052 1084 -7131 -1957 -2720 END
START -4140 2228 692 -6743 -1636 -3212 END
START -3920 2504 632 -6353 -1372 -3696 END
START -3780 2968 432 -5967 -1038 -4118 END
START -3672 3208 224 -5637 -782 -4509 END
START -3312 3604 156 -5252 -430 -4804 END
START -2832 4124 328 -4933 -191 -4964 END
START -2492 4472 288 -4571 34 -5049 END
START -2308 4912 524 -4180 140 -4976 END
START -2012 5136 400 -3838 191 -4828 END
START -1604 5328 560 -3471 177 -4580 END
START -1228 5480 420 -3087 181 -4275 END
START -924 5524 388 -2704 178 -3947 END
START -572 5304 124 -2284 220 -3670 END
START -68 5400 -36 -1878 311 -3398 END
START 180 5324 12 -1482 365 -3132 END
START 244 5352 96 -1041 391 -2891 END
START 308 5496 92 -598 401 -2580 END
START 516 5500 24 -141 424 -2290 END
START 624 5604 -116 296 451 -1960 END
START 676 5788 -164 709 440 -1636 END
START 768 5876 -236 1126 510 -1266 END
START 744 6028 -392 1498 546 -897 END
START 908 6032 -648 1839 695 -545 END
START 976 5996 -524 2163 846 -144 END
START 1064 5920 -976 2450 1084 224 END
START 1092 5716 -1328 2732 1406 539 END
START 1064 5568 -1380 3030 1812 885 END
START 892 5540 -1456 3346 2296 1168 END
START 744 5536 -1512 3642 2789 1426 END
START 456 5552 -1508 3913 3254 1633 END
START 292 5536 -1372 4230 3709 1806 END
START -156 5480 -1200 4518 4136 1959 END
START -356 5268 -996 4803 4525 2076 END
START -828 5244 -672 5107 4870 2230 END
START -1172 5072 -496 5364 5031 2278 END
START -1312 5128 -252 5682 5159 2315 END
START -1576 5220 -88 5960 5239 2342 END
START -1844 5104 188 6284 5210 2299 END
START -2308 5064 520 6669 5110 2238 END
START -2440 5056 644 7078 4979 2139 END
START -2420 4936 780 7525 4802 2005 END
START -2428 4972 904 8030 4606 1866 END
START -2392 4900 1116 8575 4408 1769 END
START -2320 5068 1316 9134 4269 1704 END
START -2104 5164 1456 9684 4129 1703 END
START -1976 5604 1804 10216 3981 1767 END
START -1752 5840 2036 10659 3903 1892 END
START -1784 6012 2276 11050 3743 2066 END
START -1628 6324 2380 11417 3583 2331 END
START -1520 6492 2664 11709 3451 2576 END
START -1320 6660 2976 11865 3300 2869 END
START -1256 6624 3176 12193 3162 3169 END
START -1280 6560 3320 12384 3065 3448 END
START -1308 6572 3524 12715 2932 3712 END
START -1392 6572 3804 13051 2886 3940 END
START -1396 6412 4072 13354 2724 4079 END
START -1576 6320 4364 13674 2654 4194 END
START -1656 6196 4604 14077 2398 4254 END
START -1768 6044 4856 14431 2266 4231 END
START -1956 6164 5180 14795 2069 4179 END
START -1992 6312 5584 15172 1882 4026 END
START -2028 6648 6164 15518 1669 3847 END
START -2056 6832 6524 15845 1415 3635 END
START -2080 6900 6872 16165 1227 3429 END
START -1808 6964 7136 16457 1091 3231 END
START -1408 7156 7364 16694 1165 3057 END
START -1004 7320 7204 16919 1318 2910 END
START -660 7488 7364 17051 1592 2823 END
START -228 7692 7612 17150 2022 2732 END
START 208 7744 7804 17198 2655 2670 END
START 496 8004 8108 17132 3273 2668 END
START 712 8284 8396 17067 3985 2685 END
START 976 8420 9068 16896 4701 2750 END
START 1176 8796 9300 16706 5497 2851 END
START 1356 8776 9852 16477 6226 3054 END
START 1556 8784 10192 16249 7019 3260 END
START 1904 8812 10720 15984 7839 3605 END
START 2052 8788 11108 15700 8650 3982 END
START 2020 8996 11800 15401 9317 4479 END
START 1864 8872 12656 15081 9875 5056 END
START 1700 8672 13576 14744 10180 5742 END
START 1416 8248 14564 14433 10263 6491 END
START 1208 7656 15492 14142 10065 7214 END
START 840 7076 16216 13937 9699 7845 END
START 444 6600 16544 13769 9126 8464 END
START -40 6156 16888 13677 8522 8937 END
START -432 5812 17208 13704 7846 9321 END
START -824 5404 17108 13799 7077 9631 END
START -1508 5240 17064 13968 6353 9869 END
START -2232 5212 16908 14249 5625 10066 END
START -2740 5276 16748 14564 4953 10228 END
START -3368 5200 16812 14937 4310 10287 END
START -4044 4940 16708 15374 3767 10258 END
START -4684 4812 16616 15791 3216 10103 END
START -5180 4596 16684 16157 2775 9839 END
START -5720 4456 16744 16484 2366 9479 END
START -6196 4336 16764 16754 2095 8943 END
START -6628 4092 16628 16982 1920 8358 END
START -6812 4072 16844 17129 1821 7613 END
START -7192 4056 16812 17278 1848 6816 END
START -7340 4128 17120 17384 1943 5941 END
START -7468 4248 17176 17486 2057 5127 END
START -7412 4472 17732 17595 2200 4221 END
START -7320 4648 17984 17696 2271 3376 END
START -7040 4572 18380 17864 2400 2591 END
START -6492 4508 18560 18081 2496 1934 END
START -5752 4748 19068 18306 2649 1289 END
START -5308 4844 19036 18523 2844 725 END
START -4692 5264 19328 18611 3055 201 END
START -3888 5464 19576 18633 3302 -279 END
START -3044 5752 19848 18553 3535 -684 END
START -2156 6008 20012 18478 3888 -982 END
START -1248 6356 20384 18292 4286 -1155 END
START -332 6792 20740 18068 4743 -1170 END
START 668 7100 20956 17721 5320 -1075 END
START 1340 7364 21456 17332 5888 -843 END
START 1908 7880 22352 16796 6482 -469 END
START 2120 8408 22848 16229 6937 -39 END
START 2416 8460 23748 15568 7312 482 END
START 2776 8676 24244 14857 7609 1073 END
START 2796 8708 24808 14178 7821 1658 END
START 2592 8808 25532 13525 7889 2333 END
START 2436 8820 26140 12904 7864 2979 END
START 2044 8828 26776 12438 7702 3615 END
START 1468 9060 27200 12148 7305 4296 END
START 972 9024 27592 11934 6821 4908 END
START 440 8960 28256 11855 6198 5529 END
START -200 8700 28688 12006 5551 6150 END
START -836 8312 29080 12237 4787 6665 END
START -1492 7928 29864 12409 4030 7100 END
START -2108 7708 30376 12835 3233 7492 END
START -2940 7596 30940 13220 2433 7747 END
START -3520 7228 31776 13491 1671 7904 END
START -4316 7040 32200 13689 927 7943 END
START -4884 6860 32767 13709 163 7798 END
START -5464 6672 32767 13585 -560 7511 END
START -5860 6412 32767 13261 -1181 7109 END
START -6016 6232 32767 12691 -1664 6549 END
START -6112 6080 32767 12183 -2044 5941 END
START -6072 6032 32767 11314 -2270 5223 END
START -5904 6040 32767 10425 -2312 4486 END
START -5372 5908 32724 9458 -2178 3801 END
START -4888 5624 32372 8431 -1754 3113 END
START -4264 5556 31756 7472 -1161 2561 END
START -3796 5556 31180 6462 -275 2020 END
START -3228 5728 30932 5513 718 1633 END
START -2924 5988 30896 4544 1790 1311 END
START -2432 6340 31148 3491 2997 1072 END
START -2024 6580 31124 2456 4039 948 END
START -1472 6712 31560 1306 4983 906 END
START -1172 6784 31764 174 5722 927 END
START -1008 7024 32064 -1026 6401 978 END
START -1104 6972 32076 -2141 6842 1093 END
START -1028 7060 32296 -3244 7237 1290 END
START -1104 7116 32220 -4191 7492 1526 END
START -1132 6924 32508 -4935 7545 1735 END
START -1472 6824 32532 -5550 7497 2021 END
START -1740 6716 32620 -5989 7174 2286 END
START -1828 6452 32580 -6332 6793 2559 END
START -1980 6228 32624 -6596 6145 2833 END
START -2220 6024 32636 -6696 5474 3057 END
START -2396 5992 32376 -6737 4711 3242 END
START -2804 6084 32276 -6697 3874 3427 END
START -3092 6252 32104 -6594 2961 3602 END
START -3392 6424 31856 -6443 2046 3774 END
START -3464 6544 31820 -6242 1139 3970 END
START -3556 6532 31320 -6028 297 4152 END
START -3596 6636 30928 -5819 -488 4317 END
START -3548 6492 30460 -5654 -1107 4430 END
START -3712 6640 30152 -5546 -1747 4494 END
START -3908 6740 30016 -5508 -2240 4554 END
START -3772 6764 29584 -5542 -2692 4512 END
START -3772 6764 29244 -5702 -2976 4451 END
START -3868 6832 29020 -5951 -3151 4327 END
START -3856 6788 28560 -6355 -3310 4146 END
START -3860 6936 28180 -6841 -3281 3905 END
START -3648 6812 27580 -7398 -3180 3634 END
START -3616 6892 27352 -8030 -2971 3325 END
START -3548 6744 26792 -8688 -2675 2982 END
START -3292 6788 26168 -9433 -2292 2680 END
START -3132 6708 25804 -10134 -1817 2318 END
START -2868 6652 25172 -10836 -1357 2029 END
START -2692 6540 24640 -11507 -779 1696 END
START -2500 6644 24220 -12180 -252 1467 END
START -2416 6808 23880 -12730 264 1222 END
START -2232 6900 23344 -13292 774 1021 END
START -2036 7072 23028 -13765 1247 878 END
START -1992 7268 22308 -14233 1789 729 END
START -1976 7440 22284 -14592 2214 652 END
START -2048 7572 22220 -14874 2629 602 END
START -1896 7668 21896 -15111 3012 663 END
START -1960 7636 22004 -15235 3380 780 END
START -2020 7688 22008 -15285 3642 991 END
START -2228 7368 22356 -15262 3790 1198 END
START -2548 7108 22492 -15168 3801 1469 END
START -2816 6944 23044 -15042 3628 1711 END
START -3188 6804 23456 -14929 3265 1947 END
START -3604 6636 23964 -14834 2740 2119 END
START -3820 6408 24288 -14794 2044 2276 END
START -4200 6232 24412 -14805 1228 2391 END
START -4448 6068 24500 -14813 382 2465 END
START -4824 5996 24568 -14899 -617 2482 END
START -4896 6088 24264 -14940 -1655 2483 END
START -5168 6128 23796 -14973 -2636 2427 END
START -5384 6056 23288 -15006 -3539 2365 END
START -5436 5988 22360 -15006 -4340 2276 END
START -5616 6004 21480 -15018 -4958 2145 END
START -5616 5824 20704 -15013 -5372 1943 END
START -5616 5592 19696 -15050 -5565 1693 END
START -5696 5408 18960 -15074 -5643 1330 END
START -5756 5212 18168 -15135 -5589 895 END
START -5660 5012 17692 -15150 -5412 415 END
START -5664 4872 16836 -15251 -5075 -154 END
START -5636 4828 16444 -15297 -4641 -743 END
START -5472 4768 15964 -15385 -4195 -1395 END
START -5496 4668 15360 -15451 -3638 -2014 END
START -5516 4588 15228 -15463 -3074 -2683 END
START -5372 4644 15132 -15394 -2523 -3314 END
START -5344 4660 15208 -15282 -1969 -3921 END
START -5352 4676 15000 -15116 -1512 -4521 END
START -5080 4628 15080 -14950 -1096 -5108 END
START -4916 4812 15372 -14754 -756 -5647 END
START -4656 4948 15388 -14625 -468 -6114 END
START -4372 5204 15040 -14546 -164 -6488 END
START -3908 5492 15240 -14526 170 -6784 END
START -3580 5708 15224 -14596 512 -6975 END
START -3252 5992 15240 -14726 875 -7135 END
START -3096 6176 15420 -14913 1177 -7174 END
START -2888 6360 15592 -15157 1352 -7123 END
START -2704 6504 15796 -15425 1392 -7015 END
START -2936 6576 16120 -15720 1277 -6834 END
START -3080 6728 16524 -16032 962 -6614 END
START -3280 6632 16700 -16344 427 -6339 END
START -3552 6616 16712 -16631 -269 -6081 END
START -3752 6508 16548 -16874 -1081 -5809 END
START -3956 6336 16220 -17060 -1982 -5553 END
START -4196 6112 15736 -17140 -2890 -5324 END
START -4472 5980 15168 -17148 -3715 -5127 END
START -5064 5984 14636 -17058 -4562 -5007 END
START -5576 6032 14120 -16853 -5441 -4940 END
START -6260 6080 13256 -16606 -6225 -4902 END
START -6752 5852 12540 -16315 -6999 -4954 END
START -7224 5452 11784 -16006 -7672 -5077 END
START -7564 4904 10936 -15655 -8204 -5311 END
START -7908 4408 10092 -15295 -8637 -5760 END
START -8260 3824 9148 -14960 -8831 -6291 END
START -8796 3412 8064 -14604 -8841 -6974 END
START -9272 2860 7152 -14251 -8737 -7807 END
START -9504 2316 6172 -13847 -8486 -8777 END
START -9864 1728 5512 -13405 -8062 -9819 END
START -9952 1044 4972 -12935 -7554 -11020 END
START -10092 488 4480 -12426 -6966 -12209 END
START -9872 128 4248 -11889 -6341 -13515 END
START -9580 -72 4172 -11341 -5707 -14760 END
START -9344 92 4264 -10800 -5164 -15857 END
START -8948 228 4432 -10256 -4682 -16907 END
START -8348 504 4388 -9761 -4263 -17782 END
START -7704 864 4704 -9349 -3892 -18460 END
START -7180 1684 4848 -8976 -3586 -19019 END
START -6692 2552 5380 -8694 -3433 -19380 END
START -6144 3376 5672 -8492 -3323 -19570 END
START -5408 4268 6000 -8440 -3356 -19558 END
START -4720 5028 6364 -8463 -3446 -19393 END
START -4184 5528 6508 -8593 -3657 -19056 END
START -3652 5948 6776 -8812 -3977 -18524 END
START -3056 5892 6772 -9061 -4349 -17919 END
START -2444 5856 6676 -9274 -4749 -17241 END
START -1968 5696 6612 -9431 -5111 -16583 END
START -1724 5524 6316 -9529 -5500 -15914 END
START -1596 5344 6140 -9518 -5976 -15289 END
START -1600 5240 5760 -9359 -6481 -14757 END
START -1604 4936 5364 -9108 -6950 -14309 END
START -1728 4700 5060 -8741 -7467 -13974 END
START -1988 4508 4668 -8292 -8014 -13717 END
START -2196 4384 4368 -7747 -8482 -13550 END
START -2388 4164 3512 -7202 -8915 -13462 END
START -2396 4088 3236 -6675 -9249 -13470 END
START -2600 3880 2520 -6159 -9532 -13583 END
START -2648 3516 1808 -5626 -9503 -13749 END
START -2784 3312 1100 -5093 -9314 -14007 END
START -2860 3304 196 -4571 -8802 -14263 END
START -2980 3224 -408 -4078 -8237 -14592 END
START -3200 3332 -1228 -3528 -7439 -14938 END
START -3112 2880 -1744 -3007 -6425 -15309 END
START -2908 2580 -2276 -2413 -5289 -15692 END
START -2980 2396 -2208 -1846 -4122 -16073 END
START -2992 2376 -2088 -1278 -2994 -16474 END
START -3232 2628 -1840 -764 -1927 -16872 END
START -3304 2768 -1388 -283 -1021 -17178 END
START -3460 2976 -1052 128 -261 -17501 END
START -3512 2900 -564 489 316 -17790 END
START -3596 2904 -280 823 790 -18072 END
START -3440 2892 -196 1170 1199 -18375 END
START -3236 2852 -68 1504 1458 -18653 END
START -3228 3012 228 1860 1711 -19006 END
START -2932 3136 228 2298 1947 -19263 END
START -2708 3520 444 2732 2074 -19530 END
START -2468 4092 772 3162 2113 -19685 END
START -1840 4724 816 3592 2034 -19777 END
START -1220 5148 1184 4015 1935 -19695 END
START -404 5372 1240 4418 1791 -19455 END
START 152 5924 1496 4781 1637 -19094 END
START 960 6348 1476 5120 1440 -18633 END
START 1352 6960 1632 5453 1208 -18125 END
START 1772 7232 1332 5788 1049 -17560 END
START 2484 7648 1336 6106 931 -16938 END
START 2984 7620 956 6375 929 -16294 END
START 3772 7608 904 6668 1075 -15608 END
START 4244 7476 784 6914 1268 -14881 END
START 4732 7400 472 7251 1519 -14154 END
START 4716 7564 604 7602 1845 -13415 END
START 4928 7784 592 8002 2167 -12750 END
START 4996 7932 652 8424 2533 -12055 END
START 4768 8096 600 8845 2963 -11455 END
START 4532 8220 976 9283 3418 -10867 END
START 4136 8304 912 9725 3861 -10316 END
START 3780 8464 1228 10154 4285 -9857 END
START 3300 8560 1360 10560 4753 -9450 END
START 3020 8540 1500 10922 5106 -9131 END
START 2680 8388 1584 11282 5499 -8870 END
START 2528 8188 1880 11611 5859 -8733 END
START 2576 8096 1908 12001 6326 -8594 END
START 2536 8056 1876 12332 6801 -8482 END
START 2392 8056 2144 12774 7274 -8432 END
START 2400 8256 2368 13169 7812 -8419 END
START 2436 8744 2500 13643 8266 -8356 END
START 2636 8852 2932 14099 8759 -8275 END
START 2748 9280 3268 14502 9181 -8153 END
START 3072 9680 3820 14932 9667 -7971 END
START 3496 10188 4280 15251 10030 -7699 END
START 4072 10600 4960 15541 10456 -7344 END
START 4480 10952 5548 15770 10789 -6868 END
START 5168 11564 6272 15884 11104 -6229 END
START 5500 12272 7148 15962 11322 -5435 END
START 5924 12788 7752 15913 11474 -4534 END
START 6612 13104 8616 15798 11601 -3456 END
START 7128 13252 9220 15630 11677 -2324 END
START 7540 13392 9928 15391 11646 -1128 END
START 7892 13352 10516 15146 11549 121 END
START 8384 13228 11072 14960 11428 1316 END
START 8620 13200 11724 14741 11269 2580 END
START 9112 13180 12092 14625 11088 3818 END
START 9324 13172 12460 14608 11040 5088 END
START 9116 13148 12884 14658 10960 6400 END
START 8748 13364 13688 14761 10830 7690 END
START 8252 13416 14368 14918 10552 8944 END
START 7936 13652 14820 15081 10166 10200 END
START 7552 13896 15588 15228 9762 11348 END
START 7268 13872 16000 15380 9252 12454 END
START 7228 13836 16444 15472 8810 13550 END
START 7176 13656 16672 15577 8322 14546 END
START 7084 13760 16912 15707 7964 15556 END
START 6920 13912 17304 15808 7631 16413 END
START 6904 13948 17364 15911 7392 17253 END
START 6676 13892 17632 15946 7248 18035 END
START 6620 14156 18204 15968 7070 18835 END
START 6612 14184 18556 15871 7031 19602 END
START 6572 14276 18740 15756 7042 20342 END
START 6348 14396 19188 15538 7127 21093 END
START 6268 14444 19708 15289 7236 21833 END
START 6160 14564 20128 14984 7437 22558 END
START 5948 14604 20588 14632 7586 23288 END
START 5704 14628 21344 14188 7752 23969 END
START 5332 14504 22072 13766 7845 24591 END
START 4932 14408 22728 13272 7896 25183 END
START 4500 14172 23372 12755 7964 25770 END
START 4000 13852 23872 12149 8005 26273 END
START 3560 13824 24240 11695 8098 26703 END
START 3368 13632 24612 11056 8273 27116 END
START 2936 13404 25136 10398 8363 27445 END
START 2588 13256 25384 9615 8547 27773 END
START 2372 13260 25660 8889 8648 28077 END
START 2184 13324 25988 8077 8791 28378 END
START 1860 13196 26176 7297 8926 28700 END
START 1636 12904 26496 6530 9067 29023 END
START 1356 12620 26860 5875 9081 29390 END
START 1044 12520 27380 5327 9016 29763 END
START 428 12288 27896 4876 8832 30156 END
START 136 12088 28540 4467 8483 30535 END
START -376 11840 29064 4102 8010 30901 END
START -708 11456 29420 3738 7399 31220 END
START -1152 11008 29884 3377 6679 31442 END
START -1460 10496 30148 2951 5916 31604 END
START -2128 10000 30248 2595 4994 31634 END
START -2548 9620 30360 2291 4105 31615 END
START -3092 9052 30396 2042 3169 31515 END
START -3548 8720 30416 1810 2328 31325 END
START -4008 8456 30132 1621 1576 31057 END
START -4296 8220 30004 1435 874 30743 END
START -4700 8168 30040 1239 290 30414 END
START -5080 7852 29916 923 -255 29977 END
START -5396 7456 29988 490 -712 29542 END
START -5700 7156 29760 -38 -1155 29132 END
START -5784 6864 29564 -709 -1486 28663 END
START -5588 6484 29048 -1449 -1702 28107 END
START -5668 6040 28680 -2247 -1858 27518 END
START -5540 5604 28328 -3059 -1908 26808 END
START -5456 5104 27704 -3876 -1893 26093 END
START -5392 4820 27280 -4616 -1796 25379 END
START -5236 4640 26676 -5334 -1626 24680 END
START -5212 4672 26352 -6005 -1433 23969 END
START -5036 4856 25860 -6638 -1156 23333 END
START -4928 5216 25288 -7167 -886 22789 END
START -4860 5376 24740 -7701 -604 22322 END
START -4704 5456 24352 -8191 -342 21978 END
START -4740 5536 23784 -8588 -53 21675 END
START -4684 5580 23344 -8954 214 21413 END
START -4708 5644 22944 -9226 402 21232 END
START -4840 5796 22740 -9440 573 21075 END
START -4936 5748 22380 -9597 709 20938 END
START -4936 5712 22120 -9680 811 20793 END
START -5024 5520 21948 -9720 798 20687 END
START -4968 5516 21752 -9676 694 20538 END
START -5272 5552 21676 -9593 584 20384 END
START -5552 5528 21536 -9505 345 20241 END
START -5660 5544 21216 -9427 60 20049 END
START -6024 5304 21088 -9328 -267 19882 END
START -6188 5016 20828 -9247 -592 19668 END
START -6396 4940 20424 -9152 -974 19420 END
START -6680 5036 20068 -9016 -1225 19181 END
START -7184 4944 19748 -8901 -1491 18878 END
START -7664 4892 19312 -8820 -1689 18567 END
START -8188 4532 19136 -8778 -1863 18209 END
START -8628 4024 18568 -8766 -2000 17738 END
START -8976 3472 18148 -8798 -2114 17159 END
START -9168 2912 17840 -8887 -2156 16474 END
START -9412 2464 17492 -9010 -2175 15679 END
START -9776 2088 17144 -9152 -2203 14809 END
START -9960 1788 16644 -9350 -2226 13899 END
START -10140 1564 16300 -9498 -2271 13006 END
START -10220 1224 15900 -9667 -2334 12018 END
START -10452 944 15480 -9816 -2424 11095 END
START -10360 896 15048 -9917 -2443 10186 END
START -10320 788 14604 -9944 -2477 9236 END
START -10216 804 13868 -9990 -2500 8360 END
START -10048 768 13264 -9950 -2470 7491 END
START -10020 752 12652 -9903 -2410 6683 END
START -9772 712 12160 -9757 -2299 5904 END
START -9708 596 11472 -9556 -2141 5162 END
START -9768 724 10984 -9370 -1962 4423 END
START -9904 760 10620 -9122 -1736 3672 END
START -9856 972 10052 -8867 -1496 2998 END
START -9996 884 9884 -8601 -1211 2262 END
START -10152 884 9476 -8282 -869 1571 END
START -10276 656 9088 -7929 -488 846 END
START -10452 472 8628 -7585 -54 154 END
START -10824 400 8352 -7245 444 -661 END
START -11136 284 8336 -6874 947 -1491 END
START -11652 176 8280 -6547 1377 -2416 END
START -11716 52 8264 -6256 1751 -3338 END
START -12172 -188 8392 -5986 2094 -4391 END
START -12372 -12 8660 -5712 2398 -5435 END
START -12752 -8 8852 -5463 2569 -6511 END
START -12880 168 8896 -5235 2618 -7559 END
START -13224 480 9108 -5061 2635 -8624 END
START -13348 624 9144 -4908 2588 -9642 END
START -13580 800 9308 -4737 2535 -10680 END
START -13800 1072 9404 -4652 2328 -11655 END
START -13848 1016 9324 -4517 2002 -12648 END
START -13904 1100 9076 -4387 1714 -13623 END
START -13792 1084 9012 -4215 1352 -14613 END
START -13736 1228 8884 -3993 1008 -15588 END
START -13724 1548 8788 -3735 546 -16528 END
START -13560 2044 8300 -3431 14 -17406 END
START -13156 2556 7800 -3120 -455 -18149 END
START -12692 3148 7324 -2770 -902 -18794 END
START -12344 3732 6532 -2270 -1279 -19299 END
START -12072 4320 6076 -1735 -1661 -19701 END
START -11868 4632 5468 -1132 -2008 -20043 END
START -11288 4756 4828 -439 -2338 -20364 END
START -10864 4684 4436 336 -2490 -20646 END
START -10656 4356 4100 1137 -2577 -20973 END
START -10532 4084 3976 2054 -2705 -21316 END
START -10384 3764 3932 2942 -2873 -21734 END
START -10056 3752 3992 3754 -3089 -22189 END
START -9908 3652 3964 4565 -3264 -22693 END
START -9612 3596 3568 5268 -3359 -23220 END
START -9440 3456 3504 5951 -3396 -23859 END
START -9312 3484 3280 6500 -3375 -24458 END
START -9208 3584 3016 7111 -3247 -25107 END
START -9072 3872 2628 7703 -3019 -25778 END
START -8696 4136 2556 8317 -2599 -26413 END
START -8532 4388 2496 8883 -2150 -27017 END
START -8364 4968 2460 9441 -1710 -27587 END
START -8232 5564 2660 9978 -1295 -28157 END
START -7996 6240 3148 10417 -946 -28628 END
START -7684 6736 3668 10811 -655 -29059 END
START -7272 6960 4120 11121 -424 -29442 END
START -6888 7364 4588 11377 -298 -29711 END
START -6272 7824 4820 11588 -192 -29915 END
START -5528 8368 5204 11760 -62 -30024 END
START -4804 8836 5456 11738 32 -30033 END
START -4188 9132 5964 12054 52 -29891 END
START -3644 9352 6376 12137 97 -29624 END
START -3108 9552 6900 12203 19 -29301 END
START -2784 9780 7256 12169 -129 -28992 END
START -2532 9880 7608 12463 -417 -28662 END
START -1996 9844 7752 12539 -718 -28354 END
START -1364 9920 7824 12836 -970 -28033 END
START -732 9904 7812 13122 -1159 -27637 END
START -336 9936 8088 13474 -1294 -27243 END
START 56 10204 8048 13847 -1421 -26712 END
START 460 10496 8188 14231 -1545 -26180 END
START 836 10940 8240 14631 -1595 -25576 END
START 1068 11396 8140 15005 -1584 -24973 END
START 1256 11704 8084 15309 -1459 -24397 END
START 1632 11912 8136 15631 -1287 -23873 END
START 1932 12216 8172 15891 -988 -23378 END
START 2056 12444 8132 16126 -614 -23049 END
START 2264 12564 8160 16366 -168 -22723 END
START 2556 12680 8536 16622 325 -22489 END
START 2928 13008 8960 16968 936 -22240 END
START 3092 13320 9472 17280 1536 -21994 END
START 3532 13828 10252 17554 2114 -21731 END
START 3844 14164 11092 17718 2635 -21369 END
START 4168 14664 12092 17744 3110 -20942 END
START 4268 14772 13264 17638 3430 -20473 END
START 4536 14828 14608 17424 3473 -20040 END
START 4564 14740 15716 17094 3391 -19596 END
START 4868 14960 16780 16727 3203 -19181 END
START 5116 14736 17372 16382 2970 -18817 END
START 5420 14756 18036 15980 2729 -18442 END
START 5732 14812 18324 15678 2502 -18135 END
START 5992 15196 18732 15311 2363 -17753 END
START 6456 15664 19008 14980 2263 -17303 END
START 7004 15872 19412 14534 2231 -16810 END
START 7420 15904 19740 14027 2256 -16142 END
START 7708 16044 20504 13457 2275 -15415 END
START 7968 16016 20940 12814 2210 -14586 END
START 8252 16184 21132 12003 2144 -13779 END
START 8352 16056 21660 11491 2045 -12997 END
START 8376 15952 21784 10766 1933 -12248 END
START 8332 15684 21912 10129 1858 -11546 END
START 8488 15508 22004 9475 1740 -10908 END
START 8388 15472 21860 8905 1624 -10280 END
START 8284 15316 21952 8370 1523 -9781 END
START 8140 15164 21900 7881 1432 -9254 END
START 8032 15052 21744 7412 1349 -8751 END
START 8104 14756 21532 6986 1357 -8263 END
START 8196 14552 21196 6608 1397 -7799 END
START 8020 14468 21216 6268 1459 -7331 END
START 7668 14568 21048 5887 1502 -6966 END
START 7564 14580 21028 5565 1531 -6570 END
START 7248 14568 20896 5209 1579 -6220 END
START 7076 14436 20960 4896 1510 -5882 END
START 6844 14192 21000 4562 1407 -5529 END
START 6748 13892 20784 4314 1326 -5183 END
START 6656 13640 20856 4026 1161 -4859 END
START 6664 13508 20760 3831 1059 -4560 END
START 6516 13248 20768 3646 797 -4306 END
START 6476 12956 20724 3466 535 -3986 END
START 6416 12908 20436 3259 312 -3694 END
START 6240 12848 20228 3072 100 -3344 END
START 6168 12736 19924 2874 -97 -3030 END
START 5996 12796 19728 2704 -252 -2677 END
START 5888 12600 19584 2555 -451 -2281 END
START 5652 12536 19448 2432 -576 -1908 END
START 5536 12476 19192 2362 -626 -1536 END
START 5384 12404 19196 2307 -713 -1169 END
START 5264 12220 19040 2240 -768 -831 END
START 5072 12152 18848 2186 -778 -478 END
START 5056 11976 18948 2109 -751 -178 END
START 4832 11892 18924 2003 -715 106 END
START 4664 11832 19032 1853 -683 387 END
START 4712 11900 18996 1658 -680 620 END
START 4552 11868 19164 1433 -638 863 END
START 4556 11900 19316 1140 -640 1104 END
START 4448 11808 19444 811 -652 1358 END
START 4220 11728 19332 449 -703 1590 END
START 4152 11744 19664 85 -723 1862 END
START 4040 11636 19644 -300 -754 2149 END
START 3752 11584 19468 -625 -811 2376 END
START 3652 11640 19572 -982 -850 2613 END
START 3488 11488 19488 -1302 -879 2835 END
START 3220 11392 19288 -1595 -951 3026 END
START 3028 11232 19360 -1886 -1001 3200 END
START 2800 11108 19240 -2134 -1033 3360 END
START 2560 11004 19228 -2403 -1110 3468 END
START 2388 11016 19056 -2610 -1150 3564 END