START -1836 -340 15048 -741 1636 -717 END
START 2476 500 6240 -864 842 -708 END
START 324 -800 10784 -962 1081 -643 END
START -1212 -480 13492 -956 1957 -573 END
START -1380 -348 14752 -974 2003 -605 END
START -1888 -100 14692 -982 2192 -597 END
START -2304 -100 14572 -1016 2226 -573 END
START -2444 -268 14836 -984 2259 -531 END
START -2512 -336 14840 -996 2319 -518 END
START -2756 -256 14944 -952 2316 -461 END
START -2920 -408 15044 -923 2390 -491 END
START -2996 -464 15164 -877 2339 -517 END
START -3156 -584 15344 -838 2259 -617 END
START -3040 -872 15340 -816 2209 -687 END
START -3088 -1076 15548 -754 2126 -813 END
START -3028 -1172 15888 -723 1986 -920 END
START -2992 -1256 15852 -688 1820 -1049 END
START -2760 -1232 15812 -645 1703 -1189 END
START -2640 -1336 15716 -622 1613 -1337 END
START -2448 -1408 15784 -577 1559 -1434 END
START -2216 -1180 15908 -449 1535 -1501 END
START -2264 -1072 15860 -368 1508 -1550 END
START -1912 -908 15868 -272 1468 -1564 END
START -1896 -828 15888 -203 1420 -1578 END
START -1836 -768 15920 -161 1433 -1544 END
START -1680 -752 15968 -131 1446 -1482 END
START -1780 -532 16132 -105 1382 -1428 END
START -1736 -492 16124 -126 1382 -1323 END
START -1768 -180 15864 -142 1356 -1312 END
START -1760 12 16176 -253 1306 -1208 END
START -1892 140 16072 -329 1274 -1136 END
START -1904 168 16284 -454 1149 -1040 END
START -1852 -20 16272 -539 1045 -951 END
START -1852 -64 16308 -679 992 -852 END
START -1896 -12 16368 -833 850 -688 END
START -1860 -236 16304 -897 744 -591 END
START -1884 -392 16004 -964 607 -493 END
START -1972 -260 16044 -1046 477 -421 END
START -1996 -232 15876 -1085 395 -373 END
START -1816 -224 15804 -1091 306 -322 END
START -1876 -416 15584 -1088 256 -280 END
START -1880 -392 15544 -1060 202 -256 END
START -1996 -432 15220 -1012 157 -225 END
START -1880 -420 15260 -960 101 -218 END
START -2032 -496 15016 -900 99 -201 END
START -1948 -396 14940 -815 105 -190 END
START -2008 -408 14948 -676 83 -156 END
START -2040 -576 14792 -620 109 -169 END
START -2152 -576 14776 -514 130 -143 END
START -2228 -608 14748 -450 105 -180 END
START -2096 -696 14676 -386 129 -187 END
START -2276 -604 14624 -342 130 -259 END
START -2364 -648 14500 -285 151 -346 END
START -2448 -604 14536 -217 151 -405 END
START -2396 -808 14540 -238 179 -474 END
START -2444 -756 14540 -163 277 -496 END
START -2328 -748 14548 -194 280 -554 END
START -2312 -632 14688 -164 349 -614 END
START -2192 -728 14660 -230 390 -680 END
START -2316 -744 14748 -229 407 -698 END
START -2268 -552 14720 -298 416 -713 END
START -2280 -468 14756 -340 416 -693 END
START -2268 -228 14712 -414 406 -673 END
START -2136 -228 14820 -451 388 -634 END
START -2160 28 14688 -572 375 -564 END
START -2016 -40 14560 -651 319 -431 END
START -1996 84 14548 -723 335 -294 END
START -2004 -40 14608 -804 322 -201 END
START -1924 -12 14424 -877 261 -113 END
START -1928 16 14384 -928 245 -2 END
START -1952 -96 14204 -934 198 67 END
START -2128 -28 14120 -924 149 160 END
START -2100 -16 13964 -921 85 237 END
START -2132 -28 13880 -935 29 298 END
START -2000 -100 13440 -850 -5 363 END
START -1980 -96 13604 -785 -33 440 END
START -2008 -204 13284 -708 -62 493 END
START -1992 -204 13116 -620 -85 540 END
START -2104 -232 12984 -575 -81 599 END
START -2156 -268 12896 -434 -81 615 END
START -2232 -240 12524 -342 -32 635 END
START -2200 -224 12480 -221 -36 650 END
START -2232 -176 12344 -128 -14 638 END
START -2336 -292 12420 -43 -24 626 END
START -2412 -320 12152 32 -8 586 END
START -2356 -132 12052 116 -3 533 END
START -2340 -140 12160 184 6 497 END
START -2328 -248 11760 264 2 467 END
START -2340 -44 11696 311 50 393 END
START -2312 -80 11524 387 52 328 END
START -2320 -12 11400 459 39 282 END
START -2172 156 11464 520 107 243 END
START -2236 320 11040 606 130 175 END
START -2240 256 11100 669 193 171 END
START -2196 284 10736 772 230 114 END
START -2096 500 10600 859 318 67 END
START -2244 436 10388 990 329 37 END
START -2104 560 10304 1036 363 31 END
START -2056 588 10232 1146 392 -22 END
START -2020 516 10112 1236 420 -43 END
START -2168 600 10112 1342 390 -82 END
START -2096 696 9920 1408 405 -94 END
START -2244 820 9948 1524 479 -118 END
START -2296 984 9672 1568 523 -125 END
START -2204 884 9876 1663 508 -131 END
START -2232 1064 9808 1694 490 -177 END
START -2336 1168 9604 1762 472 -187 END
START -2176 1292 9580 1792 446 -198 END
START -2280 1388 9648 1819 380 -172 END
START -2280 1568 9700 1864 232 -151 END
START -2320 1592 9500 1895 104 -155 END
START -2308 1648 9540 1949 -76 -72 END
START -2204 1624 9608 1960 -272 6 END
START -2204 1672 9356 2052 -494 68 END
START -2176 1648 9252 2175 -801 193 END
START -2416 1704 9324 2291 -967 268 END
START -2164 1772 9204 2460 -1244 371 END
START -2180 1864 8952 2642 -1436 477 END
START -2064 1716 8784 2827 -1609 598 END
START -2168 1788 8560 3021 -1888 740 END
START -2128 1756 8244 3228 -2026 860 END
START -2032 1864 8200 3391 -2150 983 END
START -2096 1724 8312 3636 -2289 1021 END
START -2112 1836 7832 3789 -2394 1080 END
START -2132 1828 7836 3984 -2485 1131 END
START -2104 1712 7688 4141 -2566 1127 END
START -2016 1680 7508 4301 -2640 1133 END
START -1968 1516 7716 4467 -2697 1112 END
START -1776 1424 7524 4614 -2781 1099 END
START -1676 1416 7472 4789 -2839 1041 END
START -1616 1388 7540 4948 -2944 963 END
START -1252 1408 7356 5141 -3023 900 END
START -1124 1252 7256 5332 -3087 848 END
START -1028 1284 7280 5570 -3099 776 END
START -796 1236 7244 5818 -3164 731 END
START -564 1176 7020 6092 -3139 711 END
START -392 1196 6844 6383 -3055 667 END
START -112 1252 6668 6684 -2910 644 END
START 156 1292 6364 7003 -2712 630 END
START 196 1396 6396 7298 -2417 622 END
START 400 1420 6224 7630 -2136 643 END
START 544 1580 6252 7970 -1753 621 END
START 412 1728 6376 8317 -1402 643 END
START 516 2000 6564 8623 -1043 716 END
START 492 2028 6896 8935 -639 760 END
START 296 2136 6900 9188 -423 876 END
START 260 2460 7332 9504 -42 995 END
START -52 2664 7728 9798 226 1086 END
START -236 2672 8128 10086 455 1230 END
START -460 2704 8592 10362 662 1296 END
START -668 2764 9064 10599 840 1375 END
START -1068 2888 9572 10788 905 1434 END
START -1284 3128 10020 10883 973 1488 END
START -1680 3568 10624 10985 953 1503 END
START -1760 3656 10880 11004 931 1534 END
START -2160 4068 11220 11033 864 1553 END
START -2364 4344 11484 11052 803 1584 END
START -2512 4392 11952 11100 728 1627 END
START -2536 4432 12108 11146 651 1649 END
START -2656 4368 12580 11293 531 1662 END
START -2780 4328 12672 11299 396 1655 END
START -2720 4260 12872 11392 312 1644 END
START -2804 4360 12964 11453 158 1569 END
START -2768 4272 13216 11416 110 1497 END
START -2800 4456 13072 11401 71 1382 END
START -2840 4364 13232 11443 102 1286 END
START -2652 4396 13300 11474 112 1176 END
START -2508 4388 13320 11464 194 1015 END
START -2664 4444 13268 11399 257 887 END
START -2528 4540 13248 11402 317 747 END
START -2468 4800 13396 11476 448 615 END
START -2424 4992 13424 11536 596 556 END
START -2328 5196 13308 11579 737 480 END
START -2104 5268 13504 11546 918 451 END
START -2256 5452 13740 11538 1084 448 END
START -2224 5648 13896 11620 1198 432 END
START -2368 5936 13832 11782 1373 450 END
START -2360 6108 14128 11780 1510 436 END
START -2264 6224 14152 11591 1648 440 END
START -2376 6444 14428 11896 1815 441 END
START -2468 6396 14336 11732 2003 472 END
START -2612 6672 14300 11958 2183 531 END
START -2804 6732 14628 11697 2300 561 END
START -3048 6860 14772 12059 2446 531 END
START -3200 6944 15104 12028 2511 518 END
START -3200 7024 15376 12007 2584 495 END
START -3304 7032 15728 11720 2594 457 END
START -3352 6976 15904 11839 2577 386 END
START -3488 6916 16040 11558 2473 347 END
START -3604 6968 16224 11474 2341 304 END
START -3564 6820 16396 11436 2143 298 END
START -3584 6852 16596 11401 1906 298 END
START -3512 6884 16768 11354 1610 274 END
START -3464 6700 16832 11425 1280 213 END
START -3336 6696 16776 11573 998 180 END
START -3064 6492 16588 11662 725 186 END
START -2900 6584 16576 11632 434 192 END
START -2624 6548 16680 12004 176 230 END
START -2356 6540 16440 11838 3 273 END
START -2108 6624 16364 11996 -132 278 END
START -2060 6620 16264 12102 -218 317 END
START -1960 6728 16348 12092 -326 341 END
START -2040 6800 16320 12091 -376 374 END
START -1868 6896 16360 12107 -411 418 END
START -1984 6992 16252 12174 -397 475 END
START -1944 7208 16160 12618 -380 522 END
START -2112 7412 16260 12592 -340 536 END
START -2136 7504 16356 12722 -355 567 END
START -2360 7748 16492 12761 -287 637 END
START -2576 7864 16716 12855 -239 622 END
START -2896 8096 16868 12951 -251 679 END
START -3140 8288 17208 13051 -272 651 END
START -3184 8488 17324 13142 -251 653 END
START -3236 8424 17776 13210 -175 622 END
START -3408 8392 18056 13256 -166 601 END
START -3424 8380 18384 13312 -41 520 END
START -3400 8224 18984 13432 -52 485 END
START -3428 8160 19360 13533 -32 328 END
START -3516 8148 20152 13604 -24 179 END
START -3288 8040 20732 13735 -16 -21 END
START -3120 8044 21412 13866 -28 -230 END
START -2684 7896 22012 13924 13 -452 END
START -2292 8000 22564 13950 19 -706 END
START -2048 8020 23260 13938 46 -861 END
START -1512 8180 23628 13807 225 -1032 END
START -884 8208 24284 13588 386 -1234 END
START -360 8228 24992 13302 591 -1384 END
START 12 8368 25660 12948 808 -1529 END
START 472 8596 26204 12596 1052 -1562 END
START 784 8656 26760 12000 1373 -1568 END
START 912 8916 27528 11844 1614 -1420 END
START 1252 8828 28112 11255 1860 -1151 END
START 1312 8984 28580 10791 2042 -801 END
START 1328 9104 29224 10316 2192 -409 END
START 1076 9124 30048 9851 2223 67 END
START 920 9096 30664 9347 2107 537 END
START 712 8932 31008 8858 1968 1018 END
START 408 8540 31420 8304 1752 1523 END
START 156 8272 31796 7697 1450 2013 END
START -208 7928 31792 7105 1106 2487 END
START -492 7568 31876 6552 757 2866 END
START -776 7128 31680 6012 439 3198 END
START -1000 6512 31480 5490 189 3460 END
START -1460 6048 31120 5026 -43 3642 END
START -1676 5708 30792 4609 -121 3784 END
START -2052 5388 30404 4095 -194 3800 END
START -2112 5172 30084 3654 -219 3790 END
START -2416 4616 29932 3250 -178 3769 END
START -2652 4232 29652 2833 -137 3642 END
START -2964 3912 29444 2527 -74 3506 END
START -3168 3684 29308 2173 9 3352 END
START -3264 3544 28924 1854 75 3179 END
START -3396 3364 28700 1481 177 2895 END
START -3488 3264 28696 1127 318 2662 END
START -3676 3096 28512 713 509 2384 END
START -3672 2980 28580 303 741 2081 END
START -3704 2932 28008 -99 950 1822 END
START -3844 2996 28076 -494 1230 1549 END
START -3944 3008 27868 -887 1526 1264 END
START -3936 3056 27708 -1319 1860 965 END
START -4024 3116 27848 -1633 2156 756 END
START -4044 3212 27784 -2018 2484 536 END
START -3996 3188 28040 -2369 2670 373 END
START -4192 3284 28208 -2686 2850 237 END
START -4272 3508 28208 -3065 2910 162 END
START -4396 3704 28508 -3374 2966 53 END
START -4468 4036 28620 -3762 3000 61 END
START -4552 4140 28904 -4096 2946 37 END
START -4748 4240 28984 -4433 2900 66 END
START -4736 4536 29064 -4769 2790 151 END
START -4952 4648 29252 -5097 2627 248 END
START -5104 4720 29436 -5440 2477 348 END
START -5284 4752 29316 -5812 2268 469 END
START -5432 4892 29276 -6181 2010 569 END
START -5564 5016 29348 -6557 1772 704 END
START -5524 4948 29300 -6937 1484 740 END
START -5668 4852 29220 -7361 1173 767 END
START -5604 4752 29044 -7765 880 751 END
START -5704 4624 28968 -8091 611 724 END
START -5708 4520 28752 -8473 326 656 END
START -5580 4668 28292 -8757 76 602 END
START -5612 4496 28320 -9074 -141 485 END
START -5668 4692 27824 -9411 -361 369 END
START -5576 4576 27772 -9709 -485 267 END
START -5576 4664 27320 -10024 -661 87 END
START -5432 4684 27096 -10303 -728 -40 END
START -5412 4740 26588 -10647 -763 -202 END
START -5224 4724 26504 -10930 -794 -417 END
START -5276 4760 26136 -11242 -730 -603 END
START -5132 4836 25936 -11559 -676 -816 END
START -5076 4896 25684 -11868 -619 -1040 END
START -4956 4912 25128 -12183 -466 -1204 END
START -4792 5004 25060 -12473 -289 -1449 END
START -4524 4800 24676 -12858 -64 -1736 END
START -4636 4940 24308 -13145 227 -1980 END
START -4328 5000 23768 -13520 668 -2252 END
START -4192 4952 23416 -13856 1118 -2541 END
START -4012 5044 23132 -14194 1628 -2827 END
START -3848 4932 22876 -14503 2129 -3152 END
START -3868 5112 22352 -14786 2731 -3480 END
START -3676 5268 22308 -15093 3239 -3837 END
START -3728 5316 22268 -15359 3701 -4159 END
START -3804 5444 22176 -15640 4031 -4446 END
START -3760 5552 22152 -15858 4253 -4689 END
START -3832 5596 22224 -16092 4349 -4909 END
START -3728 5736 22232 -16253 4333 -5093 END
START -3716 5848 22352 -16392 4189 -5230 END
START -3768 6308 22424 -16480 3915 -5357 END
START -3824 6880 22436 -16573 3471 -5393 END
START -3776 7252 22436 -16622 2939 -5397 END
START -3716 7372 22524 -16632 2270 -5266 END
START -3480 7496 22056 -16632 1539 -5010 END
START -3212 7540 21760 -16614 747 -4693 END
START -2904 7596 21324 -16571 123 -4322 END
START -2644 7908 20740 -16453 -477 -3937 END
START -2332 7964 20348 -16321 -963 -3544 END
START -2132 7928 19564 -16233 -1394 -3178 END
START -2128 8004 19096 -16136 -1804 -2777 END
START -1932 7912 18576 -16087 -2163 -2424 END
START -1984 7736 17960 -16035 -2408 -2113 END
START -2004 7708 17340 -16062 -2534 -1815 END
START -1936 7648 16764 -16039 -2532 -1550 END
START -2020 7544 16068 -16072 -2508 -1361 END
START -2016 7204 15788 -16101 -2453 -1245 END
START -2172 7084 15512 -16116 -2369 -1164 END
START -2312 6752 14968 -16111 -2289 -1124 END
START -2352 6568 14284 -16013 -2193 -1091 END
START -2380 6308 13816 -15966 -2048 -1120 END
START -2540 6312 13396 -15843 -1915 -1212 END
START -2468 6172 12996 -15687 -1754 -1305 END
START -2524 6136 12648 -15538 -1552 -1412 END
START -2560 6020 12076 -15454 -1366 -1534 END
START -2492 5992 11732 -15341 -1137 -1678 END
START -2480 5820 11460 -15243 -900 -1819 END
START -2360 5872 11044 -15226 -699 -1969 END
START -2396 5752 10516 -15201 -449 -2119 END
START -2120 5604 10308 -15152 -189 -2256 END
START -2036 5572 9892 -15079 55 -2373 END
START -1900 5348 9752 -15011 304 -2471 END
START -1764 5164 9492 -14910 511 -2566 END
START -1864 5096 9004 -14849 725 -2618 END
START -1820 5108 8848 -14671 836 -2675 END
START -2004 4880 8592 -14506 974 -2689 END
START -1804 4988 8256 -14365 998 -2727 END
START -1792 4812 8044 -14161 996 -2705 END
START -1688 4852 7692 -13994 1009 -2690 END
START -1780 4652 7328 -13726 919 -2649 END
START -1628 4764 7272 -13414 853 -2579 END
START -1508 4736 6888 -13121 694 -2496 END
START -1508 4588 6768 -12799 588 -2401 END
START -1384 4648 6480 -12411 379 -2266 END
START -1320 4760 6348 -11987 202 -2127 END
START -1148 4752 6044 -11552 5 -1953 END
START -1008 4732 5784 -11091 -266 -1754 END
START -1084 4692 5720 -10647 -498 -1495 END
START -784 4740 5372 -10198 -761 -1246 END
START -688 4624 5208 -9743 -1026 -1004 END
START -752 4432 4972 -9287 -1279 -765 END
START -556 4452 4668 -8827 -1375 -500 END
START -456 4368 4660 -8357 -1549 -296 END
START -524 4216 4468 -7972 -1656 -78 END
START -468 3924 4284 -7486 -1762 160 END
START -508 3644 4152 -7095 -1793 331 END
START -456 3496 4072 -6683 -1790 518 END
START -608 3468 3768 -6275 -1741 684 END
START -656 3380 3652 -5902 -1606 757 END
START -896 3200 3644 -5486 -1438 858 END
START -1148 3312 3336 -5073 -1277 938 END
START -1368 3012 3332 -4693 -987 979 END
START -1596 2932 3208 -4356 -654 993 END
START -1660 2844 3380 -4099 -275 926 END
START -2044 2720 3288 -3856 157 833 END
START -2260 2596 3420 -3698 589 672 END
START -2528 2200 3772 -3585 1034 418 END
START -2568 2216 4100 -3568 1370 160 END
START -2724 2008 4576 -3558 1664 -123 END
START -2908 1952 5028 -3620 1883 -455 END
START -3052 2028 5312 -3638 2029 -784 END
START -3220 2128 5596 -3640 2104 -1079 END
START -3272 2168 6044 -3620 2028 -1344 END
START -3484 2324 6376 -3549 1986 -1542 END
START -3328 2236 6512 -3400 1821 -1703 END
START -3304 2284 6732 -3253 1667 -1866 END
START -3236 2284 6832 -3102 1509 -1938 END
START -3080 2332 6792 -2890 1332 -1990 END
START -3060 2348 7112 -2644 1192 -2051 END
START -2860 2364 7432 -2392 1054 -1994 END
START -2724 2328 7628 -2212 883 -1914 END
START -2592 2004 8000 -1931 737 -1761 END
START -2764 2032 8516 -1719 545 -1537 END
START -2596 1828 8660 -1479 377 -1335 END
START -2604 1576 9028 -1262 194 -1124 END
START -2656 1292 9384 -1019 -52 -913 END
START -2644 864 9680 -814 -233 -696 END
START -2548 472 10108 -634 -404 -579 END
START -2708 252 10500 -439 -572 -404 END
START -2660 60 10800 -253 -769 -265 END
START -2852 -4 11024 -103 -956 -148 END
START -2732 -276 11476 37 -1112 -3 END
START -2644 -608 11788 125 -1222 59 END
START -2652 -744 11932 188 -1343 119 END
START -2512 -948 12248 252 -1468 125 END
START -2420 -1084 12544 303 -1509 141 END
START -2404 -1088 12808 370 -1519 142 END
START -2564 -1120 13028 405 -1504 141 END
START -2644 -1044 13392 476 -1432 132 END
START -2664 -916 13612 518 -1334 124 END
START -2720 -884 13712 473 -1167 139 END
START -2600 -860 13900 478 -994 101 END
START -2876 -832 14272 417 -828 78 END
START -2944 -772 14840 316 -634 0 END
START -3020 -764 15000 252 -447 3 END
START -3236 -660 15496 111 -303 -69 END
START -3548 -492 15908 -54 -127 -100 END
START -3800 -540 16284 -198 -14 -145 END
START -4052 -512 16504 -396 40 -194 END
START -4288 -372 16740 -570 98 -282 END
START -4636 -320 17068 -788 170 -388 END
START -4824 -356 17260 -969 247 -467 END
START -5084 -164 17380 -1092 365 -619 END
START -5228 -104 17500 -1276 436 -758 END
START -5380 4 17820 -1465 548 -897 END
START -5520 156 17836 -1594 606 -1043 END
START -5684 376 18144 -1827 615 -1131 END
START -5744 428 18260 -1996 617 -1188 END
START -5984 360 18420 -2206 589 -1163 END
START -5980 436 18608 -2385 525 -1182 END
START -6088 352 18892 -2563 476 -1197 END
START -6136 340 18756 -2709 386 -1243 END
START -6244 328 18828 -2955 291 -1259 END
START -6268 236 18976 -3088 283 -1325 END
START -6300 64 18868 -3314 213 -1378 END
START -6464 16 19024 -3498 133 -1358 END
START -6516 148 18976 -3717 59 -1349 END
START -6792 216 19052 -3933 -13 -1290 END
START -6916 36 19032 -4102 -120 -1242 END
START -7300 0 19020 -4324 -278 -1166 END
START -7396 -108 18828 -4502 -421 -1164 END
START -7528 -180 18832 -4730 -508 -1120 END
START -7652 -260 18524 -4894 -657 -1121 END
START -7872 -480 18256 -5108 -764 -1154 END
START -8228 -524 18120 -5297 -866 -1182 END
START -8308 -628 18080 -5458 -999 -1280 END
START -8680 -920 17716 -5641 -1092 -1338 END
START -8904 -1148 17684 -5739 -1203 -1470 END
START -9204 -1208 17268 -5882 -1305 -1621 END
START -9492 -1560 17236 -5977 -1394 -1800 END
START -9848 -1680 16936 -6056 -1541 -2006 END
START -9956 -1964 16712 -6144 -1711 -2281 END
START -10232 -2168 16372 -6214 -1782 -2543 END
START -10404 -2256 16172 -6274 -1917 -2914 END
START -10604 -2536 15908 -6332 -2075 -3244 END
START -10908 -2608 15620 -6381 -2180 -3692 END
START -10992 -2644 15508 -6436 -2306 -4076 END
START -11412 -2940 15236 -6487 -2380 -4580 END
START -11580 -2964 14996 -6584 -2548 -5094 END
START -11720 -3024 14900 -6632 -2667 -5640 END
START -11672 -3096 14652 -6733 -2782 -6226 END
START -11984 -3220 14652 -6837 -2938 -6796 END
START -11968 -3176 14264 -6961 -3136 -7435 END
START -11960 -3180 14100 -7061 -3281 -8054 END
START -11868 -3216 13780 -7222 -3486 -8647 END
START -11560 -3188 13900 -7332 -3724 -9277 END
START -11396 -3084 13252 -7478 -3832 -9887 END
START -11104 -3088 13240 -7589 -4019 -10459 END
START -10872 -2916 12956 -7700 -4153 -10985 END
START -10780 -2676 12712 -7812 -4249 -11534 END
START -10800 -2476 12528 -7948 -4402 -11980 END
START -10796 -2464 12416 -8088 -4588 -12456 END
START -10600 -2444 12052 -8280 -4714 -12953 END
START -10552 -2452 11628 -8486 -4828 -13464 END
START -10464 -2436 11136 -8661 -4918 -14049 END
START -10452 -2332 10480 -8835 -4907 -14668 END
START -10308 -2192 10204 -8995 -4890 -15265 END
START -10048 -2228 9540 -9141 -4853 -15959 END
START -9864 -2268 9268 -9211 -4787 -16585 END
START -9552 -2348 8724 -9252 -4711 -17211 END
START -9248 -2188 8152 -9232 -4592 -17815 END
START -8880 -2052 7532 -9136 -4446 -18381 END
START -8564 -1860 7044 -8970 -4296 -18913 END
START -8272 -1804 6416 -8723 -4104 -19396 END
START -7876 -1672 5888 -8481 -4009 -19791 END
START -7528 -1672 5576 -8095 -3883 -20217 END
START -7284 -1576 5264 -7686 -3940 -20507 END
START -6904 -1488 5068 -7216 -4001 -20801 END
START -6380 -1424 4660 -6656 -4147 -21077 END
START -5832 -1196 4444 -6010 -4254 -21377 END
START -5200 -1136 3992 -5326 -4352 -21661 END
START -4380 -1032 3828 -4551 -4404 -21835 END
START -3684 -812 3656 -3842 -4522 -21955 END
START -2964 -596 3420 -3086 -4501 -22044 END
START -2248 -232 3320 -2395 -4590 -22049 END
START -1564 288 3220 -1733 -4607 -21998 END
START -848 644 3036 -1083 -4588 -21867 END
START -212 904 3052 -459 -4562 -21677 END
START 232 1024 3032 102 -4508 -21433 END
START 852 1116 3008 687 -4490 -21146 END
START 1328 1324 3060 1206 -4423 -20833 END
START 1764 1392 3052 1822 -4304 -20502 END
START 2120 1584 3140 2344 -4274 -20117 END
START 2504 1692 3336 2921 -4204 -19735 END
START 2864 1868 3292 3470 -4135 -19310 END
START 3164 1964 3484 3946 -4056 -18942 END
START 3288 1944 3700 4472 -4005 -18466 END
START 3364 1792 3820 4953 -3949 -18104 END
START 3520 1744 3884 5398 -3955 -17723 END
START 3556 1576 4224 5900 -3908 -17439 END
START 3848 1456 4144 6345 -3880 -17287 END
START 4236 1292 4136 6840 -3787 -17170 END
START 4696 1160 4424 7278 -3603 -17066 END
START 4804 1288 4552 7685 -3372 -16970 END
START 5144 1228 4760 8046 -3101 -16883 END
START 5632 1416 4848 8423 -2765 -16710 END
START 6096 1692 4912 8736 -2405 -16598 END
START 6748 1852 5392 9008 -1906 -16442 END
START 7356 2072 5716 9259 -1412 -16258 END
START 8036 2460 5908 9463 -848 -15979 END
START 8344 2792 6600 9618 -375 -15680 END
START 8684 2924 6944 9716 28 -15310 END
START 9160 3176 7364 9804 439 -14842 END
START 9608 3504 7952 9889 809 -14394 END
START 9860 3628 8568 9980 1156 -13903 END
START 10236 3780 9148 10055 1388 -13354 END
START 10464 3880 9692 10145 1582 -12774 END
START 10768 3940 10064 10239 1704 -12189 END
START 11096 3948 10440 10363 1806 -11542 END
START 11044 4032 11060 10473 1890 -10927 END
START 11196 4308 11220 10627 1880 -10233 END
START 11248 4356 11704 10776 1869 -9603 END
START 11284 4484 12004 10989 1837 -8959 END
START 11384 4496 12080 11239 1804 -8274 END
START 11488 4600 12556 11445 1809 -7608 END
START 11524 4636 12932 11685 1747 -6916 END
START 11412 4676 13308 12029 1749 -6280 END
START 11340 4680 13464 12171 1664 -5732 END
START 11164 4792 13952 12152 1579 -5120 END
START 11040 4848 14228 12433 1469 -4627 END
START 10940 4928 14628 12831 1335 -4104 END
START 10792 5072 14788 13050 1185 -3607 END
START 10744 5244 15196 13329 1049 -3153 END
START 10720 5416 15580 13512 927 -2687 END
START 10840 5488 15800 13670 868 -2206 END
START 10740 5672 16204 13774 818 -1760 END
START 10668 5816 16636 13831 795 -1335 END
START 10604 5672 17304 13845 774 -912 END
START 10372 5700 17660 13736 763 -541 END
START 10268 5736 17936 13584 717 -213 END
START 9840 5880 18292 13378 777 34 END
START 9468 5912 18556 13138 846 199 END
START 9368 6076 19128 12776 1020 334 END
START 9232 6264 19284 12293 1231 394 END
START 9080 6464 19204 11823 1470 396 END
START 8924 6844 19512 11768 1849 359 END
START 9036 7196 19740 11062 2255 328 END
START 8952 7692 19760 10538 2701 213 END
START 9116 7976 19752 9898 3185 232 END
START 9076 8320 20084 9260 3696 182 END
START 9300 8712 20312 8575 4140 187 END
START 9436 9080 20532 7874 4553 254 END
START 9344 9416 20872 7192 4861 297 END
START 9796 9616 21088 6554 5100 493 END
START 10192 9744 21228 5910 5256 684 END
START 10924 9720 21556 5361 5443 996 END
START 11244 9896 21524 4856 5649 1443 END
START 11672 9920 21560 4389 5917 2000 END
START 12224 9944 21680 3942 6153 2662 END
START 12568 10152 21516 3488 6456 3403 END
START 12976 10212 21732 3008 6676 4275 END
START 13048 10272 21716 2593 6913 5091 END
START 13020 10220 21564 2121 7042 6049 END
START 13028 10060 21560 1705 7199 6949 END
START 12724 9696 21568 1359 7226 7942 END
START 12548 9524 21760 1069 7241 8876 END
START 12076 9344 21720 942 7187 9830 END
START 11596 9096 21596 771 7029 10742 END
START 11152 8852 21364 715 6899 11632 END
START 10672 8616 21272 647 6698 12446 END
START 10284 8368 21080 659 6485 13208 END
START 9712 8116 21024 694 6290 14082 END
START 9204 7688 20868 747 6097 14745 END
START 8836 7556 20620 816 5934 15498 END
START 8212 7224 20728 891 5793 16193 END
START 7556 7080 20628 981 5749 16845 END
START 6704 6684 20636 1062 5650 17425 END
START 5868 6368 20756 1074 5543 17919 END
START 5368 5908 20712 1081 5427 18402 END
START 4632 5344 20988 1095 5404 18805 END
START 4088 4676 21036 1100 5320 19199 END
START 3348 4272 21352 1079 5264 19521 END
START 2516 3780 21660 1061 5271 19809 END
START 1712 3560 21904 1027 5164 20042 END
START 1132 3196 22352 931 5011 20314 END
START 468 2752 22668 781 4918 20440 END
START 0 2504 22788 603 4850 20547 END
START -624 2052 23140 392 4762 20663 END
START -1160 1924 23172 108 4668 20676 END
START -1800 1712 23496 -186 4644 20644 END
START -2328 1596 23816 -553 4572 20582 END
START -2852 1484 24020 -958 4546 20484 END
START -3428 1168 24132 -1368 4505 20380 END
START -3832 1028 24540 -1925 4476 20228 END
START -4220 684 24624 -2393 4479 20108 END
START -4576 520 24728 -2998 4448 19932 END
START -4992 416 24828 -3548 4409 19748 END
START -5168 144 24892 -4093 4372 19606 END
START -5728 -76 24864 -4623 4311 19485 END
START -6284 -328 24836 -5069 4271 19439 END
START -6920 -420 24836 -5505 4212 19391 END
START -7528 -680 24924 -5915 4133 19401 END
START -8312 -1084 24800 -6298 3998 19451 END
START -9104 -1448 24692 -6726 3812 19405 END
START -9776 -1972 24596 -7045 3594 19333 END
START -10392 -2560 24296 -7412 3387 19155 END
START -11236 -3020 24164 -7761 3182 18871 END
START -11892 -3724 23780 -8098 3034 18519 END
START -12608 -4212 23188 -8374 2896 18025 END
START -13204 -4812 22944 -8669 2846 17467 END
START -13884 -5268 22564 -8928 2750 16828 END
START -14548 -5628 22216 -9167 2582 16069 END
START -14920 -5936 21896 -9358 2510 15367 END
START -15268 -6428 21580 -9568 2296 14500 END
START -15472 -6660 21252 -9753 2077 13635 END
START -15744 -6844 21088 -9928 1760 12755 END
START -15856 -7016 20620 -10068 1473 11971 END
START -15824 -7104 20200 -10290 1132 11043 END
START -15808 -7172 19608 -10496 750 10232 END
START -15736 -7072 19192 -10754 389 9407 END
START -15708 -6904 18336 -10995 109 8601 END
START -15648 -7048 17792 -11264 -233 7906 END
START -15552 -7244 16828 -11569 -480 7098 END
START -15504 -7320 15720 -11860 -753 6286 END
START -15104 -7516 14516 -12147 -892 5415 END
START -14788 -7524 13396 -12342 -961 4604 END
START -14488 -7492 12208 -12565 -992 3763 END
START -14052 -7384 10952 -12699 -928 3002 END
START -13680 -7232 9416 -12743 -734 2216 END
START -13212 -6760 8076 -12691 -450 1553 END
START -12784 -6556 6564 -12543 -85 844 END
START -12208 -6448 5432 -12343 509 206 END
START -11656 -6444 4420 -11988 1025 -363 END
START -11432 -6692 3736 -11546 1660 -914 END
START -11132 -6712 3008 -10944 2168 -1369 END
START -10888 -6780 2828 -10264 2612 -1793 END
START -10756 -6800 2720 -9476 2852 -2092 END
START -10720 -6464 2772 -8592 2978 -2395 END
START -10512 -6260 3068 -7589 2935 -2659 END
START -10500 -6072 3140 -6617 2748 -2826 END
START -10528 -6028 3592 -5549 2320 -3041 END
START -10408 -5872 4012 -4438 1719 -3187 END
START -10292 -5656 4188 -3395 1032 -3349 END
START -9964 -5492 4368 -2322 252 -3467 END
START -9828 -5472 4536 -1231 -486 -3590 END
START -9780 -5072 4472 -174 -1097 -3682 END
START -9656 -4672 4700 792 -1761 -3780 END
START -9320 -4368 4524 1758 -2334 -3872 END
START -9020 -4036 4680 2620 -2819 -3995 END
START -8924 -3636 4752 3462 -3288 -4116 END
START -8772 -3160 4796 4223 -3694 -4232 END
START -8580 -2620 4920 4950 -3941 -4362 END
START -8204 -2068 4940 5587 -4122 -4496 END
START -8020 -1544 5000 6176 -4091 -4621 END
START -7836 -1148 5164 6639 -4048 -4707 END
START -7760 -616 5568 7043 -3988 -4756 END
START -7688 -120 5912 7346 -3894 -4814 END
START -7664 328 6312 7590 -3841 -4814 END
START -7500 704 6644 7746 -3709 -4787 END
START -7376 1072 6936 7965 -3538 -4812 END
START -7184 1344 7204 8057 -3355 -4830 END
START -7268 1484 7316 8186 -3110 -4861 END
START -7172 1724 7532 8273 -2845 -4883 END
START -7296 1732 7632 8347 -2548 -4936 END
START -7308 2032 7708 8381 -2226 -5054 END
START -7480 2116 7696 8384 -1861 -5179 END
START -7560 2260 8136 8414 -1445 -5297 END
START -7588 2464 8292 8342 -1035 -5466 END
START -7592 2372 8420 8273 -646 -5706 END
START -7632 2624 8756 8118 -283 -5842 END
START -7580 2652 8836 7968 72 -6051 END
START -7568 2612 8968 7774 374 -6189 END
START -7468 2644 9196 7599 697 -6350 END
START -7560 2672 9172 7495 988 -6469 END
START -7440 2488 9216 7367 1246 -6601 END
START -7336 2496 9160 7275 1478 -6713 END
START -7336 2520 9036 7241 1700 -6822 END
START -7452 2412 9088 7274 1809 -6935 END
START -7412 2380 8976 7330 2000 -7070 END
START -7428 2264 8736 7405 2132 -7162 END
START -7544 2352 8700 7553 2256 -7320 END
START -7520 2276 8572 7762 2417 -7428 END
START -7440 2388 8592 7942 2486 -7568 END
START -7540 2468 8452 8201 2568 -7682 END
START -7312 2560 8548 8469 2626 -7771 END
START -7456 2476 8520 8697 2620 -7891 END
START -7364 2584 8596 9010 2584 -7971 END
START -7320 2660 8768 9302 2483 -8035 END
START -7344 2580 8840 9594 2343 -8105 END
START -7288 2576 9092 9946 2057 -8156 END
START -7212 2720 8980 10296 1812 -8206 END
START -7044 2736 9080 10668 1511 -8252 END
START -6884 2720 9204 11073 1216 -8343 END
START -6704 2724 9220 11518 949 -8435 END
START -6420 2848 8988 11918 751 -8545 END
START -6112 2868 9040 12253 545 -8636 END
START -5748 3108 9052 12194 435 -8807 END
START -5560 3192 8896 12736 311 -8901 END
START -5264 3156 8964 12816 207 -8999 END
START -5008 3232 8864 13094 158 -9103 END
START -4608 3304 8672 13313 163 -9207 END
START -4200 3252 8760 13530 157 -9309 END
START -3836 3384 8656 13779 223 -9439 END
START -3412 3368 8560 14030 302 -9537 END
START -3180 3496 8492 14265 462 -9623 END
START -2880 3848 8420 14476 653 -9684 END
START -2700 3996 8408 14703 808 -9756 END
START -2616 4292 8284 14942 1062 -9799 END
START -2364 4520 8352 15168 1361 -9872 END
START -2120 4800 8448 15375 1710 -9918 END
START -1776 5096 8532 15612 2042 -9952 END
START -1508 5364 8840 15798 2450 -9991 END
START -1296 5720 8816 15969 2884 -9985 END
START -972 5940 8916 16067 3311 -10003 END
START -796 6256 9268 16179 3783 -9984 END
START -608 6504 9524 16276 4233 -9955 END
START -356 6748 9904 16321 4595 -9920 END
START -228 7092 10520 16398 4917 -9848 END
START -184 7300 11068 16536 5240 -9751 END
START 0 7292 11668 16545 5349 -9689 END
START 172 7456 12032 16678 5474 -9612 END
START 640 7512 12420 16731 5577 -9497 END
START 940 7612 12864 16756 5697 -9419 END
START 1128 7652 13268 16806 5909 -9376 END
START 1452 7832 13748 16790 6135 -9307 END
START 1604 7836 14144 16834 6388 -9295 END
START 1812 7992 14812 16795 6618 -9279 END
START 2100 8116 15228 16784 6715 -9240 END
START 2180 8224 16052 16741 6866 -9209 END
START 2380 8248 16932 16737 6892 -9169 END
START 2588 8548 17604 16758 6834 -9133 END
START 2644 8716 18240 16761 6696 -9071 END
START 2920 8856 18732 16824 6551 -8961 END
START 3132 8920 19544 16825 6299 -8864 END
START 3244 9184 20064 16858 6063 -8650 END
START 3300 9364 20244 16898 5813 -8397 END
START 3384 9780 20820 17018 5562 -8173 END
START 3420 9840 21284 17126 5213 -7826 END
START 3520 10196 21924 17269 4910 -7529 END
START 3348 10164 22632 17470 4596 -7180 END
START 3356 10276 23136 17687 4315 -6793 END
START 3220 10204 23872 17840 3977 -6424 END
START 2888 10280 24216 17928 3688 -6061 END
START 2264 10588 25684 18036 3104 -5598 END
START 2068 10352 26304 18073 2507 -5143 END
START 2236 10256 26856 17896 1948 -4673 END
START 2276 10052 27244 17633 1549 -4305 END
START 2128 9312 27488 17269 1173 -3926 END
START 1676 9320 28136 16814 791 -3606 END
START 1760 9212 28228 16269 546 -3414 END
START 996 9284 28600 15689 225 -3068 END
START 748 9264 28976 15150 -17 -2768 END
START 376 9020 28880 14532 -247 -2530 END
START 8 8988 28740 13877 -456 -2410 END
START -172 8844 28672 13239 -521 -2331 END
START -308 8540 28472 12317 -520 -2394 END
START -484 8168 28244 11715 -488 -2524 END
START -740 7720 27708 10749 -289 -2752 END
START -804 7528 27208 9840 -26 -3031 END
START -796 7316 26988 8917 371 -3239 END
START -856 6944 26640 7970 894 -3453 END
START -784 6860 26344 7007 1472 -3642 END
START -912 6836 26136 6133 2096 -3781 END
START -948 6836 26104 5281 2699 -3930 END
START -1068 6692 25908 4426 3240 -4062 END
START -1232 6492 25808 3592 3704 -4197 END
START -1396 6396 25812 2801 4050 -4322 END
START -1488 6200 25472 2086 4228 -4428 END
START -1712 5928 25468 1359 4396 -4610 END
START -1780 5648 25408 752 4515 -4735 END
START -1988 5408 24936 286 4505 -4883 END
START -2128 5160 24608 -176 4415 -4981 END
START -2220 4972 24540 -512 4199 -5061 END
START -2292 4868 24324 -707 4005 -5149 END
START -2320 4648 23944 -818 3677 -5248 END
START -2280 4644 23576 -827 3348 -5340 END
START -2160 4584 23380 -728 2978 -5381 END
START -2276 4524 23176 -568 2618 -5478 END