START 940 1868 14404 1794 -135 -1084 END
START 2476 1932 8904 1631 -1021 -1076 END
START 1272 1696 11916 1700 203 -919 END
START 1336 1956 13320 1710 1018 -938 END
START 676 1752 13876 1671 1428 -966 END
START 320 1460 13808 1612 1597 -962 END
START 820 956 13936 1557 1804 -963 END
START 704 904 13884 1442 2073 -1083 END
START 844 1072 13916 1379 2446 -1244 END
START 864 1096 13888 1274 2867 -1479 END
START 640 1020 14360 1169 3246 -1769 END
START 504 620 14660 1052 3614 -2053 END
START 600 320 15080 932 4040 -2327 END
START 684 268 15464 842 4617 -2638 END
START 488 536 16020 739 4889 -2921 END
START 196 628 16920 611 4908 -3205 END
START 236 696 18180 437 4904 -3512 END
START 140 872 18876 228 4683 -3725 END
START 344 1136 19648 -74 4286 -3915 END
START 692 1412 19956 -434 3887 -3960 END
START 800 1456 20456 -872 3378 -3966 END
START 1084 1856 20544 -1369 2977 -3939 END
START 1412 2232 20636 -1842 2482 -3763 END
START 1776 2484 20480 -2326 2138 -3490 END
START 2048 2676 20444 -2798 1804 -3229 END
START 2332 2900 20196 -3164 1543 -2899 END
START 2268 2976 20116 -3520 1288 -2563 END
START 2416 3024 19924 -3833 1037 -2161 END
START 2416 3016 20044 -4068 763 -1792 END
START 2316 2832 20252 -4237 422 -1310 END
START 2292 2844 20476 -4299 40 -885 END
START 2392 2728 20372 -4347 -336 -508 END
START 2272 2788 20416 -4364 -791 -39 END
START 2296 2792 20468 -4364 -1265 382 END
START 2420 2736 20156 -4418 -1646 818 END
START 2576 2704 20264 -4468 -2030 1261 END
START 2720 2588 19932 -4538 -2345 1672 END
START 2896 2196 19532 -4596 -2444 2040 END
START 2836 2044 19084 -4645 -2485 2411 END
START 2860 1956 18660 -4717 -2385 2641 END
START 2952 1696 18140 -4748 -2147 2856 END
START 2916 1584 17952 -4794 -1883 3004 END
START 2856 1468 17904 -4849 -1561 3138 END
START 2524 1416 17776 -4876 -1230 3178 END
START 2516 1368 17676 -4970 -968 3249 END
START 2460 1320 17904 -5000 -711 3324 END
START 2424 1284 17696 -5016 -459 3379 END
START 2424 1008 17748 -5054 -250 3375 END
START 2300 1072 18100 -5071 -33 3402 END
START 2264 1020 18136 -5104 113 3433 END
START 2276 820 18260 -5247 189 3416 END
START 2376 616 18312 -5361 243 3395 END
START 2400 556 18224 -5545 332 3355 END
START 2492 444 18280 -5662 397 3352 END
START 2684 476 18076 -5848 489 3314 END
START 2956 572 18020 -5978 666 3299 END
START 3128 556 17864 -6190 877 3324 END
START 3224 836 17560 -6425 1071 3379 END
START 3360 1096 17452 -6699 1293 3522 END
START 3388 1360 17216 -7070 1601 3686 END
START 3580 1576 17136 -7467 1897 3925 END
START 3648 1852 16988 -7855 2231 4161 END
START 3692 1840 16844 -8237 2630 4426 END
START 3600 2012 16912 -8645 2913 4686 END
START 3552 2308 16820 -9025 3177 4997 END
START 3552 2240 16780 -9399 3452 5297 END
START 3484 2380 16816 -9763 3603 5610 END
START 3472 2508 16920 -10146 3854 5918 END
START 3340 2444 17136 -10567 3933 6238 END
START 3108 2440 17048 -10955 3957 6614 END
START 2888 2400 17188 -11389 3936 6983 END
START 2764 2420 17176 -11749 3825 7291 END
START 2772 2468 17112 -12163 3753 7658 END
START 2816 2344 16792 -12566 3704 7998 END
START 2800 2380 16436 -12947 3645 8352 END
START 2932 2340 16188 -13340 3679 8687 END
START 2860 2196 16000 -13693 3790 9021 END
START 2872 2192 15412 -14019 4013 9382 END
START 2728 2128 14924 -14336 4256 9720 END
START 2572 2060 14456 -14603 4574 10045 END
START 2448 2136 13880 -14909 4961 10307 END
START 2216 1848 13572 -15172 5430 10597 END
START 1832 1720 12956 -15422 5969 10849 END
START 1580 1532 12436 -15574 6509 11089 END
START 1216 1356 12196 -15647 6989 11314 END
START 892 1260 11616 -15639 7509 11490 END
START 400 1056 11268 -15561 7964 11620 END
START 204 900 10796 -15378 8387 11710 END
START -192 660 10268 -15142 8868 11763 END
START -420 364 10076 -14807 9398 11819 END
START -668 56 9448 -14461 9868 11801 END
START -956 -12 9232 -14026 10314 11733 END
START -1468 276 8996 -13601 10758 11736 END
START -1668 572 9008 -13107 11098 11800 END
START -2036 492 8720 -12669 11344 11872 END
START -2120 580 8884 -12224 11632 12164 END
START -2024 428 8668 -11688 11813 12493 END
START -1944 292 8672 -11099 11967 12767 END
START -2200 144 8544 -10468 12053 13177 END
START -2400 20 8472 -9768 12019 13552 END
START -2504 -128 8084 -9126 11919 13950 END
START -2640 -228 7872 -8269 11754 14390 END
START -2560 -420 7712 -7415 11683 14841 END
START -2736 -424 7664 -6457 11477 15360 END
START -2768 -336 7560 -5426 11241 15887 END
START -2908 -496 7604 -4335 10933 16511 END
START -3064 -516 7592 -3181 10540 17106 END
START -3068 -736 7392 -2075 10150 17618 END
START -3204 -1016 7352 -908 9833 18127 END
START -3428 -1136 7264 224 9470 18568 END
START -3888 -1160 7224 1399 9095 18922 END
START -4144 -1076 7124 2483 8778 19237 END
START -4560 -760 7108 3538 8471 19504 END
START -4980 -584 6820 4575 8259 19778 END
START -5560 -276 6996 5508 8103 20070 END
START -6408 -324 7384 6392 7834 20298 END
START -7184 -632 7792 7233 7542 20446 END
START -7500 -932 7956 7981 7182 20481 END
START -7996 -1412 8168 8699 6715 20434 END
START -8324 -1908 8668 9390 6301 20197 END
START -8528 -2352 8748 10069 5933 19889 END
START -8756 -2604 8712 10658 5645 19418 END
START -8984 -2824 9020 11176 5442 18944 END
START -9148 -2900 9136 11568 5280 18374 END
START -9324 -2716 9120 12216 5225 17788 END
START -9564 -2588 9340 12207 5243 17187 END
START -9696 -2508 9580 12539 5292 16634 END
START -10092 -2504 9836 12715 5416 16053 END
START -10432 -2236 10348 12776 5498 15416 END
START -10928 -2264 11044 12642 5499 14717 END
START -11244 -2472 11656 12461 5462 14027 END
START -11596 -2536 12408 12218 5270 13120 END
START -11964 -2684 12852 11944 5040 12317 END
START -12348 -2832 13408 11948 4778 11587 END
START -12760 -2876 14040 11443 4462 10597 END
START -13260 -3048 14332 11266 4028 9610 END
START -13744 -3272 14956 10971 3537 8482 END
START -13992 -3624 15080 10722 3024 7383 END
START -14020 -3884 15296 10480 2553 6281 END
START -13912 -3996 15544 10199 2117 5122 END
START -13672 -4112 15648 9921 1736 3946 END
START -13352 -4128 15664 9572 1421 2805 END
START -13148 -4240 15760 9247 1158 1672 END
START -13020 -4036 15584 8839 881 639 END
START -12636 -3920 15688 8420 688 -380 END
START -12368 -3848 15592 8104 490 -1324 END
START -12140 -3796 15240 7840 391 -2292 END
START -11884 -3804 15328 7648 265 -3178 END
START -11804 -3804 15304 7584 111 -4139 END
START -11828 -3604 15180 7591 -83 -5074 END
START -11740 -3356 15116 7574 -368 -5926 END
START -11656 -2940 15104 7699 -695 -6794 END
START -11420 -2664 15060 7772 -1064 -7554 END
START -11308 -2140 15412 7866 -1529 -8268 END
START -11300 -1828 15504 7883 -2073 -8896 END
START -11200 -1732 15556 7982 -2683 -9499 END
START -11052 -1644 15312 8014 -3312 -10093 END
START -11012 -1640 15472 8120 -3968 -10636 END
START -10636 -1676 15252 8246 -4612 -11296 END
START -10364 -1900 14956 8418 -5186 -11851 END
START -10048 -1980 14908 8622 -5705 -12472 END
START -9784 -2004 14800 8811 -6207 -13104 END
START -9620 -1944 14636 8981 -6678 -13751 END
START -9464 -1896 14516 9120 -7093 -14381 END
START -9316 -1944 14468 9293 -7615 -15000 END
START -9256 -1988 14468 9450 -8069 -15699 END
START -9252 -2136 14212 9638 -8516 -16464 END
START -9268 -2176 14320 9875 -9005 -17327 END
START -9368 -2188 14244 10098 -9488 -18294 END
START -9492 -2076 14236 10327 -9977 -19428 END
START -9608 -2044 14360 10546 -10510 -20548 END
START -9700 -1904 14372 10648 -11050 -21716 END
START -9544 -1076 14224 10677 -11616 -23033 END
START -9076 332 13780 10614 -12067 -24328 END
START -8448 1880 13472 10439 -12334 -25569 END
START -7496 2900 13104 10094 -12248 -26725 END
START -6404 3496 13024 9681 -11944 -27514 END
START -5448 3856 13144 9125 -11512 -27987 END
START -4372 4252 13080 8475 -11004 -28285 END
START -3288 5072 13208 7714 -10444 -28514 END
START -2192 6056 13148 6905 -9818 -28685 END
START -1168 6424 13292 6114 -9174 -28693 END
START -188 6664 13440 5363 -8610 -28497 END
START 788 6936 13368 4773 -8089 -28043 END
START 1512 7268 13324 4332 -7623 -27450 END
START 2008 7572 13256 3993 -7041 -26737 END
START 2240 7616 13396 3786 -6690 -25988 END
START 2204 7456 13424 3677 -6482 -25243 END
START 1968 7116 13560 3691 -6486 -24505 END
START 1956 6412 13576 3789 -6629 -23805 END
START 1748 5860 13460 4112 -6869 -23186 END
START 1656 5048 13500 4562 -7169 -22611 END
START 1388 4340 13440 5125 -7611 -22195 END
START 1128 3824 13168 5799 -8005 -21793 END
START 924 3424 12936 6521 -8342 -21472 END
START 784 3344 12740 7240 -8714 -21233 END
START 480 3444 12556 7978 -9015 -21013 END
START 540 3828 12248 8603 -9327 -20786 END
START 700 4056 12004 9202 -9558 -20562 END
START 776 4352 12208 9772 -9828 -20268 END
START 928 4572 12196 10261 -10035 -19945 END
START 1148 5052 12344 10789 -10224 -19546 END
START 1516 5316 12336 11355 -10382 -19071 END
START 2040 5568 12652 11921 -10500 -18524 END
START 2592 5716 12528 12304 -10462 -17911 END
START 3120 5608 12880 12252 -10440 -17255 END
START 3628 5528 12916 12615 -10306 -16650 END
START 4440 5468 12800 12663 -9988 -16032 END
START 4748 5504 13148 12592 -9555 -15486 END
START 4968 5520 13140 12311 -9105 -14946 END
START 5300 5564 13288 12275 -8543 -14379 END
START 5572 5444 13568 12004 -7963 -13917 END
START 5768 5520 13900 12015 -7378 -13423 END
START 5544 5620 14204 11916 -6859 -13013 END
START 5600 5824 14648 11459 -6348 -12571 END
START 5548 6104 14880 11223 -5885 -12089 END
START 5664 6392 15160 10858 -5391 -11536 END
START 5980 6628 15248 10440 -4855 -10982 END
START 6152 6812 15624 9967 -4335 -10306 END
START 6368 7208 15632 9459 -3779 -9560 END
START 6528 7468 16028 8987 -3273 -8788 END
START 6744 7796 16444 8509 -2821 -7965 END
START 6608 7920 17084 8130 -2427 -7139 END
START 6592 8036 17112 7696 -2201 -6290 END
START 6412 7952 18060 7321 -2067 -5443 END
START 6356 7912 18560 6907 -2079 -4595 END
START 6324 7616 18796 6541 -2143 -3826 END
START 6196 7372 18916 6144 -2192 -3004 END
START 5920 7180 18968 5873 -2312 -2279 END
START 5828 6964 19016 5573 -2449 -1506 END
START 5660 6912 18964 5450 -2596 -809 END
START 5332 6632 18796 5481 -2642 -103 END
START 4900 6492 18628 5517 -2767 541 END
START 4772 6300 18704 5636 -2921 1153 END
START 4412 5880 18604 5769 -3086 1727 END
START 4208 5736 18544 5954 -3233 2286 END
START 4084 5808 18456 6107 -3409 2769 END
START 4012 5504 18348 6292 -3496 3150 END
START 4148 5296 18016 6480 -3400 3574 END
START 4240 5192 17800 6662 -3298 3954 END
START 4404 4936 17752 6852 -3061 4396 END
START 4560 4940 17788 6938 -2825 4807 END
START 4948 5024 18036 7029 -2595 5258 END
START 5092 5068 18128 7022 -2299 5783 END
START 5308 5360 18220 6922 -1979 6308 END
START 5380 5656 18476 6768 -1666 6894 END
START 5544 5868 18792 6542 -1345 7437 END
START 5572 6152 18872 6355 -1136 8120 END
START 5692 6256 19104 6073 -887 8816 END
START 5872 6356 19140 5797 -672 9566 END
START 5860 6524 19192 5510 -416 10284 END
START 5844 6640 19164 5227 -161 11051 END
START 5736 6708 19360 4882 37 11856 END
START 5620 6600 19368 4591 261 12710 END
START 5320 6392 19516 4347 373 13204 END
START 4944 6280 19568 4163 467 14043 END
START 4648 6160 19496 3990 518 14796 END
START 4208 6040 19592 3937 480 15508 END
START 3872 5916 19488 3904 472 16145 END
START 3376 5792 19332 3956 427 16740 END
START 3172 5732 19180 4038 462 17240 END
START 3064 5504 18892 4054 627 17732 END
START 2852 5352 18640 4068 782 18149 END
START 2808 5292 18644 4079 1091 18592 END
START 2832 5308 18644 4001 1449 18986 END
START 2900 5288 18632 3908 1875 19449 END
START 2876 5356 18876 3697 2311 19881 END
START 2904 5568 19048 3413 2725 20377 END
START 2904 5860 19280 3065 3116 20906 END
START 2872 6176 19628 2665 3497 21465 END
START 2692 6464 20216 2214 3764 22175 END
START 2512 6652 20564 1694 4033 22873 END
START 2436 6900 20948 1193 4221 23606 END
START 2192 7092 21484 588 4414 24401 END
START 1956 7280 21560 -7 4585 25124 END
START 1696 7384 21792 -651 4710 25805 END
START 1064 7532 21996 -1372 4842 26521 END
START 488 7672 22012 -2165 4872 27163 END
START 208 7456 22408 -2900 4912 27740 END
START -520 7200 22324 -3643 4928 28209 END
START -1172 7024 22376 -4407 4877 28618 END
START -2200 6708 22500 -5137 4733 28834 END
START -3444 6384 22772 -5924 4512 28845 END
START -4776 6052 23160 -6673 4153 28663 END
START -6356 5664 23540 -7409 3558 28294 END
START -7836 5068 23900 -8069 2806 27783 END
START -9160 4500 24304 -8778 1908 27075 END
START -10240 3744 24264 -9487 885 26176 END
START -11136 3216 23788 -10215 -67 25137 END
START -11760 2528 23456 -11000 -847 23943 END
START -12024 1840 22532 -11807 -1429 22579 END
START -12248 1256 21664 -12624 -1804 21036 END
START -12364 624 21124 -13419 -2019 19465 END
START -12312 28 20800 -14187 -2039 17820 END
START -12168 -492 20744 -14836 -2010 16290 END
START -11868 -1060 20372 -15466 -1926 14591 END
START -11540 -1536 20144 -16064 -1779 12900 END
START -11152 -1792 19700 -16718 -1402 11423 END
START -10684 -1780 19404 -17346 -1144 9791 END
START -10132 -1728 19164 -18049 -775 8309 END
START -9848 -1432 18824 -18740 -537 7024 END
START -9624 -1264 18560 -19392 -379 5874 END