START 10148 8752 11516 -8395 8496 6343 END
START 10216 8508 11424 -8605 8814 7023 END
START 10228 8200 11592 -8782 9050 7645 END
START 10044 7916 11840 -8888 9266 8230 END
START 9696 8040 12056 -8961 9314 8807 END
START 9384 8076 12396 -9010 9214 9419 END
START 9064 8268 12436 -9026 8977 10033 END
START 8828 8256 12420 -9003 8645 10666 END
START 8656 8172 12332 -8902 8290 11326 END
START 8500 8136 12268 -8743 7919 11937 END
START 8404 7984 12212 -8527 7584 12657 END
START 8336 7956 11976 -8260 7299 13309 END
START 8100 7644 11688 -7964 7099 13854 END
START 7956 7480 11396 -7700 6954 14418 END
START 7932 7332 11332 -7420 6819 14915 END
START 7636 7312 11240 -7221 6639 15394 END
START 7692 7116 10916 -7041 6598 15830 END
START 7392 6836 10672 -6930 6553 16203 END
START 7412 6700 10444 -6840 6654 16581 END
START 7248 6884 10176 -6833 6871 16910 END
START 7096 6764 10180 -6803 7084 17232 END
START 6832 6836 10196 -6836 7387 17599 END
START 6660 6904 10332 -6867 7683 17965 END
START 6392 7068 10628 -6937 7935 18370 END
START 6132 7300 10688 -7056 8154 18815 END
START 5732 7292 10952 -7181 8384 19286 END
START 5580 7156 11200 -7318 8569 19783 END
START 5308 7396 11140 -7493 8788 20310 END
START 5108 7524 11232 -7658 8949 20859 END
START 4976 7408 11324 -7864 9182 21423 END
START 4772 7312 11564 -8044 9243 22015 END
START 4608 7244 11464 -8263 9402 22643 END
START 4296 7152 11400 -8436 9487 23272 END
START 4004 7068 11524 -8579 9526 23874 END
START 3820 6924 11528 -8693 9522 24522 END
START 3736 6908 11380 -8801 9497 25149 END
START 3480 6764 11224 -8826 9446 25708 END
START 3180 6772 11080 -8810 9363 26301 END
START 2936 6828 10796 -8747 9257 26919 END
START 2660 6960 10724 -8652 9093 27525 END
START 2452 6928 10444 -8479 9009 28150 END
START 2132 6868 10432 -8304 8933 28764 END
START 1796 6928 10012 -8085 8889 29394 END
START 1372 7036 9780 -7867 8836 30065 END
START 804 7048 9772 -7623 8761 30650 END
START 416 7016 9580 -7357 8705 31260 END
START -228 6916 9300 -7092 8653 31795 END
START -744 6860 9116 -6836 8616 32321 END
START -1144 6844 9012 -6536 8513 32725 END
START -1516 6668 8740 -6234 8436 32767 END
START -1728 6540 8280 -5909 8486 32767 END
START -2000 6480 7764 -5582 8528 32767 END
START -2308 6468 7132 -5220 8798 32767 END
START -2700 6540 6952 -4876 9116 32767 END
START -3172 6512 6604 -4525 9464 32767 END
START -3600 6396 6148 -4187 9794 32767 END
START -4280 6340 5692 -3794 10154 32767 END
START -4848 6076 5528 -3424 10567 32767 END
START -5368 6024 5316 -3035 10914 32767 END
START -5876 5564 5216 -2635 11270 32767 END
START -6204 5348 5292 -2188 11598 32767 END
START -6820 4956 4964 -1762 11969 32767 END
START -7284 4756 5392 -1287 12292 32767 END
START -7828 4632 5212 -866 12674 32767 END
START -8428 4404 5252 -441 13169 32767 END
START -9104 4164 5644 -61 13239 32767 END
START -9712 3796 5772 296 13254 32767 END
START -10204 3556 6088 643 13565 32767 END
START -10768 3396 6284 890 13706 32767 END
START -11104 3168 6800 1117 13914 32767 END
START -11900 2716 6928 1318 13940 32767 END
START -12472 2280 7264 1412 13979 32767 END
START -13040 1728 7536 1448 13963 32767 END
START -13660 1420 7532 1479 13829 32320 END
START -14152 1128 7604 1450 13777 31554 END
START -14428 888 7588 1422 13668 30760 END
START -14588 280 7268 1439 13409 29927 END
START -14856 -120 7172 1510 13175 29134 END
START -15280 -544 6868 1668 12967 28287 END
START -15676 -876 7012 1935 12903 27416 END
START -15908 -980 6756 2309 12326 26536 END
START -15956 -1232 6664 2879 11918 25630 END
START -15936 -1252 6400 3516 11500 24763 END
START -15924 -1412 6084 4242 11105 23921 END
START -15724 -1352 6056 5116 10693 23060 END
START -15796 -1212 5688 6008 10353 22308 END
START -15636 -948 5740 6958 10065 21602 END
START -15720 -776 5680 7880 9853 20898 END
START -15820 -656 5964 8806 9629 20219 END
START -16140 -540 6420 9553 9424 19567 END
START -16276 -608 6628 10220 9206 18899 END
START -16456 -704 7276 10765 9001 18150 END
START -16664 -1044 7832 11164 8843 17310 END
START -16940 -1488 8224 11379 8721 16399 END
START -17368 -1848 8464 11491 8625 15370 END
START -17556 -2192 8976 11477 8568 14260 END
START -17956 -2704 9424 11355 8534 12913 END
START -18256 -3060 9876 11222 8444 11691 END
START -18292 -3280 10092 11056 8331 10350 END
START -18520 -3584 10528 10849 8284 8941 END
START -18708 -3672 10956 10683 8125 7612 END
START -18884 -3796 11452 10473 7905 6301 END
START -19072 -3824 11788 10293 7587 4937 END
START -19124 -3712 12236 10130 7152 3582 END
START -19320 -3780 12548 9966 6668 2299 END
START -19332 -3668 12672 9859 6139 1013 END
START -19380 -3680 12776 9792 5607 -205 END
START -19232 -3516 12744 9730 5085 -1463 END
START -19224 -3200 12780 9709 4581 -2710 END
START -19108 -2904 12876 9688 4101 -3876 END
START -18860 -2484 12788 9681 3598 -5003 END
START -18496 -1952 12652 9672 3169 -6045 END
START -18276 -1388 12752 9644 2783 -6956 END
START -18080 -764 12532 9607 2456 -7736 END
START -17708 -296 12420 9575 2191 -8444 END
START -17384 36 12496 9533 1947 -8999 END
START -17268 16 12348 9514 1708 -9570 END
START -17020 96 12212 9516 1543 -10068 END
START -16824 -168 12228 9528 1397 -10629 END
START -16564 -524 12184 9549 1348 -11270 END
START -16324 -852 12284 9664 1287 -11957 END
START -16328 -1172 12320 9734 1194 -12657 END
START -16272 -1268 12580 9811 1102 -13432 END
START -16248 -1276 12760 9923 1006 -14240 END
START -16100 -1200 13032 10018 877 -15066 END
START -16060 -1340 13300 10086 705 -15922 END
START -16116 -1168 13560 10223 552 -16816 END
START -16028 -1028 13940 10282 319 -17675 END
START -16052 -728 14084 10415 65 -18526 END
START -15944 -508 14368 10492 -221 -19322 END
START -15940 -412 14712 10569 -581 -20131 END
START -16056 -248 15052 10665 -1100 -20928 END
START -15884 60 15368 10800 -1606 -21730 END
START -15684 304 15552 10933 -2205 -22509 END
START -15664 552 15856 11073 -2811 -23258 END
START -15248 764 15912 11240 -3543 -24040 END
START -15008 1044 16040 11444 -4159 -24727 END
START -14796 1220 15976 11665 -4805 -25395 END
START -14308 1348 16136 11792 -5385 -26009 END
START -14128 1528 16072 12024 -5966 -26598 END
START -13996 1696 16068 12143 -6428 -27167 END
START -13704 1868 16232 12166 -6899 -27711 END
START -13544 2036 16108 12195 -7299 -28224 END
START -13260 2156 16236 12081 -7752 -28737 END
START -12988 2128 16200 12071 -8193 -29253 END
START -12692 2036 16240 12063 -8603 -29753 END
START -12256 2240 16072 12050 -9004 -30290 END
START -11996 2652 15936 12056 -9365 -30749 END
START -11600 3040 15932 12053 -9677 -31142 END
START -11224 3344 15684 12064 -10029 -31466 END
START -10860 3680 15772 12055 -10317 -31711 END
START -10472 4096 15436 12085 -10622 -31857 END
START -10120 4648 15368 12090 -10907 -31955 END
START -9756 4856 15236 12110 -11120 -31932 END
START -9372 5060 14984 12190 -11409 -31923 END
START -8848 5124 14924 12220 -11634 -31799 END
START -8356 5232 14856 12202 -11809 -31627 END
START -7836 5516 14692 12536 -11980 -31415 END
START -7420 5692 14492 12646 -12086 -31129 END
START -6964 5900 14272 12775 -12096 -30819 END
START -6428 6200 14204 12912 -11948 -30459 END
START -6068 6196 14180 13077 -11761 -30120 END
START -5928 6236 14428 13171 -11569 -29714 END
START -5800 6284 14508 13214 -11469 -29378 END
START -5880 6216 14764 13141 -11381 -29041 END
START -5656 6176 14900 13047 -11299 -28749 END
START -5656 6012 15092 12933 -11183 -28539 END
START -5756 5984 15256 12753 -11156 -28381 END
START -5596 5800 15360 12560 -11146 -28269 END
START -5404 5600 15240 12160 -11051 -28200 END
START -5244 5512 15256 11894 -11026 -28169 END
START -5300 5384 15180 11722 -10935 -28246 END
START -5200 5308 14976 11320 -10889 -28314 END
START -5024 5224 14860 11029 -10813 -28437 END
START -4800 5176 14444 10732 -10638 -28578 END
START -4360 5136 13920 10487 -10356 -28717 END
START -3824 5248 13364 10271 -9980 -28798 END
START -3412 5412 12736 10051 -9489 -28857 END
START -2980 5760 12436 9912 -8948 -28881 END
START -2636 5924 12072 9791 -8415 -28818 END
START -2384 6260 11880 9729 -7860 -28747 END
START -2140 6688 11680 9710 -7387 -28562 END
START -1932 7068 11532 9788 -7025 -28371 END
START -1732 7516 11576 9909 -6735 -28124 END
START -1448 7676 11720 10135 -6575 -27856 END
START -1340 8092 11876 10463 -6568 -27522 END
START -980 8404 12080 10842 -6671 -27110 END
START -696 8804 12236 11278 -6914 -26609 END
START -176 9192 11976 11783 -7133 -25974 END
START 212 9304 12244 12316 -7400 -25267 END
START 516 9384 12344 12788 -7645 -24519 END
START 832 9556 12460 13303 -8005 -23753 END
START 836 9580 12516 13782 -8411 -22962 END
START 996 9624 12608 14191 -8811 -22202 END
START 1156 9816 12672 14607 -9186 -21434 END
START 1264 9716 12472 15013 -9531 -20766 END
START 1348 9768 12448 15326 -9852 -20083 END
START 1700 9560 12484 15608 -10021 -19538 END
START 1944 9512 12408 15758 -10090 -19035 END
START 2140 9424 12080 15887 -10055 -18499 END
START 2412 9468 11916 15877 -9903 -18060 END
START 2860 9476 11692 15803 -9567 -17553 END
START 3404 9552 11492 15613 -9149 -17050 END
START 3572 9620 11464 15391 -8631 -16552 END
START 3840 9876 11264 15149 -8118 -16031 END
START 4036 9952 11156 14833 -7484 -15503 END
START 4300 10148 10980 14571 -6848 -14991 END
START 4472 10244 11180 14329 -6165 -14453 END
START 4620 10248 11212 14080 -5500 -13895 END
START 4724 10400 11376 13856 -4891 -13373 END
START 4736 10528 11652 13669 -4316 -12784 END
START 4740 10800 12016 13451 -3867 -12211 END
START 4844 11028 12312 13329 -3500 -11576 END
START 4844 11220 12408 13174 -3192 -10903 END
START 4940 11320 12636 13043 -2929 -10171 END
START 4996 11400 12732 12990 -2697 -9403 END
START 5076 11576 12980 12946 -2552 -8676 END
START 5120 11684 13128 12891 -2427 -7830 END
START 5216 11872 13204 12884 -2367 -6950 END
START 5440 11904 13380 12879 -2276 -6100 END
START 5532 12020 13444 12884 -2236 -5194 END
START 5620 12048 13256 12919 -2105 -4270 END
START 5468 12092 13328 12884 -2049 -3351 END
START 5696 12200 13468 12846 -1899 -2395 END
START 5712 12184 13516 12759 -1755 -1545 END
START 5704 12152 13460 12736 -1565 -703 END
START 5728 12104 13512 12668 -1377 98 END
START 5512 12004 13644 12569 -1151 826 END
START 5356 11864 13600 12368 -966 1566 END
START 5248 12076 13824 12267 -740 2280 END
START 4824 12092 14028 12010 -605 2926 END
START 4452 12360 14268 11953 -505 3544 END
START 4192 12272 14596 11714 -521 4141 END
START 3860 12148 14700 11524 -510 4696 END
START 3620 11832 14568 11285 -495 5210 END
START 3688 11700 14520 11110 -441 5641 END
START 3456 11640 14348 10967 -306 5990 END
START 3312 11668 14300 10814 -159 6332 END
START 3260 11680 14184 10645 100 6631 END
START 3108 11868 14044 10468 329 6972 END
START 3068 11876 14012 10272 589 7289 END
START 3060 11948 14104 10042 931 7622 END
START 3068 11984 13976 9816 1237 7972 END
START 3064 12008 14204 9598 1613 8338 END
START 3012 11988 14388 9368 1933 8692 END
START 3024 11940 14636 9139 2192 9125 END
START 2972 11952 14684 8921 2474 9564 END
START 2944 11968 14992 8735 2692 10009 END
START 2968 12004 15276 8521 2932 10495 END
START 3028 12132 15448 8274 3151 11026 END
START 2952 12132 15748 8009 3350 11598 END
START 2924 12212 15900 7737 3523 12166 END
START 2836 12384 16248 7438 3643 12791 END
START 2748 12244 16216 7131 3697 13346 END
START 2864 12264 16388 6760 3750 13974 END
START 2916 12440 16396 6414 3885 14570 END
START 3024 12696 16312 5975 4079 15142 END
START 3188 12976 16164 5510 4255 15783 END
START 3368 13220 16020 4924 4542 16451 END
START 3500 13400 15544 4268 4895 17156 END
START 3664 13320 15504 3624 5261 17842 END
START 3696 13216 15228 2986 5702 18597 END
START 3760 13016 15152 2375 6144 19296 END
START 3532 12840 15260 1800 6519 19952 END
START 3584 12740 14756 1311 6940 20575 END
START 3456 12524 14520 915 7251 21212 END
START 3276 12524 14588 580 7538 21747 END
START 3240 12344 14416 318 7737 22307 END
START 3060 12272 14164 143 7912 22859 END
START 2928 12436 14024 29 8022 23422 END
START 2652 12708 13908 -28 8092 23946 END
START 2272 12808 13868 -25 8047 24483 END
START 1724 12924 13816 42 8011 24951 END
START 1276 12916 13988 130 7786 25401 END
START 632 12812 14232 257 7550 25816 END
START 172 12512 14312 400 7232 26162 END
START -224 12064 14272 670 6954 26469 END
START -492 11692 14156 965 6719 26713 END
START -880 11528 13916 1260 6552 26880 END
START -988 11224 13708 1572 6479 26936 END
START -1216 11016 13420 1895 6455 26942 END
START -1516 11032 13684 2178 6537 26928 END
START -1852 10872 13764 2406 6663 26892 END
START -2256 11072 14020 2567 6712 26832 END
START -2776 11020 14340 2702 6779 26697 END
START -3256 10764 14640 2776 6796 26558 END
START -3440 10300 14844 2781 6807 26319 END
START -3736 10160 15144 2756 6802 26040 END
START -3892 9936 15144 2631 6768 25647 END
START -3864 9940 15384 2480 6745 25204 END
START -3660 9756 15556 2240 6716 24785 END
START -3584 9520 15708 1947 6724 24362 END
START -3472 9256 15996 1648 6747 24032 END
START -3288 9180 16192 1294 6713 23659 END
START -3224 9336 16204 950 6629 23358 END
START -2936 9312 16260 631 6541 23068 END
START -2744 9288 16216 342 6489 22816 END
START -2708 9384 16444 57 6413 22597 END
START -2512 9360 16492 -199 6270 22446 END
START -2372 9508 16588 -453 6073 22312 END
START -2184 9636 16668 -702 5882 22216 END
START -1936 9784 16556 -906 5761 22171 END
START -1688 10072 16580 -1124 5621 22199 END
START -1644 10156 16688 -1334 5494 22211 END
START -1648 10352 16816 -1546 5366 22298 END
START -1740 10492 16980 -1714 5192 22369 END
START -1820 10720 17440 -1850 4954 22471 END
START -1904 11004 17508 -1993 4662 22600 END
START -1708 11204 17820 -2190 4416 22748 END
START -1832 11348 18192 -2414 4131 22929 END
START -1804 11204 18372 -2672 3789 23138 END
START -1988 11228 18808 -3013 3387 23359 END
START -2028 11436 18816 -3363 2990 23548 END
START -2132 11628 18992 -3744 2627 23735 END
START -2132 11472 18968 -4126 2273 23911 END
START -2368 11276 18860 -4484 1926 24051 END
START -2476 11032 18604 -4858 1626 24145 END
START -2632 10832 18504 -5187 1342 24192 END
START -2920 10732 18268 -5449 973 24141 END
START -3244 10744 18248 -5675 621 24044 END
START -3480 10676 17668 -5862 258 23931 END
START -3848 10312 17444 -5965 -35 23808 END
START -4112 9952 16912 -6039 -298 23584 END
START -4176 9580 16244 -5999 -532 23306 END
START -4492 9160 15756 -5946 -655 22901 END
START -4664 8796 15328 -5776 -678 22524 END
START -4880 8460 14632 -5539 -726 22048 END
START -5040 8048 14156 -5259 -631 21534 END
START -5252 7984 13996 -4947 -496 21000 END
START -5292 7796 13632 -4621 -365 20454 END
START -5524 7528 13480 -4282 -89 19845 END
START -5496 7228 13420 -3970 131 19228 END
START -5632 7008 13208 -3700 403 18565 END
START -5644 6852 13216 -3504 683 17859 END
START -5676 6780 13224 -3381 1011 17130 END
START -5668 6668 13360 -3286 1348 16402 END
START -5644 6696 13400 -3264 1648 15732 END
START -5384 6824 13500 -3289 1987 15099 END
START -5300 6920 13844 -3392 2293 14545 END
START -5212 6792 13960 -3520 2542 14025 END
START -5108 6948 14340 -3709 2734 13502 END
START -5008 7076 14600 -3936 2895 12951 END
START -4952 7268 14872 -4176 2952 12689 END
START -4904 7424 14920 -4417 2951 12254 END
START -4760 7444 15008 -4610 2925 11979 END
START -4552 7448 15184 -4788 2893 11674 END
START -4544 7556 15096 -4902 2862 11413 END
START -4352 7512 15256 -5028 2812 11184 END
START -4364 7592 15240 -5129 2751 10917 END
START -4176 7620 15372 -5226 2694 10681 END
START -4300 7708 15408 -5337 2613 10455 END
START -4244 7668 15464 -5442 2465 10266 END
START -4304 7764 15756 -5589 2252 10057 END
START -4300 7776 15960 -5705 2060 9894 END
START -4416 7812 15952 -5811 1785 9710 END
START -4500 7704 15896 -5900 1474 9553 END
START -4796 7704 15916 -5946 1100 9373 END
START -5008 7628 15808 -5976 675 9163 END
START -5096 7508 15804 -5929 272 8935 END
START -5284 7356 15676 -5850 -136 8726 END
START -5452 7312 15288 -5722 -518 8462 END
START -5580 7012 15160 -5528 -893 8169 END
START -5692 6832 14848 -5341 -1138 7814 END
START -5952 6516 14708 -5144 -1378 7417 END
START -6236 6420 14140 -4894 -1497 6936 END
START -6224 6216 14032 -4675 -1562 6432 END
START -6400 6144 13780 -4413 -1638 5877 END
START -6648 5748 13596 -4169 -1606 5262 END
START -6696 5516 13476 -3912 -1571 4657 END
START -6680 5260 13488 -3667 -1495 4008 END
START -6660 5228 13616 -3426 -1405 3313 END
START -6580 5200 13432 -3229 -1218 2617 END
START -6468 5152 13228 -3155 -916 1934 END