START 7836 7872 15280 -1535 11399 -6673 END
START 7820 8224 16172 -2770 12056 -6163 END
START 7752 8532 17020 -3815 12495 -5706 END
START 7480 8332 17760 -4601 12911 -5186 END
START 7512 8284 18192 -5195 12791 -4694 END
START 7656 8024 18772 -5650 12746 -4167 END
START 7572 7904 18952 -5963 12354 -3582 END
START 7560 8116 19232 -6199 11890 -3019 END
START 7196 8576 19232 -6343 11373 -2365 END
START 6848 8724 19160 -6317 10775 -1699 END
START 6320 8680 19208 -6122 10094 -1004 END
START 6004 8400 19024 -5820 9271 -312 END
START 5824 8296 18988 -5416 8486 253 END
START 5416 8244 19152 -4890 7670 713 END
START 5024 7972 19040 -4320 6791 1149 END
START 4736 7904 19148 -3713 6023 1498 END
START 4272 8012 19264 -3133 5214 1813 END
START 4228 8316 19220 -2626 4509 2101 END
START 4284 8640 19156 -2230 3978 2393 END
START 4304 8952 19700 -1951 3535 2768 END
START 4416 8884 19992 -1847 3119 3148 END
START 4624 8916 20396 -1895 2760 3512 END
START 4312 8772 20640 -2103 2574 3856 END
START 4004 8712 21244 -2429 2369 4106 END
START 3792 8868 21484 -2814 2224 4296 END
START 3760 9124 21516 -3231 2136 4480 END
START 3520 9224 21800 -3780 2119 4664 END
START 3312 9192 21808 -4367 2062 4853 END
START 3332 9068 21772 -5016 2110 5001 END
START 3396 8820 21596 -5804 2183 5091 END
START 3460 8800 21392 -6620 2326 5137 END
START 3700 8628 21080 -7490 2626 5202 END
START 3812 8576 20664 -8263 2912 5243 END
START 4044 8548 20284 -9058 3251 5320 END
START 4432 8664 20104 -9861 3662 5455 END
START 4596 8632 19728 -10663 4155 5650 END
START 4936 8664 19344 -11496 4559 5938 END
START 4924 8536 19156 -12380 4943 6256 END
START 4816 8408 19116 -13199 5186 6641 END
START 4768 8164 18716 -13894 5276 7014 END
START 4544 7856 18360 -14490 5283 7425 END
START 4280 7472 17732 -14890 5250 7816 END
START 4016 6980 16996 -15124 5119 8251 END
START 3612 6812 16416 -15267 4908 8611 END
START 3072 6688 15828 -15254 4654 8980 END
START 2624 6300 15268 -15172 4304 9386 END
START 2432 6120 14740 -14979 3901 9801 END
START 2200 5784 14188 -14747 3464 10238 END
START 2204 5604 13772 -14468 3029 10614 END
START 2200 5360 13096 -14141 2608 11018 END
START 2008 5332 12480 -13798 2245 11424 END
START 1884 5480 12172 -13419 1891 11874 END
START 1860 5376 11696 -13038 1539 12330 END
START 1812 5200 11244 -12620 1214 12937 END
START 1776 5088 10928 -12262 913 13331 END
START 1780 5012 10460 -11915 684 13893 END
START 1884 4972 10056 -11555 576 14400 END
START 1728 4864 9716 -11210 482 14879 END
START 1604 4860 9356 -10913 472 15356 END
START 1580 4764 9156 -10629 456 15799 END
START 1508 4824 8676 -10404 540 16265 END
START 1432 4860 8296 -10209 635 16682 END
START 1408 4932 8284 -10006 753 17139 END
START 1328 4960 7916 -9846 962 17594 END
START 1040 5084 7936 -9729 1085 18099 END
START 784 5088 7752 -9660 1255 18600 END
START 496 4980 7820 -9591 1352 19154 END
START 84 4932 7676 -9586 1423 19678 END
START -420 4784 7292 -9512 1582 20169 END
START -708 4820 7256 -9481 1753 20615 END
START -1008 4780 7280 -9384 1927 21006 END
START -1588 4520 7032 -9352 2102 21395 END
START -1796 4464 6908 -9323 2232 21751 END
START -2312 4536 6840 -9280 2281 22112 END
START -2568 4616 6984 -9231 2304 22512 END
START -2864 4496 6840 -9179 2325 22925 END
START -3156 4360 6956 -9059 2266 23304 END
START -3548 4312 6804 -8871 2081 23706 END
START -3944 3928 6584 -8625 1913 24058 END
START -4544 3824 6648 -8331 1676 24341 END
START -5056 3396 6456 -8008 1383 24567 END
START -5708 2996 6404 -7703 1134 24672 END
START -6128 2640 6148 -7363 808 24687 END
START -6676 2100 5872 -7034 584 24598 END
START -7332 1784 5796 -6633 315 24397 END
START -7772 1400 5504 -6293 168 24080 END
START -8208 936 5128 -5851 -1 23626 END
START -8872 688 5092 -5478 11 23104 END
START -9472 356 4728 -5100 21 22491 END
START -9680 68 4648 -4710 141 21776 END
START -9980 -256 4528 -4327 263 21035 END
START -10040 -348 4524 -3990 474 20254 END
START -10036 -564 4288 -3677 733 19497 END
START -9888 -708 4344 -3415 1025 18759 END
START -9876 -848 4564 -3198 1399 18112 END
START -9608 -604 4212 -2987 1825 17466 END
START -9324 -600 4344 -2760 2289 16885 END
START -8992 -248 4368 -2611 2853 16404 END
START -8736 -64 4508 -2501 3435 15983 END
START -8676 28 4636 -2408 4033 15648 END
START -8612 -24 4640 -2303 4577 15375 END
START -8536 -124 4868 -2192 5069 15127 END
START -8684 -156 5088 -2027 5533 14941 END
START -8712 -248 5284 -1771 5937 14755 END
START -8976 -248 5604 -1485 6200 14573 END
START -9216 -144 6016 -1178 6378 14429 END
START -9472 84 6260 -853 6385 14368 END
START -9708 116 6408 -545 6355 14301 END
START -9764 24 7008 -199 6286 14315 END
START -10092 12 7344 122 6048 14337 END
START -10424 40 7384 496 5808 14349 END
START -10596 40 7556 834 5511 14376 END
START -10796 216 7740 1188 5156 14416 END
START -11148 120 8032 1534 4855 14386 END
START -11584 -320 8104 1817 4542 14442 END
START -11956 -628 8252 2119 4213 14496 END
START -12400 -1068 8440 2354 3836 14459 END
START -13000 -1408 8524 2598 3415 14336 END
START -13748 -1672 8892 2839 3037 14134 END
START -14264 -2112 9056 3119 2626 13851 END
START -14780 -2596 9176 3400 2188 13517 END
START -15312 -3196 9120 3664 1807 13035 END
START -15780 -3816 9236 3910 1385 12618 END
START -16108 -4468 9312 4166 1066 11928 END
START -16396 -4976 9332 4437 739 11292 END
START -16620 -5520 8996 4726 508 10490 END
START -16944 -5684 8864 4935 361 9624 END
START -17036 -6032 8796 5194 391 8737 END
START -17208 -6348 8608 5431 435 7841 END
START -16988 -6392 8452 5616 607 6949 END
START -17024 -6372 8492 5762 813 6112 END
START -16840 -6376 8528 5961 1130 5226 END
START -16728 -6176 8584 6037 1463 4406 END
START -16336 -6072 8640 6128 1846 3664 END
START -16168 -5916 8744 6176 2219 2911 END
START -15888 -5492 8908 6188 2708 2307 END
START -15540 -5136 9208 6172 3190 1751 END
START -15180 -4560 9284 6082 3736 1301 END
START -14700 -4296 9556 5964 4331 958 END
START -14184 -3912 9832 5766 4979 732 END
START -13904 -3608 10056 5501 5697 587 END
START -13708 -3496 10256 5196 6397 475 END
START -13516 -3180 10644 4760 7125 390 END
START -13504 -2948 11168 4346 7821 343 END
START -13776 -2892 11552 3828 8402 261 END
START -14208 -2792 12184 3355 8803 189 END
START -14680 -2960 12724 2920 9023 146 END
START -14968 -3024 12992 2544 9006 57 END
START -15396 -3408 13248 2274 8777 -66 END
START -15920 -3804 13592 2156 8406 -256 END
START -16152 -3944 13528 2151 7901 -517 END
START -16532 -4108 13456 2248 7234 -804 END
START -16712 -4124 13172 2427 6559 -1076 END
START -16792 -4336 12896 2732 5756 -1382 END
START -16960 -4416 12760 3155 4963 -1598 END
START -17104 -4652 12444 3676 4096 -1851 END
START -17280 -4816 12456 4282 3213 -2074 END
START -17204 -4852 12548 4903 2313 -2353 END
START -17212 -4924 12308 5526 1383 -2614 END
START -17316 -4948 12360 6138 469 -2951 END
START -17336 -4960 11992 6713 -390 -3233 END
START -17140 -4980 11764 7296 -1089 -3564 END
START -17008 -4968 11388 7904 -1752 -3886 END
START -16768 -5012 11144 8472 -2262 -4197 END
START -16496 -4912 10992 9008 -2631 -4523 END
START -16180 -4752 10876 9455 -2847 -4847 END
START -15720 -4600 10624 9832 -2879 -5141 END
START -15372 -4400 10380 10124 -2769 -5413 END
START -15100 -4340 10508 10323 -2470 -5743 END
START -15092 -4236 10404 10442 -2163 -6092 END
START -15116 -4056 10748 10485 -1824 -6424 END
START -15228 -3988 11156 10477 -1417 -6874 END
START -15328 -3972 11552 10431 -963 -7306 END
START -15444 -3972 11720 10341 -537 -7810 END
START -15592 -3764 12452 10177 -97 -8358 END
START -15544 -3676 12608 9957 351 -8921 END
START -15448 -3480 13096 9728 799 -9503 END
START -15260 -3352 13364 9488 1199 -10025 END
START -15324 -3152 13636 9179 1669 -10526 END
START -15200 -2920 14012 8862 2059 -10980 END
START -15100 -2716 14436 8494 2477 -11436 END
START -15156 -2564 14724 8109 2917 -11942 END
START -15032 -2672 15068 7709 3309 -12486 END
START -15148 -2640 15784 7272 3617 -13104 END
START -15220 -2528 16096 6837 3842 -13700 END
START -15396 -2320 16492 6421 3917 -14350 END
START -15476 -2064 16852 6023 3868 -14969 END
START -15720 -1892 16996 5727 3699 -15510 END
START -15544 -1752 17380 5415 3441 -16072 END
START -15320 -1604 17224 5219 3044 -16607 END
START -15104 -1396 17244 5088 2550 -17103 END
START -14884 -1236 17096 5041 2016 -17567 END
START -14568 -848 17092 5026 1369 -17982 END
START -14304 -676 16720 5203 646 -18292 END
START -13912 -180 16408 5402 -17 -18544 END
START -13688 72 16096 5664 -720 -18763 END
START -13468 192 15788 6035 -1383 -18897 END
START -13312 168 15260 6474 -2143 -19013 END
START -13008 232 15040 6976 -2914 -19128 END
START -12716 436 14744 7472 -3638 -19299 END
START -12324 572 14208 8043 -4311 -19432 END
START -12016 716 13856 8562 -4873 -19629 END
START -11756 836 13856 9036 -5448 -19769 END
START -11260 912 13616 9514 -5878 -19890 END
START -10688 968 13328 9898 -6286 -20034 END
START -10352 1276 13136 10223 -6598 -20167 END
START -9864 1336 12904 10426 -6826 -20350 END
START -9352 1532 12560 10614 -6877 -20558 END
START -8800 1748 12248 10718 -6753 -20784 END
START -8448 2008 12072 10756 -6522 -21034 END
START -7956 2352 11948 10790 -6252 -21321 END
START -7452 2708 11908 10722 -5876 -21598 END
START -7220 3008 11972 10584 -5424 -21812 END
START -6792 3412 12040 10332 -4895 -22070 END
START -6512 3552 11972 10051 -4297 -22301 END
START -6516 3652 11976 9724 -3702 -22630 END
START -6284 3932 12040 9376 -3070 -22930 END
START -6160 4328 12136 9002 -2490 -23283 END
START -5952 4784 12288 8614 -1909 -23562 END
START -5736 5212 12176 8240 -1422 -23824 END
START -5588 5588 12184 7882 -946 -24011 END
START -5456 5736 12036 7560 -582 -24149 END
START -5420 6004 12172 7323 -360 -24304 END
START -5136 6012 12176 7164 -290 -24465 END
START -5008 6012 12100 7108 -347 -24590 END
START -4508 5824 11872 7225 -498 -24721 END
START -3864 5828 11632 7453 -736 -24835 END
START -3244 5952 11392 7818 -1029 -24829 END
START -2524 6304 10880 8284 -1284 -24731 END
START -1996 6808 10696 8860 -1614 -24492 END
START -1256 7224 10400 9426 -1928 -24153 END
START -532 7488 10184 10060 -2263 -23663 END
START 260 7884 10016 10770 -2599 -23113 END
START 908 7804 10000 11454 -2938 -22541 END
START 1512 7848 9964 12297 -3327 -21866 END
START 2052 8012 9880 12941 -3672 -21186 END
START 2464 7984 10072 13705 -4013 -20465 END
START 2844 8172 10028 14417 -4387 -19774 END
START 3008 8240 10372 15071 -4770 -18983 END
START 3208 8268 10352 15684 -5081 -18238 END
START 3200 8572 10472 16208 -5341 -17500 END
START 3228 8660 10688 16686 -5608 -16736 END
START 2980 8736 10952 17160 -5841 -16002 END
START 2584 8716 11096 17522 -6070 -15408 END
START 2216 8576 11460 17850 -6328 -14853 END
START 1744 8528 11664 18183 -6527 -14465 END
START 1572 8520 11832 18398 -6643 -14167 END
START 1328 8560 12000 18571 -6729 -13906 END
START 1160 8652 12164 18691 -6801 -13717 END
START 1168 8828 12232 18695 -6709 -13558 END
START 1204 9016 12148 18610 -6585 -13386 END
START 1276 8976 12476 18418 -6360 -13202 END
START 1304 9004 12436 18156 -6130 -13047 END
START 1436 9080 12396 17872 -5812 -12985 END
START 1500 9004 12420 17519 -5500 -12909 END
START 1912 8852 12488 17199 -5120 -12912 END
START 2524 8732 12204 16889 -4648 -12890 END
START 3212 8792 12412 16563 -4081 -12864 END
START 3944 8896 12120 16258 -3479 -12821 END
START 4472 9208 12592 15891 -2827 -12638 END
START 4980 9592 12708 15443 -2258 -12416 END
START 5408 10048 13032 15003 -1718 -12064 END
START 5880 9976 13348 14504 -1175 -11626 END
START 6568 9896 13544 14035 -675 -11177 END
START 6848 9700 13940 13667 -278 -10758 END
START 7120 9824 14000 13315 98 -10314 END
START 7148 10008 14264 13107 397 -9779 END
START 7052 10352 14540 12926 600 -9197 END
START 6800 10492 14748 12674 746 -8562 END
START 6732 10628 14868 12533 810 -7866 END
START 6596 10584 14900 12408 852 -7181 END
START 6480 10408 15032 12383 873 -6515 END
START 6328 10372 14992 12143 870 -5851 END
START 6016 10456 14952 12071 916 -5217 END
START 5604 10384 15208 12088 930 -4661 END
START 5040 10452 15200 12111 794 -4084 END
START 4496 10268 15384 12201 567 -3569 END
START 3880 10180 15384 12574 296 -3084 END
START 3440 10048 15580 12703 6 -2651 END
START 3000 9924 15468 12958 -283 -2312 END
START 2816 9768 15548 13228 -654 -2054 END
START 2584 9532 15524 13530 -1000 -1806 END
START 2512 9472 15420 13771 -1250 -1605 END
START 2528 9204 15268 14022 -1460 -1422 END
START 2784 9092 15380 14247 -1640 -1249 END
START 2804 9032 15368 14440 -1786 -1095 END
START 3104 9048 15268 14600 -1832 -970 END
START 3224 9156 15168 14695 -1809 -855 END
START 3680 9472 14904 14771 -1616 -752 END
START 3988 9568 14928 14778 -1327 -598 END
START 4612 9916 14880 14682 -867 -432 END
START 5172 10080 15132 14535 -329 -169 END
START 5380 10404 15388 14281 251 67 END
START 5496 10592 15960 13958 822 377 END
START 5668 10804 16400 13580 1347 724 END
START 5656 11096 16972 13150 1753 1062 END
START 5676 11520 17372 12682 2167 1505 END
START 5868 11704 17788 12097 2549 1861 END
START 5992 11768 18060 11369 2981 2267 END
START 6056 11968 18240 10672 3391 2698 END
START 5940 12380 18640 10013 3740 3240 END
START 5676 12528 18704 9436 4062 3767 END
START 5480 12600 18892 8957 4246 4311 END
START 5220 12328 19208 8547 4444 4795 END
START 5056 11948 19244 8135 4580 5240 END
START 5008 11776 19464 7788 4695 5605 END
START 4892 11720 19116 7515 4835 5963 END
START 4852 11752 19444 7299 4913 6393 END
START 4852 11784 19660 7167 4942 6896 END
START 4608 11928 19748 7081 4886 7478 END
START 4176 11924 19972 7065 4760 8157 END
START 3700 11656 20228 7098 4550 8793 END
START 3160 11280 20484 7143 4234 9352 END
START 2636 10856 20900 7196 3899 9851 END
START 2288 10528 20996 7284 3479 10235 END
START 2052 10328 21184 7368 3095 10578 END
START 1764 10204 21084 7414 2771 10845 END
START 1736 10164 20920 7461 2524 11109 END
START 1592 10228 21016 7447 2354 11453 END
START 1524 10400 20948 7394 2253 11775 END
START 1580 10496 20928 7307 2209 12131 END
START 1508 10536 20808 7166 2226 12505 END
START 1504 10580 20836 6958 2301 12769 END
START 1320 10560 20788 6771 2379 13107 END
START 1152 10604 20844 6536 2492 13315 END
START 1336 10700 20892 6262 2665 13572 END
START 1244 10968 20848 5969 2923 13855 END
START 1280 10968 21056 5606 3202 14095 END
START 1332 11308 21116 5203 3479 14401 END
START 1396 11352 21152 4764 3765 14739 END
START 1516 11640 21344 4260 4021 15128 END
START 1420 11552 21500 3779 4224 15576 END
START 1388 11468 21852 3279 4391 16061 END
START 1316 11324 21860 2843 4504 16528 END
START 1132 11048 22252 2413 4530 16988 END
START 736 10820 22556 2014 4427 17470 END
START 356 10556 22928 1675 4213 17917 END
START -180 10336 23024 1338 3926 18399 END
START -428 10108 23120 1059 3551 18863 END
START -1060 9812 23376 828 3181 19334 END
START -1524 9664 23216 642 2847 19803 END
START -2068 9196 23420 471 2420 20266 END
START -2672 8908 23256 297 2010 20690 END
START -3176 8680 23420 152 1655 21102 END
START -3796 8428 23360 -49 1272 21408 END
START -4432 8024 23208 -277 949 21654 END
START -5052 7640 23340 -449 615 21803 END
START -5640 7292 23116 -712 332 21795 END
START -6072 7020 22924 -963 176 21700 END
START -6552 6848 22740 -1258 62 21536 END
START -6708 6676 22488 -1587 26 21242 END
START -7036 6588 22280 -1969 105 20931 END
START -7284 6432 21772 -2362 222 20536 END
START -7280 6404 21428 -2781 478 20165 END
START -7200 6236 21252 -3177 753 19840 END
START -6972 6156 20964 -3496 1056 19518 END
START -7020 6144 20768 -3809 1387 19302 END
START -6848 6108 20928 -4079 1712 19127 END
START -6660 6092 20928 -4338 1985 19023 END
START -6760 6116 21172 -4601 2231 18977 END
START -6716 6048 21240 -4909 2381 19005 END
START -6840 6160 21716 -5298 2475 18994 END
START -6856 6108 21944 -5663 2418 19056 END
START -6988 6036 22072 -5992 2245 19186 END
START -7000 5980 22212 -6282 2093 19391 END
START -7036 5924 22348 -6492 1763 19678 END
START -7180 5724 22560 -6736 1406 20050 END
START -7520 5736 22768 -6927 946 20449 END
START -7660 5736 22708 -7114 450 20848 END
START -8024 5760 22596 -7318 -90 21228 END
START -8344 5532 22468 -7543 -600 21619 END
START -8496 5624 22208 -7762 -1138 21984 END
START -8688 5608 22192 -8011 -1605 22346 END
START -9156 5584 21980 -8286 -2013 22660 END
START -9504 5596 21740 -8561 -2416 22975 END
START -9912 5520 21696 -8914 -2837 23262 END
START -10236 5524 21572 -9314 -3271 23514 END
START -10564 5424 21140 -9721 -3587 23713 END
START -10936 5440 20904 -10211 -3907 23904 END
START -11208 5356 20524 -10671 -4178 24023 END