START 1316 2188 16460 854 1721 -222 END
START 2028 3004 8452 798 922 -129 END
START 2836 652 12172 540 483 4 END
START 1988 1660 14812 386 890 156 END
START 1544 1656 15984 119 841 295 END
START 1700 1632 16364 -190 889 381 END
START 1328 1288 16116 -497 817 431 END
START 1252 1240 16068 -916 827 558 END
START 1208 992 15792 -1236 870 632 END
START 1372 580 15544 -1529 1001 670 END
START 1464 444 15400 -1745 1259 692 END
START 1552 120 14952 -1878 1614 652 END
START 1536 -220 14576 -2002 1966 551 END
START 1456 -240 14580 -2052 2316 428 END
START 1396 -292 14400 -2052 2659 208 END
START 964 -380 14140 -2022 2954 -4 END
START 760 -276 14188 -1924 3156 -202 END
START 700 -200 14164 -1825 3283 -427 END
START 496 -168 14208 -1630 3385 -605 END
START 424 -240 14428 -1364 3432 -757 END
START 600 -352 14428 -1157 3391 -858 END
START 640 -380 14448 -876 3265 -931 END
START 508 -324 14548 -565 3135 -970 END
START 612 -24 14796 -281 2892 -952 END
START 564 448 14924 0 2624 -993 END
START 696 928 15132 323 2375 -948 END
START 880 1176 15124 555 2053 -840 END
START 1084 1160 15492 747 1723 -675 END
START 1256 1036 15564 971 1405 -411 END
START 1364 932 15344 1161 1127 -138 END
START 1536 776 15376 1316 888 117 END
START 1496 628 15504 1583 692 374 END
START 1732 572 15580 1790 511 572 END
START 1556 472 15740 2039 384 720 END
START 1500 492 15600 2201 217 921 END
START 1432 532 15672 2425 7 1086 END
START 1288 624 15764 2547 -85 1273 END
START 996 580 15992 2663 -296 1490 END
START 924 608 15956 2701 -438 1617 END
START 772 336 16312 2690 -596 1719 END
START 612 276 16204 2695 -756 1765 END
START 512 136 16272 2662 -927 1770 END
START 276 -12 16452 2598 -1101 1750 END
START 156 -192 16588 2562 -1266 1686 END
START 196 -256 16696 2492 -1468 1570 END
START 24 -316 16612 2389 -1677 1458 END
START -104 -324 16624 2219 -1839 1320 END
START -136 -328 16444 2071 -1877 1143 END
START -88 -488 16356 1928 -1949 949 END
START 72 -616 16176 1772 -1901 750 END
START 0 -584 15972 1628 -1756 549 END
START 156 -644 15656 1498 -1621 304 END
START 176 -852 15480 1396 -1419 59 END
START 304 -1092 15276 1283 -1112 -202 END
START 348 -1024 15264 1249 -881 -474 END
START 316 -1052 15312 1240 -635 -718 END
START 340 -836 15404 1275 -444 -931 END
START 324 -696 15580 1337 -347 -1122 END
START 344 -324 15644 1407 -258 -1220 END
START 320 36 15556 1463 -190 -1269 END
START 488 64 15628 1508 -84 -1347 END
START 492 72 15620 1546 -64 -1362 END
START 504 84 15748 1579 84 -1346 END
START 776 128 15760 1604 128 -1357 END
START 708 164 15944 1618 215 -1323 END
START 740 148 16132 1611 277 -1287 END
START 632 132 16380 1630 249 -1220 END
START 720 64 16716 1677 203 -1159 END
START 780 284 16800 1736 136 -1069 END
START 668 232 16992 1739 30 -978 END
START 760 204 17008 1760 -83 -944 END
START 744 324 17048 1759 -122 -874 END
START 924 360 16824 1749 -139 -802 END
START 972 428 16996 1713 -128 -746 END
START 900 440 16972 1693 -165 -669 END
START 1028 536 17368 1642 -138 -547 END
START 984 508 17232 1570 -214 -480 END
START 1188 492 17520 1459 -213 -359 END
START 1376 452 17604 1374 -246 -249 END
START 1200 324 17484 1309 -327 -157 END
START 1200 300 17836 1239 -367 -71 END
START 1084 184 17976 1145 -415 -60 END
START 1008 88 17912 1098 -485 -19 END
START 1008 -104 18084 1035 -537 -63 END
START 1180 -344 18072 993 -549 -61 END
START 1132 -496 18384 943 -572 -90 END
START 1364 -568 18500 889 -593 -202 END
START 1376 -544 18504 817 -616 -240 END
START 1600 -672 18676 705 -631 -317 END
START 1768 -616 18704 552 -600 -375 END
START 1972 -676 19000 433 -613 -413 END
START 2052 -708 19008 237 -615 -465 END
START 2328 -836 18920 105 -596 -506 END
START 2308 -752 19052 -29 -568 -566 END
START 2452 -808 19136 -134 -506 -642 END
START 2544 -640 19152 -240 -488 -684 END
START 2628 -784 19316 -332 -394 -661 END
START 2812 -720 19164 -477 -383 -715 END
START 2848 -668 19208 -617 -314 -697 END
START 3044 -548 19440 -717 -304 -686 END
START 3076 -544 19348 -828 -226 -666 END
START 3348 -408 19420 -979 -128 -645 END
START 3308 -416 19528 -1063 -69 -606 END
START 3556 -412 19516 -1182 26 -540 END
START 3520 -300 19572 -1268 102 -414 END
START 3720 -308 19984 -1341 150 -307 END
START 3832 -176 19984 -1392 136 -209 END
START 3768 -68 20240 -1448 65 -92 END
START 3868 -136 20488 -1479 -22 18 END
START 3876 -76 20352 -1512 -146 172 END
START 4052 -40 20640 -1559 -293 354 END
START 4176 76 20668 -1615 -389 506 END
START 4260 48 20548 -1669 -441 657 END
START 4340 208 20612 -1727 -529 810 END
START 4400 232 20796 -1816 -587 974 END
START 4396 312 20752 -1904 -653 1116 END
START 4172 356 20840 -1986 -710 1225 END
START 4296 376 21076 -2134 -861 1321 END
START 4352 420 21188 -2232 -963 1466 END
START 4364 476 21216 -2357 -1102 1549 END
START 4576 484 21032 -2506 -1193 1647 END
START 4716 612 20892 -2631 -1279 1707 END
START 4696 640 20960 -2734 -1268 1836 END
START 4752 656 20860 -2807 -1277 1916 END
START 4916 772 20664 -2929 -1230 2032 END
START 4748 832 20844 -3094 -1209 2113 END
START 4736 1012 20852 -3229 -1145 2215 END
START 4724 1028 21192 -3438 -1219 2295 END
START 4836 1036 21004 -3644 -1217 2308 END
START 4816 1092 21008 -3871 -1259 2404 END
START 4916 1068 20912 -4083 -1281 2448 END
START 5036 976 20828 -4309 -1278 2484 END
START 5056 1128 20780 -4541 -1221 2544 END
START 5168 1328 20676 -4815 -1194 2636 END
START 5296 1612 20536 -5071 -1145 2721 END
START 5292 1652 20432 -5356 -1094 2854 END
START 5352 1900 20344 -5668 -1056 3002 END
START 5404 2064 20180 -5962 -992 3184 END
START 5444 2120 20108 -6265 -932 3337 END
START 5432 2244 19868 -6555 -887 3543 END
START 5412 2292 19648 -6824 -835 3664 END
START 5476 2452 19588 -7105 -744 3870 END
START 5420 2412 19532 -7379 -715 4002 END
START 5432 2752 19284 -7630 -655 4199 END
START 5320 2740 19048 -7904 -551 4368 END
START 5300 2888 19288 -8187 -523 4551 END
START 5236 2960 19036 -8427 -481 4737 END
START 5316 2996 18788 -8693 -437 4939 END
START 5208 3020 18688 -8975 -442 5165 END
START 5308 3136 18320 -9253 -476 5378 END
START 5304 3144 18136 -9505 -471 5592 END
START 5240 3144 17860 -9749 -499 5806 END
START 5292 3220 17820 -9939 -552 6060 END
START 5344 3268 17388 -10136 -581 6344 END
START 5276 3252 17216 -10240 -600 6609 END
START 5328 3164 16912 -10349 -615 6916 END
START 5368 3244 16596 -10441 -699 7211 END
START 5288 3300 16288 -10534 -725 7513 END
START 5300 3392 16040 -10601 -771 7807 END
START 5332 3312 16072 -10639 -857 8099 END
START 5592 3056 15664 -10686 -868 8380 END
START 5444 2980 15280 -10736 -890 8721 END
START 5420 3024 15172 -10812 -918 9034 END
START 5352 3056 14676 -10923 -934 9345 END
START 5356 3072 14412 -11000 -944 9681 END
START 5292 3092 13984 -11047 -943 9953 END
START 5244 3068 13596 -11109 -940 10220 END
START 5044 3124 13380 -11120 -907 10528 END
START 4960 3048 13168 -11104 -936 10846 END
START 4956 2968 12828 -11072 -972 11128 END
START 4936 3072 12596 -11023 -1009 11409 END
START 4900 3008 12468 -10959 -1040 11691 END
START 4824 2936 12256 -10884 -1137 12024 END
START 4776 2968 12044 -10831 -1217 12357 END
START 4588 2960 11788 -10700 -1345 12656 END
START 4496 2836 11672 -10634 -1475 12904 END
START 4332 2936 11560 -10505 -1619 13014 END
START 4004 2880 11244 -10420 -1779 13419 END
START 3800 2928 11004 -10308 -1970 13718 END
START 3592 2776 10840 -10189 -2121 13967 END
START 3280 2656 10604 -10092 -2212 14162 END
START 3320 2524 10184 -9982 -2302 14346 END
START 3240 2448 10024 -9852 -2334 14480 END
START 3224 2444 9740 -9752 -2281 14666 END
START 3176 2420 9300 -9690 -2143 14799 END
START 3004 2348 9120 -9633 -1996 14989 END
START 2952 2204 9052 -9611 -1797 15137 END
START 2784 2308 8856 -9571 -1574 15320 END
START 2756 2224 8636 -9499 -1370 15484 END
START 2536 2068 8644 -9468 -1126 15626 END
START 2444 2008 8520 -9414 -894 15829 END
START 2376 1964 8316 -9348 -685 15967 END
START 2192 1776 8468 -9256 -428 16071 END
START 2024 1432 7972 -9234 -199 16217 END
START 1980 1352 7788 -9148 19 16322 END
START 1648 1208 7520 -9044 353 16401 END
START 1344 1208 7272 -8967 686 16505 END
START 1376 1164 7224 -8782 1004 16565 END
START 1020 1252 7092 -8637 1391 16632 END
START 820 1308 6892 -8402 1748 16727 END
START 508 1080 6964 -8242 2063 16856 END
START 384 1196 7008 -8032 2374 17009 END
START 300 1096 6748 -7842 2660 17120 END
START 192 1080 6728 -7686 2978 17233 END
START 104 932 6592 -7515 3279 17358 END
START -24 804 6636 -7334 3594 17475 END
START -188 836 6604 -7204 3847 17592 END
START -240 812 6576 -6979 4054 17744 END
START -396 756 6532 -6832 4263 17896 END
START -528 752 6756 -6603 4473 18105 END
START -728 788 6860 -6396 4623 18283 END
START -1092 816 6988 -6196 4741 18561 END
START -1376 844 7060 -5976 4798 18785 END
START -1792 752 7280 -5780 4770 19089 END
START -2280 732 7484 -5526 4701 19314 END
START -2708 488 7772 -5304 4565 19459 END
START -3020 212 7660 -5044 4366 19650 END
START -3332 52 7584 -4757 4178 19724 END
START -3808 -80 7512 -4424 3943 19778 END
START -4064 -496 7380 -4106 3795 19771 END
START -4392 -468 7324 -3738 3591 19722 END
START -4756 -464 7228 -3334 3471 19693 END
START -4892 -400 7252 -2903 3382 19592 END
START -5188 -520 7232 -2553 3306 19498 END
START -5296 -672 7176 -2163 3301 19398 END
START -5512 -668 7244 -1832 3313 19301 END
START -5740 -684 7144 -1482 3378 19256 END
START -5752 -720 7328 -1121 3438 19128 END
START -6024 -620 7344 -791 3579 19069 END
START -6108 -644 7344 -493 3720 19031 END
START -6252 -600 7516 -197 3908 19009 END
START -6420 -532 7776 63 4098 19016 END
START -6468 -584 7760 305 4279 19031 END
START -6540 -600 7908 514 4531 19099 END
START -6592 -864 8008 729 4850 19149 END
START -6816 -1276 7912 952 5099 19121 END
START -7224 -1552 7984 1248 5440 19052 END
START -7716 -1956 8240 1526 5680 18894 END
START -8528 -2040 8292 1913 5862 18669 END
START -9124 -2268 8532 2290 6029 18363 END
START -9832 -2464 8784 2771 6167 18031 END
START -10408 -2724 8868 3242 6254 17618 END
START -10596 -2920 8996 3678 6324 17206 END
START -11064 -3244 9232 4159 6385 16761 END
START -11340 -3468 9220 4596 6435 16245 END
START -11696 -3624 9444 4996 6538 15698 END
START -11928 -3712 9468 5424 6694 15105 END
START -12096 -3804 9668 5787 6823 14517 END
START -12292 -3820 9728 6094 6982 13885 END
START -12376 -3864 10072 6390 7214 13223 END
START -12544 -4028 10376 6661 7422 12716 END
START -12768 -4108 10624 6866 7517 12177 END
START -13152 -4104 11108 7089 7693 11502 END
START -13360 -4248 11536 7284 7753 10902 END
START -13760 -4332 11780 7506 7732 10251 END
START -14008 -4396 12320 7715 7641 9612 END
START -14160 -4372 12696 7950 7566 8957 END
START -14448 -4500 13104 8132 7419 8309 END
START -14680 -4532 13548 8275 7195 7645 END
START -14752 -4712 13784 8447 6926 7007 END
START -14836 -4836 14124 8538 6728 6325 END
START -14904 -4836 14360 8693 6517 5699 END
START -15092 -4924 14724 8782 6328 4991 END
START -15256 -4840 14868 8781 6090 4335 END
START -15384 -4680 15036 8818 5884 3632 END
START -15428 -4552 15160 8775 5675 2951 END
START -15600 -4464 15224 8742 5572 2287 END
START -15624 -4428 15360 8633 5465 1600 END
START -15696 -4536 15600 8525 5381 959 END
START -15704 -4484 15776 8381 5294 306 END
START -15780 -4572 15744 8219 5221 -370 END
START -16000 -4628 16040 8042 5149 -1034 END
START -16120 -4720 16236 7919 4979 -1739 END
START -16336 -4860 16596 7785 4726 -2494 END
START -16548 -5104 16912 7676 4429 -3289 END
START -16636 -5180 16744 7625 4135 -4068 END
START -16644 -5248 16740 7568 3786 -4874 END
START -16656 -5132 16812 7529 3449 -5667 END
START -16604 -5004 16596 7530 3182 -6481 END
START -16532 -4976 16436 7503 2943 -7257 END
START -16500 -4816 16404 7520 2742 -8040 END
START -16492 -4700 16292 7517 2553 -8825 END
START -16336 -4460 16104 7607 2370 -9623 END
START -16140 -4336 16124 7690 2257 -10368 END
START -16068 -4292 16096 7713 2114 -11124 END
START -15744 -4296 16132 7835 2079 -11931 END
START -15540 -4208 16452 7861 2003 -12708 END
START -15440 -3956 16668 7841 1871 -13518 END
START -15464 -3836 17044 7835 1721 -14344 END
START -15188 -3324 17316 7741 1469 -15209 END
START -15080 -2960 17344 7618 1232 -16019 END
START -14768 -2564 17480 7523 938 -16817 END
START -14328 -2344 17712 7379 643 -17514 END
START -13988 -2196 17632 7235 356 -18197 END
START -13528 -2112 17600 7090 76 -18804 END
START -13104 -1740 17600 6971 -123 -19383 END
START -12536 -1516 17420 6883 -371 -19948 END
START -12080 -1156 17464 6732 -536 -20506 END
START -11620 -1016 16988 6633 -672 -21024 END
START -11232 -732 16848 6531 -745 -21500 END
START -10908 -360 16652 6391 -802 -21953 END
START -10396 -104 16444 6270 -854 -22365 END
START -10204 152 16456 6130 -864 -22735 END
START -9936 172 16188 5998 -867 -23101 END
START -9660 200 16312 5885 -903 -23494 END
START -9564 264 16336 5807 -1007 -23839 END
START -9540 364 16320 5667 -1208 -24290 END
START -9492 316 16528 5605 -1470 -24763 END
START -9312 488 16640 5509 -1749 -25317 END
START -9148 896 16312 5429 -2108 -25909 END
START -9076 1260 16444 5329 -2371 -26521 END
START -8624 1328 16488 5173 -2684 -27063 END
START -8060 1324 16316 4985 -2970 -27588 END
START -7616 1520 16184 4777 -3173 -28081 END
START -7164 1956 16032 4452 -3237 -28508 END
START -6852 2576 15940 4117 -3235 -28913 END
START -6200 3028 15776 3735 -3141 -29297 END
START -5896 3276 15488 3352 -2964 -29595 END
START -5116 3408 15068 2900 -2748 -29929 END
START -4476 3576 14768 2441 -2402 -30173 END
START -3844 3944 14092 2006 -1975 -30350 END
START -3316 4168 13756 1653 -1518 -30452 END
START -2896 4468 13308 1375 -984 -30544 END
START -2508 4468 12932 1163 -471 -30571 END
START -2216 4312 12652 1123 27 -30551 END
START -2052 4376 12692 1129 393 -30505 END
START -1996 4308 12492 1269 585 -30404 END
START -1932 4224 12660 1525 614 -30253 END
START -1808 4204 12540 1879 396 -30105 END
START -1764 4108 12388 2368 47 -29898 END
START -1528 4084 12112 2942 -339 -29723 END
START -1504 4036 11892 3666 -800 -29504 END
START -1296 3976 11780 4480 -1360 -29276 END
START -1128 3976 11400 5324 -1909 -29049 END
START -500 4072 11108 6110 -2413 -28835 END
START -64 4164 10864 6939 -2872 -28588 END
START 516 4300 10700 7681 -3261 -28332 END
START 992 4484 10464 8378 -3538 -28031 END
START 1772 4452 10308 9082 -3799 -27769 END
START 2616 4496 10048 9641 -3920 -27446 END
START 3292 4576 10004 10208 -3916 -27103 END
START 4236 4800 10152 10638 -3811 -26729 END
START 4988 5320 9976 11027 -3663 -26324 END
START 5640 5700 10204 11250 -3488 -25853 END
START 6404 6000 10440 11516 -3235 -25290 END
START 7032 6256 10640 11675 -3012 -24662 END
START 7548 6504 10688 11741 -2708 -23993 END
START 8236 6672 10872 11683 -2412 -23306 END
START 8636 6856 10928 11578 -2056 -22612 END
START 8928 6956 10936 11791 -1769 -21970 END
START 9148 7012 11316 11784 -1378 -21303 END
START 9480 7004 11412 11615 -1061 -20623 END
START 9448 6984 11628 11581 -796 -20025 END
START 9420 6888 11872 11793 -542 -19427 END
START 9512 6820 12060 11782 -354 -18889 END
START 9472 6752 12076 11606 -136 -18501 END
START 9412 6684 12176 11852 65 -18052 END
START 9352 6716 12252 11856 203 -17688 END
START 9148 6620 12360 11983 277 -17263 END
START 9276 6692 12348 11712 389 -16830 END
START 9412 6808 12164 12078 590 -16407 END
START 9584 7168 11960 12119 787 -15991 END
START 9488 7380 11900 12125 1052 -15477 END
START 9508 7304 11796 12161 1330 -14953 END
START 9508 7364 11952 12683 1571 -14365 END
START 9516 7284 12064 12778 1842 -13771 END
START 9552 7196 12216 13076 2034 -13173 END
START 9360 7140 12588 13333 2169 -12596 END
START 9360 7088 12672 13662 2317 -12037 END
START 9288 7020 12968 14007 2315 -11433 END
START 9060 6936 13460 14360 2305 -10889 END
START 8992 6944 13724 14738 2235 -10282 END
START 8808 7064 14104 15052 2110 -9762 END
START 8792 7128 14432 15355 1978 -9187 END
START 8736 7376 14860 15575 1835 -8566 END
START 8648 7416 15116 15730 1719 -8013 END
START 8484 7664 15380 15818 1547 -7401 END
START 8700 7768 15540 15894 1353 -6819 END
START 8736 7852 15644 15909 1304 -6275 END
START 8844 8004 15732 15962 1288 -5697 END
START 8992 8012 15728 16009 1281 -5138 END
START 9156 7968 15800 16023 1270 -4580 END
START 9128 7748 15976 16002 1341 -3934 END
START 9156 7800 16128 15967 1367 -3400 END
START 9040 7684 15988 15944 1416 -2797 END
START 8956 7636 16000 15898 1476 -2310 END
START 8900 7632 15988 15868 1572 -1820 END
START 8664 7520 15956 15873 1706 -1361 END
START 8408 7376 16140 15869 1852 -949 END
START 8472 7164 15952 15877 2010 -639 END
START 8096 7216 15944 15956 2254 -328 END
START 8044 7408 15928 16038 2439 -75 END
START 8108 7364 15928 16134 2676 182 END
START 8032 7300 16204 16248 2924 448 END
START 8112 7576 16272 16304 3258 759 END
START 8352 8000 16380 16379 3542 1062 END
START 8204 8504 16880 16410 3786 1402 END
START 8268 8688 17552 16386 4003 1818 END
START 8364 8792 17736 16313 4176 2339 END
START 8436 8708 18112 16208 4293 2834 END
START 8652 8708 18376 16141 4513 3396 END
START 9156 8896 18820 15962 4718 3887 END
START 9352 9160 19204 15823 4992 4471 END
START 9188 9512 19776 15592 5192 5108 END
START 9092 9744 20504 15351 5230 5776 END
START 8860 10184 21064 15064 5209 6492 END
START 8780 10420 21612 14690 5156 7229 END
START 8804 10504 22024 14294 5038 7968 END
START 8852 10688 22492 13837 4960 8681 END
START 8676 10688 22856 13405 4852 9436 END
START 8708 10756 23096 12895 4793 10130 END
START 8652 10928 23100 12453 4787 10899 END
START 8524 10948 23492 11831 4831 11598 END
START 8360 11068 23672 11165 4854 12408 END
START 8276 11352 23796 10518 4929 13148 END
START 8008 11316 23988 9883 4964 13767 END
START 7832 11264 24320 9310 4917 14481 END
START 7520 11012 24552 8728 4814 15226 END
START 7032 10640 24504 8264 4594 15973 END
START 6792 10396 24432 7829 4389 16628 END
START 6272 10300 24300 7551 4154 17306 END
START 5704 9976 24192 7359 3944 17903 END
START 4992 9668 24192 7265 3768 18490 END
START 4380 9364 24160 7210 3505 19054 END
START 3816 9100 24060 7341 3345 19556 END
START 3008 8848 24188 7417 3032 19976 END
START 2848 8828 23728 7354 2920 20230 END
START 2108 8408 24760 7285 2671 20470 END
START 1508 7764 24600 7290 2384 20709 END
START 1180 7556 24824 7347 1991 20964 END
START 1016 7668 24568 7245 1835 21209 END
START 784 7572 24748 7038 1741 21399 END
START 588 7280 24688 6676 1733 21591 END
START 436 6960 24784 6343 1866 21712 END
START 128 6764 24896 5912 2067 21864 END
START -200 6452 25116 5580 2222 22017 END
START -612 6352 25348 5188 2402 22143 END
START -1052 6216 25988 4776 2529 22244 END
START -1340 6128 26176 4281 2576 22341 END
START -1588 6280 26280 3725 2586 22395 END
START -1872 6224 26372 3145 2559 22503 END
START -1928 6164 26240 2547 2507 22562 END
START -1904 6048 26068 1934 2584 22654 END
START -1828 6128 25596 1330 2780 22761 END
START -1620 6156 25136 803 3064 22896 END
START -1336 6132 24600 234 3471 23054 END
START -1348 6412 24232 -308 3947 23291 END
START -1256 6544 23800 -836 4483 23542 END
START -1216 6840 23436 -1400 4984 23877 END
START -1408 7064 23448 -2010 5419 24305 END
START -1876 7188 23500 -2558 5675 24699 END
START -2452 7216 23684 -3124 5817 25209 END
START -3152 7076 24096 -3617 5783 25619 END
START -4368 7068 24420 -4029 5472 26041 END
START -5908 7088 25084 -4334 4921 26355 END
START -7796 6844 25776 -4605 4007 26531 END
START -9296 6392 26216 -4913 2755 26523 END
START -10560 5496 26416 -5184 1419 26263 END
START -11468 4652 25832 -5451 73 25754 END
START -11780 3828 25084 -5690 -956 25072 END
START -11964 3256 24356 -5990 -1809 24211 END
START -12056 2856 23560 -6245 -2339 23267 END
START -11684 2752 23064 -6527 -2661 22294 END
START -11504 2616 22500 -6927 -2768 21347 END
START -11200 2700 22208 -7401 -2698 20533 END
START -10812 2836 22088 -7937 -2570 19730 END
START -10512 2872 21968 -8582 -2340 19000 END
START -10296 3032 21972 -9283 -2162 18383 END
START -9956 3176 21964 -10050 -1914 17743 END
START -10000 3332 21944 -10828 -1742 17165 END
START -9928 3296 21996 -11662 -1636 16616 END
START -9792 3440 22148 -12470 -1633 16157 END
START -9716 3328 22152 -13199 -1670 15694 END
START -9672 3344 22052 -13918 -1839 15281 END
START -9388 3100 21972 -14540 -2043 14905 END
START -9140 2892 21968 -15158 -2345 14499 END
START -8712 2524 21700 -15753 -2596 14084 END
START -8476 2476 21220 -16345 -2828 13655 END
START -8168 2496 20448 -16877 -3009 13329 END
START -7924 2628 19560 -17386 -3027 12709 END
START -7592 2616 18692 -17864 -3000 12570 END
START -7452 2596 17684 -18213 -2855 12404 END
START -7228 2472 16768 -18437 -2556 11930 END
START -7164 2300 15720 -18487 -2195 11574 END
START -6896 2156 14704 -18405 -1747 11230 END
START -6884 1856 13964 -18171 -1253 10873 END
START -6956 1680 13292 -17852 -861 10494 END
START -7212 1604 12964 -17490 -566 10133 END
START -7492 1524 12788 -17005 -427 9721 END
START -7864 1468 12644 -16523 -371 9359 END
START -8488 1304 12724 -15935 -476 8890 END
START -8872 1004 12708 -15308 -716 8413 END
START -9220 720 12748 -14682 -1089 7882 END
START -9076 232 12692 -13986 -1449 7195 END
START -8984 -20 12388 -13412 -1742 6490 END
START -8716 -8 11972 -12835 -1979 5761 END
START -8324 -188 11660 -12351 -2027 4965 END
START -8020 -428 11284 -11891 -2007 4214 END
START -7712 -456 11160 -11468 -1766 3454 END
START -7068 -424 10640 -11106 -1418 2680 END