START -7348 128 2648 -6699 4794 8094 END
START -8124 -516 2928 -6350 5726 7639 END
START -8884 -1096 3236 -5920 6389 7157 END
START -9568 -1292 3492 -5402 6941 6587 END
START -10360 -1560 3696 -4804 7347 5966 END
START -11232 -1792 4124 -4141 7617 5242 END
START -11720 -1916 4484 -3483 7721 4478 END
START -12360 -1956 4992 -2808 7693 3675 END
START -12724 -1900 5396 -2087 7528 2855 END
START -13020 -2088 6032 -1423 7293 2062 END
START -13276 -2292 6600 -736 6960 1302 END
START -13468 -2432 7052 -76 6561 594 END
START -13696 -2572 7868 569 6137 -43 END
START -13668 -2676 8112 1153 5739 -643 END
START -13860 -2672 8728 1705 5330 -1201 END
START -13944 -2596 9088 2193 4843 -1820 END
START -13916 -2432 9352 2616 4422 -2413 END
START -13876 -2288 9528 2943 4114 -3018 END
START -13960 -2212 9836 3200 3851 -3631 END
START -14004 -2000 10232 3384 3613 -4272 END
START -13996 -1904 10520 3492 3444 -4861 END
START -14128 -1732 11044 3514 3296 -5468 END
START -14240 -1460 11672 3445 3143 -6015 END
START -14348 -1072 12008 3282 3027 -6534 END
START -14312 -984 12444 3047 2907 -7018 END
START -14232 -956 12876 2753 2803 -7464 END
START -14376 -996 13352 2358 2666 -7860 END
START -14384 -1028 13696 1975 2547 -8276 END
START -14336 -1084 13892 1543 2489 -8670 END
START -14396 -1064 14064 1123 2351 -9041 END
START -14456 -1124 14272 674 2200 -9467 END
START -14552 -1148 14284 228 1977 -9890 END
START -14444 -1076 14216 -169 1784 -10396 END
START -14516 -1024 13920 -512 1648 -10874 END
START -14264 -952 13876 -847 1573 -11370 END
START -14088 -868 13816 -1126 1514 -11805 END
START -14024 -832 13596 -1387 1479 -12302 END
START -13704 -712 13424 -1624 1436 -12720 END
START -13540 -660 13096 -1831 1511 -13123 END
START -13316 -596 13076 -2041 1582 -13508 END
START -13084 -644 12696 -2218 1761 -13902 END
START -12776 -544 12532 -2325 2046 -14301 END
START -12668 -772 12352 -2447 2342 -14756 END
START -12364 -700 12052 -2574 2699 -15187 END
START -11940 -608 11788 -2711 3157 -15612 END
START -11620 -572 11856 -2885 3599 -16084 END
START -11264 -596 11656 -3027 4093 -16482 END
START -10980 -600 11560 -3214 4631 -16860 END
START -10548 -560 11624 -3359 5221 -17234 END
START -10460 -436 11700 -3596 5690 -17543 END
START -10288 -320 12000 -3774 6079 -17905 END
START -10100 -188 12076 -3946 6249 -18274 END
START -10064 -372 12304 -4017 6271 -18651 END
START -9904 -396 12476 -4003 6189 -19003 END
START -9600 -412 12640 -3894 6019 -19356 END
START -9416 -436 12780 -3651 5756 -19638 END
START -9288 -408 12932 -3293 5361 -19906 END
START -9144 -172 13248 -2880 4712 -20135 END
START -9004 -148 13356 -2389 3899 -20358 END
START -8860 36 13604 -1845 2903 -20568 END
START -8628 208 13756 -1241 1871 -20705 END
START -8232 324 13556 -563 664 -20818 END
START -7804 408 13640 142 -522 -20904 END
START -7216 484 13468 925 -1696 -20924 END
START -6796 576 12960 1726 -2777 -20910 END
START -6184 712 12456 2516 -3618 -20865 END
START -5512 960 12092 3331 -4327 -20790 END
START -5004 1220 11648 4100 -4794 -20732 END
START -4808 1476 11520 4783 -5122 -20639 END
START -4416 1580 11628 5315 -5331 -20569 END
START -4220 1816 11500 5773 -5442 -20495 END
START -3968 1644 12092 6111 -5520 -20420 END
START -3948 1740 12264 6409 -5527 -20404 END
START -3648 1584 12340 6631 -5491 -20397 END
START -3420 1460 12476 6779 -5411 -20470 END
START -3324 1272 12696 6922 -5208 -20594 END
START -3032 1060 12944 7042 -5020 -20779 END
START -2748 1068 13196 7145 -4722 -20987 END
START -2576 1160 13232 7228 -4445 -21181 END
START -2224 1376 13728 7272 -4116 -21396 END
START -2012 1716 13832 7229 -3817 -21559 END
START -1820 2116 14116 7145 -3457 -21696 END
START -1492 2360 14192 7024 -3183 -21772 END
START -968 2632 14364 6816 -2855 -21807 END
START -564 2696 14320 6626 -2548 -21834 END
START -348 2732 14692 6438 -2258 -21824 END
START 108 2700 14700 6249 -2014 -21838 END
START 452 2824 14600 6067 -1745 -21857 END
START 908 2912 14728 5912 -1473 -21855 END
START 1260 3244 14672 5819 -1255 -21862 END
START 1844 3520 15012 5723 -1089 -21824 END
START 2372 3832 15068 5624 -920 -21648 END
START 2900 4132 15268 5529 -768 -21427 END
START 3488 4460 15184 5427 -633 -21087 END
START 3880 4816 15144 5287 -440 -20694 END
START 4508 5156 15384 5130 -208 -20277 END
START 4924 5412 15104 4967 -14 -19791 END
START 5284 5720 15244 4797 247 -19295 END
START 5704 5928 15364 4597 405 -18824 END
START 6036 6048 15188 4443 560 -18280 END
START 6284 6228 15112 4308 785 -17775 END
START 6664 6348 15104 4146 965 -17319 END
START 7112 6468 15320 4058 1179 -16832 END
START 7340 6608 15200 3931 1324 -16313 END
START 7612 6584 15248 3856 1525 -15753 END
START 7812 6764 15360 3732 1693 -15203 END
START 7884 6920 15480 3614 1867 -14636 END
START 7912 6996 15512 3513 2027 -14070 END
START 8076 6964 15456 3421 2121 -13533 END
START 8088 7208 15492 3327 2182 -12960 END
START 8068 7264 15408 3301 2275 -12416 END
START 8296 7424 15420 3299 2308 -11840 END
START 8488 7624 15196 3352 2325 -11311 END
START 8776 7628 15144 3410 2410 -10745 END
START 9048 7632 14892 3507 2521 -10225 END
START 9440 7756 14824 3616 2648 -9664 END
START 9756 7972 14668 3727 2814 -9052 END
START 10100 8416 14620 3820 3007 -8426 END
START 10456 8732 14568 3867 3263 -7741 END
START 10636 9184 14508 3876 3486 -7010 END
START 10952 9428 14712 3821 3751 -6185 END
START 11180 9468 14720 3742 4016 -5327 END
START 11372 9476 14692 3585 4295 -4424 END
START 11640 9568 14836 3390 4621 -3532 END
START 11700 9484 14812 3190 4996 -2739 END
START 11940 9396 14696 2943 5385 -1943 END
START 12032 9548 14832 2701 5775 -1217 END
START 12088 9448 14896 2455 6170 -465 END
START 12224 9508 15128 2233 6601 256 END
START 12248 9688 15260 1993 6949 1086 END
START 12232 9664 15460 1767 7340 1865 END
START 12136 9844 15772 1575 7618 2728 END
START 12048 9976 16192 1400 7829 3667 END
START 11900 10036 16444 1209 7965 4525 END
START 11624 9956 16956 1092 7995 5438 END
START 11628 9984 17164 1015 7931 6325 END
START 11540 9932 17472 934 7802 7229 END
START 11428 10064 17936 912 7597 8182 END
START 11372 9912 18028 943 7381 9148 END
START 11432 9948 18180 952 7150 10144 END
START 11588 9944 18500 1004 6934 11171 END
START 11548 9888 18756 1040 6720 12306 END
START 11368 9884 18936 1015 6517 13446 END
START 11228 10072 19148 960 6306 14625 END
START 11080 10260 19300 841 6101 15778 END
START 10788 10428 19540 686 5906 16929 END
START 10416 10692 19776 444 5743 18082 END
START 10080 10820 19896 155 5631 19224 END
START 9572 10920 19812 -191 5440 20326 END
START 9212 10900 19980 -544 5353 21388 END
START 8700 10960 20228 -879 5316 22394 END
START 8336 10708 20136 -1301 5352 23376 END
START 7664 10364 20276 -1736 5451 24286 END
START 7080 10076 20368 -2182 5529 25104 END
START 6160 9852 20436 -2635 5609 25806 END
START 5224 9612 20868 -3170 5652 26360 END
START 4580 9428 20972 -3678 5705 26814 END
START 3708 9120 21088 -4212 5724 27189 END
START 2896 8724 21248 -4847 5684 27497 END
START 1868 8556 21684 -5455 5580 27678 END
START 980 8440 21668 -6107 5488 27862 END
START 12 7884 21804 -6703 5389 27935 END
START -816 7468 21912 -7302 5284 27941 END
START -1832 6888 22120 -7875 5078 27872 END
START -2804 6132 22172 -8441 4895 27734 END
START -3780 5516 22396 -9018 4572 27493 END
START -4404 4872 22444 -9583 4209 27168 END
START -5156 4300 22440 -10120 3812 26812 END
START -5936 3792 22356 -10650 3350 26343 END
START -6656 3224 22076 -11106 2867 25875 END
START -7240 2824 21916 -11523 2445 25372 END
START -7816 2512 21616 -11833 2017 24844 END
START -8368 2024 21208 -12187 1650 24319 END
START -8784 1628 21120 -12403 1301 23730 END
START -9420 1204 20704 -12657 952 23094 END
START -10040 812 20396 -12869 565 22455 END
START -10532 144 20196 -13083 265 21730 END
START -11036 -100 19884 -13256 -94 20962 END
START -11396 -368 19448 -13454 -379 20143 END
START -11848 -704 19116 -13640 -752 19208 END
START -12320 -1160 18676 -13753 -1056 18300 END
START -12600 -1652 18092 -13824 -1358 17338 END
START -12800 -2292 17584 -13759 -1631 16341 END
START -12912 -2708 17196 -13659 -1848 15230 END
START -12948 -2988 16844 -13441 -2048 14103 END
START -12824 -3128 16336 -13152 -2209 12953 END
START -12668 -3424 15920 -12808 -2405 11809 END
START -12488 -3584 15480 -12401 -2474 10687 END
START -12184 -3908 15252 -11943 -2477 9525 END
START -11928 -3776 14884 -11566 -2485 8500 END
START -11472 -3876 14576 -11204 -2400 7471 END
START -11188 -3680 14428 -10851 -2251 6511 END
START -10820 -3500 14180 -10643 -2096 5654 END
START -10328 -3300 13908 -10460 -1907 4882 END
START -9968 -3196 13596 -10343 -1643 4204 END
START -9500 -2992 13380 -10271 -1368 3646 END
START -9032 -2816 13008 -10267 -999 3163 END
START -8688 -2664 12880 -10295 -541 2725 END
START -8360 -2444 12644 -10354 -67 2339 END
START -8232 -2188 12384 -10457 353 2023 END
START -8100 -2020 12332 -10540 802 1707 END
START -8060 -1984 12340 -10653 1175 1446 END
START -7936 -2044 12288 -10796 1522 1217 END
START -8028 -2148 12136 -10905 1826 1005 END
START -8156 -2244 12184 -11035 2074 701 END
START -8024 -2392 11704 -11178 2261 440 END
START -8032 -2268 11548 -11241 2507 125 END
START -8036 -2464 11232 -11329 2717 -187 END
START -8052 -2504 11100 -11428 2894 -484 END
START -8132 -2536 10904 -11437 3127 -812 END
START -8148 -2620 10720 -11456 3273 -1139 END
START -8032 -2620 10600 -11484 3471 -1492 END
START -8028 -2664 10368 -11479 3641 -1810 END
START -7988 -2476 10056 -11519 3675 -2179 END
START -7928 -2348 9784 -11464 3722 -2465 END
START -8008 -2300 9448 -11418 3728 -2758 END
START -7912 -2220 8972 -11291 3751 -2987 END
START -7768 -2120 8704 -11137 3788 -3214 END
START -7636 -1996 8464 -10887 3838 -3392 END
START -7540 -1844 8060 -10597 3953 -3576 END
START -7348 -2056 7784 -10300 4073 -3755 END
START -7380 -2120 7304 -9933 4176 -3945 END
START -7232 -2228 7196 -9630 4190 -4158 END
START -7260 -2204 7064 -9269 4144 -4356 END
START -7320 -1952 6812 -8886 4079 -4559 END
START -7124 -1988 6784 -8491 3972 -4724 END
START -6924 -2104 6352 -8117 3828 -4882 END
START -6828 -2184 5908 -7680 3764 -5050 END
START -6544 -2060 5604 -7232 3757 -5197 END
START -6204 -1844 5404 -6814 3785 -5369 END
START -6040 -1504 4892 -6356 3862 -5500 END
START -5916 -1408 4700 -5919 3884 -5625 END
START -5592 -1168 4580 -5497 3934 -5789 END
START -5280 -1204 4264 -5101 3960 -5846 END
START -5104 -1112 3992 -4662 4004 -5965 END
START -4784 -1168 3804 -4255 4039 -6001 END
START -4388 -1016 3456 -3792 4156 -6064 END
START -4140 -976 3148 -3319 4249 -6105 END
START -3788 -1008 2860 -2859 4470 -6137 END
START -3512 -836 2928 -2379 4553 -6166 END
START -3476 -544 2860 -1895 4640 -6144 END
START -3376 -444 2984 -1378 4570 -6088 END
START -3212 -128 3188 -876 4451 -6014 END
START -2960 136 3128 -402 4274 -5882 END
START -2844 308 3228 106 4047 -5690 END
START -2664 388 3076 603 3815 -5442 END
START -2464 552 3248 1097 3572 -5193 END
START -2340 628 3148 1595 3289 -4892 END
START -2264 700 3172 2139 2995 -4554 END
START -2456 756 3452 2644 2624 -4242 END
START -2472 748 3568 3132 2199 -3895 END
START -2500 696 3676 3594 1793 -3539 END
START -2576 636 3648 4070 1291 -3220 END
START -2740 772 3752 4477 787 -2910 END
START -2640 776 3684 4877 272 -2647 END
START -2600 792 3772 5214 -227 -2361 END
START -2700 856 3800 5603 -819 -2080 END
START -2856 712 3828 6007 -1473 -1845 END
START -2956 676 3752 6396 -2112 -1567 END
START -3060 592 3848 6902 -2874 -1294 END
START -3164 356 3696 7374 -3617 -1079 END
START -3180 212 3560 7883 -4376 -942 END
START -3016 -104 3084 8419 -5070 -877 END
START -2836 -120 2192 9002 -5609 -866 END
START -2612 -20 1636 9557 -5976 -893 END
START -2176 184 620 10184 -6192 -890 END
START -1932 76 120 10764 -6147 -887 END
START -1500 152 -760 11377 -5894 -846 END
START -1312 240 -1244 11996 -5519 -798 END
START -1060 376 -1976 12471 -5038 -749 END
START -744 596 -2476 13092 -4408 -704 END
START -560 900 -2984 13650 -3618 -671 END
START -400 896 -3316 14217 -2722 -630 END
START -208 1164 -3492 14813 -1628 -553 END
START 32 1372 -3724 15385 -536 -504 END
START 164 1416 -3436 15937 532 -455 END
START 288 1596 -3108 16538 1577 -389 END
START 388 1984 -2452 17109 2662 -265 END
START 348 2356 -1772 17665 3648 -96 END
START 176 2608 -1132 18173 4409 139 END
START 128 3036 76 18686 4993 426 END
START -328 3456 1212 19151 5328 729 END
START -432 3644 2564 19574 5459 1132 END
START -656 3720 3776 19975 5341 1574 END
START -640 3704 4992 20358 5064 2019 END
START -996 3772 5976 20747 4586 2431 END
START -1008 3860 6612 21115 3994 2874 END
START -1172 4000 7508 21428 3214 3315 END
START -1396 4124 8240 21761 2347 3733 END
START -1596 4128 8780 22001 1473 4150 END
START -1628 4176 9304 22227 586 4549 END
START -1752 3976 9452 22447 -401 4927 END
START -1880 3896 9572 22679 -1234 5260 END
START -2012 3920 9688 22916 -2043 5576 END
START -2236 4008 9548 23231 -2768 5812 END
START -2280 4156 9036 23555 -3325 5985 END
START -2584 4444 9008 23915 -3737 6185 END
START -2776 4708 8736 24309 -3983 6300 END
START -2956 5040 8532 24651 -4030 6396 END
START -3192 5332 8400 24975 -3938 6452 END
START -3376 5720 8132 25228 -3615 6517 END
START -3820 6076 8328 25460 -3174 6528 END
START -3952 6252 8476 25666 -2630 6499 END
START -4396 6476 9004 25808 -2063 6430 END
START -4700 6528 9356 25936 -1326 6266 END
START -4988 6636 9756 25989 -720 6038 END
START -5060 6864 10244 26048 -15 5755 END
START -5276 7036 11004 26062 618 5444 END
START -5356 7244 11532 26031 1197 5141 END
START -5480 7408 12372 25997 1763 4817 END
START -5680 7596 13120 25925 2244 4510 END
START -5620 7820 14112 25807 2521 4281 END
START -5704 8132 14964 25622 2624 4040 END
START -5628 8204 15872 25467 2584 3839 END
START -5372 8340 16296 25232 2424 3606 END
START -5036 8588 16700 25008 2262 3389 END
START -4612 8784 17060 24787 2134 3213 END
START -4088 8908 17316 24603 2048 3092 END
START -3756 9228 17476 24418 2048 3098 END
START -3452 9484 17628 24165 2070 3110 END
START -3236 9784 17976 23983 2156 3217 END
START -3200 10020 18176 23756 2217 3351 END
START -3176 10180 18688 23518 2283 3498 END
START -3364 10096 19044 23319 2304 3612 END
START -3592 10264 19640 23127 2253 3703 END
START -3644 10428 20152 22942 2123 3771 END
START -3828 10604 20572 22775 1983 3911 END
START -3972 10688 20876 22643 1835 3997 END
START -4092 10904 21096 22501 1722 4098 END
START -4356 11172 21536 22378 1708 4179 END
START -4608 11504 21808 22171 1704 4222 END
START -5068 11736 22268 21880 1725 4245 END
START -5804 11844 23176 21535 1697 4238 END
START -6372 11908 23844 21159 1543 4186 END
START -6896 11832 24368 20767 1416 4107 END
START -7216 11692 24952 20375 1226 3973 END
START -7592 11376 25464 20013 1086 3730 END
START -7784 11056 25880 19639 965 3418 END
START -7796 10892 26256 19332 849 3023 END
START -7832 10756 26404 18901 755 2620 END
START -7712 10792 26592 18374 686 2107 END
START -7760 10816 26916 17810 694 1664 END
START -7536 10872 26888 17191 716 1167 END
START -7384 11132 27104 16526 777 742 END
START -7104 11236 27252 15890 909 380 END
START -6944 11380 27360 15259 1110 83 END
START -6640 11624 27164 14638 1356 -165 END
START -6272 11716 27140 14066 1715 -387 END
START -6072 12012 27320 13449 2124 -542 END
START -5788 12104 27448 12835 2541 -645 END
START -5280 12124 27692 12067 2933 -682 END
START -5236 12360 27796 11595 3297 -664 END
START -5052 12468 28036 10830 3571 -591 END
START -4956 12448 28168 10107 3760 -482 END
START -4684 12436 28400 9370 3900 -360 END
START -4704 12272 28512 8731 3922 -225 END
START -4612 12176 28724 8083 3794 -95 END
START -4624 12080 28716 7556 3573 82 END
START -4572 11924 28928 7124 3300 294 END
START -4604 11976 28924 6740 2858 555 END
START -4772 11964 28896 6423 2381 840 END
START -4684 12076 29012 6134 1844 1167 END
START -4724 12052 28896 5868 1278 1541 END
START -4800 11920 28496 5567 663 1923 END
START -4876 11888 28380 5310 121 2302 END
START -4848 11808 28164 5012 -401 2619 END
START -4948 11648 27768 4699 -868 2876 END
START -4912 11408 27376 4410 -1340 3154 END
START -5088 11172 27044 4150 -1727 3366 END
START -5272 11008 26932 3869 -2205 3526 END
START -5276 10828 26828 3654 -2624 3671 END
START -5492 10532 26708 3472 -3005 3735 END
START -5808 10332 26212 3310 -3353 3751 END
START -6044 10276 26100 3200 -3691 3751 END
START -6296 10200 26040 3061 -3961 3697 END
START -6504 9928 26032 2919 -4168 3583 END
START -6724 9740 25992 2747 -4421 3415 END
START -6952 9612 25740 2550 -4533 3258 END
START -7140 9512 25944 2269 -4676 3025 END
START -7288 9280 25876 2000 -4801 2755 END
START -7444 9168 25724 1654 -4931 2477 END
START -7556 8900 25824 1299 -4963 2143 END
START -7696 8900 25776 898 -5064 1681 END
START -7832 8652 25728 501 -5061 1275 END
START -7656 8796 25600 26 -5068 778 END
START -7668 8752 25432 -383 -5064 313 END
START -7688 8860 25220 -859 -5054 -157 END
START -7424 8644 25120 -1336 -5041 -586 END
START -7124 8652 24952 -1846 -4959 -1019 END
START -6872 8548 24704 -2293 -4843 -1445 END
START -6488 8520 24440 -2776 -4708 -1860 END
START -6320 8464 24316 -3175 -4554 -2259 END
START -5920 8404 23916 -3598 -4404 -2626 END
START -5684 8472 23912 -4001 -4231 -2958 END
START -5392 8524 23644 -4406 -4110 -3242 END
START -5008 8652 23700 -4810 -3930 -3482 END
START -4836 8848 23652 -5127 -3773 -3687 END
START -4416 8948 23508 -5520 -3736 -3867 END
START -4356 9188 23388 -5817 -3721 -3991 END
START -4244 9212 23452 -6171 -3775 -4125 END
START -4132 9292 23132 -6455 -3935 -4188 END