START -3452 -656 12268 295 795 2571 END
START -1228 920 8336 274 -292 2594 END
START -1740 -1456 10380 347 -72 2553 END
START -2960 -948 11492 420 294 2550 END
START -2920 -876 11572 527 609 2466 END
START -3172 -1228 12084 550 735 2353 END
START -3684 -1320 12816 591 579 2314 END
START -3644 -1416 13008 601 359 2365 END
START -3584 -1668 12964 549 196 2343 END
START -3404 -1744 12768 489 47 2314 END
START -3308 -1748 13008 421 116 2198 END
START -3324 -1528 12844 422 294 2073 END
START -3476 -1352 12668 451 446 1858 END
START -3552 -1240 12520 518 697 1639 END
START -3512 -1088 12580 566 930 1409 END
START -3576 -1084 13060 629 1221 1239 END
START -3748 -1188 13208 631 1439 1076 END
START -3784 -1000 13300 555 1589 936 END
START -3928 -764 13656 472 1709 842 END
START -3868 -360 13876 344 1897 714 END
START -3788 64 13920 242 2080 611 END
START -3700 220 14296 167 2313 537 END
START -3820 568 14352 -6 2416 544 END
START -3724 992 14684 -164 2537 617 END
START -3676 1096 14872 -295 2563 739 END
START -3748 1172 15028 -451 2644 970 END
START -3776 1108 15288 -579 2511 1203 END
START -3904 1028 15468 -664 2333 1446 END
START -4020 676 15608 -672 2076 1692 END
START -4140 532 15568 -652 1722 1853 END
START -4260 388 15864 -555 1374 1998 END
START -4488 184 15936 -394 951 2045 END
START -4824 -32 16240 -219 453 2099 END
START -5092 -196 16244 -38 -153 2157 END
START -5140 -340 16332 112 -698 2162 END
START -5244 -408 16332 299 -1293 2145 END
START -5412 -632 16340 446 -1888 2103 END
START -5432 -752 16348 594 -2456 2079 END
START -5416 -848 16340 695 -3015 1985 END
START -5340 -1020 16188 814 -3535 1846 END
START -5300 -1140 16024 851 -3998 1740 END
START -5212 -1100 15732 856 -4485 1577 END
START -5200 -756 15564 893 -4857 1442 END
START -5220 -672 15324 912 -5074 1354 END
START -5040 -612 14984 940 -5208 1313 END
START -5064 -512 14912 936 -5217 1246 END
START -5280 -716 14472 944 -5208 1207 END
START -5172 -1352 14516 893 -5179 1145 END
START -5028 -1860 14340 927 -5091 1005 END
START -5136 -2052 13972 1013 -4936 817 END
START -5296 -2196 13900 1152 -4718 577 END
START -5484 -2196 13880 1330 -4494 330 END
START -5680 -2324 13720 1494 -4226 32 END
START -5840 -2444 13932 1669 -3992 -238 END
START -5816 -2656 13964 1823 -3678 -503 END
START -5892 -2708 14088 1846 -3367 -788 END
START -5940 -2396 14040 1819 -2999 -1089 END
START -5992 -2364 14228 1714 -2561 -1368 END
START -6036 -2212 14384 1537 -2106 -1625 END
START -6060 -1980 14440 1277 -1607 -1918 END
START -6096 -1812 14580 969 -1007 -2075 END
START -6436 -1604 14580 648 -518 -2271 END
START -6684 -1444 14872 284 -5 -2413 END
START -6924 -1472 15108 -38 434 -2580 END
START -7396 -1308 15400 -336 832 -2713 END
START -7640 -1200 15452 -578 1167 -2860 END
START -8044 -1064 15660 -806 1389 -2959 END
START -8248 -1112 15896 -943 1572 -3046 END
START -8672 -1056 16312 -1098 1650 -3099 END
START -9104 -988 16444 -1191 1608 -3095 END
START -9388 -828 16596 -1250 1477 -3107 END
START -9544 -816 16596 -1304 1343 -3057 END
START -9768 -860 16588 -1307 1216 -2983 END
START -9872 -1060 16556 -1274 1064 -2965 END
START -10088 -956 16448 -1229 903 -2946 END
START -10156 -1096 16228 -1165 730 -2974 END
START -10356 -1084 16172 -1165 633 -3031 END
START -10604 -1088 15776 -1101 472 -3175 END
START -10708 -1308 15852 -1064 339 -3253 END
START -10676 -1564 15468 -1065 276 -3453 END
START -10624 -1692 15032 -993 222 -3627 END
START -10660 -1716 14732 -936 263 -3864 END
START -10756 -1692 14328 -896 411 -4081 END
START -10708 -1880 13916 -870 641 -4325 END
START -10876 -2084 13640 -821 873 -4571 END
START -11000 -2176 13636 -761 1105 -4841 END
START -11096 -2168 13516 -646 1314 -5171 END
START -11340 -2316 13488 -550 1465 -5497 END
START -11584 -2588 13460 -407 1532 -5844 END
START -11620 -2752 13384 -221 1602 -6192 END
START -11748 -2884 13592 -47 1547 -6543 END
START -11720 -3208 13600 180 1409 -6946 END
START -11704 -3164 13608 370 1322 -7338 END
START -11560 -3160 13520 615 1247 -7760 END
START -11548 -3036 13464 738 1134 -8172 END
START -11544 -3004 13336 929 1070 -8493 END
START -11252 -2816 13048 1051 1012 -8841 END
START -11220 -2564 12896 1205 1031 -9127 END
START -10984 -2420 12760 1306 1102 -9422 END
START -10796 -2316 12504 1405 1228 -9655 END
START -10460 -2332 12328 1490 1379 -9902 END
START -10412 -2176 12352 1567 1626 -10157 END
START -10216 -1788 12264 1620 1876 -10327 END
START -10192 -1664 12212 1639 2175 -10524 END
START -9900 -1396 12248 1651 2412 -10642 END
START -9884 -1432 12416 1680 2611 -10789 END
START -9672 -1152 12396 1726 2821 -10875 END
START -9800 -988 12500 1796 2960 -11026 END
START -9692 -1020 12868 1849 3063 -11124 END
START -9488 -1020 12860 1950 3090 -11212 END
START -9392 -964 13084 2021 3038 -11330 END
START -9236 -948 13080 2161 2957 -11480 END
START -9072 -828 13304 2225 2847 -11610 END
START -8948 -700 13196 2367 2741 -11770 END
START -8848 -744 13144 2469 2598 -11931 END
START -8628 -488 13232 2559 2474 -12044 END
START -8544 -376 13164 2676 2350 -12201 END
START -8256 -160 12896 2771 2254 -12320 END
START -8016 20 12920 2907 2142 -12448 END
START -7880 148 12920 3006 2088 -12558 END
START -7800 196 12920 3124 1991 -12669 END
START -7568 216 12972 3214 1866 -12756 END
START -7340 308 13108 3317 1735 -12861 END
START -7088 308 12896 3456 1560 -12961 END
START -6876 184 13004 3559 1377 -13061 END
START -6520 220 13032 3737 1153 -13101 END
START -6272 68 12964 3908 884 -13211 END
START -5948 112 13112 4097 657 -13314 END
START -5572 -68 12904 4274 480 -13369 END
START -5204 -184 12680 4491 279 -13473 END
START -4660 -392 12836 4755 95 -13591 END
START -4404 -460 12752 4982 -10 -13699 END
START -4000 -644 12592 5247 -131 -13864 END
START -3388 -652 12496 5435 -161 -14029 END
START -2924 -640 12488 5704 -200 -14245 END
START -2536 -632 12316 5896 -173 -14425 END
START -1800 -656 12532 6117 -157 -14642 END
START -1268 -456 12340 6305 -82 -14818 END
START -652 -132 12340 6507 112 -14964 END
START 36 168 12148 6662 431 -15100 END
START 400 592 12296 6789 795 -15181 END
START 764 1132 12380 6820 1158 -15208 END
START 1120 1480 13004 6806 1476 -15215 END
START 1568 1880 13412 6737 1800 -15163 END
START 2048 2044 13740 6708 2110 -15096 END
START 2300 2332 14316 6716 2282 -14946 END
START 2536 2568 14808 6736 2487 -14858 END
START 2828 2948 15260 6853 2613 -14708 END
START 3008 3284 15756 7018 2653 -14538 END
START 3392 3448 16228 7158 2666 -14336 END
START 3836 3692 16896 7317 2625 -14114 END
START 4108 3916 17416 7438 2457 -13860 END
START 4428 4136 18008 7534 2298 -13590 END
START 4912 4260 18584 7532 2136 -13293 END
START 5236 4280 19076 7488 1926 -12993 END
START 5576 4452 19512 7429 1722 -12705 END
START 6012 4496 20016 7316 1573 -12497 END
START 6420 4536 20256 7135 1364 -12302 END
START 6664 4716 20520 6938 1247 -12144 END
START 6924 4780 21072 6729 1069 -11929 END
START 7292 5088 21528 6421 952 -11732 END
START 7576 5304 21756 6120 773 -11498 END
START 7960 5596 21980 5754 627 -11215 END
START 8336 5704 22168 5318 532 -10918 END
START 8632 5880 22488 4918 394 -10616 END
START 8744 6008 22600 4446 256 -10226 END
START 9160 6104 22740 3977 118 -9895 END
START 9604 6080 22724 3526 26 -9503 END
START 9740 5880 22648 3137 -7 -9129 END
START 10028 5844 22652 2744 -43 -8799 END
START 10040 5796 22548 2312 -39 -8472 END
START 10328 5692 22392 1924 -62 -8143 END
START 10484 5824 22280 1534 -52 -7897 END
START 10644 5768 22176 1203 -51 -7630 END
START 10848 5804 22160 816 -6 -7303 END
START 11168 5624 21764 501 -11 -7008 END
START 11492 5524 21344 194 86 -6725 END
START 11636 5500 21272 -73 170 -6392 END
START 11856 5432 20832 -344 358 -6109 END
START 11908 5448 20424 -538 574 -5791 END
START 12220 5572 20508 -759 801 -5434 END
START 12304 5660 20464 -1037 1004 -5103 END
START 12320 5552 20380 -1259 1179 -4714 END
START 12332 5540 20232 -1467 1294 -4276 END
START 12384 5596 20000 -1675 1396 -3873 END
START 12428 5540 19916 -1799 1455 -3461 END
START 12660 5468 19624 -1873 1547 -3045 END
START 12644 5580 19476 -1915 1681 -2635 END
START 12692 5572 19484 -1917 1694 -2176 END
START 12580 5684 19408 -2004 1719 -1704 END
START 12556 5728 19172 -1991 1654 -1216 END
START 12572 5636 19336 -2008 1593 -735 END
START 12304 5524 19384 -2024 1538 -256 END
START 12264 5476 19160 -1985 1425 195 END
START 12112 5496 19412 -1960 1356 700 END
START 11848 5380 19512 -1961 1255 1176 END
START 11592 5296 19292 -1985 1051 1599 END
START 11568 5156 19396 -1976 943 2059 END
START 11348 5120 19332 -2012 827 2442 END
START 11204 5000 19284 -2066 666 2889 END
START 11004 4996 19104 -2154 525 3274 END
START 10896 4988 19076 -2241 430 3674 END
START 10788 4868 18884 -2350 338 4088 END
START 10584 4864 18572 -2467 351 4487 END
START 10488 4804 18560 -2616 316 4886 END
START 10240 4800 18316 -2799 391 5282 END
START 9988 4900 18060 -3004 427 5686 END
START 9840 4792 17996 -3233 442 6065 END
START 9548 4832 17840 -3438 530 6472 END
START 9336 4620 17716 -3624 547 6823 END
START 8980 4568 17428 -3790 596 7210 END
START 8536 4460 17356 -3946 619 7532 END
START 8104 4272 17204 -4057 623 7930 END
START 7780 4092 17164 -4093 631 8249 END
START 7196 3912 17116 -4110 608 8553 END
START 6856 3784 16900 -4073 554 8876 END
START 6444 3552 16964 -4048 493 9111 END
START 5944 3192 16844 -3999 458 9344 END
START 5456 3112 16760 -3935 388 9537 END
START 4948 2884 16580 -3864 358 9729 END
START 4448 2724 16644 -3779 330 9908 END
START 4068 2632 16588 -3692 313 10091 END
START 3588 2376 16384 -3722 244 10261 END
START 3276 2192 16488 -3678 215 10374 END
START 2928 2104 16316 -3718 172 10471 END
START 2572 1920 16304 -3727 180 10512 END
START 2208 1692 16344 -3795 208 10543 END
START 1948 1696 16200 -3863 224 10589 END
START 1376 1528 16064 -3921 235 10663 END
START 936 1448 16088 -4000 282 10726 END
START 668 1380 15940 -4082 301 10772 END
START 220 1228 16148 -4184 295 10808 END
START -48 1168 16084 -4248 270 10885 END
START -664 1060 16032 -4343 241 10921 END
START -832 940 16092 -4400 116 11008 END
START -1280 844 15928 -4446 -41 11112 END
START -1808 704 15700 -4404 -201 11213 END
START -2344 580 15704 -4317 -327 11322 END
START -2848 316 15708 -4208 -507 11430 END
START -3476 -40 15604 -4082 -692 11499 END
START -4148 -344 15544 -3922 -894 11509 END
START -4728 -764 15560 -3779 -1104 11480 END
START -4980 -1000 15456 -3629 -1378 11425 END
START -5388 -1392 15184 -3535 -1612 11257 END
START -5884 -1496 14988 -3443 -1836 11069 END
START -6188 -1628 14732 -3329 -1949 10837 END
START -6460 -1736 14520 -3243 -2092 10650 END
START -6712 -1956 14264 -3154 -2147 10445 END
START -6892 -2120 14032 -3071 -2214 10228 END
START -7060 -2152 13864 -3004 -2149 9962 END
START -7364 -2220 13808 -2959 -2092 9765 END
START -7652 -2292 13728 -2954 -2077 9504 END
START -7688 -2392 13592 -2889 -2099 9292 END
START -7888 -2564 13648 -2866 -2056 8998 END
START -8004 -2584 13472 -2838 -2097 8758 END
START -8212 -2728 13500 -2796 -2105 8557 END
START -8512 -2756 13176 -2707 -2164 8359 END
START -8672 -2984 13100 -2621 -2147 8120 END
START -8900 -3060 12848 -2530 -2160 7930 END
START -9236 -3148 12632 -2404 -2163 7665 END
START -9368 -3320 12712 -2333 -2188 7422 END
START -9508 -3264 12616 -2247 -2196 7142 END
START -9640 -3308 12400 -2178 -2181 6893 END
START -9808 -3216 12256 -2094 -2139 6612 END
START -9832 -3312 12216 -2062 -2068 6341 END
START -9672 -3192 11900 -2035 -2017 6060 END
START -10028 -3284 11912 -2069 -1877 5819 END
START -10052 -3088 11828 -2135 -1829 5581 END
START -10072 -3112 11468 -2242 -1707 5362 END
START -10072 -3088 11248 -2278 -1570 5087 END
START -10088 -3060 11008 -2312 -1312 4812 END
START -10156 -3048 10708 -2331 -1075 4589 END
START -10256 -3060 10620 -2304 -777 4292 END
START -10408 -3052 10484 -2224 -527 4030 END
START -10408 -2964 10800 -2174 -330 3748 END
START -10608 -2960 10896 -2097 -263 3557 END
START -10844 -3072 10932 -1997 -263 3325 END
START -10940 -3136 10756 -1856 -314 2975 END
START -10880 -3100 10848 -1702 -333 2735 END
START -10788 -3136 10764 -1538 -459 2414 END
START -10752 -3128 10700 -1308 -484 2099 END
START -10772 -3188 10692 -1118 -535 1835 END
START -10748 -3140 10620 -945 -606 1600 END
START -10604 -3092 10560 -760 -630 1373 END
START -10636 -3132 10524 -601 -689 1113 END
START -10548 -2988 10308 -477 -759 870 END
START -10364 -2820 10400 -402 -824 594 END
START -10152 -2724 10136 -288 -825 351 END
START -10020 -2764 9868 -196 -814 109 END
START -9864 -2468 9904 -115 -707 -133 END
START -9640 -2436 9724 -31 -676 -362 END
START -9564 -2228 9612 28 -534 -536 END
START -9216 -2100 9332 76 -401 -750 END
START -8956 -2036 9192 111 -210 -938 END
START -8628 -1844 8908 132 14 -1144 END
START -8588 -1700 8904 202 247 -1372 END
START -8372 -1604 8820 283 464 -1552 END
START -8216 -1564 8696 325 679 -1766 END
START -7836 -1196 8676 396 893 -1918 END
START -7728 -956 8492 539 1090 -2065 END
START -7496 -772 8380 636 1280 -2219 END
START -7280 -620 8524 764 1440 -2283 END
START -7040 -424 8504 919 1574 -2367 END
START -6760 -224 8472 1074 1591 -2452 END
START -6524 4 8428 1231 1589 -2506 END
START -5992 324 8636 1474 1575 -2545 END
START -5648 608 8628 1684 1503 -2551 END
START -5392 804 8684 1977 1404 -2495 END
START -4948 1232 8468 2186 1304 -2456 END
START -4636 1412 8640 2403 1182 -2369 END
START -4240 1840 8772 2607 1066 -2245 END
START -3732 2136 8640 2783 964 -2154 END
START -3304 2448 8452 2925 972 -2028 END
START -2768 2712 8432 3098 1001 -1915 END
START -2408 2960 8336 3221 1111 -1759 END
START -2272 3100 8332 3338 1187 -1584 END
START -2104 3392 8352 3396 1306 -1335 END
START -1804 3656 8376 3491 1490 -1098 END
START -1600 3680 8332 3486 1722 -899 END
START -1500 3720 8324 3510 1907 -630 END
START -1444 3772 8356 3451 2156 -415 END
START -1440 3844 8552 3414 2314 -254 END
START -1552 4064 8608 3374 2426 -40 END
START -1644 3968 8796 3339 2493 159 END
START -1636 3884 8664 3318 2589 326 END
START -1904 3856 8560 3291 2631 492 END
START -2116 3648 8636 3371 2649 587 END
START -2248 3500 8492 3416 2703 675 END
START -2292 3384 8732 3514 2734 681 END
START -2296 3264 8840 3595 2699 690 END
START -2228 3204 8856 3666 2701 662 END
START -2264 3204 9108 3705 2601 697 END
START -2404 3172 9076 3703 2539 640 END
START -2504 3056 8908 3758 2405 669 END
START -2612 2880 9008 3809 2366 640 END
START -2616 2780 9024 3881 2233 597 END
START -2692 2652 8736 3937 2167 527 END
START -2568 2664 8524 4024 2088 456 END
START -2628 2748 8456 4157 2023 411 END
START -2664 2672 8536 4255 1928 387 END
START -2588 2616 8684 4448 1747 354 END
START -2592 2680 8656 4597 1609 339 END
START -2712 2792 8712 4774 1394 313 END
START -2556 2852 8544 4983 1149 325 END
START -2512 2832 8540 5156 895 349 END
START -2412 2856 8448 5378 646 339 END
START -2180 2844 8424 5578 416 377 END
START -2156 2808 8400 5823 214 391 END
START -2044 2928 8468 6011 -12 410 END
START -1820 3052 8388 6230 -198 458 END
START -1792 3144 8384 6446 -405 490 END
START -1632 3312 8256 6646 -609 609 END
START -1644 3364 8244 6830 -777 683 END
START -1368 3400 8300 7043 -880 779 END
START -1424 3552 8088 7265 -892 876 END
START -1260 3652 8180 7432 -915 954 END
START -1180 3828 8176 7567 -902 1066 END
START -1028 3688 8208 7704 -870 1133 END
START -980 3728 8388 7769 -793 1213 END
START -724 3604 8232 7789 -667 1299 END
START -372 3476 8348 7778 -526 1377 END
START -200 3456 8432 7717 -405 1463 END
START 144 3512 8760 7600 -227 1518 END
START 432 3752 8660 7472 17 1618 END
START 668 3888 8936 7298 248 1715 END
START 1044 4024 9072 7048 531 1887 END
START 1304 4060 9244 6775 875 2109 END
START 1500 4240 9312 6473 1247 2436 END
START 1576 4148 9484 6201 1562 2707 END
START 1488 4016 9564 5889 1966 3062 END
START 1500 3908 9612 5675 2333 3261 END
START 1268 3752 9596 5487 2721 3475 END
START 1156 3488 9788 5425 3085 3657 END
START 936 3016 9972 5392 3436 3750 END
START 596 2640 10140 5473 3864 3826 END
START 220 2440 10200 5566 4167 3852 END
START -192 2052 10484 5818 4518 3866 END
START -640 1892 10836 6070 4829 3863 END
START -1212 1656 10992 6394 5102 3827 END
START -1788 1320 11248 6768 5375 3724 END
START -2236 1188 11592 7162 5651 3675 END
START -2640 1140 11900 7597 5939 3582 END
START -3104 1008 12580 7951 6247 3504 END
START -3264 1024 13000 8368 6567 3415 END
START -3580 824 13724 8725 6830 3328 END
START -3828 652 14712 9061 7099 3324 END
START -3960 676 15244 9370 7368 3265 END
START -4148 792 16332 9575 7573 3273 END
START -4588 880 17572 9753 7703 3268 END
START -4916 896 18772 9903 7810 3267 END
START -5384 1000 20296 9943 7738 3235 END
START -5904 1216 21556 9930 7605 3132 END
START -6368 1284 23076 9830 7320 3016 END
START -6800 1376 24480 9783 6927 2908 END
START -7176 1576 25408 9589 6445 2751 END
START -7372 1700 26148 9430 6015 2578 END
START -7508 1728 26984 9198 5625 2405 END
START -7600 1852 27552 8943 5270 2161 END
START -7808 2100 28496 8607 4976 1914 END
START -7960 2204 28932 8212 4695 1713 END
START -8000 2440 29312 7743 4486 1488 END
START -8252 2476 29592 7299 4294 1284 END
START -8324 2572 30036 6775 4191 1080 END
START -8304 2484 30340 6244 4077 882 END
START -8324 2476 30524 5775 4027 630 END
START -8472 2412 30780 5200 3939 358 END
START -8416 2340 30984 4698 3845 134 END
START -8564 2288 31388 4145 3685 -108 END
START -8796 2092 31696 3736 3411 -241 END
START -9028 2188 32156 3442 3021 -383 END
START -9180 2052 32460 3229 2489 -543 END
START -9136 2008 32767 3072 1871 -683 END
START -9092 1932 32767 2976 1123 -805 END
START -8972 1888 32767 2972 230 -917 END
START -9008 1804 32767 2946 -526 -1031 END
START -8924 1784 32640 2994 -1391 -1124 END
START -8688 1824 32436 3052 -2217 -1200 END
START -8520 1916 32016 3095 -3039 -1245 END
START -8188 1888 31564 3109 -3684 -1217 END
START -7780 1920 30888 3126 -4277 -1253 END
START -7424 1836 30272 3055 -4666 -1290 END
START -7112 1948 29836 2963 -4913 -1324 END
START -6700 1864 29064 2794 -5086 -1361 END
START -6388 1972 28640 2539 -5147 -1435 END
START -6196 1988 27924 2240 -5089 -1482 END
START -5920 1672 27564 1909 -5098 -1565 END