START -3964 -448 14060 -1177 -1524 612 END
START -1188 -68 3304 -992 -2174 437 END
START -688 -452 7572 -856 -1514 424 END
START -2272 608 10640 -760 -662 480 END
START -2936 1388 12228 -677 97 475 END
START -2528 1892 12824 -596 787 565 END
START -2420 1872 12792 -673 1490 742 END
START -2672 1888 13168 -865 2128 943 END
START -2572 1944 13216 -1108 2770 1178 END
START -2684 1752 13348 -1428 3422 1408 END
START -2248 1240 13556 -1850 3896 1589 END
START -2212 964 13868 -2277 4445 1768 END
START -2784 800 13996 -2723 4918 1938 END
START -3328 424 14404 -3203 5288 2033 END
START -3488 64 14608 -3595 5530 2087 END
START -3836 -236 14536 -3871 5814 2028 END
START -4428 -564 14868 -4029 6075 1878 END
START -4748 -916 15100 -3963 6170 1591 END
START -5392 -1076 15360 -3805 6072 1198 END
START -6092 -1272 15480 -3482 5802 801 END
START -6780 -1436 15448 -3082 5335 367 END
START -7304 -1516 15796 -2634 4621 -80 END
START -7524 -1528 15664 -2140 3788 -486 END
START -7556 -1400 15296 -1672 3041 -912 END
START -7300 -1460 15052 -1110 2427 -1299 END
START -6692 -1752 14844 -582 1878 -1641 END
START -6172 -1876 14556 -75 1482 -1961 END
START -5756 -1968 14572 405 1191 -2197 END
START -5460 -1732 14664 837 800 -2395 END
START -5180 -1248 14748 1117 706 -2493 END
START -4464 -824 14496 1309 650 -2539 END
START -4152 -204 14732 1334 711 -2444 END
START -3672 120 14868 1209 918 -2288 END
START -3460 312 14768 1017 1179 -2040 END
START -3244 208 15104 755 1433 -1737 END
START -3112 28 15428 396 1641 -1438 END
START -3352 -136 15904 104 1770 -1186 END
START -3492 -396 16092 -207 1807 -1005 END
START -3724 -532 16424 -429 1729 -879 END
START -4044 -672 16576 -645 1625 -738 END
START -4152 -608 16596 -772 1395 -672 END
START -4332 -456 16584 -914 1189 -537 END
START -4484 -292 16236 -1007 1004 -477 END
START -4388 -488 16140 -1092 855 -378 END
START -4232 -760 15900 -1127 709 -289 END
START -4280 -1080 15728 -1184 635 -236 END
START -4472 -1200 15604 -1169 535 -210 END
START -4516 -1392 15488 -1114 426 -271 END
START -4724 -1776 15320 -1014 285 -398 END
START -4708 -1960 15268 -890 151 -576 END
START -4672 -2052 15284 -716 43 -778 END
START -4776 -2088 15540 -490 -122 -1011 END
START -4560 -1896 15752 -317 -347 -1173 END
START -4348 -1656 15688 -160 -549 -1315 END
START -4216 -1372 15744 6 -749 -1462 END
START -4188 -1296 15796 115 -874 -1554 END
START -4028 -1028 15700 217 -1003 -1616 END
START -3696 -692 15528 315 -1040 -1686 END
START -3404 -528 15084 353 -924 -1726 END
START -3240 -192 15136 369 -812 -1767 END
START -2996 -248 15512 374 -629 -1720 END
START -2980 -40 15360 344 -492 -1689 END
START -2876 104 15432 352 -393 -1620 END
START -2732 292 15692 276 -251 -1598 END
START -2612 180 15752 222 -80 -1525 END
START -2504 468 15788 121 107 -1464 END
START -2344 816 15616 49 290 -1368 END
START -2228 964 15616 -91 528 -1281 END
START -1924 876 15772 -267 840 -1132 END
START -2024 816 15872 -438 1037 -935 END
START -1880 680 16024 -632 1203 -726 END
START -1900 872 16220 -811 1361 -537 END
START -2068 860 16180 -910 1510 -428 END
START -2308 864 16228 -1040 1536 -252 END
START -2660 788 16248 -1132 1528 -108 END
START -2816 644 16340 -1213 1414 67 END
START -2880 380 16312 -1239 1281 119 END
START -3168 212 16172 -1199 1078 184 END
START -3456 -20 16008 -1126 922 204 END
START -3536 -180 15996 -1042 712 180 END
START -3644 -96 15688 -972 547 160 END
START -3668 36 15404 -829 453 155 END
START -3824 -164 15036 -768 425 114 END
START -3876 -240 14832 -705 401 113 END
START -3968 -356 14760 -634 456 91 END
START -4024 -364 14572 -644 522 76 END
START -4244 -520 14248 -620 637 12 END
START -4396 -648 14252 -598 732 -64 END
START -4624 -584 14328 -610 905 -121 END
START -4884 -772 14020 -605 1084 -242 END
START -5300 -872 14332 -566 1209 -361 END
START -5596 -1004 14076 -519 1255 -568 END
START -5936 -920 14052 -370 1388 -784 END
START -6132 -724 14012 -300 1522 -1012 END
START -6040 -548 14228 -239 1696 -1182 END
START -6248 -652 14172 -194 1792 -1285 END
START -6396 -660 14472 -236 1852 -1340 END
START -6676 -640 14680 -254 1860 -1369 END
START -7152 -732 14760 -280 1902 -1363 END
START -7336 -608 14780 -298 1852 -1369 END
START -7492 -572 14704 -318 1840 -1341 END
START -7912 -660 14592 -306 1867 -1297 END
START -8004 -820 14576 -276 1890 -1265 END
START -8360 -792 14544 -245 1904 -1281 END
START -8716 -944 14344 -177 1873 -1315 END
START -9032 -1192 14364 -107 1900 -1368 END
START -9464 -1236 14252 -48 1851 -1426 END
START -9744 -1376 14156 39 1817 -1513 END
START -10040 -1476 14244 196 1762 -1599 END
START -10308 -1560 14212 286 1712 -1751 END
START -10548 -1504 13916 400 1666 -1856 END
START -10744 -1596 13780 448 1664 -1995 END
START -11064 -1684 13892 564 1707 -2108 END
START -11180 -1688 13880 635 1683 -2256 END
START -11576 -1768 13900 716 1652 -2403 END
START -11692 -1904 13888 838 1631 -2609 END
START -11936 -1952 13880 943 1635 -2829 END
START -11940 -2056 13876 982 1631 -3098 END
START -12240 -2144 14020 1044 1595 -3373 END
START -12404 -2240 14168 1032 1577 -3689 END
START -12556 -2248 14068 1050 1548 -4016 END
START -12568 -2296 14180 1092 1493 -4278 END
START -12844 -2332 14124 1105 1457 -4609 END
START -12760 -2396 13908 1116 1416 -4951 END
START -12852 -2248 13984 1180 1425 -5320 END
START -12744 -2328 13596 1214 1505 -5750 END
START -12572 -2488 13364 1293 1717 -6098 END
START -12536 -2412 13280 1348 1945 -6481 END
START -12512 -2368 13160 1392 2261 -6828 END
START -12572 -2264 13144 1420 2506 -7222 END
START -12424 -2220 13264 1459 2810 -7615 END
START -12568 -2104 13580 1442 2957 -7939 END
START -12660 -2160 13664 1496 3076 -8281 END
START -12580 -2044 13856 1469 3082 -8695 END
START -12640 -1952 14072 1549 3103 -9019 END
START -12640 -1860 14088 1602 3042 -9409 END
START -12636 -1636 14176 1680 2981 -9737 END
START -12488 -1512 14396 1714 2864 -10074 END
START -12164 -1432 14408 1767 2794 -10377 END
START -12120 -1212 14496 1746 2683 -10669 END
START -12108 -908 14596 1749 2485 -10881 END
START -11956 -768 14620 1710 2311 -11114 END
START -11664 -704 14600 1713 2192 -11352 END
START -11336 -652 14376 1782 2039 -11563 END
START -11212 -848 14164 1822 1938 -11773 END
START -10756 -948 13936 1954 1876 -12002 END
START -10664 -1064 13844 2131 1847 -12249 END
START -10464 -880 13712 2339 1823 -12535 END
START -10288 -644 13576 2571 1728 -12765 END
START -10124 -348 13584 2766 1661 -13004 END
START -9776 -68 13512 3000 1512 -13205 END
START -9504 -28 13576 3202 1380 -13424 END
START -8920 4 13632 3437 1210 -13548 END
START -8424 80 13620 3596 1068 -13691 END
START -8108 168 13604 3854 1023 -13793 END
START -7612 308 13700 4087 931 -13861 END
START -7040 468 13704 4338 887 -13956 END
START -6692 512 13960 4597 709 -14023 END
START -6292 580 14484 4814 579 -14070 END
START -5876 796 14536 5019 376 -14130 END
START -5472 1060 14952 5187 131 -14263 END
START -5068 1340 15248 5356 -121 -14310 END
START -4604 1664 15484 5500 -380 -14384 END
START -3940 1936 15468 5614 -634 -14415 END
START -3308 2212 15572 5736 -827 -14422 END
START -2820 2328 15684 5874 -1029 -14423 END
START -2024 2844 15556 5936 -1180 -14358 END
START -1108 3004 15400 5948 -1189 -14326 END
START -168 3128 15492 5898 -1204 -14252 END
START 172 3220 15752 5782 -1063 -14222 END
START 952 3188 15900 5623 -997 -14077 END
START 1536 3484 15736 5461 -871 -13959 END
START 2184 3548 15856 5297 -749 -13830 END
START 2916 3496 16096 5178 -513 -13700 END
START 3516 3564 16252 4992 -314 -13602 END
START 4012 3448 16376 4816 -105 -13474 END
START 4660 3312 16364 4614 77 -13366 END
START 5268 3356 16468 4402 343 -13281 END
START 5924 3360 16652 4135 642 -13192 END
START 6412 3372 16700 3876 873 -13019 END
START 7076 3216 16572 3577 1211 -12917 END
START 7636 3340 16592 3231 1607 -12762 END
START 8044 3456 16732 2906 1954 -12613 END
START 8456 3572 16860 2580 2326 -12408 END
START 8796 3656 17004 2252 2630 -12145 END
START 9040 3892 17004 2008 2853 -11848 END
START 9288 4016 17072 1831 2975 -11533 END
START 9568 4084 17176 1665 3109 -11166 END
START 9900 3936 17476 1655 3153 -10764 END
START 10176 3992 17600 1645 3062 -10329 END
START 10240 4152 17848 1710 2882 -9908 END
START 10552 4324 18116 1757 2603 -9418 END
START 10720 4468 18096 1820 2320 -8864 END
START 10872 4472 18416 1944 1995 -8366 END
START 10976 4532 18592 2013 1553 -7758 END
START 11092 4436 18900 2163 1114 -7186 END
START 11320 4208 18916 2273 665 -6612 END
START 11504 4208 19068 2415 260 -6064 END
START 11632 4080 19104 2490 -54 -5546 END
START 11864 3992 19016 2514 -357 -5040 END
START 11952 4040 18920 2471 -600 -4570 END
START 11964 3868 18908 2428 -745 -4131 END
START 12132 3864 18744 2309 -851 -3736 END
START 12128 3832 18736 2254 -831 -3356 END
START 12192 3740 18776 2171 -817 -2989 END
START 12060 3716 18884 2115 -782 -2630 END
START 12108 3852 19112 2035 -796 -2230 END
START 12104 3856 19208 1910 -751 -1864 END
START 12212 4204 19432 1732 -637 -1435 END
START 12300 4436 19468 1523 -500 -979 END
START 12248 4528 19636 1249 -298 -511 END
START 12292 4696 19880 919 -142 24 END
START 12184 4668 20220 571 45 557 END
START 11920 4616 20448 193 131 1096 END
START 11804 4628 20548 -180 210 1641 END
START 11368 4704 20572 -558 274 2198 END
START 11024 4616 20532 -897 304 2678 END
START 10592 4604 20472 -1168 321 3206 END
START 10152 4404 20432 -1421 272 3689 END
START 9724 4260 20296 -1609 193 4128 END
START 9276 4052 20320 -1720 114 4553 END
START 8952 3872 20008 -1824 -30 4893 END
START 8584 3736 19968 -1840 -128 5194 END
START 8340 3624 19908 -1937 -255 5493 END
START 7844 3472 19792 -1982 -328 5792 END
START 7584 3376 19680 -2019 -464 6053 END
START 7136 3240 19836 -2113 -603 6328 END
START 6848 3208 19916 -2177 -813 6621 END
START 6496 3212 19924 -2272 -1026 6875 END
START 6372 3044 19808 -2399 -1243 7190 END
START 6184 2976 19740 -2558 -1444 7477 END
START 5972 2840 19628 -2731 -1653 7777 END
START 5596 2900 19396 -2846 -1845 8074 END
START 5120 2560 19296 -2944 -2050 8404 END
START 4768 2472 19080 -3046 -2198 8635 END
START 4496 2240 18740 -3150 -2316 8912 END
START 4064 1988 18584 -3170 -2486 9155 END
START 3556 1756 18288 -3225 -2675 9320 END
START 3088 1416 18108 -3212 -2779 9466 END
START 2772 1128 18088 -3285 -2910 9534 END
START 2392 940 17804 -3251 -3033 9626 END
START 1924 752 17472 -3254 -3095 9679 END
START 1560 624 17248 -3217 -3143 9726 END
START 1104 612 17060 -3164 -3254 9756 END
START 880 476 16848 -3130 -3233 9782 END
START 548 256 16812 -3123 -3237 9802 END
START 164 280 16408 -3082 -3212 9794 END
START -188 236 16496 -3060 -3155 9811 END
START -652 184 16464 -3060 -3091 9798 END
START -1000 -16 16476 -3070 -3069 9833 END
START -1440 -104 16456 -3039 -3018 9863 END
START -1836 -232 16512 -3076 -3079 9842 END
START -2008 -400 16632 -3068 -3140 9840 END
START -2376 -432 16688 -3098 -3218 9819 END
START -2872 -480 16548 -3144 -3329 9758 END
START -3068 -504 16528 -3171 -3413 9739 END
START -3420 -696 16336 -3206 -3428 9654 END
START -3748 -732 16372 -3248 -3474 9619 END
START -4160 -752 16108 -3373 -3481 9532 END
START -4436 -876 16028 -3465 -3485 9475 END
START -4716 -976 15816 -3538 -3533 9320 END
START -5116 -1296 15904 -3633 -3566 9190 END
START -5436 -1424 15764 -3632 -3640 9031 END
START -5632 -1472 15564 -3693 -3713 8903 END
START -5844 -1588 15048 -3753 -3767 8786 END
START -6188 -1660 14908 -3730 -3787 8669 END
START -6464 -1840 14368 -3649 -3725 8576 END
START -6648 -1936 14156 -3511 -3672 8451 END
START -7036 -2152 13988 -3328 -3620 8313 END
START -7408 -2608 13920 -3088 -3646 8121 END
START -7796 -2768 13732 -2836 -3682 7914 END
START -8244 -2920 13616 -2597 -3734 7671 END
START -8608 -2964 13660 -2368 -3894 7419 END
START -8972 -3072 13564 -2172 -4022 7126 END
START -9380 -2864 13512 -2015 -4204 6855 END
START -9424 -2860 13392 -1906 -4316 6575 END
START -9524 -2912 12984 -1791 -4356 6299 END
START -9600 -2868 12640 -1710 -4286 6008 END
START -9680 -2836 12476 -1668 -4097 5660 END
START -9584 -2820 12040 -1618 -3884 5319 END
START -9792 -2868 12072 -1559 -3554 4965 END
START -9676 -2880 11944 -1569 -3295 4627 END
START -9724 -2884 12040 -1600 -3048 4233 END
START -9620 -2792 12020 -1632 -2783 3867 END
START -9676 -2812 12104 -1704 -2587 3521 END
START -9684 -2600 12016 -1788 -2322 3212 END
START -9616 -2384 11812 -1900 -2097 2887 END
START -9632 -2268 11588 -2027 -1801 2640 END
START -9684 -2224 11672 -2099 -1467 2346 END
START -9780 -2140 11800 -2150 -1224 2061 END
START -9968 -2308 11804 -2243 -979 1783 END
START -9964 -2196 11656 -2292 -860 1479 END
START -9904 -2196 11812 -2320 -734 1160 END
START -9908 -2088 11848 -2342 -681 867 END
START -9844 -1980 11488 -2347 -643 549 END
START -9856 -1732 11452 -2310 -614 359 END
START -9840 -1624 11356 -2269 -602 115 END
START -9832 -1524 11444 -2073 -594 -57 END
START -9692 -1328 11148 -1971 -710 -226 END
START -9556 -1336 11272 -1783 -832 -425 END
START -9444 -1336 10980 -1612 -1004 -604 END
START -9460 -1296 10884 -1404 -1128 -827 END
START -9100 -1272 10928 -1191 -1282 -1014 END
START -9000 -1036 10872 -1001 -1401 -1204 END
START -8772 -924 10540 -773 -1516 -1408 END
START -8680 -724 10464 -599 -1621 -1571 END
START -8220 -572 10432 -388 -1709 -1663 END
START -7952 -188 10240 -230 -1737 -1733 END
START -7748 144 10140 -22 -1718 -1788 END
START -7544 256 9996 68 -1728 -1821 END
START -7248 504 9884 172 -1678 -1833 END
START -6904 568 9880 305 -1588 -1840 END
START -6568 700 9552 387 -1501 -1882 END
START -6332 684 9528 490 -1351 -1858 END
START -6140 816 9396 556 -1205 -1868 END
START -5916 816 9256 636 -1042 -1884 END
START -5636 808 9200 711 -872 -1911 END
START -5448 1016 9068 739 -658 -1893 END
START -5324 984 8988 754 -495 -1903 END
START -5092 1284 8956 788 -331 -1913 END
START -4992 1184 8936 766 -195 -1880 END
START -4832 1348 8804 802 -165 -1883 END
START -4564 1360 8744 831 -114 -1806 END
START -4532 1388 8656 910 -156 -1775 END
START -4280 1424 8204 1008 -177 -1711 END
START -3940 1420 7976 1179 -169 -1708 END
START -3740 1576 7672 1341 -187 -1624 END
START -3488 1668 7460 1543 -204 -1627 END
START -3416 1756 7240 1752 -218 -1532 END
START -3080 1856 6860 2042 -282 -1513 END
START -2868 2056 6600 2286 -331 -1444 END
START -2648 2256 6548 2581 -361 -1377 END
START -2392 2316 6324 2917 -489 -1323 END
START -2272 2496 6132 3244 -550 -1249 END
START -1836 2560 5868 3603 -694 -1178 END
START -1596 2820 5908 3982 -822 -1096 END
START -1496 2884 5700 4315 -941 -1023 END
START -1228 2980 5384 4676 -1073 -917 END
START -968 3236 5548 4983 -1212 -795 END
START -848 3552 5432 5316 -1364 -657 END
START -600 3624 5304 5580 -1503 -516 END
START -500 3720 5196 5827 -1699 -350 END
START -276 3764 5100 6050 -1831 -193 END
START -112 3828 5036 6287 -1975 -37 END
START 72 3784 4700 6511 -2073 115 END
START 132 4016 4580 6750 -2155 276 END
START 276 3940 4512 7002 -2249 414 END
START 476 4036 4408 7212 -2319 582 END
START 544 4116 4224 7393 -2346 716 END
START 712 4208 4040 7593 -2425 869 END
START 768 4232 4072 7759 -2468 1032 END
START 808 4252 4052 7904 -2611 1215 END
START 832 4220 4172 8055 -2766 1371 END
START 904 4332 4044 8187 -2960 1561 END
START 968 4232 4200 8366 -3176 1662 END
START 1112 4236 4172 8476 -3386 1877 END
START 1160 4392 3960 8635 -3607 1982 END
START 1244 4464 4040 8761 -3790 2131 END
START 1228 4640 3824 8791 -4010 2246 END
START 1392 4516 3716 8857 -4186 2414 END
START 1460 4484 3548 8831 -4303 2524 END
START 1552 4492 3468 8876 -4412 2638 END
START 1560 4656 3136 8880 -4466 2786 END
START 1748 4820 2936 8888 -4376 2945 END
START 2036 4964 2824 8882 -4346 3154 END
START 2060 5324 2760 8820 -4195 3358 END
START 2228 5704 2456 8755 -3977 3607 END
START 2568 5764 2536 8618 -3773 3848 END
START 2788 5708 2476 8461 -3531 4182 END
START 3276 5476 2512 8306 -3224 4482 END
START 3452 5332 2084 8208 -2875 4779 END
START 3916 5176 1920 8049 -2489 5053 END
START 4364 5308 1576 7989 -1929 5394 END
START 4692 5472 1404 7946 -1343 5691 END
START 4720 5636 992 7987 -779 6088 END
START 4644 5916 804 8028 -252 6457 END
START 4548 6052 644 8152 286 6867 END
START 4176 6252 336 8331 828 7304 END
START 3196 6072 412 8660 1216 7680 END
START 2024 5780 892 9117 1371 7904 END
START 848 4976 1192 9699 1274 8018 END
START 228 4392 1504 10431 994 7867 END
START -484 3508 1780 11332 595 7609 END
START -760 2768 2052 12336 98 7249 END
START -1240 2592 2224 13509 -398 6775 END
START -1288 2740 2364 14754 -865 6297 END
START -1372 3148 2632 16016 -1308 5802 END
START -1532 3596 3172 17231 -1594 5358 END
START -1412 3948 3504 18344 -1789 4932 END
START -1480 4404 4124 19428 -1888 4460 END
START -1392 4756 4724 20356 -1837 4008 END
START -1044 5140 5620 21115 -1691 3493 END
START -824 5596 6508 21738 -1171 2955 END
START -308 6024 7328 22191 -533 2399 END
START 168 6680 8368 22395 368 1917 END
START 460 7124 9408 22401 1490 1519 END
START 680 7904 10372 22130 2764 1147 END
START 912 8524 11556 21620 4164 769 END
START 1016 8848 12360 20907 5730 491 END
START 1356 9052 13360 19917 7535 159 END
START 1380 9100 14448 18969 9354 -163 END
START 1276 9088 15832 17882 11242 -485 END
START 1096 8868 17112 16632 13279 -839 END
START 472 8752 18504 15486 14538 -1155 END
START -196 8496 20320 14346 15927 -1528 END
START -1096 8496 22160 13300 16784 -1834 END
START -2000 8432 24048 12409 17014 -2116 END
START -2984 8416 25840 11854 16791 -2369 END
START -3724 8408 27440 11970 16004 -2426 END
START -4364 8448 28872 12054 14877 -2401 END
START -4684 8372 29872 12324 13496 -2268 END
START -4844 8176 31132 12469 11862 -1992 END
START -4652 8168 31568 13167 10093 -1710 END
START -4732 8252 31852 13636 8321 -1476 END
START -4744 8292 32584 14079 6667 -1047 END
START -4932 8396 32767 14459 5018 -566 END
START -5004 8516 32767 14863 3530 -67 END
START -4944 8576 32767 15208 2301 372 END
START -5188 8432 32767 15498 1155 862 END
START -5276 8280 32767 15715 287 1183 END
START -5236 8204 32767 15754 -386 1423 END
START -5252 8220 32767 15525 -848 1519 END
START -5252 8008 32767 15156 -999 1624 END
START -5628 7816 32767 14776 -1040 1800 END
START -5600 8000 32767 14363 -1051 1893 END
START -5892 8016 32767 13895 -1018 1820 END
START -6352 7748 32767 13284 -959 1654 END
START -6728 7500 32767 12550 -930 1351 END
START -7348 7044 32767 11777 -1035 1042 END
START -7612 6984 32767 11133 -1185 719 END
START -7656 6888 32767 10207 -1311 195 END
START -7888 7000 32767 9285 -1433 -347 END
START -7748 6868 32767 8411 -1478 -818 END
START -7348 6768 32767 7538 -1473 -1289 END
START -6984 6692 32767 6639 -1345 -1756 END
START -6616 6752 32767 5775 -1183 -2138 END
START -6456 6644 32767 4849 -956 -2444 END
START -6196 6692 32767 4054 -700 -2754 END
START -5936 6708 32767 3300 -423 -3042 END
START -5496 6784 32767 2568 -99 -3257 END
START -5064 6884 32767 1906 196 -3445 END
START -4720 6876 32767 1258 517 -3561 END
START -4448 7152 32767 571 716 -3582 END
START -4364 7480 32767 -113 750 -3500 END
START -4248 7440 32767 -806 586 -3366 END
START -4080 7648 32767 -1390 247 -3158 END
START -3992 7652 32767 -2037 -254 -2876 END
START -3872 7648 32767 -2593 -898 -2493 END
START -3900 7776 32767 -3171 -1680 -2069 END
START -3784 7944 32767 -3651 -2421 -1633 END
START -3680 7944 32767 -4183 -3188 -1172 END
START -3608 7788 32767 -4642 -3801 -678 END
START -3504 7608 32767 -5105 -4314 -221 END
START -3360 7328 32767 -5542 -4631 175 END
START -3304 7136 32767 -5933 -4816 508 END
START -3420 6960 32767 -6295 -4828 759 END
START -3544 6872 32767 -6646 -4717 982 END
START -3588 6528 32767 -7011 -4532 1075 END
START -3848 6248 31940 -7381 -4209 1161 END
START -3912 5968 31464 -7775 -3955 1146 END
START -3976 5652 30852 -8188 -3634 1079 END
START -4080 5436 30512 -8656 -3327 984 END
START -4036 5400 29944 -9160 -3014 824 END
START -4092 5228 29712 -9645 -2799 703 END
START -4032 5032 29028 -10107 -2533 531 END
START -3940 4948 28272 -10475 -2294 343 END
START -3828 4928 27980 -10851 -2028 140 END
START -3544 4916 27056 -11178 -1769 -13 END
START -3040 4976 26696 -11422 -1464 -220 END
START -2820 5236 26008 -11722 -1096 -332 END
START -2736 5424 25368 -12028 -748 -414 END
START -2576 5596 24928 -12291 -403 -488 END
START -1928 6508 24012 -12619 274 -564 END
START -2668 6936 24512 -13182 805 -847 END
START -2604 6628 23764 -13765 688 -1113 END
START -2580 6544 23628 -14325 1242 -1338 END
START -2308 5988 23856 -14798 1101 -1415 END
START -1860 5688 23556 -15048 1097 -1219 END