START -948 2636 5232 -4439 2155 -607 END
START -1072 2620 5116 -3892 2038 -479 END
START -1356 2816 4932 -3365 1836 -337 END
START -1092 3092 5036 -2855 1764 -144 END
START -1024 3300 4660 -2449 1717 45 END
START -940 3640 4660 -2098 1786 314 END
START -1040 3852 4560 -1864 1859 511 END
START -956 4256 4456 -1643 2010 733 END
START -832 4448 4404 -1515 2272 985 END
START -732 4596 4456 -1397 2488 1213 END
START -844 4660 4460 -1312 2725 1490 END
START -904 4736 4496 -1217 2975 1698 END
START -1080 4736 4752 -1138 3226 1953 END
START -936 4684 4708 -992 3458 2202 END
START -1228 4824 4812 -892 3721 2385 END
START -1472 4872 4816 -788 3924 2608 END
START -1496 4840 5128 -686 4075 2766 END
START -1624 4892 5388 -563 4192 2902 END
START -1756 4696 5528 -471 4254 3006 END
START -1960 4768 5668 -372 4253 3082 END
START -1968 4712 5936 -274 4180 3132 END
START -2064 4676 6280 -205 3969 3160 END
START -2160 4596 6364 -121 3713 3169 END
START -2140 4340 6512 -7 3335 3144 END
START -2220 4232 6408 140 2981 3126 END
START -2220 4024 6368 270 2617 3067 END
START -2160 4100 6344 441 2265 2990 END
START -2072 4028 6232 649 1992 2894 END
START -2028 4204 5888 856 1723 2855 END
START -1892 4364 5640 1136 1572 2744 END
START -1916 4328 5332 1363 1424 2750 END
START -1796 4400 5108 1635 1392 2727 END
START -1696 4360 4996 1887 1385 2737 END
START -1608 4452 4948 2102 1425 2773 END
START -1552 4572 4668 2335 1438 2805 END
START -1676 4676 4740 2543 1465 2880 END
START -1656 4892 4444 2739 1477 2917 END
START -1612 4984 4684 2954 1482 3003 END
START -1796 5052 4556 3158 1500 3047 END
START -1676 5020 4328 3358 1437 3145 END
START -1584 5096 4388 3617 1437 3261 END
START -1588 4928 4424 3874 1394 3338 END
START -1540 4880 4424 4207 1341 3444 END
START -1556 4944 4372 4529 1350 3576 END
START -1448 5052 4396 4865 1332 3668 END
START -1452 5164 4396 5223 1334 3812 END
START -1348 5144 4488 5518 1295 4000 END
START -1364 5100 4560 5798 1271 4200 END
START -1268 5128 4664 6048 1311 4442 END
START -1012 5000 4568 6235 1374 4641 END
START -996 4912 4792 6410 1487 4837 END
START -1016 4832 4920 6581 1591 5095 END
START -1036 4840 4832 6694 1718 5291 END
START -1000 4776 4884 6844 1837 5460 END
START -1144 4632 5032 6961 1991 5626 END
START -1200 4680 5136 7135 2111 5786 END
START -1204 4632 5376 7281 2295 5911 END
START -1260 4532 5284 7402 2414 5956 END
START -1368 4608 5292 7605 2561 6063 END
START -1500 4716 5480 7709 2684 6121 END
START -1480 4712 5776 7830 2759 6162 END
START -1620 4560 5924 8012 2812 6188 END
START -1732 4484 6112 8185 2825 6228 END
START -1820 4452 6420 8401 2790 6238 END
START -1952 4464 6444 8649 2779 6253 END
START -2132 4488 6684 8950 2739 6290 END
START -2176 4592 6872 9255 2556 6264 END
START -2332 4468 7284 9622 2450 6278 END
START -2392 4592 7476 9972 2236 6227 END
START -2332 4580 7624 10313 2000 6219 END
START -2308 4520 7720 10661 1811 6171 END
START -2108 4772 7592 10971 1752 6121 END
START -1864 5040 7588 11199 1726 6105 END
START -1872 5336 7628 11528 1831 6131 END
START -1660 5788 7720 11810 2036 6270 END
START -1684 6216 7736 11776 2233 6385 END
START -1724 6372 8052 12189 2486 6671 END
START -1552 6520 8348 12138 2783 6878 END
START -1624 6792 8628 12129 3092 7191 END
START -1540 6896 8724 12181 3395 7468 END
START -1424 7004 9312 12576 3693 7771 END
START -1512 6952 9596 12080 3957 8045 END
START -1516 6788 9984 12227 4160 8312 END
START -1600 6868 10496 12427 4291 8582 END
START -1788 6872 10700 12056 4403 8860 END
START -1952 6844 11236 12118 4468 9133 END
START -2168 6932 11568 12103 4400 9418 END
START -2188 6876 11768 12062 4323 9657 END
START -2248 6800 11920 12087 4198 9946 END
START -2456 6724 12004 12063 4149 10194 END
START -2592 6736 12004 12074 4080 10502 END
START -2960 6780 11976 12152 4172 10731 END
START -3208 6756 12076 12449 4335 10954 END
START -3672 6628 11796 12381 4548 11234 END
START -4000 6788 12096 12665 4861 11435 END
START -4560 6580 12228 12902 5152 11668 END
START -4996 6568 12532 12986 5395 11783 END
START -5656 6412 12804 13048 5609 11838 END
START -6168 6236 13168 13124 5783 11949 END
START -6740 6080 13364 13132 5873 11864 END
START -7400 5852 13816 13155 5907 11857 END
START -7764 5464 14284 13258 5855 11741 END
START -8480 5220 14548 13366 5648 11502 END
START -9072 5188 14856 13515 5440 11245 END
START -9316 5056 15232 13641 5147 10938 END
START -9616 5016 15656 13772 4799 10574 END
START -9780 4732 15820 13840 4412 10250 END
START -9920 4688 16088 13837 3956 9876 END
START -10000 4636 16344 13829 3504 9464 END
START -10056 4640 16320 13765 3054 9095 END
START -10152 4792 16364 13729 2586 8709 END
START -10264 4944 16404 13714 2212 8364 END
START -10148 5024 16780 13727 1786 8057 END
START -10208 4832 16572 13790 1345 7819 END
START -10104 4812 16624 13817 1006 7525 END
START -10040 4728 16648 13895 647 7254 END
START -9944 4692 16600 13966 410 6934 END
START -9980 4744 16404 14010 292 6649 END
START -9888 4816 16248 14055 160 6301 END
START -9880 4772 16344 14017 122 5987 END
START -9856 4792 16352 14029 47 5648 END
START -9868 4936 16248 14041 38 5300 END
START -9692 5088 16340 14018 120 4980 END
START -9596 5316 16272 13964 363 4683 END
START -9608 5536 16344 13914 628 4411 END
START -9688 5836 16356 13814 868 4176 END
START -9640 6148 16592 13670 1142 3940 END
START -9740 6260 16872 13533 1470 3810 END
START -9948 6204 17004 13406 1731 3642 END
START -9956 6180 17464 13277 1981 3520 END
START -10160 6148 17720 13203 2233 3351 END
START -10516 6184 18124 13174 2420 3169 END
START -10904 6128 18660 13145 2540 2972 END
START -11200 6080 19124 13125 2557 2730 END
START -11540 6020 19640 13114 2444 2484 END
START -11868 6032 20228 13110 2238 2205 END
START -12276 5960 20648 13086 1946 1926 END
START -12444 6088 21084 13078 1560 1635 END
START -12764 5960 21312 13010 1159 1340 END
START -13012 5896 21640 12933 720 986 END
START -13272 5920 22024 12787 311 601 END
START -13412 5920 22312 12771 -59 234 END
START -13620 5904 22352 12715 -434 -153 END
START -13732 5840 22700 12560 -759 -565 END
START -13904 5708 22940 12079 -1149 -951 END
START -13984 5564 22804 11946 -1442 -1357 END
START -13992 5456 22852 11847 -1756 -1811 END
START -14036 5444 22768 11230 -2001 -2330 END
START -14024 5436 22932 10737 -2265 -2851 END
START -14244 5280 22752 10312 -2480 -3403 END
START -14156 5228 22764 9816 -2645 -3941 END
START -14108 4960 22396 9371 -2814 -4463 END
START -14084 4620 22184 8951 -2945 -5006 END
START -13880 4552 21932 8488 -3037 -5535 END
START -13812 4596 21664 8087 -3089 -6111 END
START -13680 4612 21200 7676 -3163 -6655 END
START -13464 4696 21024 7324 -3245 -7265 END
START -13284 4552 20824 7027 -3384 -7847 END
START -13240 4620 20524 6779 -3518 -8464 END
START -13024 4600 20536 6672 -3669 -9083 END
START -12700 4700 20252 6619 -3819 -9646 END
START -12444 4816 20064 6585 -3985 -10255 END
START -11924 5048 19804 6549 -4160 -10851 END
START -11632 5252 19540 6467 -4329 -11399 END
START -11164 5464 19148 6408 -4382 -11931 END
START -10412 5596 18880 6324 -4371 -12405 END
START -9808 5748 18512 6251 -4245 -12858 END
START -9256 5900 18436 6139 -3997 -13291 END
START -8692 6292 18360 6086 -3764 -13656 END
START -8172 6668 18432 5950 -3481 -13999 END
START -7716 7060 18436 5887 -3194 -14222 END
START -7248 7320 18788 5796 -2976 -14448 END
START -6936 7672 19012 5705 -2797 -14539 END
START -6424 8076 18936 5596 -2613 -14677 END
START -6148 8264 19260 5516 -2558 -14677 END
START -5708 8488 19464 5428 -2521 -14674 END
START -5176 8548 19364 5345 -2522 -14610 END
START -4844 8812 19396 5232 -2509 -14561 END
START -4300 9000 19380 5098 -2512 -14464 END
START -3812 9320 19284 4916 -2559 -14294 END
START -3624 9568 19228 4786 -2623 -14157 END
START -3112 9796 19140 4558 -2639 -13989 END
START -2812 10000 19080 4375 -2660 -13808 END
START -2176 10172 18880 4124 -2661 -13540 END
START -1728 10228 18928 3902 -2569 -13250 END
START -1380 10260 18596 3669 -2462 -13007 END
START -1088 10560 18456 3424 -2375 -12696 END
START -632 10668 18332 3208 -2296 -12394 END
START -288 10812 18192 2930 -2165 -12097 END
START 40 10888 17976 2744 -2069 -11795 END
START 236 11176 17804 2519 -1947 -11498 END
START 648 11244 17644 2338 -1815 -11180 END
START 880 11292 17424 2175 -1693 -10875 END
START 1068 11396 17380 2006 -1593 -10493 END
START 1340 11392 17380 1838 -1474 -10153 END
START 1628 11268 17204 1714 -1410 -9809 END
START 1704 11184 17076 1548 -1386 -9497 END
START 2064 11296 17124 1426 -1381 -9184 END
START 2128 11188 17024 1366 -1446 -8863 END
START 2448 11232 16892 1281 -1463 -8543 END
START 2608 11268 16780 1227 -1555 -8227 END
START 2888 11316 16516 1202 -1577 -7897 END
START 3012 11388 16452 1136 -1597 -7511 END
START 3408 11400 16212 1048 -1619 -7136 END
START 3772 11508 16148 968 -1578 -6739 END
START 4008 11492 15884 827 -1480 -6335 END
START 4348 11676 15676 740 -1370 -5897 END
START 4444 11784 15564 565 -1234 -5496 END
START 4736 11684 15480 406 -1038 -5039 END
START 4988 11668 15172 275 -829 -4521 END
START 5184 11804 15188 136 -498 -4020 END
START 5404 11744 15092 11 -202 -3519 END
START 5464 11812 15056 -151 136 -2935 END
START 5612 11864 15248 -317 407 -2337 END
START 5464 11824 15200 -506 713 -1714 END
START 5592 11836 15404 -683 960 -1141 END
START 5356 11760 15188 -879 1170 -500 END
START 5252 11656 15484 -1090 1320 114 END
START 5152 11540 15600 -1248 1418 711 END
START 5040 11240 15628 -1413 1529 1301 END
START 4896 10996 15880 -1582 1635 1854 END
START 4656 10684 16000 -1733 1654 2372 END
START 4580 10456 15980 -1875 1663 2851 END
START 4184 10244 16188 -2010 1666 3236 END
START 3908 10016 16200 -2198 1616 3644 END
START 3732 9928 16120 -2372 1650 3933 END
START 3692 9844 16136 -2567 1668 4216 END
START 3552 9812 16164 -2830 1744 4525 END
START 3428 9772 15880 -3058 1819 4766 END
START 3332 9804 16100 -3301 1910 5062 END
START 3344 9940 16060 -3533 2082 5292 END
START 3112 9896 16016 -3772 2155 5555 END
START 2976 9860 16060 -3981 2338 5846 END
START 2872 10048 15968 -4149 2497 6172 END
START 2772 9916 16080 -4364 2596 6480 END
START 2636 9828 16144 -4493 2806 6849 END
START 2504 9816 16204 -4652 2985 7175 END
START 2356 9812 16476 -4824 3053 7562 END
START 2180 9656 16628 -4957 3188 7893 END
START 2120 9688 16784 -5088 3194 8220 END
START 1808 9544 17156 -5317 3199 8543 END
START 1788 9472 17188 -5441 3137 8862 END
START 1632 9272 17416 -5619 2967 9155 END
START 1376 9352 17876 -5785 2762 9448 END
START 1192 9200 18232 -5908 2489 9718 END
START 1036 9184 18396 -6045 2252 9956 END
START 944 9128 18512 -6185 1876 10273 END
START 728 8968 18528 -6302 1545 10502 END
START 428 9056 18680 -6418 1186 10779 END
START 240 8888 18744 -6488 839 10990 END
START 68 8780 18672 -6564 507 11219 END
START -316 8500 18788 -6636 247 11373 END
START -756 8356 18944 -6691 6 11521 END
START -876 8128 18884 -6717 -221 11605 END
START -1216 7880 18940 -6787 -404 11644 END
START -1328 7684 18908 -6863 -580 11597 END
START -1684 7496 18796 -6971 -647 11556 END
START -1948 7436 18864 -7098 -705 11385 END
START -2204 7136 18768 -7264 -654 11226 END
START -2588 6984 19008 -7482 -629 11012 END
START -2916 6896 18984 -7688 -614 10719 END
START -2960 6612 19124 -7967 -570 10370 END
START -3088 6476 19152 -8234 -558 10038 END
START -3092 6272 19312 -8465 -528 9586 END
START -3332 6164 19124 -8749 -510 9156 END
START -3264 6004 19272 -8977 -487 8695 END
START -3416 6056 19632 -9203 -540 8267 END
START -3288 6168 19628 -9411 -623 7853 END
START -3192 6244 19532 -9624 -680 7492 END
START -2996 6336 19532 -9813 -747 7129 END
START -2924 6572 19416 -9978 -784 6880 END
START -2656 6576 19284 -10169 -842 6675 END
START -2604 6764 19392 -10307 -786 6502 END
START -2220 6880 19216 -10417 -709 6386 END
START -2128 7036 19184 -10606 -608 6337 END
START -2024 7116 19224 -10823 -507 6309 END
START -1976 7352 19076 -11037 -437 6296 END
START -1824 7572 19148 -11246 -333 6306 END
START -1744 7844 19140 -11563 -271 6386 END
START -1576 7892 19092 -11793 -221 6456 END
START -1548 8120 19152 -12093 -250 6596 END
START -1488 8284 19072 -12357 -285 6720 END
START -1496 8544 19108 -12563 -353 6881 END
START -1512 8704 19000 -12802 -497 7124 END
START -1500 8840 19028 -12984 -648 7384 END
START -1820 8980 18976 -13182 -813 7638 END
START -1848 8812 18968 -13356 -1108 7932 END
START -1984 8592 18668 -13543 -1407 8190 END
START -2060 8476 18308 -13680 -1673 8412 END
START -2192 8308 17996 -13805 -1895 8571 END
START -2268 8112 17640 -13896 -2176 8694 END
START -2324 8208 17432 -13983 -2440 8758 END
START -2512 8228 16824 -14039 -2625 8808 END
START -2540 8356 16548 -14071 -2801 8912 END
START -2684 8460 16076 -14010 -3054 8961 END
START -2700 8324 15700 -14064 -3153 9101 END
START -2848 8336 15060 -13992 -3306 9243 END
START -2968 8364 14644 -13897 -3378 9349 END
START -2984 8140 14000 -13794 -3351 9432 END
START -2992 8204 13544 -13668 -3256 9532 END
START -3208 8080 13052 -13483 -3103 9584 END
START -3348 8064 12548 -13323 -2950 9661 END
START -3428 7956 12176 -13168 -2730 9739 END
START -3596 7968 11768 -13009 -2504 9803 END
START -3804 7784 11396 -12858 -2250 9878 END
START -3904 7676 10832 -12729 -1959 9972 END
START -4204 7436 10540 -12574 -1621 10043 END
START -4536 7400 10044 -12424 -1276 10033 END
START -4872 7284 9624 -12306 -888 10060 END
START -5084 7116 9560 -12108 -603 10044 END
START -5460 7144 9148 -11939 -384 9977 END
START -5804 6828 9096 -11719 -88 9937 END
START -6048 6672 8900 -11541 99 9891 END
START -6416 6420 8692 -11343 308 9852 END
START -6868 6268 8664 -11179 405 9807 END
START -7116 6052 8812 -10983 522 9710 END
START -7584 5764 8656 -10816 499 9606 END
START -8000 5664 8516 -10588 438 9480 END
START -8300 5652 8308 -10350 271 9350 END
START -8644 5572 8292 -10053 134 9196 END
START -8968 5456 8160 -9749 -115 9080 END
START -9152 5284 7916 -9419 -202 8973 END
START -9480 5196 7812 -9023 -384 8899 END
START -9808 5140 7512 -8724 -512 8835 END
START -10240 5168 7320 -8367 -594 8731 END
START -10572 5128 6876 -8055 -686 8628 END
START -10976 4936 6756 -7708 -750 8457 END
START -11352 4548 6312 -7368 -742 8267 END
START -11796 4436 5944 -6979 -703 8031 END
START -12400 4080 5684 -6549 -658 7727 END
START -12756 3772 5368 -6154 -497 7397 END
START -13192 3536 5152 -5728 -351 7051 END
START -13572 3260 5016 -5298 -183 6636 END
START -13984 2984 4708 -4856 37 6131 END
START -14344 2824 4520 -4424 271 5672 END
START -14608 2432 4472 -3977 550 5143 END
START -14872 2252 4568 -3571 778 4564 END
START -15124 2192 4464 -3210 1051 4017 END
START -15292 2152 4436 -2839 1268 3435 END
START -15528 2068 4300 -2467 1571 2887 END
START -15616 2016 4580 -2123 1760 2337 END
START -15848 2068 4720 -1797 1928 1849 END
START -16072 2200 5024 -1425 2022 1375 END
START -16248 2200 5116 -1068 2030 957 END
START -16328 2360 5212 -696 2006 544 END
START -16512 2360 5336 -335 2006 215 END
START -16528 2348 5608 75 2021 -122 END
START -16716 2404 5800 464 1969 -440 END
START -16868 2404 6000 873 1887 -755 END
START -17164 2204 6260 1259 1755 -1071 END
START -17400 2116 6568 1617 1658 -1451 END
START -17604 1972 6848 1974 1517 -1855 END
START -17948 1796 7152 2324 1363 -2276 END
START -18272 1548 7536 2643 1170 -2715 END
START -18532 1360 7976 2879 1039 -3238 END
START -18664 996 8136 3107 870 -3796 END
START -18924 900 8512 3276 717 -4378 END
START -19232 460 8816 3436 543 -5061 END
START -19368 200 9180 3519 379 -5723 END
START -19616 0 9332 3574 289 -6475 END
START -19776 -80 9680 3589 155 -7250 END
START -19964 -84 9936 3604 71 -8068 END
START -19896 32 10192 3582 -78 -8861 END
START -20080 60 10576 3527 -283 -9662 END
START -20192 220 10760 3529 -472 -10450 END
START -20252 288 11008 3487 -727 -11283 END
START -20168 464 11256 3495 -977 -12061 END
START -20028 736 11332 3522 -1186 -12814 END
START -19928 668 11484 3608 -1409 -13643 END
START -19752 736 11544 3692 -1539 -14442 END
START -19376 748 11992 3719 -1800 -15308 END
START -19212 892 11940 3727 -2066 -16108 END
START -18932 1316 12208 3702 -2354 -16885 END
START -18460 1764 12020 3674 -2631 -17634 END
START -18028 2248 12212 3600 -2891 -18370 END
START -17532 2456 12112 3535 -3119 -18990 END
START -16880 2636 11916 3530 -3265 -19531 END
START -16216 3056 11752 3526 -3345 -20018 END
START -15612 3312 11644 3592 -3333 -20447 END
START -14908 3716 11348 3665 -3200 -20770 END
START -14344 4264 11208 3737 -3022 -21026 END
START -13672 4620 11172 3746 -2789 -21258 END
START -13040 4696 11060 3734 -2535 -21418 END
START -12344 4692 10896 3721 -2230 -21561 END
START -11692 4700 10804 3757 -1904 -21662 END
START -11324 4772 11000 3791 -1601 -21822 END
START -10876 4888 11116 3895 -1445 -21956 END
START -10720 5092 11612 4155 -1329 -22083 END
START -10376 5288 12420 4452 -1418 -22215 END
START -10136 5312 12704 4785 -1651 -22355 END
START -9864 5460 13496 5117 -2079 -22459 END
START -9668 5636 14084 5540 -2678 -22596 END
START -9256 5836 14268 5926 -3347 -22753 END
START -8732 6136 14588 6284 -4115 -22840 END
START -8256 6420 14948 6647 -4851 -23014 END
START -7672 6744 15092 6900 -5621 -23123 END
START -6972 7012 14960 7164 -6355 -23219 END
START -6124 7372 14948 7338 -6905 -23238 END
START -5376 7736 14608 7473 -7298 -23270 END
START -4448 8008 14420 7545 -7478 -23291 END
START -3736 8400 14072 7541 -7445 -23273 END
START -2772 8624 14052 7459 -7283 -23216 END
START -1784 8956 13852 7284 -6906 -23178 END
START -884 9432 13668 7047 -6363 -23115 END
START -236 9708 13740 6707 -5768 -23037 END
START 744 10036 13632 6284 -5036 -22887 END
START 1864 10464 13752 5823 -4178 -22656 END
START 2648 10888 13736 5317 -3313 -22333 END
START 3644 11384 13852 4871 -2394 -21982 END
START 4408 11800 14244 4415 -1538 -21530 END
START 5116 12340 14756 3973 -834 -20993 END
START 5432 12512 15068 3618 -308 -20488 END
START 5928 12636 15404 3216 9 -19882 END
START 6436 12852 15772 2984 199 -19157 END
START 6756 13092 16116 2819 198 -18411 END
START 7208 13200 16524 2795 124 -17662 END
START 7500 13412 16752 2851 -146 -16875 END
START 7888 13400 16976 2974 -434 -16018 END
START 8148 13248 17008 3131 -799 -15124 END
START 8352 13332 17292 3365 -1129 -14275 END
START 8420 13360 17272 3531 -1544 -13424 END
START 8684 13328 17224 3754 -1862 -12625 END
START 8916 13224 17272 3869 -2184 -11876 END
START 9108 13068 17108 4000 -2411 -11105 END
START 9272 12904 17072 4043 -2499 -10417 END
START 9224 12732 17088 4054 -2571 -9750 END
START 9372 12608 17020 3996 -2525 -9151 END
START 9448 12548 16940 3812 -2450 -8537 END
START 9520 12312 16812 3592 -2289 -7944 END
START 9648 12276 16648 3341 -2075 -7377 END
START 9656 12172 16656 3040 -1774 -6813 END
START 9648 11900 16464 2676 -1469 -6223 END
START 9520 11704 16244 2390 -1099 -5655 END
START 9564 11484 16080 2124 -633 -5130 END
START 9504 11168 16032 1825 -250 -4645 END
START 9352 10952 15964 1616 189 -4136 END
START 9288 10628 15960 1386 617 -3691 END
START 9096 10456 16068 1180 996 -3283 END
START 8952 10264 16028 970 1260 -2874 END
START 8592 9940 16052 811 1513 -2474 END
START 8308 9696 16176 631 1714 -2104 END
START 8112 9440 16156 516 1809 -1710 END
START 7796 9360 16224 407 1838 -1384 END
START 7644 9184 16144 322 1901 -992 END
START 7328 9076 16096 248 1890 -641 END
START 7008 8880 16180 172 1906 -280 END
START 6828 8792 15936 160 1907 94 END
START 6576 8560 15868 122 1908 447 END
START 6324 8384 15832 75 1895 822 END
START 6164 8184 15620 12 1912 1151 END
START 5800 8024 15560 -66 1950 1457 END
START 5488 7864 15296 -122 1978 1800 END
START 5168 7464 15196 -187 1993 2083 END
START 4904 7396 14948 -262 2011 2366 END
START 4664 7124 14796 -304 2039 2590 END
START 4348 6848 14612 -327 2153 2877 END
START 4016 6712 14604 -321 2127 3126 END
START 3880 6612 14592 -286 2199 3327 END
START 3520 6420 14628 -242 2224 3489 END
START 3300 6404 14592 -226 2232 3716 END
START 2920 6216 14528 -213 2240 3915 END
START 2740 6036 14452 -215 2274 4074 END
START 2436 5936 14684 -253 2264 4244 END
START 2044 5692 14728 -329 2286 4355 END