START 1268 3300 12976 -9862 3741 -3320 END
START 1452 3236 12944 -10133 4048 -2771 END
START 1184 3012 12772 -10338 4358 -2313 END
START 916 3004 12780 -10522 4518 -1835 END
START 840 2668 12884 -10628 4640 -1477 END
START 620 2516 12928 -10697 4621 -1183 END
START 316 2364 13040 -10695 4503 -945 END
START 96 2280 13052 -10641 4184 -693 END
START -212 2300 12764 -10578 3848 -574 END
START -336 2252 12600 -10418 3424 -376 END
START -480 2168 12652 -10277 2982 -230 END
START -728 2144 12416 -10047 2500 -99 END
START -756 1964 12116 -9804 2006 5 END
START -888 1676 11644 -9606 1485 86 END
START -808 1632 11204 -9319 1104 126 END
START -712 1452 10836 -9063 832 161 END
START -608 1372 10236 -8827 635 124 END
START -444 1484 9528 -8596 568 104 END
START -456 1936 8984 -8401 566 83 END
START -524 2136 8444 -8248 641 23 END
START -372 2312 8324 -8065 742 34 END
START -248 2380 7716 -7949 971 27 END
START -168 2508 7368 -7858 1174 96 END
START -140 2500 6584 -7747 1419 172 END
START 36 2592 6424 -7674 1768 305 END
START 72 2612 5684 -7503 2141 428 END
START 64 2812 5304 -7351 2566 532 END
START 212 2816 4668 -7115 3126 648 END
START 256 2852 4324 -6822 3613 739 END
START 196 3028 3960 -6466 4194 811 END
START 104 3144 3628 -6128 4777 910 END
START 84 3188 3420 -5784 5202 993 END
START 88 3160 3328 -5363 5617 1057 END
START -8 3224 3256 -5005 6007 1159 END
START 132 3340 3116 -4634 6371 1240 END
START 104 3296 3288 -4199 6732 1322 END
START 116 3572 3056 -3823 7055 1385 END
START 200 3768 3240 -3472 7393 1525 END
START 176 4056 3352 -3165 7618 1581 END
START -72 4276 3632 -2949 7788 1736 END
START -24 4408 3684 -2743 7918 1890 END
START 28 4612 3720 -2597 7965 2024 END
START 100 4840 4148 -2428 7925 2216 END
START 96 4784 4252 -2321 7844 2430 END
START 20 4884 4480 -2158 7677 2655 END
START 164 4940 4560 -2045 7499 2954 END
START 236 4944 4592 -1893 7314 3186 END
START 188 5000 4612 -1672 7079 3433 END
START -64 5036 4756 -1471 6734 3656 END
START -96 5088 4788 -1276 6410 3885 END
START -196 5164 4464 -971 5958 4030 END
START -236 5208 4692 -673 5486 4209 END
START -332 5192 4608 -350 4924 4368 END
START -324 4996 4568 35 4292 4553 END
START -492 5012 4428 393 3610 4695 END
START -376 4980 4056 852 2994 4852 END
START -404 5208 3224 1276 2371 5026 END
START -236 5192 2840 1798 1911 5223 END
START 76 5248 2064 2428 1564 5402 END
START 236 5248 1068 3022 1448 5612 END
START 396 5232 452 3730 1479 5811 END
START 512 5228 -100 4430 1633 6055 END
START 464 5436 -524 5209 1810 6281 END
START 480 5432 -628 5952 2115 6473 END
START 472 5584 -912 6684 2427 6715 END
START 420 5636 -1096 7393 2811 6897 END
START 388 5692 -1056 8080 3154 7099 END
START 268 5904 -884 8731 3473 7301 END
START 284 6028 -908 9310 3790 7476 END
START 24 6084 -564 9895 4081 7648 END
START -64 6348 -184 10430 4374 7797 END
START -176 6440 84 10993 4598 7988 END
START -280 6412 832 11399 4741 8169 END
START -504 6428 1048 11916 4870 8371 END
START -656 6428 1636 11919 4870 8543 END
START -696 6540 2148 12285 4833 8752 END
START -856 6724 2688 12789 4747 8926 END
START -1004 6692 3408 13051 4574 9110 END
START -1416 6640 4140 13318 4303 9273 END
START -1688 6656 4724 13563 3906 9427 END
START -1952 6512 5132 13813 3450 9570 END
START -2348 6324 5592 14069 3015 9621 END
START -2344 6192 5904 14319 2534 9632 END
START -2464 6020 6132 14537 2077 9612 END
START -2716 5792 6560 14734 1613 9551 END
START -2744 5748 6776 14881 1169 9471 END
START -2788 5736 6664 14957 760 9381 END
START -2828 5648 6996 15051 426 9266 END
START -2804 5900 7132 15088 160 9186 END
START -2852 6260 7148 15094 -140 9146 END
START -2588 6692 7240 15087 -295 9147 END
START -2544 6840 7364 15012 -436 9222 END
START -2452 7228 7632 14977 -555 9279 END
START -2380 7344 7908 14896 -622 9475 END
START -2284 7576 8008 14872 -663 9682 END
START -2356 7688 8060 14798 -710 9912 END
START -2208 7704 8120 14755 -709 10219 END
START -2060 7872 8084 14743 -670 10449 END
START -2164 7952 8120 14764 -580 10796 END
START -2344 7936 8056 14841 -520 11095 END
START -2352 7824 8072 14970 -486 11443 END
START -2476 7848 8668 15195 -453 11801 END
START -2672 7808 8700 15408 -507 12058 END
START -2808 7624 9092 15719 -584 12305 END
START -2860 7408 9184 16028 -709 12698 END
START -3068 7224 9584 16366 -886 12837 END
START -2976 7068 9928 16660 -1046 12856 END
START -3160 7016 10200 16980 -1237 13004 END
START -3176 6972 10720 17237 -1440 13240 END
START -3316 6916 10936 17498 -1650 13458 END
START -3428 6624 11248 17676 -1877 13602 END
START -3504 6432 11560 17810 -2102 13659 END
START -3636 6368 11652 17852 -2182 13735 END
START -3920 6328 11992 17823 -2213 13748 END
START -3988 6164 12296 17820 -2261 13777 END
START -4368 6156 12316 17733 -2086 13718 END
START -4688 6004 12428 17653 -1844 13606 END
START -5084 6072 12412 17510 -1521 13454 END
START -5372 5796 12564 17328 -1119 13254 END
START -5824 5880 12884 17126 -628 13194 END
START -6032 5744 13024 16837 -146 12696 END
START -6508 5604 13380 16487 332 12631 END
START -6804 5760 13556 16137 712 12580 END
START -7248 5660 13944 15824 1028 12117 END
START -7676 5780 14440 15545 1335 11985 END
START -7976 5636 14688 15443 1553 11754 END
START -8220 5688 15016 15311 1656 11593 END
START -8488 5552 15408 15334 1813 11424 END
START -8712 5564 15808 15407 1796 11236 END
START -9048 5544 16160 15505 1734 11054 END
START -9356 5536 16344 15571 1592 10878 END
START -9412 5344 16556 15657 1432 10730 END
START -9488 5212 16816 15737 1320 10522 END
START -9624 5164 16756 15854 1216 10395 END
START -9876 5160 16948 15983 1138 10182 END
START -10068 5156 17276 16091 1074 10017 END
START -10280 5108 17492 16197 1060 9809 END
START -10540 4932 18096 16297 977 9574 END
START -10832 4820 18416 16356 856 9262 END
START -11252 4708 18908 16379 758 8912 END
START -11592 4756 19460 16343 622 8537 END
START -11916 4472 20036 16286 485 8123 END
START -12348 4284 20704 16116 342 7656 END
START -12836 4232 21420 15868 157 7152 END
START -13344 3936 22108 15617 -74 6540 END
START -14020 3620 22928 15341 -377 5924 END
START -14528 3364 23540 14990 -799 5164 END
START -15112 2972 24224 14640 -1261 4310 END
START -15444 2768 24720 14217 -1798 3349 END
START -15676 2416 25228 13798 -2374 2300 END
START -15820 2152 25448 13279 -3011 1122 END
START -15988 1900 25844 12740 -3592 -6 END
START -16016 1784 25960 12326 -4131 -1125 END
START -16032 1852 25980 11911 -4716 -2343 END
START -16012 1992 25844 11461 -5207 -3493 END
START -15676 2324 25604 11038 -5663 -4641 END
START -15524 2588 25476 10614 -6049 -5801 END
START -15140 3244 25208 10203 -6318 -6820 END
START -14724 3712 25024 9782 -6508 -7746 END
START -14112 4096 24620 9400 -6602 -8522 END
START -13764 4384 24224 9025 -6632 -9249 END
START -13128 4664 23836 8639 -6421 -9838 END
START -12656 4640 23644 8291 -6210 -10448 END
START -12108 4832 23400 7931 -5957 -10987 END
START -11696 5060 23100 7611 -5716 -11510 END
START -11468 5308 23056 7295 -5437 -11999 END
START -11112 5456 22772 6972 -5136 -12403 END
START -10708 5596 22792 6724 -4854 -12845 END
START -10100 5724 22660 6432 -4607 -13235 END
START -9772 5772 22584 6164 -4349 -13624 END
START -9460 5880 22420 5973 -4108 -13982 END
START -9180 5832 22472 5781 -3977 -14347 END
START -8796 5992 22516 5610 -3882 -14714 END
START -8508 6132 22484 5460 -3796 -15084 END
START -8196 6276 22596 5286 -3816 -15427 END
START -7848 6352 22588 5072 -3918 -15802 END
START -7480 6224 22680 4887 -4077 -16132 END
START -7148 6056 22664 4699 -4314 -16481 END
START -6912 6124 22568 4546 -4552 -16822 END
START -6564 6012 22636 4445 -4902 -17158 END
START -6232 6140 22236 4369 -5230 -17514 END
START -5868 6272 22124 4368 -5580 -17867 END
START -5472 6656 21808 4364 -5927 -18143 END
START -5068 6876 21632 4362 -6294 -18393 END
START -4588 7124 21164 4349 -6576 -18580 END
START -4052 7512 20696 4324 -6741 -18746 END
START -3580 7960 20164 4307 -6794 -18919 END
START -3064 8488 19632 4300 -6676 -19019 END
START -2424 9084 19064 4237 -6536 -19033 END
START -1684 9648 18616 4146 -6157 -18964 END
START -912 9976 18336 3915 -5686 -18757 END
START -256 10168 17964 3663 -5136 -18486 END
START 428 10280 17724 3396 -4503 -18167 END
START 936 10592 17556 3104 -3829 -17790 END
START 1348 10944 17532 2802 -3139 -17450 END
START 1852 11072 17424 2530 -2527 -17045 END
START 1876 11196 17680 2242 -2041 -16654 END
START 2276 11312 17872 2043 -1621 -16145 END
START 2508 11256 17924 1845 -1334 -15645 END
START 2876 11304 17972 1665 -1105 -15128 END
START 3256 11460 17996 1538 -920 -14570 END
START 3628 11516 18072 1383 -754 -14034 END
START 3812 11648 18096 1269 -692 -13550 END
START 4068 11748 18236 1168 -751 -12962 END
START 4304 11832 18232 1055 -917 -12397 END
START 4584 11880 18332 994 -1086 -11816 END
START 4900 11928 18024 954 -1307 -11196 END
START 4984 11856 17900 954 -1517 -10617 END
START 5348 11984 17688 983 -1584 -9989 END
START 5636 11972 17492 1046 -1674 -9378 END
START 5812 12068 17184 1055 -1609 -8696 END
START 6076 12196 16868 1079 -1583 -8046 END
START 6440 12384 16640 1068 -1342 -7324 END
START 6600 12652 16284 1015 -1090 -6596 END
START 6708 12832 16232 891 -752 -5817 END
START 6972 12840 16140 791 -313 -5021 END
START 7240 12940 16028 634 123 -4197 END
START 7360 12948 16092 461 587 -3394 END
START 7404 12688 16104 296 1000 -2566 END
START 7488 12572 16304 74 1413 -1766 END
START 7492 12360 16572 -124 1741 -978 END
START 7396 12236 16704 -344 2016 -215 END
START 7248 12204 17200 -559 2222 562 END
START 7164 12096 17196 -826 2420 1309 END
START 7184 12176 17316 -1066 2520 2173 END
START 6904 11976 17512 -1346 2531 2947 END
START 6680 11888 17664 -1536 2490 3752 END
START 6552 11940 17832 -1753 2343 4491 END
START 6276 11924 17844 -1937 2173 5284 END
START 6128 12028 17680 -2051 1982 6042 END
START 5800 11940 17656 -2126 1710 6772 END
START 5544 11780 17632 -2151 1515 7468 END
START 5368 11500 17488 -2180 1288 8156 END
START 5228 11284 17208 -2209 1139 8845 END
START 4964 11120 16924 -2307 1088 9479 END
START 4812 11028 16884 -2430 1077 10043 END
START 4504 10840 16804 -2599 1110 10608 END
START 4080 10424 16668 -2785 1129 11055 END
START 3712 10132 16612 -2991 1272 11482 END
START 3240 9712 16628 -3197 1416 11819 END
START 2908 9248 16696 -3403 1546 12139 END
START 2484 8856 16628 -3637 1788 12362 END
START 2092 8316 16684 -3894 1938 12497 END
START 1564 7956 16860 -4194 2109 12483 END
START 1124 7648 16888 -4458 2303 12555 END
START 652 7216 17024 -4721 2472 12574 END
START 336 7124 17224 -4942 2543 12314 END
START -88 6780 17468 -5184 2685 12162 END
START -400 6624 17548 -5398 2748 12085 END
START -684 6296 17984 -5603 2778 11982 END
START -1220 6272 18252 -5793 2819 11786 END
START -1580 6052 18564 -6016 2803 11600 END
START -1864 5784 18860 -6213 2791 11369 END
START -2116 5608 19052 -6436 2661 11120 END
START -2276 5456 19164 -6664 2602 10892 END
START -2616 5360 19668 -6888 2491 10617 END
START -2900 5236 19788 -7100 2325 10330 END
START -3140 5256 20040 -7333 2126 10045 END
START -3376 5340 20240 -7533 1928 9780 END
START -3528 5456 20304 -7703 1735 9491 END
START -3912 5468 20320 -7827 1460 9240 END
START -4052 5452 20752 -7922 1180 8948 END
START -4308 5412 20704 -7928 949 8705 END
START -4316 5264 20724 -8014 719 8467 END
START -4296 5152 20748 -8050 613 8210 END
START -4180 5076 20584 -8197 533 7945 END
START -4056 4912 20680 -8412 536 7745 END
START -3840 4896 20552 -8624 614 7445 END
START -3836 4876 20520 -8921 761 7187 END
START -3864 5072 20600 -9253 905 6946 END
START -3800 5144 20540 -9627 1071 6704 END
START -3824 5172 20652 -10039 1151 6473 END
START -3772 5136 20600 -10401 1225 6172 END
START -3772 5116 20436 -10789 1271 5885 END
START -3564 4940 20412 -11129 1293 5669 END
START -3464 4828 20260 -11413 1268 5400 END
START -3432 4716 20272 -11721 1238 5079 END
START -3360 4852 20296 -11932 1123 4826 END
START -3332 5032 20164 -12143 934 4538 END
START -3144 5248 20320 -12292 710 4326 END
START -3140 5560 20096 -12456 387 4180 END
START -3132 5816 19876 -12548 7 4018 END
START -2852 5720 19752 -12575 -361 3917 END
START -2668 5824 19476 -12580 -751 3853 END
START -2464 5864 19164 -12574 -1109 3801 END
START -2048 5836 18932 -12500 -1463 3787 END
START -1856 6092 18460 -12463 -1803 3786 END
START -1672 6208 18220 -12337 -2085 3793 END
START -1384 6564 17912 -12295 -2284 3839 END
START -1072 6676 17636 -12219 -2452 3896 END
START -956 6932 17268 -12232 -2635 4046 END
START -792 7028 16952 -12227 -2783 4201 END
START -680 7260 16732 -12234 -2908 4400 END
START -528 7436 16444 -12182 -3062 4597 END
START -176 7496 15812 -12193 -3121 4796 END
START 52 7488 15444 -12198 -3138 5022 END
START 268 7448 14940 -12194 -3078 5219 END
START 440 7496 14560 -12209 -2958 5471 END
START 572 7604 14232 -12157 -2750 5664 END
START 688 7648 13856 -12186 -2526 5888 END
START 748 7764 13388 -12216 -2273 6127 END
START 1032 7724 12992 -12226 -1943 6379 END
START 928 7664 12560 -12240 -1623 6616 END
START 872 7584 12124 -12138 -1301 6856 END
START 764 7448 11860 -12023 -982 7054 END
START 648 7468 11508 -11858 -716 7235 END
START 464 7264 11512 -11641 -378 7455 END
START 292 7268 11344 -11445 -175 7619 END
START -20 7320 11152 -11260 -70 7805 END
START -300 7192 10948 -11066 -15 7980 END
START -488 6972 10860 -10857 42 8151 END
START -672 6984 10712 -10642 38 8301 END
START -852 6696 10588 -10417 76 8410 END
START -1244 6736 10368 -10191 35 8551 END
START -1488 6548 10040 -9952 121 8622 END
START -1900 6504 9864 -9768 146 8708 END
START -2076 6456 9540 -9544 209 8769 END
START -2316 6440 9372 -9383 309 8823 END
START -2704 6488 9052 -9226 490 8855 END
START -2856 6380 8640 -9113 725 8974 END
START -3340 6504 8624 -9001 1029 9036 END
START -3704 6440 8300 -8830 1259 9138 END
START -4548 6364 8348 -8723 1465 9183 END
START -5116 6028 8420 -8526 1598 9210 END
START -5936 5632 8544 -8275 1625 9164 END
START -6792 5240 8348 -7916 1606 9019 END
START -7848 4680 8356 -7531 1521 8871 END
START -8968 4140 8608 -7069 1377 8579 END
START -10096 3612 8664 -6611 1188 8222 END
START -10784 3208 8652 -6160 884 7819 END
START -11824 2740 8456 -5762 572 7253 END
START -12592 2376 8240 -5313 222 6666 END
START -13396 2040 8116 -4897 -50 6021 END
START -14200 1860 7656 -4476 -378 5363 END
START -14688 1456 7408 -3920 -625 4544 END
START -15248 1084 7052 -3327 -828 3783 END
START -15572 292 6932 -2686 -991 3009 END
START -15904 -168 6696 -1996 -1071 2167 END
START -16240 -520 6656 -1282 -1148 1315 END
START -16548 -412 6620 -576 -1192 473 END
START -16596 -328 6616 91 -1239 -419 END
START -16888 -228 6644 684 -1286 -1244 END
START -16828 -4 6948 1209 -1384 -1959 END
START -16828 92 7200 1675 -1404 -2648 END
START -16868 192 7396 2068 -1420 -3167 END
START -16900 216 7760 2378 -1422 -3663 END
START -16872 404 8336 2599 -1446 -4036 END
START -16880 440 8652 2686 -1488 -4391 END
START -16976 572 8904 2673 -1551 -4745 END
START -17080 584 8984 2565 -1591 -5092 END
START -17136 716 9060 2408 -1586 -5342 END
START -17276 528 9040 2207 -1492 -5579 END
START -17508 468 9180 2039 -1358 -5821 END
START -17728 320 9168 1821 -1162 -6103 END
START -18200 160 9200 1628 -997 -6381 END
START -18680 -108 9568 1462 -899 -6760 END
START -19180 -420 9964 1325 -823 -7157 END
START -19832 -672 10212 1212 -906 -7641 END
START -20168 -848 10392 1122 -1059 -8233 END
START -20656 -1068 10460 1150 -1221 -8883 END
START -20992 -1308 10684 1185 -1444 -9657 END
START -21324 -1460 11056 1311 -1746 -10581 END
START -21480 -1704 11392 1520 -2105 -11507 END
START -21452 -1708 11508 1765 -2527 -12526 END
START -21272 -1628 11944 2062 -3045 -13625 END
START -21144 -1320 12200 2356 -3606 -14731 END
START -20900 -900 12308 2620 -4201 -15875 END
START -20300 -512 12320 2891 -4800 -16912 END
START -19480 -280 12176 3103 -5285 -17933 END
START -18580 220 12024 3273 -5640 -18904 END
START -17476 844 11576 3425 -5905 -19828 END
START -16212 1504 11260 3540 -5912 -20696 END
START -14808 2028 11204 3623 -5793 -21437 END
START -13496 2764 10968 3629 -5468 -22080 END
START -12120 3480 10836 3617 -5027 -22508 END
START -10820 4184 10628 3468 -4439 -22831 END
START -9424 4884 10440 3350 -3783 -22985 END
START -7916 5332 10192 3187 -2982 -23057 END
START -6612 5660 10292 3038 -2080 -23092 END
START -5348 6076 10632 2900 -1153 -23022 END
START -4172 6564 10760 2787 -216 -22909 END
START -3100 7040 11012 2682 663 -22761 END
START -2060 7556 11636 2573 1435 -22575 END
START -1076 8280 12280 2422 2113 -22296 END
START -348 8808 12984 2364 2521 -21909 END
START 392 9464 13732 2338 2820 -21446 END
START 992 9912 14532 2377 2840 -20931 END
START 1736 10172 15100 2462 2752 -20375 END
START 2388 10296 15560 2602 2552 -19811 END
START 2932 10648 16260 2785 2199 -19162 END
START 3336 10844 16656 2979 1671 -18573 END
START 3736 10960 17076 3247 1172 -17991 END
START 4264 10988 17440 3482 573 -17386 END
START 4632 11148 17488 3748 50 -16768 END
START 5144 11224 17476 3928 -333 -16179 END
START 5516 11388 17508 4080 -647 -15590 END
START 5920 11684 17640 4144 -805 -15015 END
START 6080 11764 17680 4106 -815 -14461 END
START 6372 11952 17932 4016 -861 -13967 END
START 6568 11780 17988 3832 -754 -13448 END
START 6832 11736 18100 3578 -582 -12944 END
START 6992 11736 18420 3301 -398 -12458 END
START 7092 11676 18472 2994 -218 -12031 END
START 7264 11744 18700 2692 46 -11603 END
START 7344 11652 18932 2361 272 -11222 END
START 7344 11536 19336 2032 445 -10791 END
START 7216 11484 19816 1682 440 -10401 END
START 7252 11428 19960 1345 429 -9980 END
START 7176 11460 20292 990 376 -9617 END
START 7244 11488 20436 657 306 -9313 END
START 7184 11328 20416 303 241 -8977 END
START 7100 11152 20308 -45 160 -8669 END
START 6832 10744 20512 -388 11 -8377 END
START 6920 10648 20324 -734 -155 -8066 END
START 6800 10492 20348 -1096 -333 -7765 END
START 6864 10324 20232 -1484 -492 -7485 END
START 6728 10128 20132 -1905 -731 -7250 END
START 6788 10168 19876 -2354 -898 -6961 END
START 6780 10068 19404 -2736 -1081 -6723 END
START 6724 9992 18968 -3081 -1230 -6518 END
START 6752 9760 18868 -3443 -1279 -6258 END
START 6564 9512 18544 -3737 -1473 -5968 END
START 6624 9236 18168 -4005 -1636 -5742 END
START 6428 8940 17896 -4215 -1950 -5458 END
START 6536 8752 17264 -4372 -2252 -5155 END
START 6520 8704 16372 -4489 -2427 -4853 END
START 6496 8520 15836 -4638 -2518 -4457 END
START 6480 8416 15188 -4735 -2508 -4050 END
START 6536 8120 14340 -4804 -2371 -3583 END
START 6440 7940 13808 -4881 -2096 -3106 END
START 6256 7716 13412 -4922 -1862 -2673 END
START 5964 7396 12976 -5015 -1638 -2236 END