START -2108 3000 10376 -6441 -656 -6421 END
START -1924 3112 10236 -6249 -815 -6136 END
START -1788 3168 9984 -6096 -985 -5845 END
START -1532 3148 9924 -5888 -1128 -5631 END
START -1384 3240 9832 -5685 -1356 -5384 END
START -1520 3328 9528 -5511 -1625 -5122 END
START -1340 3388 9460 -5312 -1874 -4894 END
START -1216 3536 9312 -5130 -2154 -4655 END
START -1060 3760 9016 -4955 -2403 -4398 END
START -1188 3804 8828 -4736 -2674 -4141 END
START -1160 3952 8368 -4536 -2895 -3897 END
START -1092 4004 7948 -4313 -3079 -3654 END
START -944 3960 7692 -4069 -3250 -3455 END
START -956 3956 7304 -3749 -3328 -3256 END
START -632 3956 6828 -3483 -3364 -3105 END
START -552 4004 6584 -3168 -3377 -2992 END
START -480 3904 6260 -2863 -3357 -2870 END
START -532 4016 5912 -2587 -3314 -2772 END
START -264 4020 5560 -2274 -3220 -2719 END
START -216 3980 5300 -2046 -3060 -2600 END
START -128 3920 5132 -1745 -2873 -2527 END
START -80 4004 4952 -1514 -2723 -2438 END
START 16 4032 5016 -1284 -2481 -2336 END
START 180 4132 4768 -1076 -2318 -2246 END
START 196 4212 4756 -853 -2115 -2128 END
START 72 4408 4832 -682 -1966 -2016 END
START 180 4624 4648 -499 -1833 -1941 END
START 168 4432 4560 -337 -1659 -1826 END
START 176 4580 4612 -161 -1531 -1749 END
START 184 4480 4672 27 -1424 -1670 END
START 244 4536 4588 189 -1310 -1581 END
START 308 4600 4624 378 -1222 -1536 END
START 332 4640 4532 533 -1180 -1493 END
START 356 4728 4692 737 -1208 -1438 END
START 376 4740 4792 918 -1253 -1350 END
START 508 4864 4720 1166 -1340 -1281 END
START 532 4964 4788 1434 -1473 -1196 END
START 556 5184 4964 1715 -1601 -1101 END
START 724 5068 4844 2028 -1807 -931 END
START 872 5152 4976 2344 -1920 -789 END
START 1036 5272 4824 2701 -2052 -627 END
START 1192 5324 4892 2967 -2143 -364 END
START 1252 5352 4832 3303 -2242 -118 END
START 1396 5460 4840 3565 -2338 141 END
START 1688 5416 4864 3800 -2427 441 END
START 1840 5676 4996 3970 -2464 760 END
START 1848 5784 4908 4122 -2490 1065 END
START 1932 5772 4884 4219 -2553 1416 END
START 2132 5976 4856 4245 -2604 1792 END
START 2192 6088 4760 4320 -2665 2203 END
START 2400 6100 4860 4380 -2680 2625 END
START 2400 5792 4564 4436 -2592 3103 END
START 2596 5788 4660 4484 -2546 3541 END
START 2672 5484 4572 4579 -2317 3978 END
START 2560 5376 4436 4667 -2125 4406 END
START 2720 5324 4300 4794 -1844 4811 END
START 2724 5196 4144 4946 -1477 5243 END
START 2536 4964 4008 5046 -1043 5581 END
START 2316 4812 4004 5193 -632 5928 END
START 2060 4816 4132 5341 -235 6213 END
START 1800 4576 4148 5483 166 6470 END
START 1540 4408 4516 5680 518 6755 END
START 1340 4284 4700 5860 884 6960 END
START 984 4188 4892 6059 1140 7200 END
START 724 3892 5156 6314 1367 7432 END
START 336 3628 5492 6534 1551 7574 END
START -136 3508 5772 6848 1674 7709 END
START -540 3264 6296 7131 1703 7800 END
START -1028 3032 6440 7455 1726 7884 END
START -1432 2720 6708 7793 1697 7916 END
START -1692 2596 6992 8135 1584 7901 END
START -1800 2396 7068 8465 1522 7852 END
START -1988 2064 7196 8790 1534 7744 END
START -2124 1760 7208 9105 1558 7635 END
START -2172 1580 7260 9364 1689 7463 END
START -2356 1524 7436 9610 1884 7319 END
START -2416 1432 7500 9836 2062 7168 END
START -2612 1672 7544 9991 2417 7003 END
START -2908 1756 7748 10153 2753 6878 END
START -3072 1996 7996 10276 3094 6784 END
START -3276 2008 8288 10359 3409 6732 END
START -3372 1872 8784 10433 3699 6726 END
START -3628 1908 9172 10531 4003 6736 END
START -3928 2004 9536 10543 4265 6772 END
START -4256 1796 9936 10577 4443 6749 END
START -4400 1544 10456 10614 4626 6769 END
START -4692 1464 10852 10624 4747 6708 END
START -4960 1224 11228 10693 4824 6627 END
START -5160 976 11368 10738 4898 6503 END
START -5508 800 11716 10778 4876 6363 END
START -5612 516 12016 10858 4885 6211 END
START -5832 364 12152 10932 4919 6018 END
START -5988 240 12312 11041 4945 5831 END
START -6120 180 12424 11131 5023 5607 END
START -6420 196 12848 11260 5124 5382 END
START -6628 192 12928 11364 5119 5153 END
START -6792 0 13204 11461 5165 4951 END
START -6904 -176 13756 11626 5086 4716 END
START -7000 -200 14172 12027 5034 4488 END
START -7272 -140 14548 12214 4943 4281 END
START -7560 -200 14872 12197 4770 4031 END
START -7768 -60 15292 12207 4537 3792 END
START -7716 -52 15816 12734 4329 3556 END
START -7788 -80 16044 12870 4138 3322 END
START -7912 36 16240 13073 3931 3111 END
START -7992 120 16544 13254 3759 2864 END
START -8256 248 17120 13416 3575 2636 END
START -8224 396 17368 13527 3398 2368 END
START -8312 384 17532 13536 3221 2144 END
START -8564 476 18192 13602 3038 1905 END
START -8676 480 18340 13608 2852 1681 END
START -8648 436 18756 13542 2697 1423 END
START -8964 428 19032 13508 2554 1146 END
START -8928 592 19428 13427 2384 875 END
START -9020 420 19644 13297 2307 604 END
START -9056 292 19944 13139 2183 297 END
START -9012 184 20360 12994 2056 54 END
START -8940 212 20680 12758 2090 -211 END
START -8504 224 20548 12488 2156 -564 END
START -8676 208 20484 12163 2207 -944 END
START -8796 272 20888 11995 2200 -1222 END
START -9064 368 21188 11945 2187 -1472 END
START -8864 772 21440 11511 2187 -1601 END
START -8736 784 21520 11420 2231 -1707 END
START -8800 904 21476 11314 2328 -1845 END
START -8748 972 21776 11149 2467 -1934 END
START -8676 980 22004 11018 2604 -2031 END
START -8848 1016 22308 10894 2727 -2163 END
START -8948 1008 22508 10745 2875 -2261 END
START -9144 1132 22692 10521 2988 -2428 END
START -9256 1180 23100 10310 3024 -2532 END
START -9412 1156 23376 10048 3038 -2661 END
START -9528 932 23504 9763 2978 -2795 END
START -9748 872 23932 9519 2936 -2922 END
START -9904 824 24180 9247 2834 -3081 END
START -10036 728 24280 8994 2615 -3248 END
START -10228 600 24436 8739 2401 -3472 END
START -10368 476 24616 8505 2180 -3765 END
START -10444 468 24580 8273 1939 -4055 END
START -10412 364 24756 8064 1703 -4419 END
START -10552 396 24836 7878 1501 -4739 END
START -10448 308 24948 7738 1280 -5085 END
START -10492 428 25112 7542 1031 -5402 END
START -10448 448 25180 7340 755 -5728 END
START -10436 560 25260 7253 495 -6015 END
START -10428 652 25368 7088 124 -6307 END
START -10296 676 25288 6966 -180 -6594 END
START -10064 760 25256 6863 -489 -6844 END
START -9968 852 25344 6721 -773 -7160 END
START -9736 960 25388 6584 -990 -7466 END
START -9552 1064 25344 6463 -1219 -7702 END
START -9264 1172 25260 6280 -1438 -8008 END
START -8944 1332 25236 6075 -1518 -8233 END
START -8596 1576 25308 5829 -1608 -8495 END
START -8204 1784 25112 5490 -1635 -8705 END
START -7808 2096 25224 5146 -1580 -8893 END
START -7528 2196 25256 4759 -1533 -9059 END
START -7112 2572 25312 4315 -1403 -9173 END
START -6884 2644 25116 3919 -1312 -9260 END
START -6592 2764 25232 3501 -1162 -9336 END
START -6216 2900 25096 3044 -980 -9383 END
START -5976 3040 25072 2629 -755 -9434 END
START -5644 3112 24880 2227 -520 -9488 END
START -5488 3244 25036 1830 -231 -9513 END
START -5312 3428 25004 1421 31 -9551 END
START -5028 3484 24996 1025 228 -9546 END
START -5052 3608 25212 669 351 -9545 END
START -4816 3624 25048 269 460 -9550 END
START -4808 3684 25240 -27 541 -9448 END
START -4752 3884 25224 -366 532 -9392 END
START -4708 3936 25228 -608 469 -9289 END
START -4608 4056 25396 -858 395 -9198 END
START -4536 3984 25236 -1059 234 -9087 END
START -4528 4000 25324 -1217 119 -8957 END
START -4460 3880 25224 -1327 -93 -8854 END
START -4340 3892 25160 -1486 -266 -8763 END
START -4300 3760 24932 -1617 -479 -8661 END
START -4068 3788 24696 -1753 -623 -8631 END
START -3896 3796 24592 -1875 -731 -8576 END
START -3904 3756 24564 -2048 -883 -8538 END
START -3860 3952 24324 -2174 -1019 -8499 END
START -3768 3968 24232 -2340 -1132 -8505 END
START -3500 3968 24172 -2508 -1224 -8431 END
START -3380 4020 24136 -2715 -1332 -8400 END
START -3304 4116 24160 -2910 -1386 -8338 END
START -3236 4184 23992 -3152 -1465 -8228 END
START -3244 4156 23992 -3383 -1565 -8184 END
START -3080 4264 23888 -3643 -1591 -8127 END
START -3028 4184 23784 -3942 -1640 -8089 END
START -2952 4052 23652 -4212 -1644 -8059 END
START -2780 4000 23352 -4521 -1622 -8081 END
START -2536 3892 23148 -4875 -1537 -8101 END
START -2252 4036 23020 -5207 -1431 -8130 END
START -2084 4120 22880 -5574 -1246 -8155 END
START -1844 4224 22760 -5994 -1059 -8173 END
START -1592 4496 22492 -6375 -845 -8171 END
START -1624 4464 22264 -6800 -671 -8105 END
START -1420 4628 22304 -7197 -466 -8028 END
START -1428 4800 22184 -7599 -254 -7926 END
START -1148 4748 21940 -7995 -123 -7823 END
START -1208 4752 21956 -8333 21 -7679 END
START -1184 4652 22008 -8632 48 -7567 END
START -1088 4640 21848 -8867 40 -7455 END
START -836 4644 21716 -9074 30 -7291 END
START -772 4652 21700 -9248 -87 -7158 END
START -580 4564 21612 -9365 -184 -6979 END
START -696 4592 21628 -9489 -328 -6795 END
START -684 4492 21372 -9578 -519 -6571 END
START -616 4556 21244 -9656 -736 -6362 END
START -568 4532 21224 -9721 -970 -6139 END
START -520 4552 21052 -9780 -1204 -5987 END
START -560 4396 20760 -9801 -1578 -5754 END
START -456 4228 20572 -9807 -1883 -5546 END
START -476 4188 20204 -9847 -2175 -5320 END
START -372 4076 19880 -9818 -2437 -5149 END
START -276 4020 19476 -9752 -2694 -4964 END
START -180 3980 18972 -9705 -2806 -4774 END
START -244 3948 18720 -9647 -2974 -4559 END
START -204 3792 18436 -9593 -3040 -4400 END
START -208 3740 18092 -9522 -3103 -4190 END
START -232 3688 17740 -9451 -3074 -4073 END
START -368 3548 17792 -9414 -3013 -3881 END
START -500 3648 17376 -9387 -3010 -3740 END
START -464 3528 17072 -9372 -2929 -3619 END
START -532 3312 17048 -9435 -2855 -3559 END
START -700 3348 16908 -9500 -2766 -3506 END
START -792 3272 16656 -9589 -2683 -3509 END
START -912 3180 16288 -9678 -2602 -3487 END
START -868 2984 16180 -9748 -2539 -3583 END
START -996 2988 15824 -9813 -2465 -3595 END
START -1012 2876 15656 -9841 -2344 -3673 END
START -1064 2828 15388 -9816 -2253 -3715 END
START -1120 2676 15220 -9806 -2119 -3777 END
START -1172 2608 14736 -9738 -1931 -3858 END
START -1072 2612 14748 -9683 -1792 -3907 END
START -1004 2472 14420 -9606 -1624 -4006 END
START -1124 2448 14224 -9553 -1437 -4049 END
START -1152 2468 14064 -9518 -1350 -4102 END
START -1004 2532 14100 -9474 -1250 -4174 END
START -912 2360 13836 -9473 -1194 -4241 END
START -888 2420 13852 -9473 -1151 -4273 END
START -812 2408 13692 -9494 -1116 -4356 END
START -732 2452 13608 -9502 -1123 -4405 END
START -716 2540 13500 -9506 -1184 -4440 END
START -512 2720 13380 -9513 -1263 -4463 END
START -496 2756 13168 -9523 -1338 -4435 END
START -288 2836 12948 -9516 -1438 -4374 END
START -172 2960 12872 -9516 -1565 -4245 END
START -72 2992 12724 -9491 -1668 -4106 END
START 132 3152 12380 -9433 -1833 -3923 END
START 204 3256 11888 -9391 -1979 -3708 END
START 232 3180 11632 -9297 -2181 -3508 END
START 444 3252 11344 -9213 -2215 -3269 END
START 504 3204 10852 -9079 -2342 -3060 END
START 440 3240 10588 -8937 -2392 -2814 END
START 552 3316 10376 -8778 -2378 -2614 END
START 728 3376 10012 -8664 -2352 -2388 END
START 628 3508 9672 -8486 -2344 -2146 END
START 632 3540 9120 -8381 -2299 -1904 END
START 672 3512 9044 -8242 -2269 -1675 END
START 584 3620 8572 -8068 -2172 -1417 END
START 436 3528 8596 -7891 -2073 -1228 END
START 368 3624 8052 -7683 -2017 -1033 END
START 288 3612 7944 -7508 -1939 -860 END
START 240 3508 7700 -7257 -1877 -694 END
START 264 3552 7420 -7050 -1767 -552 END
START 156 3548 7236 -6818 -1678 -408 END
START 100 3524 7148 -6579 -1563 -297 END
START 80 3496 6800 -6356 -1432 -196 END
START 4 3220 6460 -6136 -1362 -116 END
START 36 3232 6364 -5929 -1230 -37 END
START 240 3016 6040 -5744 -1094 4 END
START 188 3068 5588 -5538 -817 35 END
START 168 3048 5300 -5343 -603 34 END
START 168 3072 5144 -5145 -317 47 END
START 96 3044 4984 -4958 -76 100 END
START 112 3152 4812 -4783 137 132 END
START -28 3188 4720 -4622 358 159 END
START 56 3136 4544 -4436 536 217 END
START -56 3184 4516 -4261 685 314 END
START -24 3112 4664 -4037 813 359 END
START -40 3092 4340 -3877 966 476 END
START -100 3208 4284 -3623 1052 566 END
START -312 3188 4184 -3383 1125 717 END
START -228 3252 4064 -3172 1153 847 END
START -456 3248 3896 -2953 1149 1010 END
START -420 3232 3788 -2723 1137 1177 END
START -520 3120 3616 -2475 1094 1345 END
START -508 3216 3380 -2212 1033 1448 END
START -528 3020 3280 -1923 925 1570 END
START -396 3028 3148 -1648 842 1702 END
START -456 3140 2884 -1260 822 1790 END
START -432 3068 2676 -872 725 1899 END
START -388 3120 2700 -502 680 2042 END
START -620 3140 2372 -67 679 2199 END
START -472 3096 2448 328 662 2387 END
START -520 3100 2240 731 677 2588 END
START -548 3044 2216 1196 695 2780 END
START -644 2920 2204 1580 784 2963 END
START -700 2952 2184 2008 857 3115 END
START -744 2924 2264 2390 1012 3239 END
START -788 2872 2096 2708 1165 3342 END
START -716 2860 2236 3064 1370 3411 END
START -840 2980 2392 3339 1523 3492 END
START -872 2964 2316 3583 1777 3565 END
START -952 3064 2304 3839 1967 3635 END
START -1156 3100 2440 4063 2134 3693 END
START -1256 3104 2376 4297 2376 3796 END
START -1320 3092 2692 4558 2636 3905 END
START -1376 3216 2752 4805 2890 4000 END
START -1488 3172 3008 5118 3152 4080 END
START -1688 3108 3088 5331 3362 4189 END
START -1732 3024 3332 5570 3546 4252 END
START -1888 3132 3492 5889 3693 4355 END
START -1988 3228 3664 6133 3877 4474 END
START -2048 3192 3828 6396 4034 4571 END
START -2216 3332 4296 6671 4157 4690 END
START -2520 3412 4528 6956 4295 4807 END
START -2656 3332 4708 7215 4402 4880 END
START -2804 3364 4932 7497 4486 5012 END
START -2980 3436 5300 7729 4545 5080 END
START -2928 3396 5376 8016 4626 5179 END
START -3204 3452 5600 8219 4741 5248 END
START -3348 3400 5940 8449 4860 5290 END
START -3464 3280 6404 8705 4929 5324 END
START -3604 3216 6852 8913 5019 5310 END
START -3756 3124 7160 9073 5102 5322 END
START -3844 3112 7516 9289 5164 5339 END
START -3980 3108 7952 9414 5255 5355 END
START -4136 3216 8436 9598 5313 5397 END
START -4184 3168 8712 9667 5350 5458 END
START -4348 3168 9088 9757 5403 5548 END
START -4428 3184 9376 9833 5484 5634 END
START -4664 3124 9736 9884 5580 5732 END
START -4816 3080 10076 9885 5666 5872 END
START -5116 3256 10784 9882 5712 5998 END
START -5396 3244 11244 9864 5758 6099 END
START -5696 3124 11604 9853 5770 6195 END
START -6016 2980 12028 9793 5774 6309 END
START -6280 2792 12588 9731 5795 6368 END
START -6476 2560 12976 9639 5790 6474 END
START -6956 2392 13344 9546 5775 6567 END
START -7204 2320 13684 9392 5764 6582 END
START -7480 2048 13932 9240 5721 6558 END
START -7836 1968 14184 9140 5699 6534 END
START -8208 1988 14392 8929 5592 6391 END
START -8556 1756 14696 8759 5424 6209 END
START -8852 1628 14868 8630 5258 6034 END
START -9328 1684 15248 8489 5022 5831 END
START -9592 1404 15424 8388 4687 5534 END
START -9728 1440 15652 8302 4371 5261 END
START -9924 1192 15476 8320 3984 4865 END
START -9956 1164 15608 8324 3580 4533 END
START -10080 1020 15404 8455 3181 4099 END
START -10032 988 15540 8599 2851 3724 END
START -9880 996 15256 8799 2436 3357 END
START -9684 1012 15140 8986 2142 2969 END
START -9424 848 15144 9222 1847 2627 END
START -9244 816 14872 9500 1689 2316 END
START -9056 1036 14872 9754 1522 2084 END
START -8848 1228 14712 10045 1494 1798 END
START -8764 1444 14732 10312 1524 1596 END
START -8440 1748 14600 10503 1655 1443 END
START -8284 1812 14460 10701 1798 1323 END
START -8196 2028 14548 10864 1986 1235 END
START -8152 2276 14616 11010 2254 1213 END
START -8036 2392 14572 11129 2535 1240 END
START -8040 2456 14900 11180 2820 1215 END
START -8052 2616 14748 11249 3229 1257 END
START -8036 2572 15060 11274 3601 1264 END
START -8200 2576 15068 11213 4021 1214 END
START -8060 2408 15240 11109 4331 1193 END
START -8204 2408 15724 10961 4602 1086 END
START -8276 2252 15900 10798 4876 952 END
START -8464 2308 16292 10590 5036 832 END
START -8576 2268 16440 10423 5063 697 END
START -8688 2136 17032 10235 5022 605 END
START -8744 1980 17304 10108 4963 464 END
START -8796 1912 17556 10043 4825 323 END
START -8856 1824 17680 9996 4673 146 END
START -8900 1856 17880 10004 4425 -29 END
START -8880 1672 18040 10035 4187 -216 END
START -9084 1696 18192 10078 3894 -398 END
START -9052 1604 18376 10152 3558 -608 END
START -9372 1656 18556 10228 3231 -780 END
START -9208 1732 18576 10292 2949 -946 END
START -9488 1924 18584 10318 2623 -1135 END
START -9568 1964 18760 10358 2313 -1319 END
START -9604 2032 18752 10385 2030 -1486 END
START -9580 2060 18724 10395 1790 -1730 END
START -9528 1880 18632 10384 1620 -1932 END
START -9512 1908 18672 10323 1623 -2189 END
START -9656 1980 18492 10284 1647 -2433 END
START -9740 2016 18688 10221 1714 -2682 END
START -9900 2128 18736 10105 1832 -2985 END
START -10004 2192 18792 9979 1876 -3235 END
START -9852 2188 18792 9862 1999 -3512 END
START -9896 2168 19164 9712 2145 -3794 END
START -9800 2168 19244 9515 2329 -4077 END
START -9852 2168 19440 9346 2441 -4379 END
START -9528 2176 19720 9104 2540 -4692 END
START -9132 2220 19844 8865 2595 -4974 END
START -9012 2384 20228 8599 2653 -5239 END
START -8632 2664 20256 8255 2699 -5473 END
START -8332 2836 20380 7939 2722 -5632 END
START -8172 3056 20484 7545 2763 -5691 END
START -7976 3288 20660 7243 2697 -5776 END
START -7764 3416 20668 6965 2558 -5790 END
START -7712 3752 20736 6683 2466 -5768 END
START -7484 3908 20812 6440 2309 -5702 END
START -7408 4084 20908 6236 2114 -5653 END
START -7472 4132 21060 6068 1886 -5573 END
START -7236 4060 21072 5919 1555 -5516 END
START -7124 4072 21004 5827 1285 -5441 END
START -7028 4100 20868 5740 1044 -5381 END
START -6992 4268 20816 5660 819 -5355 END
START -6972 4272 20360 5613 633 -5290 END
START -7032 4292 20220 5480 469 -5263 END
START -7000 4400 20128 5388 325 -5232 END
START -6948 4344 19988 5311 160 -5236 END
START -6992 4448 20024 5206 18 -5255 END
START -6920 4604 19712 5099 -69 -5274 END
START -6856 4436 19676 4998 -215 -5346 END
START -6764 4392 19536 4878 -387 -5454 END
START -6784 4376 19400 4816 -483 -5495 END
START -6704 4236 19236 4745 -621 -5648 END
START -6560 4220 19068 4698 -753 -5751 END
START -6312 4128 18852 4667 -787 -5908 END
START -6264 4200 18856 4658 -907 -6070 END
START -6360 4244 18492 4689 -1014 -6251 END
START -6144 4356 18428 4695 -1060 -6401 END
START -6076 4280 18516 4751 -1125 -6609 END
START -5768 4608 18312 4743 -1125 -6795 END
START -5444 4712 18144 4723 -1103 -6981 END
START -5112 4812 18064 4728 -1056 -7117 END
START -4756 4992 17968 4670 -878 -7237 END
START -4324 5184 17840 4550 -741 -7293 END
START -3936 5272 17740 4439 -451 -7285 END
START -3500 5468 17824 4256 -169 -7258 END
START -3176 5624 17836 4053 150 -7222 END
START -3136 5920 17892 3806 417 -7111 END
START -3124 6348 17864 3583 585 -7014 END
START -2880 6540 18036 3309 815 -6945 END
START -2884 6752 17972 3086 913 -6797 END
START -2908 6968 18124 2854 994 -6632 END
START -2860 6964 18148 2616 989 -6472 END
START -2832 7052 18232 2445 952 -6275 END
START -2900 7152 18280 2276 860 -6133 END
START -2948 7300 18476 2133 616 -5941 END
START -2896 7324 18512 2031 398 -5793 END
START -2936 7500 18428 1874 157 -5632 END
START -2892 7568 18360 1781 -127 -5446 END
START -2876 7728 18124 1649 -448 -5266 END
START -2872 7800 18208 1571 -730 -5082 END
START -2844 7900 18032 1417 -1048 -4862 END
START -2776 8036 17724 1293 -1310 -4637 END
START -2648 8056 17404 1190 -1562 -4397 END
START -2664 8036 17448 1011 -1779 -4128 END
START -2660 8048 17128 870 -1997 -3863 END