START 844 1576 10524 -1875 4023 846 END
START 2288 1952 7292 -2445 3645 987 END
START 2484 1104 8512 -2885 4733 1111 END
START 1528 1608 9944 -3390 5427 1148 END
START 908 1532 10732 -3886 5871 1069 END
START 888 1412 10868 -4322 6526 942 END
START 584 1312 11072 -4730 6698 761 END
START -808 1208 11776 -5053 6288 621 END
START -1576 1124 12312 -5289 5650 465 END
START -1652 820 12124 -5459 5144 337 END
START -1840 848 11932 -5490 4737 124 END
START -1944 792 11992 -5402 4328 -63 END
START -2268 880 11804 -5179 3992 -267 END
START -2448 884 11608 -4870 3521 -470 END
START -2764 856 11508 -4405 3069 -642 END
START -3064 904 11464 -3868 2721 -735 END
START -3168 688 11840 -3161 2402 -749 END
START -2992 536 11964 -2339 2106 -721 END
START -2968 460 11976 -1543 1733 -730 END
START -3156 -80 11704 -715 1841 -627 END
START -3008 -424 12092 42 1833 -552 END
START -2908 -160 12732 711 1688 -426 END
START -3224 400 12780 1219 1357 -322 END
START -3564 432 13148 1607 867 -225 END
START -3292 384 13328 1827 382 -192 END
START -3172 432 13496 2014 -73 -230 END
START -2976 556 13496 2138 -458 -269 END
START -2676 816 13448 2161 -718 -338 END
START -2284 852 13360 2152 -939 -407 END
START -2032 920 13540 2072 -1052 -462 END
START -1784 932 13372 1953 -1163 -440 END
START -1472 1036 13700 1759 -1202 -364 END
START -1444 1112 13756 1516 -1289 -261 END
START -1616 1216 13832 1224 -1415 -86 END
START -1380 1340 13796 907 -1594 83 END
START -1316 1168 13868 575 -1767 247 END
START -1228 896 13736 224 -1979 395 END
START -1240 860 13680 -104 -2219 554 END
START -1332 548 13488 -415 -2479 622 END
START -1228 460 13060 -673 -2736 655 END
START -1320 212 12604 -855 -2924 655 END
START -980 24 11856 -980 -3023 619 END
START -796 -40 11280 -1027 -2953 539 END
START -644 120 10308 -1059 -2710 407 END
START -516 28 9768 -974 -2415 341 END
START -436 -12 9400 -922 -2085 250 END
START -400 -80 8948 -805 -1620 189 END
START -632 -292 8960 -653 -1245 103 END
START -624 -268 9148 -459 -917 51 END
START -684 -204 9100 -331 -661 -44 END
START -632 -116 9288 -159 -304 -113 END
START -468 -132 9332 -34 -53 -217 END
START -512 -224 9588 48 163 -317 END
START -544 -220 9768 148 265 -353 END
START -776 -88 9812 192 268 -326 END
START -740 0 9908 254 257 -353 END
START -816 -36 9924 327 250 -340 END
START -708 -136 9968 410 202 -306 END
START -600 -228 9836 571 192 -312 END
START -532 -304 9792 738 258 -274 END
START -400 -352 9832 938 319 -269 END
START -396 -244 9592 1176 444 -196 END
START -500 -148 9500 1385 575 -170 END
START -412 168 9404 1577 615 -57 END
START -384 380 9060 1751 725 11 END
START -348 336 9132 1894 821 128 END
START -372 340 9040 2037 897 246 END
START -420 420 9056 2179 912 351 END
START -688 464 9016 2305 861 496 END
START -580 532 9216 2472 823 593 END
START -632 504 9140 2643 777 697 END
START -696 556 9204 2849 750 777 END
START -788 536 9228 3092 669 843 END
START -716 572 9120 3335 624 870 END
START -716 588 8980 3614 574 923 END
START -704 556 8968 3905 518 972 END
START -736 784 9032 4127 538 1015 END
START -764 804 9000 4394 525 1084 END
START -712 948 8960 4583 500 1167 END
START -868 984 9028 4765 453 1240 END
START -1108 872 9168 4935 374 1321 END
START -1016 840 9324 5050 294 1389 END
START -992 760 9180 5197 206 1405 END
START -952 788 9032 5358 176 1418 END
START -888 732 8980 5508 174 1323 END
START -960 712 8992 5684 198 1260 END
START -784 800 8880 5857 240 1206 END
START -816 740 8988 6039 295 1150 END
START -816 856 8852 6187 392 1134 END
START -828 864 8756 6290 494 1133 END
START -936 964 8948 6405 618 1178 END
START -880 1052 8932 6474 640 1193 END
START -928 1096 8936 6549 715 1230 END
START -1012 1224 8900 6612 757 1227 END
START -1232 1348 8968 6728 829 1316 END
START -1224 1484 8856 6835 838 1355 END
START -1352 1544 8940 6954 881 1351 END
START -1512 1720 8864 7091 899 1405 END
START -1584 1728 8912 7231 964 1489 END
START -1568 1872 8868 7432 1047 1571 END
START -1736 1768 8884 7641 1200 1669 END
START -1748 1668 9052 7862 1313 1802 END
START -1848 1552 9152 8038 1365 1975 END
START -1800 1568 9104 8217 1409 2124 END
START -1976 1524 9296 8382 1479 2275 END
START -2204 1412 9368 8552 1549 2396 END
START -2340 1108 9620 8716 1569 2433 END
START -2580 1072 9672 8924 1588 2452 END
START -2568 792 10012 9076 1528 2448 END
START -2816 700 10144 9293 1510 2345 END
START -2772 588 10216 9453 1502 2267 END
START -2836 464 10160 9662 1554 2070 END
START -2804 432 10432 9826 1536 1900 END
START -2780 504 10588 9991 1557 1713 END
START -2864 592 10852 10124 1537 1528 END
START -3008 568 10836 10250 1517 1368 END
START -3104 752 10788 10382 1453 1156 END
START -3056 720 11128 10548 1398 980 END
START -2936 664 11124 10732 1397 740 END
START -3248 716 11248 10974 1419 530 END
START -3300 972 11500 11179 1413 282 END
START -3240 1236 11636 11364 1421 107 END
START -3336 1544 11756 11524 1435 -123 END
START -3380 1816 11956 11849 1434 -296 END
START -3268 2120 12108 11968 1532 -411 END
START -3312 2488 12492 12173 1634 -531 END
START -3224 2796 12736 12123 1691 -570 END
START -3284 3056 13052 12188 1828 -602 END
START -3264 3260 13232 12615 1875 -618 END
START -3340 3528 13436 12461 2007 -621 END
START -3272 3772 13808 12568 2103 -520 END
START -3372 3868 14308 12625 2157 -511 END
START -3356 4112 14736 12707 2174 -400 END
START -3468 4144 15000 12694 2091 -319 END
START -3396 4244 15340 12663 2041 -233 END
START -3288 4404 15612 12566 1955 -181 END
START -3348 4308 15900 12309 1853 -93 END
START -3292 4276 16180 12350 1762 -80 END
START -3152 4232 16476 12141 1686 -30 END
START -3220 4164 16744 12453 1506 16 END
START -3136 4132 16952 12090 1420 76 END
START -3104 4288 17192 12056 1275 118 END
START -2864 4240 17552 12039 1170 207 END
START -2928 4404 17652 12017 1084 282 END
START -3056 4280 17764 11954 1027 310 END
START -3072 4256 17868 11548 926 388 END
START -3152 4364 18008 11573 811 405 END
START -3108 4264 18144 11462 665 451 END
START -3296 4272 18484 11381 627 458 END
START -3544 4124 18564 11414 534 488 END
START -3676 4124 18832 11413 422 507 END
START -4008 4180 19036 11349 281 572 END
START -4376 4212 19488 11432 128 590 END
START -4836 4268 19944 11502 -134 652 END
START -5064 4204 20244 11536 -407 690 END
START -5488 4144 20568 11578 -823 715 END
START -5936 4024 21200 11721 -1303 801 END
START -6292 3796 21748 11847 -1840 864 END
START -6684 3524 22316 11921 -2330 947 END
START -7076 3128 22784 11960 -2972 1027 END
START -7236 3028 23452 12148 -3600 1117 END
START -7588 2620 23920 12152 -4416 1220 END
START -7680 2216 24280 12606 -5231 1282 END
START -7800 1856 24900 12719 -6077 1363 END
START -7816 1384 25288 12804 -6981 1384 END
START -7760 840 25500 12966 -7806 1411 END
START -7848 364 25592 13056 -8697 1378 END
START -7776 92 25648 13167 -9490 1322 END
START -7676 -304 25692 13307 -10161 1232 END
START -7596 -584 25688 13407 -10674 1041 END
START -7408 -672 25664 13552 -11051 823 END
START -7452 -792 25344 13723 -11197 569 END
START -7172 -856 25348 13811 -11255 259 END
START -6916 -812 25236 13852 -11069 -98 END
START -6764 -592 25432 13809 -10816 -477 END
START -6724 -428 25424 13581 -10412 -892 END
START -6556 -188 25436 13289 -9863 -1379 END
START -6364 264 25252 12848 -9205 -1955 END
START -6040 748 25368 12342 -8299 -2585 END
START -5620 1280 25500 11696 -7328 -3282 END
START -5128 1728 25512 10669 -6243 -4016 END
START -4784 2188 25840 9731 -5074 -4804 END
START -4260 2748 26108 8641 -3895 -5593 END
START -3980 3272 26464 7473 -2718 -6298 END
START -3340 3888 26720 6203 -1612 -7003 END
START -2896 4548 27192 5015 -551 -7614 END
START -2464 5044 27724 3725 433 -8229 END
START -2088 5480 28348 2535 1174 -8659 END
START -1740 6032 28864 1392 1741 -9048 END
START -1312 6408 29136 283 2221 -9354 END
START -648 6752 29488 -631 2548 -9568 END
START -160 7096 29896 -1426 2748 -9660 END
START 116 7112 30136 -2030 2882 -9688 END
START 532 7548 30572 -2543 2880 -9626 END
START 1044 7820 30708 -2919 2762 -9457 END
START 1316 8088 31108 -3199 2466 -9210 END
START 1672 8344 31188 -3467 2032 -8830 END
START 1944 8484 31408 -3644 1538 -8437 END
START 2376 8756 31212 -3813 924 -7965 END
START 2940 8996 31072 -3915 349 -7519 END
START 3412 9240 30812 -3999 -210 -6950 END
START 3880 9376 30376 -4073 -765 -6344 END
START 4420 9584 30084 -4123 -1210 -5741 END
START 4888 9700 29508 -4194 -1567 -5026 END
START 5124 10012 29100 -4278 -1871 -4269 END
START 5260 10028 28564 -4439 -2088 -3476 END
START 5388 9964 28272 -4601 -2252 -2665 END
START 5332 9928 27828 -4871 -2372 -1874 END
START 5244 9692 27208 -5091 -2445 -1120 END
START 5148 9344 26696 -5387 -2396 -411 END
START 5116 8888 26220 -5653 -2290 157 END
START 4764 8472 25824 -5945 -2160 623 END
START 4376 8028 25524 -6211 -2002 1056 END
START 3988 7644 25140 -6535 -1836 1335 END
START 3544 7184 24720 -6843 -1724 1603 END
START 3088 6612 24496 -7181 -1500 1754 END
START 2724 6148 23992 -7517 -1310 1863 END
START 2344 5672 23528 -7874 -1097 1855 END
START 2008 5236 23152 -8218 -775 1749 END
START 1632 4996 22668 -8521 -370 1537 END
START 1432 4944 22500 -8834 40 1325 END
START 1124 4548 22148 -9097 449 985 END
START 852 4160 21984 -9408 814 624 END
START 604 3968 21964 -9666 1278 284 END
START 428 3808 21764 -9983 1671 -59 END
START 360 3688 21784 -10290 2042 -417 END
START 312 3700 21480 -10596 2489 -757 END
START 248 3768 21444 -10933 2834 -1120 END
START 336 3888 21352 -11355 3234 -1482 END
START 484 3876 20980 -11727 3550 -1772 END
START 504 3932 20788 -12091 3966 -2042 END
START 516 4016 20836 -12470 4307 -2286 END
START 616 4148 20492 -12873 4605 -2490 END
START 504 4292 20408 -13207 4858 -2646 END
START 576 4380 20408 -13538 5071 -2762 END
START 500 4552 20412 -13840 5200 -2826 END
START 540 4676 20176 -14078 5334 -2881 END
START 628 4660 20060 -14275 5388 -2868 END
START 576 4700 20080 -14485 5395 -2824 END
START 784 4792 19740 -14629 5383 -2762 END
START 836 4824 19760 -14775 5373 -2672 END
START 924 4796 19676 -14907 5307 -2590 END
START 776 4804 19500 -14999 5161 -2457 END
START 856 4964 19356 -15109 4976 -2318 END
START 728 4888 19188 -15200 4746 -2157 END
START 696 4888 18904 -15253 4448 -2054 END
START 624 5048 18848 -15308 4143 -1868 END
START 848 4872 18352 -15340 3899 -1687 END
START 852 4812 18028 -15271 3579 -1524 END
START 600 4824 17932 -15239 3306 -1305 END
START 460 4832 17708 -15177 2910 -1085 END
START 412 4656 17248 -15075 2546 -887 END
START 244 4612 17140 -14953 2152 -649 END
START 84 4424 16576 -14810 1789 -480 END
START -84 4308 16380 -14655 1396 -303 END
START -220 4152 16008 -14430 1051 -174 END
START -300 4068 15608 -14207 687 -86 END
START -252 3688 15252 -13944 384 -4 END
START -348 3520 14956 -13682 145 71 END
START -400 3300 14344 -13419 -7 170 END
START -284 2972 14172 -13103 -104 170 END
START -280 2988 13992 -12817 -116 181 END
START -392 2900 13640 -12564 -128 209 END
START -488 2960 13624 -12337 -102 166 END
START -556 3180 13388 -12203 -150 210 END
START -520 3124 13104 -12123 -184 257 END
START -584 3000 12948 -12032 -92 248 END
START -468 2772 12816 -11976 13 292 END
START -576 2780 12652 -11871 104 318 END
START -480 2672 12748 -11867 355 305 END
START -560 2592 12612 -11801 474 277 END
START -772 2576 12356 -11839 623 250 END
START -644 2660 12192 -11853 748 169 END
START -740 2528 12260 -11882 892 85 END
START -748 2404 12120 -11919 999 3 END
START -704 2404 11924 -12040 1182 -73 END
START -764 2480 12084 -12147 1312 -99 END
START -820 2408 11896 -12199 1367 -143 END
START -892 2296 11712 -12269 1452 -186 END
START -964 2408 11476 -12347 1461 -251 END
START -872 2360 11504 -12357 1501 -301 END
START -1224 2228 11328 -12380 1467 -386 END
START -1260 2152 11272 -12318 1275 -400 END
START -1248 2348 11080 -12257 1187 -406 END
START -1260 2312 10808 -12183 1063 -451 END
START -1408 2368 10720 -12006 927 -389 END
START -1444 2332 10300 -11798 844 -369 END
START -1392 2196 9972 -11555 731 -272 END
START -1424 2172 9884 -11309 600 -227 END
START -1592 2196 9556 -11019 478 -127 END
START -1636 2176 9468 -10723 349 -58 END
START -1824 2256 9180 -10420 170 44 END
START -2076 2284 8904 -10110 7 136 END
START -2120 2076 8880 -9809 -146 172 END
START -2164 1872 8612 -9446 -294 215 END
START -2132 1776 8560 -9110 -413 244 END
START -2328 1744 8632 -8726 -564 277 END
START -2296 1544 8532 -8415 -734 291 END
START -2308 1380 8336 -8024 -926 335 END
START -2468 1192 8384 -7695 -1101 378 END
START -2604 1220 8196 -7359 -1284 335 END
START -2456 1104 8204 -7084 -1501 337 END
START -2496 980 7892 -6837 -1723 302 END
START -2644 1024 7864 -6559 -1934 272 END
START -2508 988 7552 -6354 -2086 208 END
START -2328 964 7252 -6110 -2211 148 END
START -2292 952 6960 -5939 -2233 67 END
START -2232 1036 6876 -5715 -2219 31 END
START -2232 860 6452 -5499 -2214 37 END
START -2268 916 6380 -5333 -2171 4 END
START -2028 908 6056 -5134 -2134 -7 END
START -1940 832 5884 -4958 -1965 -41 END
START -1876 760 5628 -4767 -1887 -83 END
START -1876 640 5400 -4567 -1763 -139 END
START -1856 572 5376 -4401 -1691 -202 END
START -1724 480 5116 -4228 -1637 -272 END
START -1592 444 5092 -4008 -1523 -430 END
START -1648 536 4912 -3828 -1448 -524 END
START -1360 572 4724 -3598 -1287 -596 END
START -1148 748 4520 -3388 -1107 -720 END
START -912 808 4332 -3177 -908 -749 END
START -712 992 4124 -2981 -749 -770 END
START -640 1052 4096 -2764 -620 -742 END
START -480 972 3936 -2574 -419 -769 END
START -360 1192 3776 -2336 -320 -781 END
START -248 1180 3804 -2112 -145 -776 END
START -192 1268 3592 -1919 11 -749 END
START -124 1292 3480 -1667 113 -753 END
START -44 1340 3480 -1397 240 -741 END
START -172 1436 3628 -1090 331 -727 END
START -136 1348 3668 -826 394 -670 END
START -144 1352 3760 -474 468 -585 END
START -124 1244 3888 -173 492 -494 END
START -308 1288 3952 227 521 -411 END
START -248 1452 4240 589 492 -216 END
START -296 1456 4320 948 487 -130 END
START -452 1360 4236 1324 482 64 END
START -396 1324 4480 1685 414 191 END
START -400 1352 4732 2072 400 331 END
START -416 1300 4840 2372 328 493 END
START -456 1292 4956 2716 229 621 END
START -508 1176 4984 3047 143 726 END
START -456 1144 5096 3323 121 860 END
START -404 1116 5200 3643 93 958 END
START -612 1100 5156 3899 89 1069 END
START -724 1092 5272 4101 83 1201 END
START -656 1120 5308 4346 61 1261 END
START -860 1064 5328 4552 52 1361 END
START -976 1108 5324 4721 51 1428 END
START -772 1036 5512 4943 90 1509 END
START -988 996 5480 5108 166 1551 END
START -1172 944 5768 5308 277 1585 END
START -1148 876 5624 5498 364 1599 END
START -1180 1032 5820 5724 456 1637 END
START -1308 996 5796 5991 635 1645 END
START -1340 924 6212 6188 790 1670 END
START -1584 976 6304 6401 903 1730 END
START -1748 992 6592 6615 1017 1731 END
START -1960 1000 6892 6791 1056 1771 END
START -2120 992 7232 6996 1089 1799 END
START -2440 888 7508 7191 1142 1812 END
START -2768 844 7880 7391 1123 1819 END
START -2952 844 8244 7553 1128 1760 END
START -3208 748 8712 7743 1074 1777 END
START -3260 700 8908 7920 991 1759 END
START -3704 720 9244 8081 867 1702 END
START -3868 600 9416 8258 737 1668 END
START -4000 576 9776 8374 641 1568 END
START -4152 500 10068 8552 565 1438 END
START -4300 396 9980 8660 505 1325 END
START -4448 388 10264 8756 477 1167 END
START -4644 476 10644 8795 439 974 END
START -4912 516 10756 8801 327 778 END
START -5008 676 11092 8804 141 543 END
START -5164 888 11352 8800 50 315 END
START -5372 996 11624 8769 -96 80 END
START -5472 1036 11912 8778 -303 -130 END
START -5468 1012 12004 8799 -428 -374 END
START -5264 888 12368 8768 -496 -595 END
START -5384 816 12696 8792 -587 -864 END
START -5484 788 12912 8817 -616 -1143 END
START -5692 1056 13036 8860 -692 -1394 END
START -5604 1088 13324 8870 -750 -1704 END
START -5776 1232 13500 8848 -959 -1999 END
START -5824 1244 13728 8809 -1082 -2244 END
START -5792 1324 14148 8795 -1218 -2527 END
START -5876 1368 14256 8815 -1370 -2774 END
START -5676 1352 14312 8844 -1445 -3058 END
START -5452 1296 14460 8965 -1449 -3321 END
START -5456 1292 14512 9026 -1449 -3607 END
START -5368 1488 14720 9105 -1457 -3852 END
START -5412 1604 14944 9184 -1578 -4108 END
START -5296 1728 15000 9219 -1734 -4315 END
START -5020 1836 15100 9295 -1884 -4510 END
START -4596 2032 14996 9329 -1955 -4734 END
START -4116 2244 14620 9362 -1984 -4910 END
START -3656 2320 14580 9456 -1841 -5058 END
START -3032 2448 14368 9543 -1654 -5226 END
START -2772 2496 14464 9593 -1463 -5308 END
START -2468 2812 14368 9647 -1191 -5360 END
START -2088 3040 14576 9628 -972 -5331 END
START -1888 3308 14700 9568 -808 -5322 END
START -1604 3324 14756 9467 -628 -5214 END
START -1560 3388 15008 9370 -576 -5153 END
START -1372 3516 15200 9274 -524 -5053 END
START -1236 3500 15512 9191 -556 -4975 END
START -1060 3444 15596 9111 -576 -4906 END
START -992 3356 15704 9102 -687 -4824 END
START -972 3452 15636 9158 -750 -4691 END
START -940 3516 15796 9182 -771 -4578 END
START -960 3516 15752 9285 -812 -4427 END
START -1168 3588 15708 9455 -847 -4263 END
START -1256 3604 15776 9612 -846 -4102 END
START -1384 3516 15824 9767 -898 -3887 END
START -1464 3412 16080 9938 -890 -3711 END
START -1624 3292 16116 10118 -893 -3486 END
START -1712 3104 16236 10254 -913 -3330 END
START -1724 2972 16304 10370 -895 -3179 END
START -1888 2860 16340 10500 -973 -3047 END
START -2000 2680 16668 10616 -981 -2999 END
START -2224 2536 16900 10747 -1074 -2981 END
START -2360 2424 17176 10876 -1111 -2967 END
START -2432 2192 17532 10984 -1272 -2930 END
START -2688 2280 17872 11061 -1414 -2933 END
START -2752 2144 18048 11068 -1583 -2948 END
START -2764 2028 18148 11083 -1754 -2955 END
START -3012 2164 18340 11072 -1900 -3022 END
START -2932 2096 18220 11034 -2064 -3079 END
START -3008 2252 18468 10974 -2045 -3109 END
START -3064 2268 18252 10928 -2096 -3137 END
START -3168 2216 18508 10876 -2045 -3158 END
START -3372 2320 18408 10739 -2035 -3173 END
START -3524 2272 18548 10648 -2032 -3165 END
START -3576 2168 18580 10559 -2022 -3204 END
START -3628 1888 18816 10521 -1952 -3244 END
START -3588 1676 18888 10436 -1874 -3392 END
START -3624 1372 19064 10419 -1714 -3542 END
START -3584 1356 19148 10399 -1524 -3796 END
START -3580 1448 19348 10296 -1278 -4060 END
START -3604 1388 19340 10137 -999 -4282 END
START -3684 1440 19520 9955 -739 -4507 END
START -3720 1372 19932 9684 -513 -4794 END
START -3636 1484 20092 9374 -310 -5057 END
START -3796 1440 20180 9031 -80 -5333 END
START -3680 1428 20372 8635 118 -5601 END
START -3736 1416 20516 8262 276 -5930 END
START -3644 1460 20676 7892 426 -6260 END
START -3608 1352 20984 7496 582 -6572 END
START -3544 1332 21016 7162 716 -6921 END
START -3604 1548 21128 6814 886 -7209 END
START -3588 1660 21252 6444 1016 -7514 END
START -3652 1872 21236 6156 1125 -7786 END
START -3644 1856 21196 5812 1217 -8038 END
START -3612 1952 21396 5569 1325 -8266 END
START -3632 2016 21376 5325 1427 -8487 END
START -3616 2056 21448 5156 1566 -8692 END
START -3716 2024 21752 4982 1663 -8893 END
START -3604 1964 21920 4867 1714 -9065 END
START -3820 1912 22252 4727 1667 -9311 END
START -3640 1984 22356 4583 1621 -9595 END
START -3556 1984 22572 4428 1611 -9877 END
START -3588 2116 22756 4274 1592 -10140 END
START -3348 2192 22888 3997 1498 -10452 END
START -3328 2224 23036 3737 1467 -10739 END
START -3356 2436 23280 3417 1387 -11053 END
START -3160 2500 23400 3097 1322 -11315 END
START -3092 2632 23480 2700 1302 -11584 END
START -3072 2880 23624 2271 1292 -11862 END
START -2916 3092 23620 1828 1328 -12105 END
START -2736 3064 23532 1360 1417 -12297 END
START -2476 3320 23576 883 1544 -12582 END
START -2500 3368 23444 434 1699 -12764 END
START -2256 3512 23484 -59 1894 -13003 END
START -2056 3588 23492 -525 2071 -13206 END
START -1856 3608 23484 -1020 2288 -13427 END
START -1668 3620 23500 -1452 2604 -13699 END
START -1524 3848 23512 -1908 2846 -13911 END
START -1792 3872 23688 -2345 3070 -14104 END
START -1740 3928 23608 -2745 3141 -14253 END
START -1632 4192 23460 -3179 3232 -14345 END