START -5380 2964 12240 -9109 4407 5964 END
START -6940 2512 13060 -8977 2599 6259 END
START -6100 2220 11268 -8293 1900 6487 END
START -5812 1928 10048 -7235 612 6548 END
START -6136 1132 9388 -5928 -874 6462 END
START -6112 -40 8368 -4305 -2407 6345 END
START -6208 -984 7700 -2551 -3962 6161 END
START -6320 -1156 7044 -613 -5409 6015 END
START -6012 -1300 6180 1390 -6569 5868 END
START -5356 -1460 5152 3409 -7354 5709 END
START -4756 -1496 4828 5432 -7665 5568 END
START -4196 -1364 4760 7268 -7788 5409 END
START -3452 -1168 4872 8923 -7466 5289 END
START -2880 -1036 5396 10335 -6859 5129 END
START -2228 -712 6356 11290 -6029 4953 END
START -1600 -688 7388 11770 -4967 4694 END
START -1176 -656 8504 11973 -3796 4376 END
START -864 -412 9752 11311 -2596 4004 END
START -688 -436 10696 10470 -1349 3459 END
START -740 -576 12224 9181 -181 2891 END
START -720 -668 13812 7724 844 2228 END
START -1060 -700 15576 6072 1555 1526 END
START -1500 -532 16704 4476 1993 737 END
START -1536 -684 17864 3004 2325 11 END
START -1736 -588 18548 1728 2451 -667 END
START -1976 -484 19208 700 2461 -1315 END
START -2292 -300 19648 -83 2148 -1865 END
START -2700 64 19776 -581 1770 -2328 END
START -2736 344 20008 -814 1303 -2670 END
START -2828 676 20032 -811 710 -2925 END
START -2620 1052 19700 -651 187 -3076 END
START -2688 1308 19452 -446 -248 -3060 END
START -2636 1204 19444 -288 -748 -3007 END
START -2376 1512 19336 -106 -1197 -2895 END
START -2368 1852 19404 33 -1720 -2800 END
START -2344 2464 19424 178 -2217 -2717 END
START -2192 3020 19348 269 -2663 -2658 END
START -2060 3288 19420 329 -2994 -2514 END
START -2132 3580 19524 471 -3382 -2264 END
START -1836 3700 19832 511 -3627 -1900 END
START -1960 3892 20332 614 -3784 -1508 END
START -1736 4020 20392 657 -3921 -1032 END
START -1664 4292 20604 634 -4021 -599 END
START -1632 4584 20900 525 -4111 -157 END
START -1528 4912 21192 366 -4115 291 END
START -1136 4668 21500 112 -3948 727 END
START -1144 4156 21724 -249 -3646 1186 END
START -1384 3932 22044 -702 -3403 1681 END
START -1840 3952 22416 -1201 -3161 2072 END
START -2004 3688 22960 -1729 -2972 2423 END
START -2340 3456 23040 -2248 -2763 2668 END
START -2816 2880 23284 -2788 -2522 2913 END
START -3308 2356 23452 -3337 -2340 3067 END
START -3916 1868 23456 -3836 -2256 3173 END
START -4280 1560 23592 -4325 -2242 3167 END
START -4692 1156 23328 -4696 -2273 3121 END
START -5228 720 23352 -5032 -2252 2947 END
START -5736 280 23048 -5282 -2275 2723 END
START -6316 -76 23024 -5446 -2315 2414 END
START -6932 -440 22764 -5554 -2402 2052 END
START -7304 -860 22512 -5609 -2317 1675 END
START -7596 -1196 22368 -5597 -2304 1211 END
START -7940 -1380 22296 -5542 -2280 768 END
START -8292 -1408 22116 -5575 -2297 202 END
START -8476 -1380 21816 -5657 -2288 -313 END
START -8564 -1424 21888 -5797 -2263 -894 END
START -8512 -1416 21640 -6035 -2169 -1396 END
START -8496 -1392 21332 -6303 -2073 -1935 END
START -8284 -1448 21456 -6614 -1912 -2391 END
START -8220 -1224 21308 -6933 -1746 -2846 END
START -8132 -924 21152 -7284 -1607 -3188 END
START -7988 -796 21100 -7626 -1462 -3557 END
START -8128 -676 20876 -7984 -1361 -3857 END
START -7960 -628 20564 -8351 -1300 -4096 END
START -7900 -644 20368 -8704 -1215 -4382 END
START -7760 -560 20228 -9020 -1146 -4595 END
START -7688 -600 19920 -9307 -1081 -4802 END
START -7716 -516 19616 -9497 -1083 -5112 END
START -7804 -336 19444 -9749 -1121 -5309 END
START -7788 -312 18976 -9947 -1222 -5503 END
START -7608 -284 18752 -10085 -1343 -5617 END
START -7476 -276 18448 -10217 -1519 -5729 END
START -7556 -344 18028 -10308 -1687 -5834 END
START -7448 -292 17636 -10394 -1822 -5938 END
START -7240 -228 17120 -10492 -1977 -6034 END
START -7260 -132 16792 -10575 -2107 -6110 END
START -7228 -164 16156 -10681 -2239 -6222 END
START -7100 -328 15764 -10782 -2303 -6333 END
START -7088 -552 15340 -10890 -2413 -6396 END
START -7032 -644 15076 -10933 -2590 -6547 END
START -6924 -864 14584 -10936 -2689 -6688 END
START -7068 -688 14044 -10902 -2867 -6850 END
START -7136 -924 13828 -10851 -3015 -7053 END
START -6972 -916 13484 -10691 -3101 -7266 END
START -6868 -1208 13040 -10553 -3208 -7484 END
START -6636 -1260 12684 -10394 -3306 -7732 END
START -6420 -1156 12480 -10215 -3359 -7929 END
START -6212 -1176 11780 -10081 -3436 -8185 END
START -5948 -1120 11320 -9976 -3373 -8481 END
START -5528 -1212 10824 -9859 -3236 -8701 END
START -5360 -1316 10388 -9711 -3035 -8956 END
START -5096 -1252 9860 -9563 -2832 -9244 END
START -4872 -1084 9348 -9362 -2543 -9460 END
START -4592 -1044 9248 -9176 -2268 -9754 END
START -4488 -892 9080 -8932 -2015 -10005 END
START -4260 -852 8916 -8690 -1764 -10255 END
START -4100 -744 8536 -8486 -1589 -10468 END
START -3700 -520 8300 -8290 -1323 -10648 END
START -3556 -540 8180 -8109 -1068 -10782 END
START -3352 -352 8124 -7927 -895 -10884 END
START -2996 -132 7856 -7729 -707 -10919 END
START -2668 20 7752 -7507 -587 -10941 END
START -2492 44 7600 -7259 -481 -10927 END
START -2168 212 7356 -7005 -373 -10872 END
START -1968 304 6952 -6706 -355 -10797 END
START -1844 320 6836 -6348 -307 -10802 END
START -1636 376 6564 -5951 -299 -10786 END
START -1268 580 6400 -5520 -360 -10753 END
START -1044 704 6084 -5109 -310 -10732 END
START -604 816 5960 -4682 -315 -10668 END
START -180 952 5856 -4228 -300 -10557 END
START 296 1092 5732 -3821 -325 -10371 END
START 664 1432 5548 -3443 -384 -10182 END
START 872 1636 5248 -3087 -496 -9900 END
START 1336 1852 5208 -2702 -630 -9628 END
START 1844 2048 4956 -2304 -757 -9293 END
START 2264 2132 4836 -1878 -833 -8958 END
START 2560 2144 4816 -1391 -910 -8524 END
START 2904 2424 4824 -902 -1013 -8072 END
START 3248 2584 4732 -413 -1175 -7608 END
START 3484 2720 4696 109 -1295 -7099 END
START 3564 2864 4432 596 -1434 -6593 END
START 3624 2788 4408 1107 -1589 -6025 END
START 3936 2872 4152 1588 -1700 -5474 END
START 4072 2756 4076 2126 -1770 -4956 END
START 4196 2712 3816 2586 -1782 -4445 END
START 4376 2572 3780 3098 -1743 -3962 END
START 4336 2568 3668 3571 -1648 -3517 END
START 4348 2608 3728 4004 -1548 -3097 END
START 4276 2460 3864 4402 -1379 -2721 END
START 4252 2316 3648 4760 -1195 -2397 END
START 4104 2108 3804 5134 -1068 -2097 END
START 4176 2044 3500 5384 -906 -1796 END
START 4132 1948 3320 5694 -785 -1589 END
START 3964 1932 2932 5982 -516 -1450 END
START 3916 1872 2900 6320 -141 -1331 END
START 3724 1804 2800 6715 260 -1260 END
START 3388 1748 2824 7137 547 -1197 END
START 3224 1488 2852 7574 887 -1148 END
START 2976 1620 2940 8025 1156 -1104 END
START 2876 1500 2964 8558 1465 -1118 END
START 2600 1540 3000 9049 1780 -1156 END
START 2476 1672 3264 9557 2078 -1213 END
START 2568 1824 3524 10041 2408 -1267 END
START 2584 1904 3548 10515 2756 -1357 END
START 2648 2124 3500 10920 3077 -1373 END
START 2732 2280 3972 11341 3423 -1393 END
START 2916 2488 4220 11776 3733 -1390 END
START 3020 2668 4312 11807 4073 -1341 END
START 3020 2820 4728 12233 4373 -1224 END
START 3212 3004 5096 12711 4711 -1098 END
START 3216 3392 5376 12935 5035 -900 END
START 3224 3544 5768 13173 5343 -714 END
START 3184 3816 6192 13432 5597 -474 END
START 3220 4052 6596 13635 5813 -234 END
START 2980 4104 7352 13813 5915 42 END
START 2736 4324 7768 13992 5968 328 END
START 2672 4396 8328 14154 5874 618 END
START 2456 4536 9204 14335 5738 911 END
START 2448 4712 9740 14440 5444 1216 END
START 2132 4748 10204 14601 5084 1538 END
START 1996 5100 10624 14696 4756 1838 END
START 2008 5272 10944 14837 4370 2204 END
START 1848 5252 11096 14944 4039 2574 END
START 1628 5272 11264 15114 3652 2951 END
START 1628 5364 11556 15249 3266 3322 END
START 1368 5332 11628 15456 2992 3602 END
START 1240 5288 11736 15678 2696 3888 END
START 980 5224 11648 15899 2434 4075 END
START 712 5104 11764 16093 2272 4284 END
START 640 5196 11544 16270 2113 4427 END
START 300 5112 11524 16488 2072 4518 END
START 48 5124 11512 16707 2089 4596 END
START -496 4924 11416 16961 2118 4560 END
START -720 4868 11260 17239 2310 4495 END
START -924 4760 11304 17472 2502 4396 END
START -1332 4632 11532 17743 2765 4247 END
START -1676 4604 11656 17974 3077 4037 END
START -1864 4548 12076 18211 3351 3806 END
START -2132 4484 12308 18375 3609 3563 END
START -2508 4488 12756 18515 3876 3310 END
START -2756 4400 12940 18637 4098 3083 END
START -2740 4320 13308 18690 4269 2789 END
START -2824 4320 13756 18805 4560 2561 END
START -3120 4204 14024 18910 4797 2340 END
START -3148 4268 14620 19014 5037 2142 END
START -3320 4276 14740 19118 5179 1968 END
START -3556 4180 15340 19176 5203 1838 END
START -3740 4092 15792 19249 5249 1691 END
START -4084 4044 16384 19318 5201 1564 END
START -4412 4092 16912 19338 5122 1442 END
START -4624 4088 17376 19341 4999 1324 END
START -4896 4004 18128 19388 4762 1157 END
START -5256 4120 18588 19361 4475 1031 END
START -5416 3980 19180 19363 4112 903 END
START -5796 3996 19736 19369 3735 757 END
START -6024 4100 20232 19323 3298 594 END
START -6356 4148 20652 19276 2871 470 END
START -6592 4292 20924 19215 2328 324 END
START -6984 4408 21440 19142 1798 165 END
START -7264 4596 21536 19070 1283 57 END
START -7584 4576 21832 18972 772 -102 END
START -7728 4632 21908 18921 293 -238 END
START -7880 4644 21924 18840 -156 -421 END
START -7952 4584 21972 18800 -463 -566 END
START -8264 4616 21940 18738 -754 -715 END
START -8284 4532 21984 18626 -985 -923 END
START -8192 4492 22064 18539 -1211 -1115 END
START -8176 4256 22220 18428 -1246 -1343 END
START -8136 4016 22488 18338 -1281 -1577 END
START -8120 3792 22996 18231 -1283 -1828 END
START -8088 3608 23464 18105 -1332 -2101 END
START -8076 3380 24100 17973 -1338 -2457 END
START -8024 3072 24480 17770 -1361 -2798 END
START -7876 2972 24852 17523 -1310 -3209 END
START -7804 2792 25332 17160 -1230 -3604 END
START -7676 2696 25468 16717 -1117 -4090 END
START -7548 2808 25776 16236 -973 -4608 END
START -7356 2840 26316 15693 -807 -5128 END
START -7032 2932 26792 15103 -556 -5619 END
START -6904 2984 27188 14533 -316 -6105 END
START -6848 3100 27568 13883 -39 -6541 END
START -6744 3208 28084 13235 218 -6859 END
START -6732 3300 28600 12697 477 -7158 END
START -6780 3296 29088 11814 697 -7404 END
START -6792 3272 29356 11511 839 -7631 END
START -6840 3164 29696 10685 971 -7819 END
START -6804 3064 30076 10035 1014 -8057 END
START -6728 2888 30492 9368 1134 -8282 END
START -6648 2896 30528 8661 1142 -8519 END
START -6648 2820 30672 8005 1155 -8757 END
START -6652 2776 30800 7327 1186 -9007 END
START -6432 2488 30764 6698 1201 -9291 END
START -6252 2368 30908 6091 1235 -9556 END
START -5744 2328 30700 5561 1213 -9805 END
START -6112 2344 31372 5124 1242 -9908 END
START -5376 2336 31080 4839 1266 -10042 END
START -4848 2704 30620 4405 1390 -10279 END
START -4448 2912 30660 3902 1504 -10484 END
START -4248 3144 30772 3272 1703 -10623 END
START -3976 3288 31076 2624 1873 -10600 END
START -3540 3592 30976 1895 2046 -10510 END
START -3248 3764 31104 1117 2262 -10364 END
START -3096 3868 31424 286 2502 -10118 END
START -2932 4000 31484 -457 2730 -9911 END
START -2896 4040 31536 -1254 2892 -9691 END
START -2840 4172 31712 -2029 3031 -9444 END
START -2620 4176 31496 -2833 3158 -9281 END
START -2656 4108 31476 -3623 3302 -9073 END
START -2580 4248 31148 -4338 3451 -8844 END
START -2660 4232 30840 -5035 3562 -8622 END
START -2804 4208 30404 -5649 3621 -8419 END
START -2892 4036 30256 -6296 3719 -8238 END
START -3008 4016 29824 -6836 3773 -8123 END
START -3100 3776 29228 -7387 3840 -8009 END
START -3188 3692 28960 -7853 3907 -7985 END
START -3428 3544 28580 -8267 3913 -8023 END
START -3548 3272 28304 -8665 3949 -8078 END
START -3712 3172 27868 -8973 3913 -8167 END
START -3900 3072 27640 -9279 3898 -8286 END
START -3964 3020 27288 -9544 3873 -8407 END
START -3780 3020 27196 -9838 3913 -8551 END
START -3724 2980 26848 -10085 4002 -8667 END
START -3616 2972 26528 -10347 4072 -8810 END
START -3532 2804 26340 -10680 4130 -8960 END
START -3392 2768 26044 -10987 4275 -9103 END
START -3296 2876 25888 -11366 4366 -9295 END
START -3364 2960 25660 -11740 4472 -9504 END
START -3168 3004 25592 -12148 4486 -9678 END
START -3020 3000 25272 -12584 4629 -9861 END
START -2928 3164 25104 -13024 4696 -10024 END
START -2896 3440 25156 -13482 4713 -10181 END
START -2756 3572 24688 -13942 4673 -10347 END
START -2652 3848 24476 -14387 4583 -10373 END
START -2548 4132 24264 -14776 4495 -10388 END
START -2448 4492 24084 -15190 4387 -10389 END
START -2148 4872 23476 -15607 4285 -10323 END
START -1864 5164 23184 -15947 4277 -10205 END
START -1816 5268 22876 -16332 4240 -10044 END
START -1836 5372 22816 -16708 4188 -9784 END
START -1764 5332 22732 -17087 4072 -9532 END
START -1580 5308 22684 -17497 3878 -9274 END
START -1556 5140 22440 -17864 3642 -9020 END
START -1448 5000 22084 -18253 3312 -8779 END
START -1380 4888 21668 -18609 2991 -8569 END
START -1388 4652 21360 -18927 2679 -8330 END
START -1128 4544 21116 -19204 2319 -8145 END
START -1100 4500 20580 -19459 2022 -7965 END
START -988 4476 20024 -19650 1641 -7735 END
START -900 4460 19316 -19857 1355 -7525 END
START -832 4528 18728 -20024 1089 -7284 END
START -716 4568 18096 -20133 783 -7047 END
START -716 4660 17296 -20203 586 -6774 END
START -792 4552 16756 -20212 373 -6462 END
START -1008 4436 16124 -20111 197 -6108 END
START -1012 4404 15372 -19967 31 -5800 END
START -1300 4224 14576 -19722 -120 -5504 END
START -1392 3964 14060 -19378 -220 -5258 END
START -1316 3676 13332 -18940 -293 -5011 END
START -1508 3300 13136 -18379 -389 -4803 END
START -1664 3128 12892 -17832 -505 -4615 END
START -1820 2940 12340 -17204 -649 -4456 END
START -2060 2892 12388 -16596 -835 -4311 END
START -2096 2724 12052 -16028 -1088 -4196 END
START -2200 2556 11812 -15510 -1312 -4078 END
START -2276 2408 11728 -15041 -1508 -3988 END
START -2492 2424 11564 -14618 -1782 -3882 END
START -2576 2328 11420 -14247 -2103 -3825 END
START -2612 2536 11356 -13898 -2450 -3767 END
START -2560 2484 11136 -13565 -2814 -3688 END
START -2580 2428 11004 -13270 -3097 -3570 END
START -2540 2324 10868 -13012 -3314 -3418 END
START -2368 2268 10800 -12849 -3477 -3257 END
START -2252 2080 10416 -12680 -3589 -3105 END
START -2132 2156 10248 -12574 -3671 -3021 END
START -2044 2088 9840 -12567 -3674 -2955 END
START -1844 1952 9420 -12571 -3601 -2935 END
START -1784 1920 9100 -12581 -3467 -2888 END
START -1748 1864 8736 -12587 -3270 -2926 END
START -1796 2064 8292 -12607 -3100 -2885 END
START -1700 2024 7984 -12596 -2822 -2870 END
START -1700 2052 7772 -12524 -2597 -2780 END
START -1664 1972 7520 -12428 -2409 -2661 END
START -1704 2224 7324 -12386 -2218 -2548 END
START -1616 2164 6856 -12199 -2079 -2437 END
START -1592 2132 6616 -12046 -1914 -2331 END
START -1604 2160 6244 -11859 -1813 -2195 END
START -1572 2184 6032 -11569 -1751 -2069 END
START -1500 2120 6004 -11263 -1683 -1883 END
START -1664 2024 5652 -10857 -1668 -1744 END
START -1512 1784 5476 -10461 -1642 -1555 END
START -1636 1796 5200 -9946 -1658 -1379 END
START -1564 1896 4908 -9486 -1706 -1243 END
START -1560 1796 4536 -8991 -1778 -1086 END
START -1680 1620 4424 -8448 -1797 -973 END
START -1808 1564 4048 -7921 -1888 -838 END
START -1976 1552 4116 -7361 -1966 -749 END
START -2048 1364 3876 -6803 -2072 -672 END
START -2056 1272 3688 -6198 -2150 -660 END
START -2056 1156 3648 -5626 -2161 -668 END
START -1948 1244 3584 -5046 -2205 -668 END
START -2072 1272 3776 -4415 -2242 -663 END
START -2120 1252 3652 -3851 -2261 -656 END
START -2152 1292 3888 -3305 -2338 -600 END
START -2124 1404 4220 -2821 -2463 -588 END
START -2120 1236 4416 -2355 -2587 -582 END
START -1900 1304 4480 -1968 -2726 -508 END
START -1832 1420 4732 -1626 -2904 -521 END
START -1712 1404 4576 -1351 -3062 -520 END
START -1452 1600 4540 -1113 -3154 -489 END
START -1380 1712 4424 -855 -3256 -499 END
START -1156 1904 4300 -624 -3234 -407 END
START -916 2028 4156 -389 -3166 -369 END
START -768 2260 3824 -180 -3009 -211 END
START -904 2440 3640 69 -2840 -69 END
START -848 2492 3452 225 -2619 90 END
START -736 2624 3452 465 -2309 201 END
START -576 2596 3256 667 -1976 367 END
START -584 2628 3128 887 -1614 437 END
START -592 2660 3140 1073 -1211 559 END
START -640 2624 3252 1296 -794 666 END
START -524 2552 3268 1552 -353 759 END
START -584 2552 3444 1747 83 887 END
START -764 2604 3708 1904 390 969 END
START -864 2612 3896 2062 614 1066 END
START -1008 2664 4204 2246 792 1160 END
START -1116 2772 4408 2464 880 1246 END
START -1300 2768 4800 2685 936 1344 END
START -1480 2836 4948 2909 949 1482 END
START -1660 2788 5000 3155 894 1593 END
START -1812 2796 5072 3463 753 1708 END
START -1992 2740 5124 3741 649 1860 END
START -2132 2700 5140 4103 518 1893 END
START -2328 2592 5336 4481 454 1925 END
START -2480 2428 5492 4859 358 1982 END
START -2512 2420 5288 5272 263 2008 END
START -2624 2176 5548 5695 162 1991 END
START -2980 2324 5620 6092 81 2009 END
START -3096 2252 5820 6532 -97 1982 END
START -3248 2160 5968 6928 -295 1918 END
START -3448 2304 6184 7357 -559 1931 END
START -3472 2244 6544 7842 -850 1890 END
START -3496 2320 6540 8255 -1175 1936 END
START -3708 2496 6824 8736 -1490 1913 END
START -3520 2524 7120 9166 -1797 1978 END
START -3608 2644 7084 9576 -2071 2079 END
START -3652 2752 7112 9989 -2267 2156 END
START -3552 2800 7088 10292 -2375 2315 END
START -3508 2844 7008 10560 -2410 2403 END
START -3424 2828 7096 10850 -2377 2509 END
START -3408 2960 7092 11076 -2258 2626 END
START -3284 3048 7072 11313 -2024 2721 END
START -3532 3156 7448 11459 -1839 2808 END
START -3620 2968 7476 11545 -1646 2938 END
START -3764 2820 7692 11836 -1451 3030 END
START -3980 2664 8016 11873 -1197 3174 END
START -4152 2564 8244 12136 -987 3250 END
START -4340 2560 8392 12175 -858 3316 END
START -4456 2348 8748 12134 -687 3299 END
START -4892 2160 8952 12278 -593 3279 END
START -5204 1976 9380 12608 -581 3189 END
START -5412 1864 9816 12739 -663 3091 END
START -5660 1732 9996 12999 -764 2939 END
START -5832 1572 10236 13192 -847 2759 END
START -6056 1576 10716 13434 -934 2582 END
START -6232 1512 10900 13667 -1078 2380 END
START -6448 1656 11332 13923 -1225 2212 END
START -6660 1600 11556 14155 -1447 2018 END
START -6784 1748 11880 14316 -1693 1883 END
START -6888 1620 12296 14525 -1943 1698 END
START -7048 1612 12512 14713 -2176 1545 END
START -7080 1616 12728 14780 -2409 1362 END
START -7304 1612 12948 14895 -2634 1149 END
START -7384 1648 12976 14979 -2777 933 END
START -7356 1752 13236 15043 -2899 724 END
START -7388 1716 13256 15127 -2932 474 END
START -7448 1776 13496 15202 -3001 289 END
START -7508 1712 13656 15287 -2983 64 END
START -7604 1760 13916 15302 -2968 -133 END
START -7640 1720 14200 15410 -2888 -346 END
START -7536 1624 14496 15447 -2827 -563 END
START -7644 1656 14596 15449 -2708 -802 END
START -7408 1568 14768 15447 -2556 -991 END
START -7448 1616 14892 15399 -2303 -1254 END
START -7444 1648 15296 15373 -2005 -1545 END
START -7448 1556 15532 15323 -1744 -1793 END
START -7436 1796 15724 15226 -1446 -2087 END
START -7660 1912 16192 15164 -1124 -2386 END
START -7652 1980 16412 14981 -794 -2671 END
START -7728 2116 16880 14802 -467 -2984 END
START -7768 2196 17108 14593 -135 -3265 END
START -7824 2308 17412 14355 203 -3551 END
START -7944 2412 17892 14037 568 -3863 END
START -8056 2432 18300 13741 817 -4159 END
START -8212 2380 18972 13370 999 -4475 END
START -8256 2436 19352 13047 1162 -4736 END
START -8356 2388 19744 12616 1311 -5033 END
START -8296 2420 20112 12129 1495 -5335 END
START -8432 2476 20352 11914 1675 -5653 END
START -8556 2448 20452 11761 1803 -5957 END
START -8556 2456 20556 11197 1958 -6278 END
START -8620 2404 20404 10815 2118 -6653 END
START -8680 2340 20372 10471 2276 -7027 END
START -8660 2276 20288 10105 2437 -7454 END
START -8868 2040 20272 9853 2572 -7915 END
START -8740 1888 20344 9651 2702 -8389 END
START -8652 1820 20408 9550 2897 -8820 END
START -8660 1964 20628 9497 3143 -9333 END
START -8940 1976 21128 9424 3313 -9800 END
START -8944 2120 21756 9422 3315 -10224 END
START -9144 1828 22124 9434 3166 -10623 END
START -9360 1764 22720 9357 2912 -10965 END
START -9256 1692 23280 9331 2527 -11339 END
START -9144 1668 23256 9231 2232 -11713 END
START -8972 1580 23476 9121 1880 -12138 END
START -8764 1672 23452 8956 1705 -12529 END
START -8688 1672 23136 8810 1563 -12908 END
START -8564 1744 22904 8573 1570 -13347 END
START -8272 1664 22808 8316 1697 -13797 END
START -8164 1692 22560 8032 1988 -14246 END
START -8032 1572 22252 7702 2370 -14733 END
START -7972 1496 22188 7397 2900 -15282 END
START -7804 1536 21928 7101 3496 -15810 END
START -7764 1380 21708 6758 4219 -16414 END
START -7736 1352 21804 6394 4986 -17052 END
START -7780 1192 21736 6044 5794 -17715 END
START -7664 1204 21612 5691 6625 -18421 END
START -7500 1240 21648 5326 7533 -19070 END
START -7520 1376 21948 4884 8386 -19783 END
START -7704 1448 22224 4499 9165 -20486 END
START -7628 1340 22804 4040 9885 -21194 END