START -3464 184 13580 1076 -1450 2705 END
START -3264 372 13104 807 -1356 2468 END
START -3788 444 13020 566 -1239 2204 END
START -3956 628 12724 301 -1197 1980 END
START -4036 688 12396 -5 -1035 1835 END
START -4016 756 12160 -343 -877 1705 END
START -3964 708 12060 -664 -715 1561 END
START -3824 720 11436 -1035 -447 1405 END
START -3768 844 10912 -1424 -22 1217 END
START -3672 844 10484 -1762 390 1059 END
START -3464 900 10064 -2116 857 838 END
START -3204 884 9560 -2499 1382 695 END
START -2860 924 9240 -2840 1884 500 END
START -2648 776 9028 -3198 2424 372 END
START -2580 596 8568 -3535 2894 224 END
START -2336 364 8272 -3756 3358 63 END
START -2128 -56 7700 -3923 3801 -79 END
START -1908 -472 7296 -3927 4245 -300 END
START -1800 -792 6860 -3845 4682 -481 END
START -1752 -1144 6372 -3669 5100 -757 END
START -1916 -1116 6136 -3514 5435 -1008 END
START -2000 -1048 5992 -3348 5645 -1249 END
START -2048 -836 6224 -3123 5754 -1469 END
START -1972 -916 6352 -2842 5636 -1610 END
START -1792 -1000 6320 -2531 5376 -1690 END
START -1620 -1084 6412 -2087 4995 -1700 END
START -1640 -1004 6624 -1570 4492 -1708 END
START -1652 -1108 6752 -933 3767 -1628 END
START -1756 -1272 6572 -259 2873 -1541 END
START -1656 -1324 6592 478 2006 -1411 END
START -1688 -1004 6084 1365 1111 -1280 END
START -1652 -572 5632 2264 361 -1110 END
START -1528 -240 5228 3130 -247 -960 END
START -1432 236 4964 3892 -744 -772 END
START -1380 500 5004 4531 -1123 -548 END
START -1064 776 4864 5069 -1417 -356 END
START -740 944 4924 5502 -1537 -157 END
START -812 1084 4972 5851 -1602 39 END
START -692 1288 5488 6112 -1601 207 END
START -712 1552 5700 6284 -1509 367 END
START -484 2004 5980 6389 -1299 492 END
START -304 2316 6220 6432 -970 691 END
START 28 2532 6372 6374 -581 861 END
START 220 2696 6536 6202 -131 1115 END
START 176 2844 6872 5964 345 1366 END
START 228 2892 7172 5740 765 1595 END
START 68 2944 7588 5427 1125 1778 END
START -184 2932 7792 5154 1516 1979 END
START -476 2972 7656 4962 1827 2106 END
START -852 2948 7832 4773 2123 2217 END
START -1204 2616 8008 4632 2334 2264 END
START -1676 2516 8088 4564 2452 2223 END
START -2040 2396 8124 4593 2546 2117 END
START -2524 2368 8180 4679 2576 1966 END
START -2616 2348 8056 4797 2535 1782 END
START -2768 2532 8212 4959 2531 1609 END
START -2888 2512 8364 5045 2371 1421 END
START -2988 2600 8500 5163 2297 1268 END
START -3132 2672 8612 5325 2192 1082 END
START -3216 2520 8652 5438 2028 837 END
START -3044 2576 8856 5545 1814 598 END
START -2968 2764 9016 5660 1589 381 END
START -2788 3004 8948 5824 1425 175 END
START -2468 3444 8748 5955 1269 77 END
START -1912 3896 8804 6075 1126 101 END
START -1180 4036 8588 6137 1099 179 END
START -668 4092 8280 6240 1186 284 END
START -344 4168 8220 6368 1282 441 END
START -164 4436 8144 6516 1396 572 END
START -136 4476 8364 6699 1471 724 END
START -24 4640 8596 6871 1495 885 END
START -188 4520 8848 7125 1444 1048 END
START -212 4544 9224 7301 1278 1200 END
START -448 4588 9444 7437 1077 1415 END
START -640 4756 9788 7649 780 1590 END
START -656 4896 9708 7852 562 1762 END
START -772 4996 9832 8029 326 1935 END
START -684 5028 10064 8194 155 2078 END
START -720 4948 10224 8315 1 2189 END
START -732 5004 10124 8379 -121 2277 END
START -660 4984 10164 8400 -128 2349 END
START -620 5084 10168 8394 -141 2423 END
START -376 5112 10344 8354 -54 2484 END
START -84 4912 10296 8216 160 2483 END
START 72 4776 10376 8116 336 2518 END
START 164 4988 10420 7991 631 2530 END
START 244 4948 10184 7885 928 2560 END
START 164 5164 10460 7767 1210 2645 END
START 200 5176 10504 7636 1510 2690 END
START 132 5100 10604 7538 1743 2810 END
START 144 5004 10628 7507 1889 2964 END
START -64 5016 10684 7494 2096 3034 END
START -316 5104 10452 7580 2245 3197 END
START -508 4984 10260 7729 2411 3341 END
START -704 4824 10208 7927 2597 3499 END
START -1396 4448 10072 8225 2697 3600 END
START -1944 4160 10276 8589 2803 3610 END
START -2476 3952 10332 8945 2863 3577 END
START -2936 3716 10648 9311 2855 3465 END
START -3228 3520 11172 9658 2821 3326 END
START -3468 3392 11668 9936 2758 3160 END
START -3516 3408 12108 10135 2661 3003 END
START -3604 3536 12620 10274 2558 2844 END
START -3656 3732 12968 10371 2466 2726 END
START -3528 3808 13384 10338 2415 2599 END
START -3376 3980 13588 10276 2371 2552 END
START -3152 4116 13980 10170 2343 2525 END
START -2960 4132 14256 10029 2350 2506 END
START -2920 4420 14356 9920 2360 2525 END
START -2916 4624 14460 9785 2341 2580 END
START -2828 4716 14568 9723 2343 2651 END
START -2776 4664 14512 9690 2323 2706 END
START -2828 4696 14508 9697 2366 2799 END
START -2796 4632 14472 9701 2370 2884 END
START -2680 4724 14704 9717 2361 2974 END
START -2876 4748 14816 9713 2398 3089 END
START -2996 4680 15024 9711 2329 3213 END
START -3092 4672 15156 9709 2309 3249 END
START -3280 4752 15540 9653 2259 3343 END
START -3240 4672 15592 9603 2224 3393 END
START -3416 4596 16076 9501 2108 3477 END
START -3704 4676 16392 9423 1988 3523 END
START -3884 4468 16856 9304 1867 3550 END
START -4156 4444 16980 9197 1771 3543 END
START -4384 4272 17260 8988 1722 3505 END
START -4792 4336 17488 8785 1652 3325 END
START -4928 4344 17384 8491 1720 3207 END
START -5248 4356 17684 8181 1802 2999 END
START -5644 4504 17528 7808 1939 2834 END
START -5880 4392 17512 7439 2213 2601 END
START -6180 4244 17504 7056 2467 2364 END
START -6556 3992 17560 6711 2758 2131 END
START -6852 3876 17464 6308 3065 1852 END
START -7124 3928 17588 5963 3341 1574 END
START -7536 3896 17772 5651 3551 1275 END
START -7796 3944 17844 5391 3637 1010 END
START -7956 3808 17984 5220 3667 782 END
START -8100 3872 17948 5093 3589 556 END
START -8176 3868 17752 5120 3502 386 END
START -8320 3900 17708 5214 3325 257 END
START -8520 3772 17544 5415 3157 151 END
START -8640 3788 17508 5623 2950 46 END
START -8628 3620 17360 5887 2715 -24 END
START -8596 3492 17012 6167 2569 -133 END
START -8588 3392 17052 6512 2397 -255 END
START -8696 3332 16836 6829 2272 -389 END
START -8460 3424 16916 7243 2109 -502 END
START -8452 3276 16904 7561 2017 -582 END
START -8136 3216 17072 7872 1970 -651 END
START -8236 3368 17224 8100 1880 -704 END
START -8292 3556 17536 8343 1807 -778 END
START -8180 3732 17704 8485 1742 -811 END
START -8236 3980 18008 8579 1629 -799 END
START -8180 3996 18360 8665 1549 -757 END
START -8264 4064 18444 8713 1405 -695 END
START -8348 4200 18348 8744 1312 -672 END
START -8436 4256 18344 8696 1258 -651 END
START -8644 4136 18524 8667 1227 -609 END
START -9016 4152 18532 8714 1243 -558 END
START -9484 4128 18476 8772 1261 -536 END
START -9904 3912 18748 8823 1199 -665 END
START -10584 3604 18908 8800 1099 -896 END
START -11312 3380 19244 8773 995 -1222 END
START -11864 3212 19460 8748 792 -1649 END
START -12240 2928 19716 8728 590 -2125 END
START -12504 2972 19924 8704 317 -2657 END
START -12552 2976 20004 8635 31 -3152 END
START -12484 3260 20132 8595 -208 -3678 END
START -12452 3468 20316 8527 -469 -4108 END
START -12312 3764 20180 8434 -619 -4555 END
START -12176 3876 20484 8289 -777 -4922 END
START -11852 4004 20520 8132 -907 -5273 END
START -11640 3960 20388 7911 -894 -5715 END
START -11224 4132 20428 7669 -875 -6127 END
START -10916 4384 20220 7427 -775 -6490 END
START -10468 4616 20096 7150 -619 -6829 END
START -10056 4828 20064 6845 -352 -7085 END
START -9672 5124 19796 6547 -55 -7252 END
START -9572 5196 19648 6253 283 -7383 END
START -9228 5484 19432 5918 604 -7436 END
START -9176 5648 19456 5680 967 -7492 END
START -9072 5616 19664 5447 1283 -7528 END
START -9008 5584 19476 5259 1554 -7528 END
START -9172 5552 19640 5132 1627 -7542 END
START -9372 5504 19864 5067 1622 -7559 END
START -9436 5492 20164 5075 1515 -7560 END
START -9548 5532 19788 5105 1245 -7543 END
START -9564 5668 19888 5218 994 -7577 END
START -9504 5824 19876 5402 618 -7569 END
START -9236 5852 19824 5644 223 -7502 END
START -9012 5924 19688 5890 -140 -7415 END
START -8696 5920 19792 6158 -585 -7294 END
START -8364 6084 19424 6478 -948 -7142 END
START -8152 6232 19280 6765 -1316 -6993 END
START -7824 6304 19212 7065 -1576 -6820 END
START -7516 6240 19196 7360 -1855 -6697 END
START -7336 6300 19212 7523 -2041 -6596 END
START -7116 6288 19312 7643 -2182 -6529 END
START -6944 6308 19416 7633 -2288 -6488 END
START -6740 6300 19456 7531 -2331 -6459 END
START -6452 6308 19384 7370 -2318 -6470 END
START -6092 6540 19112 7203 -2140 -6460 END
START -5828 6564 19024 7005 -1883 -6408 END
START -5752 6660 18884 6835 -1593 -6403 END
START -5656 6600 19072 6626 -1293 -6391 END
START -5488 6488 19144 6383 -1042 -6364 END
START -5484 6288 19256 6149 -913 -6400 END
START -5532 6160 19408 5973 -754 -6468 END
START -5548 6072 19328 5858 -593 -6500 END
START -5756 6016 19172 5806 -520 -6595 END
START -5816 5960 19168 5811 -446 -6679 END
START -6024 5948 19200 5829 -377 -6794 END
START -6012 5796 19516 5844 -340 -6946 END
START -6020 5772 19528 5865 -347 -7103 END
START -6012 5752 19752 5877 -235 -7279 END
START -5800 5788 20012 5816 -212 -7494 END
START -5636 5996 20212 5796 -106 -7632 END
START -5428 6256 20668 5693 -92 -7748 END
START -5104 6308 20988 5497 10 -7786 END
START -4920 6616 21264 5334 10 -7790 END
START -4712 6852 21580 5066 95 -7763 END
START -4540 7076 21692 4827 170 -7686 END
START -4272 7120 21936 4531 260 -7603 END
START -4120 7340 22308 4242 364 -7509 END
START -3904 7392 22540 3937 485 -7414 END
START -3860 7500 23008 3586 550 -7298 END
START -3820 7600 23424 3147 551 -7161 END
START -3880 7816 23864 2708 474 -7003 END
START -3876 7756 24156 2271 279 -6816 END
START -3912 7604 24188 1860 22 -6664 END
START -3668 7432 23976 1503 -198 -6498 END
START -3560 7376 23872 1209 -390 -6372 END
START -3528 7388 23640 959 -559 -6230 END
START -3324 7368 23400 760 -708 -6089 END
START -3204 7304 23240 545 -822 -5895 END
START -3092 7320 22696 354 -890 -5700 END
START -2852 7244 22376 165 -888 -5501 END
START -2808 6876 22008 -8 -795 -5293 END
START -2820 6800 21756 -158 -676 -5142 END
START -3120 6636 21564 -291 -585 -4990 END
START -3348 6432 21476 -386 -461 -4860 END
START -3532 6164 21296 -477 -405 -4829 END
START -3872 5900 21284 -566 -313 -4825 END
START -4140 5488 21060 -589 -248 -4874 END
START -4256 5328 21120 -648 -198 -4974 END
START -4420 5376 21100 -661 -176 -5127 END
START -4708 5200 21316 -694 -201 -5231 END
START -4752 5156 21540 -732 -306 -5418 END
START -4984 5024 21680 -787 -406 -5613 END
START -5040 5036 21768 -827 -561 -5826 END
START -5076 4968 22076 -890 -730 -6107 END
START -4924 5088 22340 -924 -853 -6363 END
START -4944 5376 22344 -1032 -976 -6649 END
START -4596 5680 22560 -1116 -1092 -6869 END
START -4136 6260 22660 -1245 -1135 -7047 END
START -3576 6724 23076 -1388 -1192 -7132 END
START -3088 6968 23056 -1598 -1240 -7139 END
START -2528 7208 23460 -1828 -1193 -7124 END
START -2224 7768 23440 -2088 -1221 -7016 END
START -1824 8456 23540 -2404 -1128 -6818 END
START -1436 8928 23512 -2736 -1070 -6560 END
START -1128 9328 23356 -3076 -978 -6256 END
START -932 9296 23340 -3369 -871 -5904 END
START -792 9248 23360 -3591 -800 -5550 END
START -800 8996 23376 -3779 -782 -5253 END
START -852 9048 23580 -3905 -841 -4992 END
START -844 9084 23532 -4003 -943 -4758 END
START -732 8916 23764 -4070 -1155 -4512 END
START -664 8968 23840 -4194 -1450 -4263 END
START -480 8588 24008 -4314 -1755 -4025 END
START -348 8556 24024 -4474 -2171 -3771 END
START -24 8440 23928 -4642 -2448 -3550 END
START 168 8208 23608 -4812 -2768 -3313 END
START 408 8316 23284 -4991 -2989 -3124 END
START 660 8360 23044 -5126 -3257 -2903 END
START 884 8308 22440 -5290 -3414 -2640 END
START 1116 8248 22240 -5423 -3518 -2445 END
START 1500 8220 21880 -5573 -3520 -2170 END
START 1724 8112 21584 -5723 -3471 -1923 END
START 1848 7988 21324 -5905 -3381 -1693 END
START 2076 8020 21376 -6107 -3230 -1487 END
START 2192 8024 21300 -6356 -3089 -1243 END
START 2064 8036 21288 -6641 -2961 -1022 END
START 2084 7952 21208 -6937 -2827 -833 END
START 1828 7904 21180 -7258 -2703 -675 END
START 1696 7936 21036 -7527 -2607 -538 END
START 1516 7892 21072 -7805 -2468 -448 END
START 1328 7924 20920 -8009 -2315 -344 END
START 1260 7700 20816 -8274 -2056 -291 END
START 1148 7784 21056 -8585 -1873 -262 END
START 808 7896 21176 -8923 -1615 -265 END
START 684 7916 21340 -9284 -1387 -261 END
START 480 8056 21268 -9710 -1145 -281 END
START 376 8160 21276 -10147 -990 -267 END
START 232 8056 21396 -10624 -691 -202 END
START 144 8236 21368 -11112 -494 -154 END
START 76 8356 21312 -11579 -246 -115 END
START -128 8564 21144 -12024 26 -5 END
START -8 8592 21212 -12457 206 114 END
START -100 8488 21112 -12827 316 256 END
START -68 8240 21264 -13228 363 450 END
START -264 8044 21192 -13537 301 603 END
START -380 7848 20936 -13736 167 806 END
START -576 7664 20896 -13911 15 947 END
START -808 7472 20776 -13982 -214 1101 END
START -1056 7096 20676 -14000 -551 1267 END
START -1104 6884 20076 -14003 -886 1408 END
START -1352 6708 19704 -13953 -1137 1517 END
START -1552 6540 19412 -13902 -1439 1631 END
START -1872 6184 18856 -13786 -1655 1729 END
START -1904 5932 18384 -13637 -1845 1757 END
START -2196 5576 18068 -13486 -2007 1793 END
START -2356 5276 17660 -13274 -2099 1752 END
START -2380 5120 17232 -13103 -2184 1645 END
START -2588 4868 17364 -12902 -2210 1561 END
START -2620 4780 17124 -12737 -2294 1488 END
START -2688 4768 16968 -12599 -2328 1438 END
START -2684 4712 16944 -12493 -2388 1451 END
START -2792 4692 17036 -12469 -2433 1462 END
START -2956 4616 17004 -12424 -2503 1484 END
START -2848 4564 16904 -12425 -2567 1482 END
START -2884 4496 16812 -12468 -2650 1500 END
START -2756 4320 16564 -12524 -2650 1562 END
START -2704 4268 16428 -12548 -2594 1577 END
START -2840 4080 16028 -12569 -2566 1592 END
START -3052 3940 16000 -12618 -2550 1589 END
START -3080 3680 15692 -12658 -2546 1562 END
START -3228 3528 15472 -12681 -2559 1525 END
START -3364 3544 15144 -12699 -2564 1447 END
START -3564 3488 14800 -12660 -2623 1399 END
START -3456 3376 14620 -12613 -2620 1329 END
START -3392 3128 14340 -12547 -2651 1257 END
START -3412 3148 14164 -12462 -2703 1159 END
START -3328 3152 13904 -12371 -2756 1109 END
START -3440 3268 13684 -12326 -2784 1072 END
START -3408 3072 13620 -12235 -2908 1057 END
START -3520 3164 13368 -12187 -3007 1060 END
START -3628 2996 13016 -12119 -3069 1056 END
START -3760 2816 12828 -12102 -3155 1016 END
START -3760 2664 12612 -11987 -3201 923 END
START -3860 2556 12360 -11971 -3246 829 END
START -3792 2364 12156 -11933 -3281 717 END
START -3728 2252 11772 -11833 -3227 594 END
START -3708 2300 11692 -11827 -3162 516 END
START -3844 2264 11332 -11782 -3154 375 END
START -3928 2432 11180 -11816 -3167 298 END
START -4020 2384 10824 -11801 -3181 180 END
START -3972 2044 10396 -11729 -3219 61 END
START -4180 1852 10120 -11624 -3235 -56 END
START -4360 1788 9968 -11421 -3248 -267 END
START -4580 1768 9808 -11222 -3314 -476 END
START -4784 1784 9784 -11085 -3455 -715 END
START -4688 1864 9536 -10930 -3599 -941 END
START -4600 1760 9324 -10797 -3702 -1111 END
START -4448 2072 9204 -10685 -3840 -1235 END
START -4256 2132 9028 -10640 -3963 -1325 END
START -3984 2296 8704 -10560 -4044 -1364 END
START -3672 2220 8320 -10525 -4038 -1369 END
START -3452 2224 7880 -10463 -3997 -1376 END
START -3260 2188 7564 -10411 -3900 -1342 END
START -3132 2112 7488 -10338 -3820 -1346 END
START -3164 2168 7012 -10217 -3730 -1300 END
START -2996 2060 7036 -10090 -3618 -1324 END
START -3060 1924 6728 -9982 -3533 -1346 END
START -3184 1840 6228 -9877 -3447 -1348 END
START -3112 1880 6084 -9720 -3383 -1386 END
START -3044 1808 5728 -9556 -3324 -1372 END
START -2992 1604 5520 -9330 -3225 -1394 END
START -2896 1728 5128 -9107 -3146 -1386 END
START -2868 1800 5120 -8871 -3075 -1385 END
START -2772 1772 5148 -8665 -3130 -1354 END
START -2684 1964 5132 -8521 -3152 -1288 END
START -2496 1912 4876 -8404 -3227 -1229 END
START -2432 1900 4832 -8238 -3309 -1157 END
START -2248 1840 4404 -8095 -3376 -1072 END
START -2416 1724 4104 -7917 -3429 -1069 END
START -2432 1624 3704 -7681 -3473 -1049 END
START -2404 1552 3504 -7372 -3573 -1013 END
START -2528 1368 3144 -7046 -3707 -1005 END
START -2416 1384 2812 -6653 -3881 -980 END
START -2456 1408 2680 -6265 -3994 -961 END
START -2348 1360 2396 -5888 -4150 -911 END
START -2172 1488 2204 -5466 -4271 -860 END
START -2076 1540 2112 -5059 -4362 -791 END
START -1796 1508 2084 -4689 -4507 -654 END
START -1564 1564 2164 -4358 -4634 -549 END
START -1328 1720 2004 -4002 -4743 -346 END
START -1040 1872 2160 -3786 -4790 -169 END
START -832 2016 2192 -3557 -4869 96 END
START -660 1976 2236 -3392 -4927 349 END
START -308 1920 2564 -3235 -4944 615 END
START -148 2008 2464 -3118 -4953 907 END
START 156 1724 2320 -2975 -4933 1158 END
START 272 1860 2540 -2830 -4822 1456 END