START 3976 1840 5212 -6278 -1998 4082 END
START 3784 1416 5104 -5935 -1919 4522 END
START 3416 1272 4768 -5547 -1720 4909 END
START 3060 1284 4536 -5157 -1516 5228 END
START 2784 1368 4336 -4803 -1255 5460 END
START 2424 1360 4000 -4442 -1018 5639 END
START 1836 1352 3792 -4161 -782 5730 END
START 1496 1148 3604 -3877 -539 5770 END
START 1216 984 3156 -3638 -316 5749 END
START 1424 708 2932 -3440 5 5719 END
START 1208 604 2600 -3212 343 5635 END
START 1276 516 2460 -2992 786 5566 END
START 1180 272 2112 -2737 1311 5467 END
START 964 16 1928 -2431 1864 5396 END
START 792 -120 1944 -2137 2376 5270 END
START 536 96 1584 -1801 2920 5104 END
START 404 188 1524 -1493 3433 4950 END
START 164 432 1540 -1181 3958 4749 END
START 40 748 1624 -876 4378 4590 END
START -112 968 1468 -602 4741 4447 END
START -224 1312 1640 -348 5151 4318 END
START -112 1512 1732 -98 5490 4246 END
START -84 1552 1840 153 5861 4179 END
START -152 1656 1988 370 6198 4168 END
START -192 1664 2088 641 6447 4213 END
START -164 1780 2344 902 6570 4235 END
START -76 1816 2288 1218 6671 4293 END
START -40 1924 2436 1593 6761 4373 END
START -44 1848 2712 1965 6777 4456 END
START -32 1864 2736 2333 6801 4545 END
START -104 1976 2876 2710 6789 4663 END
START 32 2060 3152 3059 6747 4760 END
START 72 2208 3348 3344 6636 4901 END
START -88 2396 3304 3623 6557 5046 END
START -12 2372 3612 3867 6396 5228 END
START -56 2492 3780 4074 6286 5414 END
START -124 2484 3916 4313 6066 5625 END
START -268 2528 3908 4563 5865 5801 END
START -344 2404 3968 4813 5602 6035 END
START -268 2324 3808 5126 5330 6221 END
START -296 2212 3828 5411 5133 6412 END
START -416 2012 3880 5727 4923 6591 END
START -428 1848 3856 6036 4755 6719 END
START -684 1744 3776 6313 4587 6832 END
START -840 1588 3868 6526 4537 6931 END
START -896 1480 3684 6714 4518 6965 END
START -1092 1356 3580 6940 4509 6976 END
START -1240 1208 3604 7118 4595 6920 END
START -1436 1272 3516 7259 4796 6832 END
START -1712 1188 3468 7441 4905 6732 END
START -1980 1192 3468 7576 5113 6562 END
START -2208 924 3696 7707 5275 6408 END
START -2164 916 3660 7823 5468 6239 END
START -2312 892 3612 7943 5698 6027 END
START -2424 788 3836 8091 5935 5862 END
START -2384 784 4080 8242 6206 5706 END
START -2556 968 4260 8404 6491 5522 END
START -2612 1188 4484 8530 6666 5430 END
START -2820 1168 4956 8712 6850 5277 END
START -3016 1500 5424 8875 6932 5146 END
START -3136 1500 5604 9053 6948 5024 END
START -3248 1384 6112 9214 6930 4924 END
START -3112 1344 6644 9385 6843 4792 END
START -3168 1192 6976 9525 6823 4703 END
START -3148 1056 7284 9654 6730 4576 END
START -3052 1024 7872 9733 6740 4443 END
START -2972 1204 7920 9758 6701 4361 END
START -2896 1288 8336 9811 6709 4255 END
START -2932 1452 8684 9789 6644 4184 END
START -2912 1568 8728 9775 6523 4125 END
START -2812 1668 9216 9732 6393 4138 END
START -2812 1824 9388 9709 6268 4108 END
START -3000 1864 9528 9726 6064 4176 END
START -2968 1868 9768 9760 5897 4200 END
START -3068 1996 9576 9862 5756 4221 END
START -3152 2032 9912 9963 5563 4238 END
START -3220 2076 10136 10071 5424 4186 END
START -3220 2076 10504 10185 5239 4148 END
START -3324 2040 10572 10260 5090 4151 END
START -3104 2128 10940 10332 4987 4092 END
START -2948 2136 11072 10363 4952 4118 END
START -3104 2044 11420 10388 4873 4130 END
START -3208 2092 11828 10349 4807 4167 END
START -3256 2112 11836 10387 4747 4138 END
START -3368 2124 12232 10396 4662 4105 END
START -3504 1896 12444 10440 4558 3989 END
START -3724 1860 12460 10532 4439 3870 END
START -3644 1840 12784 10664 4351 3719 END
START -3812 1744 12920 10821 4276 3558 END
START -3912 1712 13172 10980 4232 3380 END
START -3948 1668 13340 11165 4166 3191 END
START -4012 1840 13640 11324 4117 2995 END
START -4004 2092 14064 11526 4076 2828 END
START -4060 2292 14276 11683 4045 2663 END
START -4060 2484 14580 11748 4054 2543 END
START -3984 2584 14884 11746 4001 2462 END
START -3928 2760 15048 11985 4041 2400 END
START -3960 2736 15364 12013 4053 2365 END
START -3904 2964 15732 12060 4131 2342 END
START -3908 3108 15784 12143 4169 2270 END
START -3892 3296 16256 12192 4153 2299 END
START -4024 3400 16584 12230 4118 2252 END
START -3892 3300 17124 12124 4012 2256 END
START -4004 3212 17272 12125 3916 2304 END
START -4136 3252 17720 12237 3689 2279 END
START -4164 3380 17976 12394 3447 2277 END
START -4096 3464 18328 12202 3238 2236 END
START -4020 3420 18424 12498 3032 2162 END
START -3884 3440 18560 12320 2853 2080 END
START -3844 3396 18660 12434 2697 2034 END
START -3640 3320 18764 12481 2574 2043 END
START -3576 3304 18768 12206 2452 2038 END
START -3328 3088 18784 12163 2445 2047 END
START -3152 3052 18760 12065 2521 2070 END
START -3052 3024 18856 11776 2703 2064 END
START -3024 3116 18812 11830 2938 2068 END
START -2872 2996 18824 11602 3153 2080 END
START -2920 3384 18840 11490 3532 2122 END
START -2836 3528 18848 11366 3891 2235 END
START -2896 3800 19208 11158 4240 2382 END
START -3000 4188 19176 10933 4630 2609 END
START -3192 4516 19732 10717 4982 2932 END
START -3600 4712 20068 10568 5257 3289 END
START -4056 4672 20516 10474 5360 3608 END
START -4368 4496 21004 10446 5312 3902 END
START -4748 4056 21364 10463 5200 4132 END
START -5116 3608 21664 10453 5012 4279 END
START -5408 3248 22288 10408 4682 4329 END
START -6080 3008 22940 10422 4227 4326 END
START -6496 2788 23384 10364 3660 4321 END
START -6944 2472 23528 10286 3041 4209 END
START -7256 2100 23848 10143 2358 3989 END
START -7656 1792 23944 10059 1713 3755 END
START -7808 1632 23848 9890 1108 3460 END
START -7912 1368 23756 9705 522 3138 END
START -7948 1116 23088 9533 56 2753 END
START -7968 876 22868 9369 -225 2346 END
START -7800 788 22252 9204 -447 1969 END
START -7688 656 21812 9034 -506 1547 END
START -7528 624 21260 8891 -410 1148 END
START -7388 736 20708 8735 -312 770 END
START -7420 796 20428 8632 -55 459 END
START -7168 1084 20056 8585 225 182 END
START -7224 1172 19876 8480 585 -81 END
START -7068 1192 19584 8402 925 -335 END
START -7012 1264 19788 8355 1326 -548 END
START -6956 1172 19792 8264 1716 -767 END
START -6724 1392 19796 8122 2139 -962 END
START -6728 1496 19972 7984 2476 -1148 END
START -6676 1712 20336 7765 2842 -1310 END
START -6760 1952 20588 7529 3061 -1409 END
START -6732 2060 20976 7257 3279 -1539 END
START -6888 1920 21296 6995 3344 -1617 END
START -6804 1876 21188 6801 3391 -1696 END
START -6696 1748 21240 6664 3422 -1776 END
START -6768 1636 21316 6599 3373 -1821 END
START -6872 1720 21560 6598 3318 -1911 END
START -6864 1816 21652 6627 3175 -2050 END
START -6968 1756 21760 6667 3016 -2127 END
START -6960 1800 21896 6692 2797 -2183 END
START -7056 1744 22024 6768 2533 -2273 END
START -7048 1632 22200 6793 2289 -2344 END
START -7192 1668 22436 6868 1969 -2421 END
START -7188 1688 22532 6921 1626 -2494 END
START -7232 1648 22676 6935 1252 -2597 END
START -7296 1676 22684 6971 913 -2738 END
START -7432 1680 22792 6964 618 -2855 END
START -7432 1712 22820 6949 289 -3084 END
START -7408 1592 22572 6925 53 -3328 END
START -7296 1520 22436 6856 -61 -3589 END
START -7144 1628 22340 6761 -189 -3864 END
START -6912 1892 22196 6620 -150 -4175 END
START -6848 2020 22084 6454 -42 -4421 END
START -6656 2276 22132 6224 109 -4658 END
START -6336 2744 22188 5968 283 -4765 END
START -6100 3224 22128 5723 459 -4886 END
START -5840 3316 22372 5430 631 -4944 END
START -5644 3384 22168 5118 853 -4949 END
START -5328 3324 22316 4836 1075 -4987 END
START -5152 3388 22424 4519 1304 -5015 END
START -4932 3520 22600 4210 1485 -5039 END
START -4940 3544 22684 3944 1704 -5068 END
START -4832 3636 22804 3701 1806 -5085 END
START -4776 3996 22952 3458 1885 -5072 END
START -4544 4104 22840 3245 1908 -5057 END
START -4368 4204 22948 3026 1913 -5024 END
START -4204 4148 23128 2841 1902 -5010 END
START -4164 4204 23144 2638 1857 -4948 END
START -3952 4340 22924 2450 1854 -4863 END
START -4008 4568 23036 2262 1761 -4763 END
START -4032 4744 22880 2097 1680 -4663 END
START -4044 4908 22844 1937 1541 -4534 END
START -4080 4844 22972 1817 1398 -4460 END
START -4016 4648 22856 1726 1205 -4371 END
START -3956 4428 22720 1602 1056 -4357 END
START -3924 4192 22632 1485 992 -4335 END
START -3852 4176 22496 1358 881 -4385 END
START -3944 4132 22308 1249 845 -4440 END
START -3844 4268 22224 1127 818 -4483 END
START -3904 4352 22036 1006 883 -4558 END
START -3780 4424 22012 902 939 -4650 END
START -3760 4500 21984 759 1027 -4689 END
START -3796 4496 22184 597 1069 -4713 END
START -3744 4516 22000 473 1184 -4761 END
START -3576 4632 22052 323 1308 -4789 END
START -3508 4688 22256 234 1381 -4802 END
START -3624 4876 22672 105 1508 -4776 END
START -3784 5072 23060 -69 1498 -4716 END
START -3724 5168 23576 -269 1420 -4665 END
START -3824 5384 23848 -517 1315 -4593 END
START -3916 5204 24296 -811 1149 -4530 END
START -3776 5180 24600 -1119 1007 -4498 END
START -3752 4964 24660 -1468 791 -4468 END
START -3632 4908 24984 -1793 565 -4387 END
START -3496 4804 24812 -2114 362 -4381 END
START -3388 5008 24580 -2461 181 -4308 END
START -3296 5040 24520 -2745 -4 -4238 END
START -3044 5120 24288 -3041 -137 -4171 END
START -2928 5100 23892 -3261 -222 -4088 END
START -2888 5056 23760 -3491 -281 -4016 END
START -2736 5096 23564 -3716 -349 -3883 END
START -2576 5156 23584 -3950 -363 -3741 END
START -2376 5108 23276 -4181 -335 -3596 END
START -2552 5064 23204 -4445 -267 -3426 END
START -2464 5068 22968 -4748 -156 -3274 END
START -2512 5060 22796 -5082 13 -3117 END
START -2416 5072 22692 -5390 181 -2952 END
START -2396 4936 22600 -5679 407 -2801 END
START -2664 4680 22568 -5969 632 -2665 END
START -2668 4452 22360 -6212 876 -2601 END
START -2888 4392 22232 -6391 1146 -2510 END
START -3180 4380 22400 -6567 1338 -2484 END
START -3376 4408 22524 -6697 1488 -2458 END
START -3708 4456 22640 -6834 1572 -2412 END
START -3832 4224 22840 -6925 1591 -2394 END
START -4024 4028 22816 -7001 1595 -2391 END
START -4244 3892 22824 -7057 1544 -2394 END
START -4352 3716 22884 -7138 1477 -2395 END
START -4608 3652 22952 -7191 1397 -2457 END
START -4772 3472 22772 -7284 1287 -2548 END
START -4816 3356 22712 -7367 1209 -2624 END
START -5040 3388 22612 -7410 1105 -2751 END
START -4940 3148 22728 -7501 972 -2894 END
START -5052 3084 22648 -7521 880 -2953 END
START -5132 3240 22572 -7582 778 -3052 END
START -5236 3424 22464 -7661 659 -3137 END
START -5240 3448 22240 -7700 638 -3192 END
START -5304 3492 22332 -7778 489 -3241 END
START -5312 3316 22244 -7861 456 -3290 END
START -5200 3200 21932 -7978 453 -3321 END
START -5200 3216 21864 -8137 484 -3380 END
START -5168 3192 21824 -8287 531 -3447 END
START -5228 3192 21708 -8463 616 -3492 END
START -5044 3096 21740 -8651 716 -3572 END
START -4828 3152 21588 -8890 830 -3634 END
START -4696 3180 21596 -9087 929 -3716 END
START -4540 3308 21404 -9266 1069 -3746 END
START -4444 3344 21360 -9425 1246 -3761 END
START -4476 3584 21384 -9607 1471 -3749 END
START -4332 3832 21212 -9790 1649 -3687 END
START -4316 3976 21312 -9996 1881 -3580 END
START -4184 3944 21028 -10249 2101 -3466 END
START -4012 3964 20956 -10528 2347 -3368 END
START -3916 4140 20724 -10820 2620 -3318 END
START -4020 4108 20632 -11106 2933 -3192 END
START -4076 4144 20576 -11408 3197 -3113 END
START -4348 4204 20692 -11681 3401 -2998 END
START -4456 4260 20668 -11926 3526 -2896 END
START -4756 3988 20464 -12153 3532 -2815 END
START -4776 4000 20576 -12319 3449 -2797 END
START -5060 3952 20548 -12439 3338 -2780 END
START -5192 3844 20560 -12498 3076 -2800 END
START -5320 3716 20416 -12568 2709 -2846 END
START -5612 3556 20212 -12525 2209 -2903 END
START -5580 3488 19944 -12439 1700 -3004 END
START -5624 3348 19648 -12231 1198 -3044 END
START -5520 3396 19084 -12043 729 -3135 END
START -5408 3272 18668 -11879 290 -3231 END
START -5440 3156 18300 -11644 -39 -3312 END
START -5180 3292 17964 -11440 -335 -3434 END
START -5096 3404 17500 -11256 -589 -3537 END
START -5132 3472 17116 -11126 -772 -3639 END
START -5028 3628 16916 -11042 -853 -3735 END
START -4772 3684 16632 -10965 -881 -3825 END
START -4568 3688 16484 -10943 -845 -3957 END
START -4424 3928 16364 -11020 -793 -4065 END
START -4400 3972 16076 -11121 -741 -4172 END
START -4196 4020 16064 -11230 -741 -4248 END
START -4124 4072 15980 -11375 -680 -4332 END
START -3908 4244 15808 -11499 -726 -4420 END
START -3728 4276 15592 -11648 -719 -4483 END
START -3536 4468 15324 -11763 -766 -4527 END
START -3380 4696 15300 -11827 -829 -4539 END
START -3196 4908 15124 -11935 -972 -4543 END
START -3192 5160 14964 -11980 -1155 -4451 END
START -2892 5232 14556 -12064 -1364 -4352 END
START -2696 5180 14264 -12103 -1603 -4218 END
START -2680 5248 13828 -12156 -1818 -4080 END
START -2344 5300 13428 -12167 -2066 -3981 END
START -2188 5132 12884 -12181 -2254 -3912 END
START -2012 5232 12400 -12218 -2415 -3792 END
START -1696 5104 11860 -12207 -2632 -3724 END
START -1704 5132 11700 -12199 -2786 -3595 END
START -1564 5152 10956 -12119 -2963 -3508 END
START -1316 5232 10340 -12006 -3206 -3385 END
START -1240 5280 10136 -11844 -3363 -3233 END
START -1152 5208 9648 -11579 -3546 -3088 END
START -1048 5056 9124 -11342 -3696 -2932 END
START -928 4988 8484 -11081 -3863 -2759 END
START -684 4668 8144 -10819 -4023 -2637 END
START -648 4660 7536 -10522 -4127 -2487 END
START -676 4508 7300 -10238 -4255 -2347 END
START -708 4356 6792 -9973 -4261 -2199 END
START -740 4356 6636 -9682 -4303 -2080 END
START -716 4204 6252 -9397 -4265 -1940 END
START -692 4056 5724 -9215 -4217 -1829 END
START -696 4020 5336 -9002 -4164 -1746 END
START -632 3924 4924 -8830 -3997 -1657 END
START -748 3796 4508 -8649 -3865 -1587 END
START -684 3740 4044 -8519 -3622 -1497 END
START -908 3624 3644 -8294 -3422 -1426 END
START -1008 3512 3512 -8087 -3195 -1373 END
START -1364 3264 3320 -7786 -3116 -1358 END
START -1548 2980 3192 -7536 -3057 -1377 END
START -1752 2740 2904 -7200 -3074 -1420 END
START -1860 2556 2812 -6834 -3126 -1507 END
START -1984 2232 2660 -6488 -3244 -1608 END
START -1916 2048 2412 -6105 -3353 -1704 END
START -1908 1884 2108 -5753 -3472 -1786 END
START -1800 1956 1704 -5419 -3512 -1881 END
START -1696 1692 1288 -5096 -3468 -1936 END
START -1540 1800 1064 -4761 -3368 -1995 END
START -1512 1836 660 -4449 -3231 -2034 END
START -1448 1844 368 -4148 -3049 -2087 END
START -1404 1824 276 -3836 -2842 -2095 END
START -1304 1900 264 -3540 -2577 -2094 END
START -1440 1756 176 -3221 -2396 -2131 END
START -1540 1660 128 -2904 -2175 -2116 END
START -1576 1668 128 -2594 -2005 -2168 END
START -1624 1644 224 -2264 -1903 -2181 END
START -1588 1704 72 -1983 -1784 -2237 END
START -1636 1632 100 -1634 -1677 -2285 END
START -1536 1692 108 -1322 -1571 -2366 END
START -1576 1612 84 -990 -1492 -2426 END
START -1492 1688 164 -662 -1395 -2483 END
START -1236 1772 -48 -326 -1282 -2543 END