START -13960 -4788 13944 -1047 -2091 -5001 END
START -13860 -4460 13688 -750 -2653 -5611 END
START -13628 -4024 13488 -519 -3105 -6219 END
START -13460 -3516 13208 -252 -3574 -6674 END
START -13440 -3172 12944 -44 -3877 -7048 END
START -12976 -2792 12456 107 -4163 -7343 END
START -12652 -2580 12220 193 -4345 -7604 END
START -12236 -2428 12064 292 -4405 -7790 END
START -11932 -2368 11860 287 -4364 -7928 END
START -11416 -2356 11604 275 -4216 -8073 END
START -11084 -2256 11472 245 -4025 -8188 END
START -10920 -2172 11260 190 -3777 -8277 END
START -10604 -2164 11284 134 -3410 -8400 END
START -10448 -2100 10992 126 -3116 -8483 END
START -10452 -2064 11056 68 -2827 -8567 END
START -10352 -2056 10904 -36 -2507 -8651 END
START -10332 -2096 11008 -14 -2247 -8761 END
START -10508 -2068 11264 -5 -2024 -8845 END
START -10596 -2328 11392 29 -1861 -9006 END
START -10880 -2464 11628 86 -1813 -9149 END
START -11300 -2644 12112 187 -1916 -9358 END
START -11756 -3008 12400 324 -2081 -9691 END
START -12096 -3156 12772 408 -2558 -10035 END
START -12472 -3404 13000 582 -3166 -10493 END
START -12636 -3312 13156 723 -3930 -11019 END
START -12840 -3376 13216 933 -4714 -11567 END
START -13044 -3160 13208 1179 -5589 -12133 END
START -13236 -3104 13136 1484 -6532 -12727 END
START -13252 -2964 13064 1794 -7444 -13262 END
START -13104 -2824 12692 2182 -8358 -13763 END
START -12804 -2868 12268 2566 -9220 -14310 END
START -12688 -2856 11784 2924 -9948 -14772 END
START -12392 -2672 11184 3369 -10647 -15313 END
START -12052 -2604 10852 3753 -11153 -15785 END
START -11692 -2160 10500 4121 -11620 -16304 END
START -11088 -1856 9852 4474 -11892 -16781 END
START -10452 -1488 9332 4745 -12081 -17235 END
START -9932 -1192 8880 5023 -12183 -17579 END
START -9412 -780 8344 5231 -12105 -17883 END
START -8716 -384 7812 5392 -11833 -18140 END
START -8016 -48 7444 5490 -11507 -18311 END
START -7228 464 7036 5563 -11035 -18461 END
START -6972 732 7056 5566 -10454 -18533 END
START -6224 1136 6912 5516 -9840 -18551 END
START -5640 1332 7016 5444 -9258 -18511 END
START -5200 1680 7000 5369 -8769 -18400 END
START -4824 2044 7208 5271 -8319 -18198 END
START -4456 2228 7184 5237 -7932 -18018 END
START -3848 2280 7476 5258 -7535 -17714 END
START -3404 2188 7516 5321 -7215 -17384 END
START -3116 2128 7812 5471 -7013 -17069 END
START -3056 2188 8192 5698 -6887 -16682 END
START -3000 2260 8676 5991 -6934 -16316 END
START -2928 2364 8948 6359 -7122 -15947 END
START -2808 2368 9008 6751 -7318 -15538 END
START -2752 2360 9328 7156 -7644 -15158 END
START -2780 2436 9484 7574 -8040 -14787 END
START -2668 2544 9884 8019 -8419 -14401 END
START -2580 2504 9956 8452 -8862 -14071 END
START -2480 2540 10096 8803 -9332 -13775 END
START -2308 2772 10220 9072 -9783 -13440 END
START -2192 2760 10360 9305 -10280 -13089 END
START -1952 2900 10132 9400 -10664 -12741 END
START -1816 3140 10084 9464 -11024 -12409 END
START -1564 3136 9956 9433 -11303 -12060 END
START -988 3052 9796 9381 -11418 -11763 END
START -572 3212 9544 9272 -11368 -11420 END
START 160 3396 9304 9128 -11132 -11080 END
START 680 3780 8792 8903 -10656 -10667 END
START 1388 4008 8468 8610 -10057 -10238 END
START 1892 4352 8308 8221 -9245 -9737 END
START 2476 4816 8264 7810 -8272 -9147 END
START 2860 5152 8120 7321 -7305 -8534 END
START 3212 5032 8240 6784 -6256 -7863 END
START 3708 5148 8188 6161 -5105 -7085 END
START 4044 5140 8276 5581 -3876 -6289 END
START 4308 5112 8404 4972 -2704 -5495 END
START 4492 5136 8616 4400 -1544 -4807 END
START 4424 5120 9028 3835 -548 -4086 END
START 4412 5120 9376 3393 327 -3380 END
START 4228 4984 9740 2960 1065 -2668 END
START 4172 4900 10212 2642 1709 -1976 END
START 3964 4952 10536 2444 2199 -1218 END
START 3916 4844 10624 2334 2593 -458 END
START 3656 4908 10780 2307 2911 292 END
START 3500 4880 11208 2332 3131 1045 END
START 3240 4788 11404 2403 3223 1825 END
START 2860 4708 11620 2544 3240 2541 END
START 2664 4708 11764 2681 3195 3235 END
START 2404 4632 11892 2879 3131 3922 END
START 2316 4520 11932 3098 3077 4582 END
START 1856 4416 11992 3350 3052 5196 END
START 1432 4192 12200 3588 2997 5843 END
START 1376 4052 12160 3815 2979 6411 END
START 984 3876 12216 4006 2980 6942 END
START 708 3620 12360 4188 2998 7401 END
START 404 3468 12448 4291 3028 7780 END
START 80 3284 12856 4385 2976 8145 END
START -188 2888 12916 4390 2956 8442 END
START -372 2668 12964 4371 2863 8730 END
START -544 2504 13160 4367 2859 8955 END
START -844 2420 13172 4308 2846 9238 END
START -996 2336 13036 4308 2845 9497 END
START -1196 2212 13220 4276 2851 9739 END
START -1432 2252 13016 4307 2917 9940 END
START -1688 2108 13248 4315 3061 10167 END
START -1776 1980 13376 4319 3217 10367 END
START -1960 1828 13152 4326 3407 10594 END
START -2180 1840 13280 4271 3664 10819 END
START -2464 1880 13280 4230 3887 11029 END
START -2596 1872 13348 4163 4148 11256 END
START -2880 1956 13468 4090 4394 11419 END
START -3036 1916 13556 4042 4644 11618 END
START -3344 1932 13600 4045 4910 11783 END
START -3400 1896 13592 3975 5193 12021 END
START -3588 1920 13656 3948 5449 12300 END
START -3968 1920 13896 3939 5652 12409 END
START -4312 1868 13996 3912 5836 12846 END
START -4784 1844 14076 3909 5879 12873 END
START -5076 1688 14332 3979 5944 12905 END
START -5572 1592 14480 4074 5943 13346 END
START -5964 1240 14692 4134 5897 13446 END
START -6148 1188 14656 4276 5824 13561 END
START -6448 848 14732 4355 5789 13642 END
START -6744 588 14816 4418 5726 13699 END
START -7008 560 14844 4456 5608 13623 END
START -7184 476 14844 4458 5481 13619 END
START -7604 380 14940 4376 5280 13419 END
START -7864 140 14748 4312 5094 13282 END
START -8084 40 14872 4273 4852 13104 END
START -8320 -188 14716 4208 4635 13146 END
START -8544 -272 14764 4225 4398 12666 END
START -9000 -304 14552 4264 4105 12687 END
START -9040 -564 14392 4330 3857 12617 END
START -9000 -824 14192 4473 3666 12226 END
START -8900 -1168 13800 4654 3550 12010 END
START -8864 -1420 13592 4899 3511 11787 END
START -8948 -1528 13416 5156 3518 11481 END
START -9060 -1404 13400 5363 3576 11242 END
START -9192 -1436 13168 5662 3632 11029 END
START -9304 -1304 13172 5909 3741 10753 END
START -9400 -1032 13160 6187 3877 10527 END
START -9620 -840 13036 6393 3979 10329 END
START -9700 -632 13144 6547 4032 10152 END
START -9896 -392 12908 6753 4198 9993 END
START -10124 -404 13048 6935 4366 9893 END
START -10160 -256 13072 7144 4487 9794 END
START -10492 -432 13192 7376 4661 9640 END
START -10836 -612 13308 7706 4681 9452 END
START -11072 -912 13800 8037 4716 9263 END
START -11512 -1284 14004 8403 4655 8962 END
START -11800 -1540 14512 8760 4537 8629 END
START -11892 -1792 14796 9073 4254 8226 END
START -12196 -1904 15212 9394 3910 7779 END
START -12408 -2004 15464 9656 3595 7340 END
START -12620 -2044 15844 9868 3182 6866 END
START -12644 -2024 16012 10057 2762 6345 END
START -12752 -2028 16260 10203 2332 5793 END
START -12740 -2000 16376 10326 1952 5276 END
START -12748 -1924 16604 10383 1586 4719 END
START -12696 -1888 16728 10407 1275 4217 END
START -12544 -1656 16744 10387 1053 3708 END
START -12544 -1568 16996 10386 856 3216 END
START -12404 -1228 16972 10324 753 2739 END
START -12476 -1072 17340 10204 731 2332 END
START -12468 -964 17356 10037 712 1894 END
START -12428 -820 17488 9865 770 1523 END
START -12464 -768 17644 9623 795 1114 END
START -12524 -840 18020 9406 899 648 END
START -12628 -944 18236 9134 917 206 END
START -12668 -804 18256 8884 1005 -300 END
START -12844 -652 18512 8558 1065 -792 END
START -12868 -672 18772 8238 1135 -1333 END
START -12804 -636 19032 7919 1148 -1906 END
START -12760 -632 19088 7601 1221 -2438 END
START -12772 -532 19196 7298 1278 -2956 END
START -12828 -404 19392 6984 1301 -3443 END
START -12816 -404 19752 6679 1313 -3897 END
START -12864 -348 19760 6369 1289 -4368 END
START -12840 -288 20204 6052 1271 -4795 END
START -12880 -244 20080 5755 1229 -5192 END
START -12912 -228 20336 5440 1173 -5635 END
START -12720 -196 20576 5160 1047 -6051 END
START -12760 48 20864 4869 869 -6448 END
START -12688 220 20984 4606 714 -6826 END
START -12556 340 21136 4363 525 -7206 END
START -12328 448 21308 4114 318 -7494 END
START -12192 520 21428 3858 126 -7789 END
START -12076 504 21424 3707 -84 -8051 END
START -11848 636 21628 3491 -332 -8278 END
START -11776 632 21692 3329 -518 -8548 END
START -11628 580 21696 3159 -702 -8721 END
START -11512 808 21676 2953 -844 -8942 END
START -11320 748 21584 2766 -1003 -9129 END
START -11316 852 21708 2548 -1174 -9338 END
START -11168 912 21648 2329 -1276 -9495 END
START -10976 932 21420 2114 -1378 -9657 END
START -10784 1076 21492 1872 -1391 -9802 END
START -10620 1144 21180 1680 -1408 -9944 END
START -10608 1152 20992 1408 -1384 -10113 END
START -10548 1116 21076 1177 -1307 -10203 END
START -10336 1224 21000 984 -1217 -10371 END
START -10216 916 20868 737 -1077 -10481 END
START -10184 848 20760 588 -916 -10573 END
START -10100 872 20556 430 -718 -10710 END
START -10272 1044 20712 282 -529 -10906 END
START -10288 1204 20556 149 -373 -11074 END
START -10224 1144 20528 28 -295 -11270 END
START -10408 1224 20540 -150 -221 -11416 END
START -10224 1356 20552 -281 -178 -11605 END
START -10232 1456 20580 -438 -171 -11767 END
START -10104 1492 20628 -580 -194 -11935 END
START -10028 1500 20784 -706 -299 -12080 END
START -10056 1832 20684 -819 -398 -12242 END
START -9912 2176 20520 -1007 -486 -12381 END
START -9544 2668 20524 -1208 -563 -12491 END
START -9228 2712 20776 -1436 -691 -12566 END
START -9000 2664 20844 -1723 -861 -12518 END
START -8760 2740 21032 -2049 -1053 -12405 END
START -8488 2664 20848 -2421 -1236 -12204 END
START -8160 2744 20928 -2762 -1414 -11953 END
START -8032 2824 20704 -3091 -1560 -11714 END
START -7948 2912 20544 -3379 -1687 -11559 END
START -7772 2888 20828 -3650 -1813 -11372 END
START -7688 2764 20472 -3893 -1937 -11241 END
START -7368 2680 20372 -4188 -2120 -11052 END
START -7336 2644 20224 -4457 -2215 -10926 END
START -7196 2688 20120 -4750 -2357 -10790 END
START -6920 2764 19932 -5000 -2423 -10672 END
START -6632 2856 19824 -5266 -2492 -10549 END
START -6584 2812 19520 -5527 -2481 -10446 END
START -6508 2784 19536 -5780 -2499 -10247 END
START -6348 2940 19296 -6069 -2435 -10052 END
START -6284 2888 19264 -6324 -2423 -9905 END
START -6216 2816 18908 -6652 -2406 -9667 END
START -6224 2840 19012 -6924 -2356 -9496 END
START -6172 2784 18576 -7271 -2313 -9332 END
START -6056 2568 18368 -7537 -2266 -9169 END
START -6008 2328 18128 -7848 -2220 -9063 END
START -5864 1960 17972 -8094 -2162 -8977 END
START -5856 1692 17628 -8295 -2060 -8968 END
START -5676 1628 17236 -8459 -1924 -8952 END
START -5664 1724 16800 -8607 -1784 -9060 END
START -5660 1652 16688 -8712 -1741 -9088 END
START -5780 1584 16424 -8775 -1713 -9125 END
START -5920 1784 16212 -8809 -1800 -9177 END
START -5976 1800 15956 -8812 -1936 -9183 END
START -5888 1792 15888 -8781 -2109 -9202 END
START -5828 1800 15300 -8654 -2234 -9194 END
START -5728 1776 15072 -8535 -2387 -9147 END
START -5612 1852 14816 -8344 -2507 -9089 END
START -5360 2200 14412 -8147 -2618 -9037 END
START -5380 2536 14084 -7940 -2713 -8993 END
START -5140 2752 13840 -7728 -2844 -8870 END
START -5024 2976 13632 -7544 -2921 -8715 END
START -4732 2988 13324 -7384 -2942 -8483 END
START -4552 3188 13216 -7264 -3014 -8221 END
START -4480 3184 13016 -7142 -3027 -7926 END
START -4300 3284 12652 -7048 -3084 -7620 END
START -4080 3400 12348 -6969 -3037 -7332 END
START -3668 3332 12304 -6915 -2948 -7091 END
START -3376 3220 11944 -6845 -2805 -6776 END
START -3236 3064 11656 -6854 -2660 -6547 END
START -3184 3160 11568 -6799 -2529 -6297 END
START -2928 3188 11364 -6817 -2343 -6056 END
START -2880 3156 11076 -6818 -2177 -5864 END
START -2784 3356 10820 -6815 -1993 -5668 END
START -2756 3356 10720 -6847 -1837 -5468 END
START -2600 3372 10584 -6783 -1658 -5250 END
START -2564 3360 10488 -6767 -1588 -5063 END
START -2516 3468 10192 -6681 -1500 -4787 END
START -2544 3456 10096 -6627 -1492 -4600 END
START -2328 3528 9972 -6480 -1539 -4368 END
START -2436 3488 9720 -6368 -1588 -4139 END
START -2236 3484 9564 -6178 -1637 -3949 END
START -2160 3492 9352 -6046 -1681 -3733 END
START -2180 3508 8960 -5834 -1727 -3515 END
START -1896 3504 8848 -5666 -1761 -3330 END
START -1824 3604 8348 -5434 -1793 -3089 END
START -1700 3712 8164 -5242 -1790 -2860 END
START -1672 3800 8028 -5097 -1835 -2617 END
START -1596 3724 7700 -4913 -1863 -2366 END
START -1488 3816 7328 -4760 -1834 -2105 END
START -1272 4088 6860 -4652 -1798 -1811 END
START -1184 4188 6700 -4522 -1760 -1513 END
START -1176 4304 6352 -4427 -1687 -1230 END
START -1024 4388 5952 -4341 -1643 -880 END
START -976 4296 5808 -4254 -1592 -607 END
START -828 4060 5468 -4095 -1477 -268 END
START -624 4016 5004 -3973 -1336 11 END
START -392 3924 4620 -3773 -1175 247 END
START -360 3888 4276 -3566 -934 548 END
START -308 3972 4004 -3355 -712 775 END
START -492 3880 3872 -3089 -458 1005 END
START -260 3976 3772 -2811 -234 1239 END
START -300 3980 3572 -2517 4 1489 END
START -280 3968 3564 -2248 158 1761 END
START -288 4124 3552 -1939 376 2017 END
START -304 4004 3568 -1687 532 2280 END
START -148 3856 3496 -1436 729 2608 END
START -172 3940 3332 -1134 918 2902 END
START -116 3916 3104 -889 1134 3239 END
START -108 4064 3104 -599 1349 3541 END
START -276 4068 2844 -302 1548 3902 END
START -308 4096 3076 10 1729 4204 END
START -224 4072 3056 341 1897 4499 END
START -424 3880 3300 695 2027 4826 END
START -544 3776 3480 1022 2072 5075 END
START -504 3672 3736 1405 2022 5358 END
START -568 3600 3628 1762 1963 5596 END
START -552 3624 3728 2096 1827 5852 END
START -668 3680 4004 2431 1642 6059 END
START -688 3824 3968 2805 1451 6325 END
START -764 3896 4172 3150 1266 6570 END
START -788 3920 4184 3519 1034 6872 END
START -776 3880 4160 3906 898 7169 END
START -684 3992 4180 4229 725 7517 END
START -688 4048 4064 4587 692 7854 END
START -776 4176 3860 4964 581 8205 END
START -644 4216 3860 5311 680 8585 END
START -780 4368 3672 5646 796 8976 END
START -828 4624 3808 5951 1006 9402 END
START -864 4512 3788 6264 1269 9848 END
START -1012 4708 3584 6542 1504 10315 END
START -1300 4768 3672 6803 1921 10822 END
START -1476 4688 3772 7070 2332 11279 END
START -1916 4692 3928 7314 2779 11679 END
START -2268 4424 4420 7496 3169 12067 END
START -2748 4268 4536 7753 3510 12374 END
START -3164 4120 4844 7931 3847 12622 END
START -3564 3916 5252 8072 4120 12513 END
START -4052 3596 5604 8227 4352 12795 END
START -4420 3188 6092 8338 4530 12748 END
START -4900 2916 6480 8453 4535 12739 END
START -5376 2748 6824 8486 4553 12726 END
START -5596 2556 7100 8570 4447 12699 END
START -5988 2408 7720 8625 4311 12613 END
START -6276 2276 8044 8672 4063 12186 END
START -6688 2296 8536 8743 3795 12068 END
START -6952 2296 8976 8843 3371 11857 END
START -7232 2300 9304 8924 2949 11620 END
START -7556 2224 9700 8987 2465 11385 END
START -7652 2416 10140 9056 1949 11154 END
START -7992 2320 10276 9117 1491 10909 END
START -8140 2388 10304 9213 1024 10665 END
START -8284 2328 10444 9265 688 10415 END
START -8300 2408 10660 9261 320 10148 END
START -8288 2456 10488 9293 119 9838 END
START -8452 2656 10604 9211 14 9521 END
START -8520 2676 10568 9106 -68 9208 END
START -8596 2764 10404 9002 15 8900 END
START -8776 2856 10508 8814 219 8619 END
START -8948 2748 10412 8628 442 8313 END
START -9004 2576 10264 8406 819 8041 END
START -9124 2544 10224 8190 1248 7730 END
START -9328 2236 10268 7975 1722 7407 END
START -9616 2212 10308 7818 2149 7097 END
START -9904 2196 10552 7617 2547 6760 END
START -10256 2020 10968 7537 2848 6426 END
START -10560 1804 10960 7426 3053 6099 END
START -10804 1584 11096 7390 3197 5726 END
START -10996 1360 11516 7415 3252 5422 END
START -11028 1288 11776 7484 3247 5119 END
START -11332 1300 11880 7647 3215 4799 END
START -11416 1184 12096 7874 3077 4475 END
START -11632 1240 12632 8129 2838 4147 END
START -11756 1292 12720 8400 2498 3840 END
START -11892 1236 13124 8738 2120 3584 END
START -11920 1316 13296 9052 1718 3381 END
START -12188 1384 13652 9396 1347 3169 END
START -12284 1420 13756 9745 958 2970 END
START -12348 1452 14108 10135 632 2772 END
START -12416 1436 14276 10481 408 2633 END
START -12516 1444 14468 10834 259 2440 END
START -12688 1388 14760 11100 170 2254 END
START -12872 1464 14988 11363 132 2047 END
START -13112 1404 15244 11470 190 1826 END
START -13256 1416 15536 11506 212 1573 END
START -13504 1448 15996 11455 288 1306 END
START -13564 1464 16188 11379 396 990 END
START -13816 1284 16208 11265 528 708 END
START -13900 1220 16724 11100 679 357 END
START -14040 1020 16628 10900 870 -31 END
START -14124 856 16904 10724 1064 -419 END
START -14180 612 16952 10505 1373 -867 END
START -14064 388 17052 10341 1582 -1308 END
START -14144 332 17376 10136 1902 -1804 END
START -14356 324 17592 9933 2100 -2285 END
START -14428 452 17508 9700 2311 -2729 END
START -14408 472 17744 9431 2421 -3181 END
START -14516 496 18280 9137 2482 -3590 END
START -14300 268 18336 8832 2453 -3962 END
START -14316 48 18456 8536 2379 -4349 END
START -14232 56 18796 8269 2173 -4765 END
START -14444 -52 19076 8023 1871 -5133 END
START -14228 124 19020 7890 1403 -5581 END
START -14232 156 19208 7796 925 -5981 END
START -13964 224 19216 7741 371 -6365 END
START -13644 360 19108 7807 -97 -6692 END
START -13408 428 19184 7933 -542 -7004 END
START -13268 756 19016 8099 -905 -7252 END
START -13000 980 19084 8259 -1284 -7487 END
START -12792 1432 18976 8456 -1583 -7671 END
START -12456 1636 19036 8532 -1815 -7890 END
START -12188 2012 18972 8611 -1960 -8025 END
START -11912 2152 19012 8603 -2091 -8177 END
START -11508 2196 18948 8559 -2062 -8316 END
START -10984 2336 19040 8455 -2022 -8420 END
START -10808 2524 18932 8291 -1845 -8529 END
START -10532 2712 19256 8086 -1640 -8663 END
START -10248 2768 19320 7804 -1379 -8780 END
START -9956 2976 19384 7510 -1111 -8925 END
START -9508 2940 19744 7126 -812 -9031 END
START -9240 3152 19776 6711 -429 -9182 END
START -8936 3152 19912 6267 -90 -9238 END
START -8704 3216 20204 5758 254 -9364 END
START -8420 3136 20080 5234 620 -9516 END
START -8184 3044 20272 4680 995 -9572 END
START -8244 3216 20324 4211 1284 -9705 END
START -8160 3532 20372 3695 1585 -9867 END
START -8280 3660 20312 3201 1789 -10055 END
START -8204 3728 20400 2764 1981 -10267 END
START -8060 3512 20664 2356 2159 -10434 END
START -7876 3440 20116 1966 2312 -10670 END
START -8028 3460 20608 1639 2458 -10901 END
START -7716 3460 20272 1286 2600 -11133 END
START -7640 3628 20248 993 2772 -11359 END
START -7504 3888 19760 649 2913 -11641 END
START -7492 4140 19844 381 3002 -11884 END
START -7368 4420 19700 101 3160 -12118 END
START -7236 4700 19704 -165 3195 -12264 END
START -7012 4968 19456 -442 3297 -12406 END
START -6676 5232 19516 -697 3373 -12470 END
START -6320 5588 19392 -981 3511 -12504 END
START -6112 5732 19168 -1250 3563 -12501 END
START -5964 5984 19080 -1579 3631 -12423 END
START -5740 6164 18908 -1955 3629 -12380 END
START -5396 6464 18904 -2409 3561 -12337 END
START -5152 6592 18868 -2881 3694 -12234 END
START -4992 6820 18924 -3345 3717 -12016 END
START -4864 6920 18988 -3726 3719 -11838 END
START -4760 6936 18928 -4109 3620 -11579 END
START -4472 6908 18852 -4417 3417 -11299 END
START -4500 7248 18988 -4730 3124 -11077 END
START -4616 7556 18952 -4977 2733 -10827 END