START -2904 -204 11512 -11622 4034 3174 END
START -2988 -380 11048 -11489 4787 3140 END
START -3108 -288 10604 -11332 5510 2984 END
START -3336 -324 10052 -11150 6199 2836 END
START -3304 -280 9456 -10966 6836 2625 END
START -3516 -292 9160 -10787 7456 2422 END
START -3612 -260 8572 -10597 8111 2230 END
START -3664 -228 7940 -10358 8734 1959 END
START -3836 4 7368 -10126 9357 1772 END
START -3836 128 6932 -9895 9831 1556 END
START -4040 388 6428 -9560 10309 1346 END
START -4368 632 6064 -9193 10711 1178 END
START -4476 752 5672 -8728 11028 968 END
START -4740 960 5404 -8248 11260 762 END
START -4844 1096 5312 -7662 11405 569 END
START -4932 1116 5396 -7017 11526 339 END
START -5192 1260 5552 -6311 11618 74 END
START -5496 1368 5368 -5605 11577 -191 END
START -5640 1412 5500 -4923 11430 -476 END
START -5888 1656 5500 -4217 11274 -770 END
START -5852 1680 5620 -3575 10984 -1116 END
START -6040 1952 5608 -2922 10677 -1410 END
START -5956 2088 5488 -2344 10312 -1749 END
START -5780 2340 5148 -1802 9970 -2043 END
START -5964 2692 5448 -1300 9614 -2338 END
START -5868 3080 5252 -837 9300 -2562 END
START -5928 3360 5188 -418 8887 -2801 END
START -5932 3900 5016 -3 8436 -3029 END
START -5984 4284 4860 311 8110 -3168 END
START -5636 4572 4764 640 7622 -3304 END
START -5376 4852 4560 941 7291 -3377 END
START -5028 5020 4164 1229 6935 -3394 END
START -4616 5308 3956 1474 6659 -3413 END
START -4568 5408 3808 1774 6373 -3334 END
START -4296 5552 3464 1991 6201 -3282 END
START -4120 5744 3256 2249 5935 -3203 END
START -3884 6028 3044 2510 5704 -3099 END
START -3832 6144 2716 2830 5480 -3004 END
START -3664 6340 2608 3201 5259 -2818 END
START -3476 6584 2292 3660 5033 -2629 END
START -3228 6700 2020 4141 4794 -2440 END
START -3056 6832 1708 4702 4637 -2213 END
START -2864 6824 1472 5255 4479 -1981 END
START -2744 6900 1080 5910 4384 -1758 END
START -2640 7020 888 6554 4322 -1528 END
START -2712 7280 776 7260 4345 -1307 END
START -2712 7340 496 7942 4409 -1096 END
START -2644 7560 560 8665 4455 -893 END
START -2504 7724 372 9332 4549 -662 END
START -2496 7828 488 10001 4662 -395 END
START -2380 7916 612 10623 4777 -143 END
START -2384 7772 896 11218 4849 143 END
START -2584 7764 1000 11848 4988 420 END
START -2660 7816 1320 12298 5071 721 END
START -2916 7904 1908 12466 5076 974 END
START -2996 7924 1976 12988 5086 1198 END
START -3156 7760 2576 13347 5021 1415 END
START -3412 7688 2948 13705 4911 1574 END
START -3560 7504 3148 14010 4814 1717 END
START -3792 7604 3400 14403 4598 1838 END
START -3808 7556 3568 14697 4440 1852 END
START -4072 7536 3920 14972 4195 1909 END
START -4236 7676 3952 15229 3988 1934 END
START -4356 7628 4164 15484 3688 1940 END
START -4496 7584 4112 15764 3412 1902 END
START -4532 7548 4212 16007 3165 1906 END
START -4632 7500 4216 16354 2905 1834 END
START -4760 7392 4408 16716 2661 1808 END
START -4632 7204 4532 17080 2385 1695 END
START -4688 7272 4596 17511 2204 1650 END
START -4748 7300 4796 17932 1972 1568 END
START -4824 7456 5136 18321 1701 1491 END
START -4980 7560 5396 18737 1352 1452 END
START -5028 7664 5600 19158 1039 1425 END
START -4952 7676 6060 19578 678 1411 END
START -5056 7896 6296 20022 302 1436 END
START -4860 7856 6536 20419 -31 1481 END
START -4960 7920 6972 20869 -481 1491 END
START -4940 7928 7456 21288 -975 1562 END
START -4936 7912 7856 21656 -1526 1573 END
START -4984 7888 8208 22080 -2157 1642 END
START -4684 7780 8776 22453 -2828 1669 END
START -4712 7592 9076 22881 -3531 1728 END
START -4496 7572 9452 23308 -4230 1819 END
START -4436 7536 9640 23757 -4871 1844 END
START -4108 7756 9932 24206 -5518 1906 END
START -3892 7684 10100 24625 -6045 1944 END
START -3560 7656 10428 24995 -6531 2019 END
START -3260 7308 10628 25373 -6956 2093 END
START -3080 7220 10760 25653 -7266 2201 END
START -2716 7200 10956 25907 -7510 2316 END
START -2508 6892 11284 26071 -7637 2443 END
START -2144 6852 11672 26211 -7712 2563 END
START -1808 6716 11864 26303 -7704 2688 END
START -1560 6716 12196 26374 -7630 2814 END
START -1428 6576 12848 26404 -7533 2922 END
START -1216 6448 13444 26379 -7443 3021 END
START -1272 6340 14128 26318 -7387 3140 END
START -1088 6160 14788 26237 -7378 3235 END
START -1160 6020 15156 26144 -7421 3368 END
START -1112 5924 15880 26051 -7452 3508 END
START -1148 5908 16432 25951 -7541 3596 END
START -1324 5644 16932 25858 -7595 3695 END
START -1260 5504 17156 25798 -7613 3757 END
START -1276 5352 17508 25727 -7551 3780 END
START -1228 5232 18044 25727 -7441 3787 END
START -1336 5100 18572 25698 -7335 3794 END
START -1632 5264 18988 25663 -7167 3769 END
START -1776 5516 19716 25625 -7037 3753 END
START -1920 5344 20512 25513 -6936 3773 END
START -2208 5400 21032 25359 -6782 3786 END
START -2332 5156 21720 25101 -6624 3817 END
START -2576 5120 22232 24846 -6481 3831 END
START -2764 5044 22952 24476 -6349 3814 END
START -2896 5076 23756 24085 -6121 3723 END
START -3008 4964 24264 23622 -5881 3702 END
START -3164 4876 24792 23086 -5619 3587 END
START -3236 4928 25492 22504 -5397 3487 END
START -3508 4992 26232 21853 -5113 3339 END
START -3624 4932 26912 21200 -4968 3185 END
START -3820 4936 27628 20533 -4877 3046 END
START -3876 4832 28284 19865 -4785 2865 END
START -4048 4760 28860 19224 -4690 2711 END
START -4320 4656 29604 18579 -4655 2530 END
START -4512 4672 30136 17950 -4622 2351 END
START -4748 4740 30812 17373 -4689 2188 END
START -4992 4660 31212 16743 -4809 2015 END
START -5100 4664 31812 16115 -4975 1786 END
START -5176 4776 32112 15479 -5151 1578 END
START -5336 4788 32672 14839 -5361 1368 END
START -5492 4880 32767 14199 -5569 1189 END
START -5656 4844 32767 13560 -5834 998 END
START -5572 4808 32767 12976 -6054 839 END
START -5740 4992 32767 12446 -6217 664 END
START -5696 4996 32767 11812 -6371 485 END
START -5796 4812 32767 11120 -6610 311 END
START -5636 4792 32767 10459 -6813 121 END
START -5700 4708 32767 9787 -6928 -135 END
START -5592 4676 32767 9173 -7075 -338 END
START -5788 4732 32767 8567 -7173 -549 END
START -5828 4860 32767 7951 -7229 -782 END
START -5852 4876 32767 7302 -7254 -1023 END
START -5852 4844 32767 6711 -7253 -1261 END
START -5772 4780 32767 6080 -7185 -1549 END
START -5704 4616 32767 5456 -7053 -1862 END
START -5732 4544 32767 4860 -6918 -2231 END
START -5684 4328 32680 4302 -6754 -2621 END
START -5652 4360 32744 3681 -6617 -3026 END
START -5560 4436 32556 3052 -6471 -3461 END
START -5536 4548 32380 2465 -6347 -3844 END
START -5300 4708 32108 1876 -6226 -4252 END
START -5204 4912 31804 1212 -6123 -4616 END
START -5060 5012 31436 647 -5975 -4968 END
START -4892 5228 31160 75 -5890 -5252 END
START -4940 5600 30952 -475 -5787 -5523 END
START -4616 6044 30724 -954 -5678 -5742 END
START -4368 6072 30724 -1460 -5583 -5962 END
START -4040 6084 30592 -1967 -5545 -6090 END
START -3968 6160 30600 -2402 -5539 -6168 END
START -3700 6296 30556 -2860 -5617 -6210 END
START -3624 6544 30504 -3317 -5743 -6229 END
START -3632 6728 30276 -3771 -5929 -6200 END
START -3464 6868 30064 -4218 -6087 -6191 END
START -3200 6900 29904 -4693 -6340 -6131 END
START -2968 6932 29624 -5130 -6541 -6076 END
START -2912 6956 29368 -5563 -6789 -6015 END
START -2820 6876 28784 -6009 -6939 -6001 END
START -2736 6796 28344 -6408 -7044 -5946 END
START -2708 6936 27980 -6802 -7139 -5960 END
START -2692 6900 27460 -7243 -7194 -5968 END
START -2596 6896 27056 -7669 -7238 -5943 END
START -2576 6828 26448 -8148 -7161 -6010 END
START -2540 6904 25980 -8557 -6996 -6080 END
START -2500 6772 25476 -9021 -6821 -6146 END
START -2464 6736 24992 -9493 -6546 -6293 END
START -2376 6548 24400 -9945 -6174 -6451 END
START -2348 6416 23868 -10382 -5771 -6676 END
START -2228 6376 23460 -10856 -5242 -6939 END
START -2112 6380 23092 -11288 -4655 -7201 END
START -2084 6204 22680 -11734 -4098 -7500 END
START -1960 6120 22460 -12143 -3521 -7807 END
START -1948 5976 22232 -12554 -2978 -8173 END
START -1988 5928 21912 -12907 -2476 -8501 END
START -1860 6096 21924 -13291 -2068 -8895 END
START -1740 6012 21696 -13667 -1797 -9228 END
START -1660 6260 21492 -13987 -1538 -9566 END
START -1516 6248 21376 -14288 -1371 -9866 END
START -1208 6316 21232 -14553 -1205 -10172 END
START -1012 6480 21076 -14814 -1081 -10422 END
START -812 6548 20876 -14986 -1002 -10642 END
START -612 6664 20764 -15138 -966 -10776 END
START -512 6960 20536 -15276 -982 -10923 END
START -252 7088 20564 -15445 -1063 -10967 END
START -76 7312 20208 -15561 -1190 -10923 END
START 168 7536 20036 -15697 -1388 -10938 END
START 356 7840 20108 -15837 -1677 -10892 END
START 472 8088 19940 -15990 -2028 -10803 END
START 744 8268 19536 -16143 -2365 -10701 END
START 960 8264 19208 -16244 -2709 -10578 END
START 1304 8296 19136 -16355 -3029 -10383 END
START 1452 8424 18552 -16468 -3377 -10183 END
START 1768 8592 18332 -16590 -3694 -9953 END
START 2084 8744 17872 -16695 -3849 -9701 END
START 2448 8948 17536 -16829 -3989 -9473 END
START 2792 9088 17128 -16970 -4017 -9236 END
START 3064 9136 16752 -17157 -4001 -8959 END
START 3376 9248 16336 -17376 -3924 -8672 END
START 3568 9400 15960 -17604 -3861 -8335 END
START 3804 9432 15548 -17854 -3736 -8027 END
START 3904 9632 15376 -18107 -3621 -7674 END
START 4028 9524 14876 -18351 -3493 -7376 END
START 4276 9644 14200 -18500 -3200 -7072 END
START 4492 9608 13708 -18699 -2900 -6746 END
START 4536 9520 13268 -18798 -2432 -6448 END
START 4836 9600 12804 -18927 -1926 -6177 END
START 4732 9452 12524 -19047 -1395 -5939 END
START 4748 9500 12156 -19152 -939 -5737 END
START 4724 9620 11828 -19283 -434 -5514 END
START 4736 9720 11352 -19389 62 -5315 END
START 4880 9456 11128 -19456 491 -5119 END
START 4996 9360 10596 -19550 919 -4889 END
START 5000 9176 10220 -19661 1388 -4688 END
START 4888 9684 9464 -19769 1825 -4462 END
START 5060 10692 8892 -19868 2358 -4283 END
START 5352 11244 8236 -19967 2911 -4047 END
START 5760 11516 8012 -19979 3558 -3625 END
START 6092 11448 7500 -19988 4192 -3118 END
START 6348 11368 7364 -19933 4832 -2445 END
START 6388 11320 7208 -19878 5292 -1679 END
START 6388 11152 7204 -19753 5703 -894 END
START 6212 11144 6992 -19596 6008 -107 END
START 6256 11180 6964 -19358 6116 673 END
START 6236 11132 6844 -19123 6247 1388 END
START 6040 11028 6664 -18793 6152 2116 END
START 5992 11064 6556 -18437 6003 2781 END
START 5856 11028 6240 -18045 5855 3533 END
START 5864 10968 5808 -17624 5658 4345 END
START 5948 11052 5404 -17210 5506 5162 END
START 5868 11228 4844 -16823 5288 6060 END
START 6052 11556 4212 -16397 5227 6934 END
START 5996 11780 3624 -15994 5144 7825 END
START 5960 11568 2856 -15660 5147 8813 END
START 6220 11400 2544 -15301 5189 9819 END
START 6072 11176 2000 -14895 5251 10815 END
START 5788 10984 1304 -14475 5279 11879 END
START 5584 10904 648 -13985 5504 12917 END
START 5596 10820 12 -13497 5780 13627 END
START 5208 10628 -732 -12918 6118 14556 END
START 5004 10508 -1404 -12296 6547 15362 END
START 4748 10188 -1952 -11592 7046 16224 END
START 4396 10096 -2188 -10910 7515 17039 END
START 4140 10092 -2680 -10182 8016 17857 END
START 3596 10104 -2956 -9472 8512 18658 END
START 2960 10008 -3108 -8737 8956 19445 END
START 2388 10036 -3028 -7960 9374 20229 END
START 1656 9816 -3036 -7168 9721 21029 END
START 916 9752 -3164 -6377 10012 21759 END
START 344 9572 -3192 -5567 10317 22532 END
START -312 9260 -3032 -4702 10562 23267 END
START -1040 8976 -3108 -3853 10733 23914 END
START -1832 8708 -2988 -2955 10857 24597 END
START -2620 8540 -3104 -2020 10944 25210 END
START -3564 8356 -3092 -1071 11035 25793 END
START -4684 8156 -3068 -158 10993 26267 END
START -5704 7876 -2796 836 10909 26713 END
START -6576 7380 -2776 1746 10826 27078 END
START -7600 6880 -2716 2661 10709 27423 END
START -8656 6276 -2628 3566 10619 27687 END
START -9980 5620 -2336 4498 10550 27849 END
START -11192 4916 -2256 5390 10385 27839 END
START -12212 4184 -2080 6332 10292 27669 END
START -13392 3560 -1912 7243 10189 27361 END
START -14464 2848 -1656 8165 10238 26885 END
START -15704 2156 -1148 8976 10277 26327 END
START -16960 1456 -652 9705 10213 25611 END
START -18096 876 -100 10343 10249 24820 END
START -19584 188 712 10872 10157 23930 END
START -21548 -1196 1492 11612 10102 22102 END
START -23464 -2664 2600 12151 10044 19866 END
START -24496 -3388 2888 12197 10035 18271 END
START -25564 -4116 3560 12111 10028 16610 END
START -26616 -4768 4200 12113 10057 14732 END
START -27592 -5376 4744 12136 9971 12595 END
START -28580 -6128 5480 12585 9744 10766 END
START -29324 -6820 6208 12162 9368 8545 END
START -30040 -7496 6720 12605 8872 6356 END
START -30492 -7940 7300 12674 8240 4069 END
START -30868 -8012 7856 12767 7532 1812 END
START -30976 -8064 8244 12993 6856 -447 END
START -31036 -8016 8448 13264 6213 -2511 END
START -30840 -7848 8748 13522 5643 -4612 END
START -30612 -7644 8984 13837 5040 -6624 END
START -30432 -7172 9132 14094 4497 -8601 END
START -29904 -6792 9160 14353 4014 -10534 END
START -29340 -6048 9220 14493 3555 -12384 END
START -28760 -5312 9560 14572 3099 -14150 END
START -28256 -4372 9700 14539 2641 -15744 END
START -27384 -3600 10008 14478 2246 -17293 END
START -26472 -2712 10372 14366 1923 -18616 END
START -25092 -1804 11036 14229 1586 -19832 END
START -24464 -892 11552 14028 1179 -20899 END
START -23704 152 12220 13806 674 -21802 END
START -22908 748 12896 13649 29 -22525 END
START -22080 1192 13400 13469 -610 -23178 END
START -21196 1704 14112 13402 -1351 -23763 END
START -20292 1956 14736 13370 -2273 -24308 END
START -19504 2240 15288 13341 -3225 -24804 END
START -18888 2460 15928 13493 -4331 -25203 END
START -18384 2768 16444 13597 -5583 -25582 END
START -17844 2988 17028 13722 -6915 -25927 END
START -17256 3168 17204 13939 -8384 -26255 END
START -16500 3484 17300 14111 -9717 -26543 END
START -15856 3544 17144 14302 -11039 -26888 END
START -14988 3876 16720 14519 -12153 -27228 END
START -14324 4148 16624 14697 -13113 -27543 END
START -13516 4516 16168 14882 -13847 -27921 END
START -12344 4628 15384 15024 -14330 -28243 END
START -11404 4704 14656 15118 -14544 -28597 END
START -10356 4772 14032 15185 -14466 -28964 END
START -9624 4956 13700 15201 -14039 -29398 END
START -9200 5356 13524 15218 -13510 -29829 END
START -8584 6208 13256 15114 -12914 -30325 END
START -7944 6808 13368 14972 -12167 -30782 END
START -7060 7232 13524 14783 -11413 -31267 END
START -6228 7628 13632 14491 -10568 -31649 END
START -5396 7856 13696 14146 -9701 -31970 END
START -4388 8024 14044 13748 -8723 -32202 END
START -3448 8756 14428 13306 -7819 -32384 END
START -2632 10092 14704 12759 -6929 -32515 END
START -1668 11660 15140 12001 -6039 -32602 END
START -16 13016 15920 11701 -5106 -32486 END
START 1036 13524 16532 10795 -4337 -32233 END
START 2312 13600 17256 9971 -3659 -31718 END
START 3076 13712 17952 9136 -3186 -31109 END
START 3664 14400 18768 8345 -2945 -30342 END
START 4148 15060 19144 7611 -2774 -29323 END
START 4916 15384 19528 6933 -2636 -28075 END
START 5428 15404 20000 6449 -2660 -26846 END
START 5812 15388 20064 6087 -2747 -25472 END
START 6244 15188 20156 5729 -2861 -24125 END
START 6252 14800 20788 5494 -3051 -22796 END
START 6168 14588 20968 5304 -3486 -21612 END
START 6156 14568 20612 5137 -3986 -20578 END
START 6112 14624 20040 4975 -4348 -19594 END
START 6256 14712 19516 4913 -4558 -18668 END
START 6436 14652 19036 4867 -4538 -17712 END
START 6356 14436 18652 4865 -4566 -16787 END
START 6264 14088 18252 4788 -4450 -15848 END
START 6040 13624 17948 4738 -4353 -14964 END
START 5972 13304 17708 4662 -4135 -14110 END
START 5844 12860 17432 4543 -3944 -13358 END
START 5740 12800 16972 4397 -3669 -12741 END
START 5516 12348 16924 4241 -3385 -12220 END
START 5372 12156 16508 4137 -3050 -11698 END
START 5492 11592 16648 4087 -2592 -11305 END
START 5180 11136 16492 3987 -2061 -10884 END
START 5060 10900 16572 3952 -1563 -10577 END
START 4784 10708 16612 3856 -1132 -10223 END
START 4544 10596 16560 3724 -713 -9952 END
START 4396 10632 16976 3493 -216 -9711 END
START 4192 10780 16792 3251 118 -9476 END
START 3848 10744 17068 2964 418 -9215 END
START 3836 10912 17048 2617 664 -8997 END
START 3672 11076 17204 2212 816 -8683 END
START 3592 11224 17288 1852 1061 -8405 END
START 3704 11524 17288 1411 1211 -8041 END
START 3668 11688 17540 931 1428 -7638 END
START 3780 11500 17548 476 1535 -7247 END
START 3900 11312 17660 -8 1500 -6697 END
START 3868 11216 17820 -458 1457 -6164 END
START 3772 11388 17976 -875 1346 -5537 END
START 3856 11344 18004 -1235 1118 -4917 END
START 3840 11124 17904 -1616 837 -4247 END
START 3904 11088 17952 -1982 595 -3550 END
START 4016 10848 17908 -2251 341 -2864 END
START 3936 10764 17636 -2546 132 -2209 END
START 3940 10560 17700 -2856 -154 -1502 END
START 3864 10328 17440 -3097 -406 -834 END
START 3744 10176 17356 -3326 -680 -179 END
START 3660 10144 17124 -3521 -915 555 END
START 3432 9876 17060 -3667 -1077 1274 END
START 3200 9832 16948 -3818 -1278 1989 END
START 3076 9532 16952 -3865 -1469 2724 END
START 2804 9252 16872 -3930 -1657 3404 END
START 2392 9020 16680 -3962 -1902 4070 END