START -3316 -328 6448 -14371 -4981 -6879 END
START -3352 -220 6088 -13926 -5075 -6729 END
START -3448 -132 5792 -13477 -5061 -6603 END
START -3444 -88 5428 -12953 -5125 -6521 END
START -3508 -164 5164 -12503 -5094 -6421 END
START -3292 -12 4708 -11961 -5099 -6332 END
START -3280 -268 4364 -11519 -5032 -6280 END
START -3244 -264 4016 -11015 -4953 -6230 END
START -2948 -420 3684 -10530 -4819 -6172 END
START -3044 -288 3380 -10028 -4657 -6134 END
START -2720 -144 3016 -9549 -4524 -6132 END
START -2612 -148 2544 -9036 -4336 -6110 END
START -2440 -64 2116 -8497 -4184 -6089 END
START -2292 -148 1792 -7998 -3929 -6077 END
START -2020 60 1448 -7437 -3605 -6029 END
START -2028 -4 1388 -6950 -3264 -5982 END
START -1996 68 740 -6462 -2964 -5973 END
START -1700 164 536 -5957 -2575 -5884 END
START -1708 296 172 -5446 -2188 -5849 END
START -1628 380 -280 -4884 -1758 -5756 END
START -1412 440 -304 -4357 -1372 -5677 END
START -1460 484 -396 -3812 -964 -5584 END
START -1356 544 -604 -3274 -529 -5476 END
START -1232 528 -968 -2689 -84 -5372 END
START -1168 792 -1004 -2159 362 -5222 END
START -1164 772 -1320 -1582 843 -5084 END
START -1168 1064 -1144 -964 1234 -4904 END
START -1136 920 -1240 -384 1629 -4761 END
START -1048 1092 -1144 284 1980 -4653 END
START -916 1104 -1372 951 2364 -4536 END
START -876 1136 -984 1580 2662 -4431 END
START -924 1176 -968 2201 2899 -4299 END
START -880 1288 -800 2830 3150 -4186 END
START -872 1412 -548 3424 3266 -4072 END
START -712 1344 -512 3976 3374 -3935 END
START -704 1604 -240 4548 3433 -3834 END
START -520 1780 -176 5099 3448 -3670 END
START -336 1980 -148 5633 3552 -3491 END
START -88 2284 -300 6117 3664 -3237 END
START 48 2424 -500 6604 3783 -2936 END
START 236 2620 -636 7038 3991 -2624 END
START 136 2808 -708 7540 4280 -2209 END
START 272 3032 -792 8005 4589 -1810 END
START 376 3196 -920 8460 4951 -1378 END
START 324 3284 -1056 8926 5299 -908 END
START 592 3444 -1200 9337 5706 -454 END
START 588 3444 -1280 9796 6200 -20 END
START 540 3432 -1312 10242 6692 409 END
START 496 3452 -1136 10722 7247 790 END
START 412 3428 -1280 11215 7796 1191 END
START 316 3412 -1116 11764 8406 1583 END
START 116 3412 -904 12333 8970 1957 END
START -72 3448 -792 12771 9528 2362 END
START -232 3592 -496 13312 10035 2702 END
START -532 3524 -160 13816 10457 3037 END
START -752 3444 248 14361 10833 3364 END
START -952 3456 600 14859 11185 3653 END
START -1232 3428 824 15369 11490 3933 END
START -1484 3532 1500 15925 11732 4186 END
START -1800 3364 1924 16428 11890 4417 END
START -2324 3440 2252 16917 11993 4612 END
START -2544 3524 2568 17401 12090 4813 END
START -2828 3476 2840 17912 12106 4945 END
START -3024 3536 3208 18398 12062 5087 END
START -3328 3536 3552 18930 11983 5195 END
START -3584 3500 4000 19431 11850 5235 END
START -3664 3552 4332 19990 11598 5305 END
START -3768 3540 4560 20484 11394 5302 END
START -3756 3632 4956 20971 11252 5317 END
START -3844 3700 5240 21449 11064 5361 END
START -3940 3708 5296 21918 10910 5400 END
START -3976 3976 5680 22381 10736 5476 END
START -4044 4248 5960 22828 10578 5551 END
START -4096 4372 6356 23253 10363 5626 END
START -4080 4640 6696 23653 10162 5784 END
START -4276 4764 7236 24048 9945 5860 END
START -4152 4932 7460 24416 9757 5997 END
START -4232 5128 7952 24748 9538 6102 END
START -4236 5292 8252 25069 9345 6259 END
START -4256 5596 8432 25378 9133 6395 END
START -4292 5928 8696 25684 8867 6566 END
START -4400 6120 9172 26027 8678 6776 END
START -4612 6268 9696 26379 8436 6952 END
START -4752 6352 10196 26764 8115 7087 END
START -4984 6528 10512 27118 7816 7253 END
START -5172 6548 10976 27502 7454 7399 END
START -5224 6740 11308 27823 7062 7555 END
START -5260 6912 11664 28198 6694 7638 END
START -5324 7000 11896 28491 6266 7722 END
START -5384 6972 12216 28809 5846 7760 END
START -5552 6996 12632 29179 5466 7742 END
START -5508 6848 12876 29461 5044 7661 END
START -5644 6784 13112 29761 4589 7638 END
START -5556 6800 13516 30061 4225 7531 END
START -5548 6748 13592 30319 3874 7387 END
START -5524 7080 14044 30589 3538 7276 END
START -5464 7180 14120 30819 3277 7170 END
START -5440 7420 14588 30981 2971 7023 END
START -5620 7552 14720 31085 2678 6941 END
START -5496 7692 15024 31110 2427 6838 END
START -5308 7796 15176 31121 2275 6776 END
START -5184 8104 15220 31034 2230 6713 END
START -5116 8344 15516 30920 2322 6628 END
START -5044 8568 15616 30770 2441 6582 END
START -5016 8820 15916 30557 2583 6539 END
START -5152 8804 16124 30266 2764 6502 END
START -5292 9124 16748 29963 2908 6439 END
START -5268 9152 17320 29590 3085 6387 END
START -5460 9400 17572 29215 3269 6300 END
START -5600 9692 18096 28779 3431 6220 END
START -5592 9844 18680 28379 3584 6135 END
START -5892 9912 19472 27919 3622 6027 END
START -5912 9920 19984 27506 3591 5930 END
START -6152 10024 20548 27082 3517 5861 END
START -6088 10104 21164 26634 3349 5785 END
START -6284 10116 21776 26250 3098 5669 END
START -6348 10048 22304 25811 2807 5566 END
START -6416 9884 22940 25431 2405 5426 END
START -6556 9776 23604 24969 1948 5333 END
START -6532 9776 23908 24493 1413 5193 END
START -6360 9744 24248 23985 966 5041 END
START -6256 9572 24388 23446 550 4873 END
START -6188 9560 24504 22860 227 4686 END
START -6120 9708 24628 22261 -36 4499 END
START -5892 9888 24308 21649 -136 4345 END
START -5880 10160 24252 20936 -248 4206 END
START -5780 10216 24160 20196 -206 4099 END
START -5580 10480 23944 19476 -106 4016 END
START -5548 10700 23696 18762 67 3928 END
START -5476 10740 23672 18057 359 3891 END
START -5452 10716 23604 17360 675 3797 END
START -5504 10736 23584 16755 1048 3750 END
START -5700 10736 23952 16166 1266 3622 END
START -5820 10668 24136 15688 1507 3594 END
START -5968 10692 24540 15230 1670 3542 END
START -6088 10764 24652 14805 1741 3456 END
START -6228 10716 25088 14440 1818 3420 END
START -6324 10776 25412 14120 1778 3385 END
START -6356 10712 25580 13771 1698 3333 END
START -6496 10640 25928 13518 1574 3241 END
START -6748 10536 26512 13267 1381 3156 END
START -6704 10552 26844 13055 1195 3109 END
START -6768 10648 27000 12847 999 3046 END
START -6716 10596 27072 12627 828 3003 END
START -6740 10580 27408 12232 675 2982 END
START -6668 10716 27564 12015 564 2956 END
START -6672 10656 27824 11477 414 2971 END
START -6692 10616 28148 10959 286 2938 END
START -6772 10624 28496 10393 115 2876 END
START -7088 10560 28724 9834 -71 2789 END
START -7092 10660 28840 9279 -245 2698 END
START -7500 10456 29168 8751 -442 2562 END
START -7648 10024 29324 8232 -647 2435 END
START -7704 10232 29436 7735 -847 2247 END
START -8024 10088 29516 7253 -995 1974 END
START -8176 10164 29640 6751 -1163 1708 END
START -8484 10152 29912 6278 -1317 1403 END
START -8612 9900 30156 5738 -1469 1145 END
START -8540 9840 30236 5132 -1620 828 END
START -8564 9944 30656 4509 -1801 547 END
START -8696 10004 30560 3849 -1974 258 END
START -8656 10020 30820 3124 -2073 -30 END
START -8700 10352 30740 2404 -2169 -278 END
START -8712 10512 30668 1658 -2207 -498 END
START -8680 10688 30872 932 -2219 -614 END
START -8824 10736 30552 203 -2202 -788 END
START -8848 10800 30684 -521 -2205 -885 END
START -8896 10960 30548 -1252 -2297 -987 END
START -8940 10976 30696 -1967 -2402 -1132 END
START -9032 10948 30628 -2659 -2522 -1250 END
START -9080 10800 30896 -3374 -2702 -1347 END
START -8968 10824 30796 -4044 -2917 -1504 END
START -8904 10840 30620 -4661 -3119 -1590 END
START -9040 10796 30568 -5288 -3357 -1726 END
START -9060 10852 30144 -5912 -3585 -1851 END
START -9068 10784 30136 -6463 -3818 -1983 END
START -9032 10732 29776 -7020 -4036 -2092 END
START -8996 10676 29364 -7530 -4189 -2194 END
START -8828 10664 28812 -8036 -4277 -2323 END
START -8824 10504 28572 -8563 -4283 -2474 END
START -8892 10480 28260 -9060 -4289 -2612 END
START -8772 10548 27708 -9563 -4176 -2818 END
START -8780 10592 27332 -10081 -4060 -2999 END
START -8876 10556 27144 -10558 -3936 -3158 END
START -8972 10496 26940 -11054 -3785 -3379 END
START -9144 10368 26752 -11533 -3689 -3604 END
START -9328 10124 26636 -12026 -3631 -3859 END
START -9536 9912 26720 -12439 -3569 -4151 END
START -9716 9680 26472 -12869 -3528 -4493 END
START -9696 9452 26396 -13266 -3567 -4844 END
START -9852 9168 26052 -13648 -3554 -5232 END
START -9872 8972 25940 -14034 -3540 -5658 END
START -9968 8868 25592 -14368 -3482 -6103 END
START -9900 8616 25416 -14669 -3403 -6521 END
START -9920 8648 25208 -15009 -3317 -6949 END
START -9968 8576 25140 -15332 -3225 -7393 END
START -10016 8396 25156 -15707 -3081 -7806 END
START -10052 8456 25216 -16098 -3038 -8237 END
START -10028 8420 24952 -16527 -2953 -8621 END
START -9868 8568 24976 -17043 -2886 -9067 END
START -9772 8456 24720 -17534 -2796 -9417 END
START -9648 8544 24632 -18037 -2788 -9754 END
START -9540 8464 24444 -18572 -2757 -10126 END
START -9392 8588 24180 -19053 -2707 -10395 END
START -9328 8640 23792 -19504 -2698 -10663 END
START -9104 8568 23468 -19901 -2665 -10903 END
START -8956 8776 23176 -20264 -2651 -11112 END
START -8936 9012 22732 -20600 -2638 -11277 END
START -8796 9068 22640 -20964 -2682 -11380 END
START -8820 9044 22264 -21252 -2746 -11474 END
START -8728 9028 21924 -21561 -2810 -11549 END
START -8424 8972 21512 -21847 -2839 -11660 END
START -8360 8832 21080 -22149 -2883 -11741 END
START -8136 8792 20704 -22390 -2902 -11843 END
START -8228 8492 20208 -22624 -2951 -12023 END
START -8048 8384 19648 -22813 -3040 -12178 END
START -8108 8320 19496 -23016 -3088 -12389 END
START -7964 8076 18776 -23144 -3161 -12587 END
START -7876 7932 18184 -23242 -3187 -12832 END
START -7744 7832 17960 -23351 -3200 -13097 END
START -7752 7844 17472 -23400 -3197 -13339 END
START -7652 7768 17244 -23457 -3195 -13650 END
START -7588 7708 16712 -23482 -3278 -13970 END
START -7376 7616 16480 -23507 -3350 -14293 END
START -7180 7612 16124 -23463 -3524 -14546 END
START -6920 7744 15800 -23405 -3622 -14850 END
START -6756 7724 15628 -23353 -3774 -15063 END
START -6572 7700 15520 -23220 -4013 -15303 END
START -6384 7804 15216 -23097 -4334 -15485 END
START -6164 8016 15044 -22909 -4660 -15648 END
START -5884 8184 14596 -22667 -5006 -15767 END
START -5460 8304 14132 -22430 -5357 -15817 END
START -5148 8484 13920 -22175 -5642 -15823 END
START -4872 8784 13592 -21953 -5973 -15769 END
START -4676 8896 13152 -21756 -6289 -15689 END
START -4432 9036 12880 -21593 -6651 -15520 END
START -4116 9008 12564 -21400 -7011 -15366 END
START -3896 9080 12216 -21231 -7352 -15167 END
START -3524 9204 11688 -21021 -7635 -14982 END
START -3204 9288 11440 -20832 -7925 -14732 END
START -2860 9344 11012 -20602 -8127 -14483 END
START -2652 9196 10652 -20375 -8314 -14200 END
START -2516 9220 10180 -20163 -8533 -13901 END
START -2220 9228 9792 -19983 -8739 -13594 END
START -2132 9292 9408 -19807 -8899 -13302 END
START -1944 9140 8900 -19655 -9051 -13055 END
START -1820 9008 8240 -19484 -9142 -12769 END
START -1484 8804 7884 -19282 -9190 -12539 END
START -1456 8720 7236 -19066 -9229 -12296 END
START -1180 8660 6844 -18805 -9219 -12059 END
START -1084 8516 6316 -18490 -9200 -11825 END
START -920 8248 5748 -18127 -9148 -11625 END
START -872 8128 5428 -17753 -9042 -11425 END
START -816 7932 4412 -17278 -8940 -11239 END
START -656 7800 3984 -16790 -8741 -11064 END
START -496 7604 3416 -16222 -8547 -10928 END
START -456 7620 2956 -15642 -8259 -10748 END
START -276 7364 2504 -15041 -7960 -10581 END
START -160 7360 2068 -14429 -7583 -10430 END
START 72 7280 1684 -13817 -7121 -10234 END
START 8 7148 1444 -13216 -6715 -10048 END
START 72 7096 1152 -12680 -6257 -9797 END
START -64 6860 1032 -12087 -5810 -9590 END
START -120 6824 676 -11511 -5361 -9397 END
START -92 6640 748 -10885 -4887 -9224 END
START -44 6436 752 -10311 -4446 -9064 END
START -100 6240 752 -9740 -4006 -8953 END
START -148 5980 996 -9128 -3551 -8801 END
START -212 5904 1096 -8531 -3197 -8680 END
START -272 5504 1548 -8048 -2973 -8579 END
START -380 5384 1800 -7573 -2813 -8493 END
START -364 5152 2096 -7139 -2832 -8380 END
START -496 5044 2112 -6714 -2880 -8269 END
START -240 4716 2180 -6365 -3011 -8219 END
START -28 4624 2148 -6003 -3127 -8085 END
START -132 4588 2228 -5646 -3285 -8012 END
START -28 4400 2112 -5257 -3445 -7898 END