START -9508 -720 5036 -3920 -2055 -2507 END
START -8988 -400 4992 -3358 -1916 -2735 END
START -8616 96 4524 -2818 -1633 -2864 END
START -8428 992 4288 -2372 -1292 -2986 END
START -8324 1740 4088 -1913 -953 -2989 END
START -8120 2160 3852 -1520 -656 -2949 END
START -7872 2688 3772 -1106 -296 -2849 END
START -7532 3064 3640 -682 87 -2683 END
START -7320 3072 3616 -283 518 -2508 END
START -7172 3152 3664 60 988 -2303 END
START -7156 3100 3452 390 1340 -2150 END
START -7240 3236 3292 686 1735 -2001 END
START -7264 3420 3280 993 1975 -1891 END
START -7180 3664 3008 1308 2238 -1839 END
START -7124 3948 2724 1600 2470 -1834 END
START -7252 4248 2596 1943 2729 -1906 END
START -7340 4460 2548 2379 3100 -1994 END
START -7472 4612 2200 2809 3385 -2115 END
START -7356 4776 2388 3263 3636 -2262 END
START -7448 4912 2224 3712 3865 -2455 END
START -7476 4976 2472 4172 3977 -2629 END
START -7644 5216 2472 4603 4067 -2825 END
START -7792 5252 2620 5038 4053 -3023 END
START -7912 5532 2672 5449 3971 -3228 END
START -8080 5732 2796 5824 3851 -3460 END
START -8220 5844 3036 6208 3568 -3718 END
START -8264 6136 2888 6555 3286 -4037 END
START -8052 6204 2980 6917 2942 -4312 END
START -7892 6616 2924 7172 2617 -4624 END
START -7756 6968 2712 7528 2287 -4936 END
START -7412 7180 2712 7800 1988 -5191 END
START -7128 7488 2528 8096 1685 -5373 END
START -6940 7728 2508 8438 1531 -5522 END
START -6684 8284 2312 8847 1348 -5533 END
START -6340 8588 2388 9251 1189 -5536 END
START -6040 8840 2404 9763 1146 -5411 END
START -5680 9100 2060 10257 1135 -5279 END
START -5416 9108 2124 10707 1173 -5047 END
START -5172 9196 2512 11132 1157 -4811 END
START -5020 9564 2740 11581 1159 -4575 END
START -4820 9672 3188 11821 1037 -4327 END
START -4700 9584 3528 12216 902 -4124 END
START -4328 9368 3708 12165 729 -3967 END
START -4032 9156 3868 12587 570 -3734 END
START -3968 9088 3796 12543 416 -3529 END
START -3592 8952 4020 12765 264 -3412 END
START -3304 8952 4136 12853 159 -3308 END
START -3252 9068 3968 12936 47 -3157 END
START -2944 9264 4008 12928 -97 -3071 END
START -2780 9452 3868 13059 -140 -3002 END
START -2700 9688 3984 13125 -220 -2863 END
START -2712 9936 3872 13178 -294 -2768 END
START -2496 10092 3820 13231 -373 -2631 END
START -2500 10096 3936 13411 -482 -2508 END
START -2404 10144 3796 13551 -655 -2394 END
START -2108 10144 3772 13693 -731 -2211 END
START -1924 10188 3840 13933 -776 -2106 END
START -1828 10188 4044 14200 -789 -1969 END
START -1716 10172 4060 14549 -795 -1777 END
START -1764 10308 4536 14863 -815 -1577 END
START -1812 10284 4780 15230 -874 -1326 END
START -1964 10332 5232 15594 -992 -1089 END
START -2052 10256 5604 15992 -1083 -896 END
START -1996 10076 5884 16387 -1187 -740 END
START -2044 9868 6300 16711 -1303 -666 END
START -1900 9804 6472 17017 -1391 -626 END
START -1856 9876 6932 17256 -1469 -614 END
START -1648 9588 7088 17436 -1492 -622 END
START -1324 9520 7444 17590 -1296 -600 END
START -952 9572 7760 17563 -1135 -529 END
START -572 9880 8080 17553 -873 -442 END
START -64 9924 8076 17348 -470 -335 END
START 188 10012 8436 17121 -13 -193 END
START 540 9844 8536 16810 505 -11 END
START 736 9788 9028 16481 1057 162 END
START 1028 9788 9496 16169 1580 392 END
START 1340 9612 9920 15924 2129 624 END
START 1480 9504 10600 15674 2601 818 END
START 1588 9516 11084 15525 3031 1097 END
START 1936 9200 11848 15446 3283 1372 END
START 2008 9060 12796 15353 3385 1707 END
START 2024 8876 13732 15368 3325 2041 END
START 2124 8752 14364 15382 3117 2415 END
START 2288 8852 15156 15529 2919 2831 END
START 2148 8820 15980 15713 2500 3338 END
START 2120 8820 16836 15956 2154 3831 END
START 2040 8768 17548 16261 1649 4358 END
START 1856 8740 18276 16640 1155 4952 END
START 1664 8480 18904 16960 600 5549 END
START 1360 8424 19736 17270 79 6092 END
START 952 8064 20432 17511 -505 6597 END
START 468 7756 20988 17749 -1058 7079 END
START -164 7176 21676 17944 -1717 7467 END
START -828 6580 22472 18074 -2245 7725 END
START -1144 6284 22812 18197 -2765 7843 END
START -1940 5488 23344 18262 -3270 7805 END
START -2276 4780 23968 18310 -3735 7685 END
START -2968 4144 24636 18206 -4137 7405 END
START -3508 3576 25164 18082 -4519 6979 END
START -4228 3028 25636 17847 -4942 6458 END
START -4696 2496 26336 17535 -5340 5829 END
START -5160 1908 26732 17164 -5732 5064 END
START -5408 1348 27140 16699 -6034 4273 END
START -5496 916 27576 16183 -6308 3324 END
START -5320 420 27760 15606 -6337 2390 END
START -4992 244 27844 14873 -6277 1401 END
START -4716 -96 28104 14067 -6110 422 END
START -4076 -256 28192 13200 -5931 -526 END
START -3520 -488 28232 12168 -5623 -1471 END
START -2888 -368 28444 11318 -5326 -2359 END
START -2016 -32 28548 10284 -4941 -3098 END
START -1088 340 28556 9304 -4464 -3746 END
START -224 828 28892 8431 -3933 -4227 END
START 468 1496 29116 7590 -3383 -4528 END
START 844 1724 29256 6810 -2922 -4623 END
START 1260 1976 29660 6157 -2561 -4498 END
START 1512 2140 29984 5578 -2218 -4228 END
START 1592 2480 30416 5061 -2097 -3752 END
START 1680 2616 30820 4646 -2099 -3215 END
START 1700 2880 30872 4360 -2270 -2613 END
START 1504 3008 31240 4206 -2563 -1992 END
START 1240 2944 31336 4078 -2875 -1378 END
START 836 2812 31520 4056 -3238 -825 END
START 528 2680 31500 4062 -3686 -350 END
START 200 2536 31508 4108 -4044 88 END
START -44 2204 31540 4143 -4371 449 END
START -432 1960 31540 4202 -4600 742 END
START -808 1732 31564 4170 -4837 990 END
START -1536 1560 31612 4156 -4970 1153 END
START -2064 1284 31968 4072 -5084 1250 END
START -2528 908 31992 3902 -5220 1236 END
START -3228 336 32068 3718 -5289 1109 END
START -3736 144 31984 3407 -5302 920 END
START -4276 -84 32440 3129 -5307 605 END
START -4984 -436 32380 2795 -5221 218 END
START -5128 -500 32348 2450 -5215 -284 END
START -5704 -764 32284 2048 -5160 -898 END
START -5840 -1044 32236 1653 -5119 -1560 END
START -6040 -1144 32248 1232 -5026 -2259 END
START -6044 -1076 32156 774 -4970 -3008 END
START -5968 -996 31868 359 -4841 -3705 END
START -5824 -712 31772 -119 -4621 -4276 END
START -5528 -432 31804 -613 -4373 -4862 END
START -5380 -280 31712 -1111 -4110 -5271 END
START -5028 -60 31692 -1646 -3815 -5638 END
START -4900 460 31484 -2237 -3593 -5878 END
START -4692 868 31396 -2831 -3294 -6065 END
START -4320 1204 31236 -3428 -2981 -6229 END
START -4084 1352 31012 -3965 -2756 -6295 END
START -3908 1532 30764 -4566 -2519 -6357 END
START -3676 1720 30760 -5103 -2267 -6419 END
START -3524 1968 30488 -5601 -2064 -6388 END
START -3440 2304 30336 -6069 -1824 -6295 END
START -3424 2668 30284 -6543 -1602 -6170 END
START -3564 2844 30136 -6975 -1545 -6006 END
START -3580 2920 29988 -7366 -1524 -5808 END
START -3644 3040 29868 -7732 -1564 -5550 END
START -3860 3160 29712 -8009 -1702 -5310 END
START -4060 3044 29304 -8235 -1822 -5067 END
START -4140 2880 29260 -8431 -2014 -4825 END
START -4488 2740 28952 -8549 -2239 -4637 END
START -4704 2688 28904 -8607 -2548 -4465 END
START -5016 2568 28780 -8633 -2769 -4398 END
START -5304 2464 28684 -8638 -3068 -4367 END
START -5644 2524 28508 -8632 -3372 -4372 END
START -5932 2524 28400 -8624 -3714 -4448 END
START -6380 2588 28212 -8669 -4030 -4543 END
START -6600 2652 28044 -8756 -4442 -4768 END
START -6944 2576 27788 -8856 -4837 -5005 END
START -7236 2540 27544 -9027 -5238 -5380 END
START -7352 2644 27192 -9194 -5528 -5765 END
START -7468 2736 26828 -9378 -5775 -6188 END
START -7616 2840 26308 -9579 -5892 -6680 END
START -7724 3044 25816 -9772 -5989 -7265 END
START -7780 3192 25412 -10018 -5950 -7898 END
START -7540 3272 25172 -10285 -5880 -8545 END
START -7456 3228 24600 -10576 -5764 -9218 END
START -7248 3320 24236 -10918 -5679 -9886 END
START -6804 3656 23740 -11241 -5478 -10523 END
START -6464 3956 23224 -11639 -5294 -11189 END
START -6236 4496 22592 -11962 -5064 -11772 END
START -5684 5236 22032 -12343 -4815 -12304 END
START -4860 5980 21776 -12701 -4465 -12695 END
START -4080 6508 20976 -13085 -4068 -13039 END
START -3224 6956 20688 -13527 -3557 -13197 END
START -2448 7420 20236 -14032 -3054 -13162 END
START -1860 7924 19900 -14580 -2616 -13057 END
START -1212 8548 19560 -15212 -2222 -12866 END
START -724 9008 18948 -15794 -1895 -12590 END
START -156 9428 18176 -16345 -1627 -12330 END
START 92 9612 17508 -16810 -1348 -12036 END
START 424 9804 16836 -17250 -1028 -11687 END
START 716 9844 16316 -17571 -878 -11324 END
START 784 9968 15616 -17805 -801 -10970 END
START 812 10100 15080 -17901 -776 -10560 END
START 904 10196 14356 -17962 -901 -10187 END
START 908 10172 13216 -17907 -1005 -9754 END
START 972 10224 12364 -17752 -1112 -9329 END
START 784 10232 11504 -17537 -1212 -8933 END
START 624 10252 10492 -17253 -1377 -8536 END
START 328 10140 9704 -16841 -1542 -8224 END
START 56 10172 8996 -16406 -1817 -7969 END
START 36 10176 8360 -15810 -2105 -7745 END
START -168 10204 7784 -15204 -2382 -7605 END
START -216 10100 7084 -14471 -2718 -7507 END
START -428 10088 6716 -13742 -3019 -7440 END
START -536 9860 6068 -12924 -3371 -7405 END
START -408 9744 5476 -12133 -3666 -7436 END
START -324 9528 4940 -11293 -3913 -7512 END
START 28 9364 4388 -10440 -4091 -7662 END
START 360 9108 3864 -9634 -4147 -7831 END
START 932 9100 3480 -8859 -4083 -8056 END
START 1220 9032 3020 -8168 -3914 -8235 END
START 1748 9100 2668 -7592 -3577 -8431 END
START 2496 9052 2612 -6996 -3109 -8555 END
START 3128 9144 2260 -6591 -2549 -8607 END
START 3944 9320 2144 -6201 -1826 -8618 END
START 4696 9752 2296 -5926 -1002 -8518 END
START 5516 10188 2568 -5690 -106 -8360 END
START 6284 10576 3028 -5593 951 -8096 END
START 6852 11060 3452 -5524 1964 -7741 END
START 7180 11292 4120 -5582 2943 -7316 END
START 7552 11592 4732 -5710 3870 -6823 END
START 7736 11728 5432 -5879 4602 -6293 END
START 7872 11892 6124 -6069 5256 -5724 END
START 8012 11972 6608 -6241 5718 -5206 END
START 8028 11896 7472 -6378 6003 -4615 END
START 7836 11872 8352 -6494 6105 -4025 END
START 7576 11736 9240 -6508 5769 -3398 END
START 7204 11540 10268 -6440 5235 -2803 END
START 6880 11532 10860 -6336 4493 -2179 END
START 6752 11352 11104 -6086 3702 -1583 END
START 6532 11264 11304 -5839 2871 -1082 END
START 6548 11272 11328 -5542 2137 -560 END
START 6712 11244 11164 -5268 1484 -78 END
START 6792 11324 10864 -5022 956 406 END
START 6972 11296 10640 -4852 631 887 END
START 7224 11268 10064 -4735 423 1397 END
START 7464 11136 9720 -4696 432 1912 END
START 7760 10940 9404 -4764 690 2403 END
START 7956 10724 8928 -4788 1080 2843 END
START 7976 10812 8844 -4959 1593 3313 END
START 8048 10776 8688 -5089 2184 3743 END
START 8152 10764 8684 -5340 2825 4230 END
START 8104 10588 8752 -5565 3461 4629 END
START 8164 10608 8728 -5788 4063 5103 END
START 7908 10668 8956 -6071 4544 5580 END
START 7620 10764 9252 -6232 4895 6031 END
START 7196 10584 9576 -6403 5097 6511 END
START 6956 10496 9768 -6502 5215 6951 END
START 6724 10272 9924 -6529 5244 7447 END
START 6380 10000 9800 -6529 5231 7847 END
START 6168 10040 9808 -6482 5250 8324 END
START 6016 10028 9732 -6358 5207 8745 END
START 5668 9916 9804 -6281 5102 9151 END
START 5688 9820 9576 -6171 4977 9607 END
START 5488 9756 9560 -6066 4875 10064 END
START 5364 9588 9392 -5927 4774 10520 END
START 5288 9548 9100 -5857 4706 11016 END
START 5272 9496 8956 -5749 4690 11522 END
START 5124 9472 8456 -5611 4704 12010 END
START 4972 9592 8072 -5508 4804 12780 END
START 5052 9580 7860 -5352 5027 13157 END
START 4940 9540 7636 -5185 5249 13857 END
START 4712 9524 7388 -5099 5520 14504 END
START 4348 9500 7052 -4971 5850 15171 END
START 3864 9332 7148 -4894 6127 15848 END
START 3452 9072 6948 -4805 6346 16532 END
START 2932 8832 6912 -4648 6544 17217 END
START 2632 8652 6976 -4414 6769 17829 END
START 1976 8316 6900 -4164 6836 18401 END
START 1224 8144 6976 -3892 6985 18962 END
START 512 7632 7112 -3505 7001 19509 END
START -272 7396 7072 -3201 7038 19928 END
START -1264 6936 6928 -2856 7046 20325 END
START -2240 6508 6820 -2510 7020 20592 END
START -3120 6052 6700 -2131 7060 20793 END
START -4168 5548 6684 -1706 7082 20886 END
START -4996 5012 6592 -1291 7125 20859 END
START -6072 4524 6740 -844 7196 20782 END
START -6880 4192 6772 -465 7331 20635 END
START -7848 3956 6804 -46 7418 20474 END
START -8344 3756 6832 289 7569 20229 END
START -9500 3404 7100 605 7687 19984 END
START -10424 2896 7424 851 7696 19662 END
START -11352 2528 7816 1065 7695 19302 END
START -12076 2224 7832 1206 7647 18851 END
START -13012 1608 8088 1404 7632 18329 END
START -13808 1012 8512 1558 7560 17754 END
START -14512 736 8644 1686 7417 17109 END
START -15112 408 9004 1804 7150 16379 END
START -15592 -184 9252 1978 6890 15735 END
START -15968 -832 9280 2100 6667 15003 END
START -16356 -1216 9156 2289 6470 14299 END
START -16748 -1268 9324 2497 6237 13562 END
START -16900 -1340 9144 2713 6084 12875 END
START -17260 -1288 9252 2947 5961 12293 END
START -17328 -1400 9356 3130 5888 11506 END
START -17504 -1596 9676 3279 5764 10929 END
START -17532 -1724 9708 3426 5644 10465 END
START -17692 -1980 9892 3550 5517 9960 END
START -17880 -2020 9892 3721 5431 9555 END
START -18012 -2432 10076 3861 5312 9240 END
START -18188 -2716 10056 4020 5256 8873 END
START -18580 -3112 10000 4203 5118 8509 END
START -19048 -3436 10148 4426 4971 8138 END
START -19380 -3540 10176 4629 4876 7706 END
START -19880 -3644 10272 4870 4699 7187 END
START -20420 -3648 10344 5070 4589 6665 END
START -20884 -3900 10428 5249 4420 6099 END
START -21280 -4336 10556 5342 4311 5553 END
START -21664 -4796 10724 5360 4307 4950 END
START -22172 -5160 10700 5319 4271 4281 END
START -22808 -5584 10880 5269 4385 3494 END
START -23324 -5928 10908 5143 4534 2599 END
START -23940 -6456 10972 5016 4745 1614 END
START -24476 -6792 11172 4918 4988 485 END
START -24800 -7128 11168 4746 5267 -758 END
START -25320 -7436 11384 4637 5509 -2026 END
START -25756 -7500 11660 4516 5824 -3449 END
START -25992 -7536 11928 4384 6049 -4874 END
START -26076 -7472 12096 4263 6280 -6405 END
START -26084 -7480 12392 4147 6497 -7891 END
START -25728 -7492 12556 4090 6680 -9349 END
START -25556 -7436 13096 4021 6794 -10794 END
START -25356 -7456 13596 3998 6794 -12234 END
START -25064 -7104 14080 3955 6640 -13578 END
START -24704 -6624 14528 4017 6280 -14855 END
START -24248 -6132 15184 4134 5795 -16040 END
START -23656 -5448 15460 4342 5147 -17179 END
START -22880 -5008 16036 4570 4432 -18219 END
START -22068 -4444 16440 4824 3723 -19075 END
START -21108 -3828 16500 5058 2923 -19741 END
START -19976 -3104 16860 5250 2281 -20320 END
START -18592 -2152 17272 5423 1540 -20773 END
START -17692 -1508 17552 5506 852 -21055 END
START -16744 -1008 17644 5572 152 -21271 END
START -15704 -340 17708 5632 -558 -21331 END
START -14768 208 17648 5604 -1110 -21336 END
START -13644 508 17764 5648 -1526 -21246 END
START -12740 820 17764 5674 -1819 -21113 END
START -12096 1200 17748 5653 -1995 -20906 END
START -11496 1344 17888 5594 -2142 -20668 END
START -11236 1628 18108 5488 -2266 -20477 END
START -10888 1648 18184 5373 -2462 -20319 END
START -10636 1780 18496 5237 -2648 -20239 END
START -10576 1880 18508 5116 -2875 -20228 END
START -10228 1912 18564 5013 -3030 -20290 END
START -10244 1972 18868 4938 -3235 -20424 END
START -10172 2116 18716 4867 -3477 -20616 END
START -10056 2172 18756 4785 -3762 -20838 END
START -9972 2112 18576 4700 -3994 -21130 END
START -9840 2152 18324 4647 -4187 -21407 END
START -9460 2160 18084 4575 -4383 -21775 END
START -9132 2292 17548 4537 -4487 -22167 END
START -8612 2320 17144 4427 -4511 -22604 END
START -8084 2544 16648 4383 -4471 -23058 END
START -7632 2632 16168 4289 -4346 -23462 END
START -7236 2604 16032 4203 -4246 -23869 END
START -6828 2580 15792 4159 -4207 -24278 END
START -6320 3192 15196 4139 -4123 -24656 END
START -5828 4036 15060 4130 -4105 -25059 END
START -5148 4780 14920 4201 -4115 -25390 END
START -4252 5404 14552 4232 -4160 -25721 END
START -3320 5816 14176 4275 -4188 -25888 END
START -2368 6300 14220 4295 -4091 -25896 END
START -1492 6684 14280 4316 -3985 -25753 END
START -716 7180 14460 4394 -3997 -25539 END
START 64 8048 14496 4443 -3996 -25302 END
START 984 8868 14556 4492 -4056 -25033 END
START 1876 9616 14604 4566 -4052 -24693 END
START 2732 10100 14824 4655 -4041 -24266 END
START 3668 10472 14612 4738 -4027 -23754 END
START 4840 10992 14528 4762 -3849 -23134 END
START 5748 11704 14588 4774 -3694 -22411 END
START 6436 11956 14636 4752 -3588 -21630 END
START 6916 12404 14576 4758 -3336 -20806 END
START 7268 12772 14780 4830 -3228 -19885 END
START 7464 12980 14920 4883 -3078 -18940 END
START 7740 12992 15016 5035 -3000 -18041 END
START 8096 13072 15152 5236 -2862 -17138 END
START 8200 12856 15136 5473 -2784 -16319 END
START 8444 12672 15144 5714 -2698 -15441 END
START 8536 12456 14996 5875 -2523 -14688 END
START 8708 12408 15148 6007 -2422 -13901 END
START 8596 12300 15316 6099 -2209 -13124 END
START 8540 12116 15376 6148 -2081 -12397 END
START 8316 11788 15360 6137 -1887 -11685 END
START 8080 11316 15624 6159 -1651 -10993 END
START 7868 11008 15888 6138 -1371 -10403 END
START 7408 10852 16344 6099 -1159 -9978 END
START 6928 10536 16332 5962 -895 -9643 END
START 6652 10232 16624 5825 -681 -9366 END
START 6440 9984 16796 5591 -416 -9178 END
START 6132 9788 16808 5327 -233 -9035 END
START 5932 9760 16824 5047 2 -8948 END
START 6028 9952 17136 4738 230 -8838 END
START 6216 10028 17040 4419 445 -8729 END
START 6056 10384 17176 4047 618 -8583 END
START 6048 10756 17300 3696 729 -8395 END
START 6072 11080 17508 3328 830 -8158 END
START 6308 11420 17540 2862 912 -7787 END
START 6440 11436 17972 2476 936 -7340 END
START 6628 11564 17712 2027 938 -6755 END
START 6764 11732 18040 1622 947 -6196 END
START 6840 11816 18100 1184 940 -5513 END
START 7012 11776 18080 763 908 -4842 END
START 7048 11604 17992 331 824 -4137 END
START 7012 11268 17844 -51 658 -3459 END
START 7044 11092 17796 -414 446 -2754 END
START 6960 10696 17556 -679 233 -2060 END
START 6828 10556 17428 -964 -93 -1370 END
START 6548 10228 17292 -1104 -424 -760 END
START 6192 10148 17088 -1214 -821 -165 END
START 5988 10092 16868 -1168 -1211 428 END
START 5676 9908 16628 -1180 -1585 1020 END
START 5292 9884 16284 -1078 -1941 1615 END
START 4956 9912 16080 -1049 -2290 2191 END
START 4640 9736 15796 -983 -2598 2735 END
START 4372 9508 15480 -947 -2852 3230 END
START 4176 9292 15068 -894 -3012 3707 END
START 3960 9056 14780 -872 -3034 4096 END
START 3588 8772 14524 -865 -3005 4456 END
START 3480 8468 14236 -840 -3012 4765 END
START 3148 8128 14300 -835 -2972 5022 END
START 2876 7940 13972 -754 -2949 5244 END
START 2556 7652 14056 -718 -2951 5470 END
START 2416 7400 13988 -634 -2857 5688 END
START 2272 7132 13964 -550 -2805 5846 END
START 2076 6824 14072 -423 -2723 6043 END
START 2044 6548 13972 -305 -2606 6186 END
START 1908 6408 14080 -177 -2478 6341 END
START 1804 6308 14204 -93 -2281 6497 END
START 1688 6040 14236 8 -2165 6645 END
START 1644 6004 14492 9 -1976 6739 END
START 1512 5924 14792 35 -1802 6876 END
START 1376 5940 15004 5 -1583 6964 END
START 1180 5788 15280 -83 -1422 7068 END