START -4248 1668 12212 -121 1368 -618 END
START -324 2464 7552 111 148 -416 END
START -3916 1020 9960 202 611 -43 END
START -3204 2068 11140 257 717 263 END
START -3136 2264 11412 325 742 674 END
START -3380 1900 11880 364 735 1001 END
START -3588 1664 12288 512 607 1299 END
START -3588 1492 12612 671 589 1577 END
START -3704 1368 13160 853 563 1763 END
START -3480 1208 13092 934 677 1811 END
START -3416 1236 13092 999 735 1797 END
START -3460 1220 13132 1020 894 1769 END
START -3552 1172 13184 919 1074 1738 END
START -3724 1052 13512 843 1275 1678 END
START -4008 1248 13872 713 1404 1583 END
START -4436 1332 14080 521 1367 1501 END
START -4832 1624 14180 291 1142 1373 END
START -5032 1524 14216 87 944 1176 END
START -4868 1400 14280 -13 845 1022 END
START -4608 1272 14140 -56 871 808 END
START -4328 1028 13960 -125 976 634 END
START -4196 892 13896 -234 1140 424 END
START -4140 932 13800 -367 1312 256 END
START -4248 1032 13916 -501 1478 45 END
START -4396 1088 13800 -649 1606 -103 END
START -4612 1068 13992 -807 1676 -283 END
START -4604 1216 14124 -920 1684 -430 END
START -4580 1224 14080 -985 1717 -587 END
START -4568 1188 14220 -1055 1742 -665 END
START -4572 996 14180 -1042 1691 -750 END
START -4724 808 14388 -951 1589 -789 END
START -4744 512 14316 -860 1466 -852 END
START -4624 344 14492 -627 1311 -976 END
START -4660 264 14508 -487 1274 -1065 END
START -4868 184 14864 -287 1098 -1173 END
START -4972 276 14704 -177 842 -1268 END
START -5020 292 14920 -41 483 -1361 END
START -4844 392 14936 37 144 -1393 END
START -4756 540 14860 88 -145 -1400 END
START -4460 628 14804 90 -361 -1424 END
START -4380 668 14968 93 -536 -1361 END
START -4192 804 14620 28 -673 -1334 END
START -4112 872 14512 -43 -838 -1240 END
START -4028 840 14560 -108 -961 -1183 END
START -3784 892 14316 -187 -990 -1126 END
START -3868 876 14140 -260 -992 -1013 END
START -3684 944 14008 -329 -969 -971 END
START -3700 912 13780 -390 -894 -884 END
START -3588 968 13932 -508 -860 -794 END
START -3728 956 13644 -570 -843 -677 END
START -3680 1016 13520 -591 -815 -581 END
START -3664 1036 13364 -642 -804 -511 END
START -3616 956 12948 -580 -762 -413 END
START -3500 912 12776 -506 -614 -383 END
START -3612 760 12612 -365 -471 -322 END
START -3664 692 12600 -166 -351 -307 END
START -3712 544 12672 66 -275 -253 END
START -3684 608 12940 279 -190 -238 END
START -3696 596 13040 491 -221 -239 END
START -3744 468 12908 640 -255 -218 END
START -3756 500 13316 761 -261 -221 END
START -3844 432 13184 942 -322 -245 END
START -3812 588 13528 1028 -476 -236 END
START -3988 580 13452 1112 -596 -251 END
START -3968 660 13380 1225 -706 -253 END
START -4044 780 13376 1310 -765 -286 END
START -4044 748 13036 1365 -817 -273 END
START -3924 680 13096 1446 -889 -300 END
START -4116 696 13028 1511 -881 -304 END
START -4084 604 12812 1642 -888 -361 END
START -4068 540 12556 1757 -858 -442 END
START -4048 612 12672 1881 -745 -498 END
START -4176 696 12388 1988 -667 -556 END
START -4216 816 12516 2076 -643 -609 END
START -4348 900 12524 2121 -547 -626 END
START -4472 1008 12432 2158 -607 -647 END
START -4456 1204 12532 2165 -672 -694 END
START -4416 1328 12296 2182 -707 -687 END
START -4424 1348 12172 2200 -674 -707 END
START -4452 1224 12112 2194 -698 -751 END
START -4428 1304 11996 2180 -739 -809 END
START -4460 1300 12088 2191 -747 -846 END
START -4320 1216 11984 2228 -774 -858 END
START -4336 1276 11764 2268 -790 -914 END
START -4412 1224 11872 2336 -844 -983 END
START -4524 1264 11692 2400 -908 -1043 END
START -4508 1356 11764 2484 -973 -1081 END
START -4512 1520 11524 2546 -1056 -1152 END
START -4276 1580 11288 2588 -1153 -1167 END
START -4192 1540 11276 2671 -1166 -1205 END
START -4120 1800 10964 2700 -1193 -1235 END
START -4076 1856 10544 2712 -1157 -1244 END
START -4004 1908 10392 2739 -1137 -1279 END
START -3840 1984 10220 2784 -1109 -1330 END
START -3788 1912 10036 2866 -1033 -1372 END
START -3788 1924 9956 2997 -987 -1384 END
START -3760 1852 9864 3146 -972 -1437 END
START -3780 1852 9788 3303 -910 -1469 END
START -3676 1888 9860 3508 -905 -1537 END
START -3640 1980 9852 3638 -938 -1610 END
START -3740 2112 9952 3826 -1062 -1671 END
START -3848 2264 9940 3985 -1190 -1732 END
START -3844 2320 9828 4158 -1320 -1788 END
START -3604 2356 9824 4244 -1532 -1826 END
START -3432 2340 9668 4374 -1629 -1877 END
START -3312 2456 9616 4509 -1733 -1903 END
START -3224 2508 9436 4617 -1827 -1949 END
START -3216 2576 9268 4737 -1846 -2003 END
START -2908 2684 8920 4887 -1890 -2052 END
START -2836 2752 8928 5085 -1886 -2091 END
START -2868 2828 8920 5277 -1833 -2159 END
START -2796 2944 8816 5521 -1806 -2165 END
START -2736 2964 8908 5717 -1805 -2186 END
START -2788 3104 8744 5962 -1784 -2152 END
START -2692 3092 8776 6204 -1752 -2115 END
START -2476 3308 8696 6371 -1689 -2119 END
START -2524 3200 8812 6585 -1632 -2067 END
START -2280 3156 8728 6771 -1524 -2039 END
START -2356 3156 8912 6979 -1485 -1991 END
START -2244 3144 9144 7171 -1449 -1980 END
START -2300 3148 9180 7353 -1498 -1907 END
START -2292 3260 9216 7528 -1433 -1868 END
START -2184 3116 9396 7716 -1448 -1826 END
START -2144 3188 9444 7867 -1386 -1821 END
START -2300 3308 9596 8044 -1347 -1765 END
START -2292 3496 9836 8160 -1394 -1703 END
START -2308 3552 9568 8283 -1430 -1631 END
START -2280 3628 9820 8348 -1429 -1530 END
START -2228 3592 9848 8471 -1432 -1490 END
START -2224 3616 9680 8535 -1453 -1414 END
START -2296 3720 9592 8607 -1479 -1377 END
START -2576 3660 9728 8691 -1519 -1375 END
START -2504 3520 9544 8796 -1556 -1330 END
START -2592 3424 9624 8997 -1534 -1380 END
START -2744 3412 9568 9233 -1551 -1413 END
START -2920 3296 9900 9495 -1543 -1495 END
START -3120 3316 10044 9804 -1594 -1579 END
START -3228 3324 10132 10122 -1650 -1692 END
START -3312 3384 10368 10424 -1732 -1814 END
START -3316 3412 10564 10715 -1779 -1960 END
START -3368 3416 11052 10994 -1873 -2097 END
START -3344 3500 11164 11200 -1963 -2217 END
START -3196 3660 11488 11478 -2022 -2340 END
START -2952 3632 11712 11705 -2105 -2453 END
START -2748 3896 11832 11853 -2126 -2546 END
START -2648 4148 12244 11917 -2121 -2597 END
START -2464 4176 12504 11872 -2089 -2633 END
START -2220 4260 13080 12071 -2105 -2619 END
START -2132 4348 13104 12036 -2091 -2547 END
START -1976 4464 13464 12080 -2073 -2529 END
START -1996 4676 13776 11992 -2044 -2519 END
START -1824 4880 14072 11615 -2069 -2422 END
START -1912 4936 14068 11872 -2141 -2361 END
START -1748 5152 14360 11729 -2192 -2257 END
START -1708 5228 14360 11594 -2175 -2162 END
START -1736 5404 14436 11919 -2135 -2038 END
START -1780 5548 14592 11784 -2099 -1933 END
START -1684 5708 14944 12092 -2034 -1802 END
START -1836 5760 15048 12093 -2077 -1654 END
START -1908 5820 15228 12092 -2094 -1532 END
START -1984 5900 15592 12084 -2186 -1455 END
START -1988 5672 15820 12062 -2218 -1400 END
START -1960 5548 16044 12082 -2208 -1373 END
START -1924 5452 16496 12087 -2230 -1358 END
START -2088 5380 16732 12087 -2221 -1399 END
START -2080 5216 17248 12076 -2233 -1435 END
START -1812 5088 17612 12049 -2202 -1525 END
START -1760 5120 17812 12010 -2078 -1644 END
START -1760 5016 18144 11837 -2014 -1742 END
START -1644 5160 18520 11726 -1926 -1842 END
START -1540 5108 18720 11490 -1773 -1927 END
START -1444 5204 19204 11225 -1640 -2016 END
START -1532 5320 19132 10993 -1455 -2081 END
START -1468 5356 19536 10748 -1316 -2182 END
START -1496 5312 19720 10517 -1163 -2289 END
START -1480 5316 20028 10293 -1104 -2355 END
START -1484 5348 20132 10092 -989 -2466 END
START -1536 5348 20312 9934 -908 -2520 END
START -1704 5424 20768 9740 -860 -2551 END
START -1764 5820 20988 9560 -839 -2592 END
START -1856 5880 21304 9421 -854 -2555 END
START -2040 6104 21672 9250 -952 -2543 END
START -2080 6148 21964 9102 -1107 -2529 END
START -2044 6080 22348 8917 -1297 -2492 END
START -2100 6152 22436 8756 -1520 -2430 END
START -2060 6076 22836 8538 -1808 -2372 END
START -2068 5872 23016 8323 -2080 -2278 END
START -1836 6052 23160 8085 -2390 -2161 END
START -1592 6004 23192 7804 -2588 -2086 END
START -1332 5936 23160 7475 -2757 -1946 END
START -1124 5872 23200 7179 -2811 -1760 END
START -952 5576 23140 6850 -2884 -1652 END
START -744 5548 22856 6508 -2831 -1509 END
START -364 5384 22704 6176 -2610 -1400 END
START -184 5188 22424 5789 -2392 -1297 END
START 4 5020 22296 5393 -2101 -1177 END
START -20 4896 22032 4983 -1723 -1115 END
START 40 4888 21832 4572 -1362 -1077 END
START -48 4892 21752 4084 -995 -952 END
START 20 4808 21720 3617 -607 -936 END
START -4 4636 21460 3185 -222 -866 END
START 12 4388 21108 2787 159 -811 END
START 32 4312 20964 2370 505 -792 END
START -140 4036 20780 2058 877 -819 END
START -360 3812 20736 1735 1163 -855 END
START -876 3864 20440 1516 1465 -918 END
START -1096 3912 20068 1359 1709 -897 END
START -1532 4048 19568 1222 1967 -910 END
START -1752 4148 18864 1178 2227 -878 END
START -1896 4212 18504 1120 2602 -862 END
START -2344 4200 18148 1205 3099 -891 END
START -2596 3984 17956 1386 3606 -926 END
START -2736 3844 17692 1630 4121 -953 END
START -3152 3832 17988 1862 4674 -984 END
START -3544 3660 18608 2090 5114 -1115 END
START -4092 3692 19392 2257 5375 -1200 END
START -4436 3612 20204 2273 5487 -1304 END
START -4748 3600 21048 2232 5482 -1461 END
START -5180 3496 21820 2119 5192 -1553 END
START -5264 3624 22540 1926 4896 -1696 END
START -5544 3588 23140 1757 4464 -1817 END
START -5620 3564 23444 1555 4002 -1881 END
START -5736 3668 23840 1378 3424 -1906 END
START -5824 3816 24328 1245 2794 -1922 END
START -5884 4064 24248 1073 2189 -1895 END
START -5760 4364 24180 939 1547 -1840 END
START -5684 4536 24048 742 968 -1809 END
START -5448 4848 23808 597 535 -1723 END
START -5380 4748 23656 470 96 -1539 END
START -5156 4700 23584 351 -133 -1429 END
START -5080 4660 23496 226 -357 -1282 END
START -5032 4544 23336 92 -544 -1216 END
START -4904 4440 23416 -34 -676 -1176 END
START -4900 4472 23552 -292 -802 -1150 END
START -4992 4364 23336 -522 -930 -1188 END
START -5012 4288 23200 -835 -1054 -1249 END
START -5092 4228 23148 -1184 -1199 -1351 END
START -5016 4148 22944 -1560 -1214 -1528 END
START -4920 4088 22628 -1871 -1199 -1736 END
START -4696 3936 22392 -2192 -1154 -1930 END
START -4648 4044 22164 -2460 -1061 -2163 END
START -4588 4176 21992 -2683 -871 -2378 END
START -4364 4404 21716 -2869 -694 -2592 END
START -4236 4516 21584 -3136 -478 -2693 END
START -4052 4716 21372 -3373 -224 -2818 END
START -3816 4808 21020 -3638 -63 -2911 END
START -3632 4988 20800 -3885 151 -2965 END
START -3492 4936 20496 -4148 428 -3051 END
START -3364 4868 20300 -4367 750 -3069 END
START -3304 4704 20236 -4550 1000 -3146 END
START -3272 4740 20196 -4725 1264 -3153 END
START -3456 4852 20272 -4849 1429 -3176 END
START -3452 4800 20308 -4996 1583 -3203 END
START -3564 4816 20152 -5114 1716 -3195 END
START -3520 4856 20196 -5234 1745 -3171 END
START -3660 4804 20264 -5360 1762 -3107 END
START -3828 4752 20204 -5462 1658 -3065 END
START -3860 4732 20032 -5567 1622 -3005 END
START -3800 4828 20084 -5610 1520 -2923 END
START -3968 4808 19892 -5654 1358 -2829 END
START -4136 4836 20040 -5659 1188 -2690 END
START -4336 4668 20112 -5608 949 -2581 END
START -4504 4616 20016 -5544 654 -2478 END
START -4648 4608 20108 -5454 334 -2349 END
START -4740 4716 19792 -5346 59 -2252 END
START -4740 4584 19784 -5289 -231 -2140 END
START -4776 4552 19348 -5263 -306 -2021 END
START -4892 4504 19084 -5279 -458 -1963 END
START -4988 4464 18552 -5315 -460 -1934 END
START -4972 4416 18412 -5400 -393 -1893 END
START -4984 4264 18112 -5491 -278 -1927 END
START -4948 4140 18124 -5571 -17 -1968 END
START -5168 4020 17964 -5657 115 -2017 END
START -5200 3776 17988 -5779 313 -2088 END
START -5412 3748 18200 -5932 388 -2225 END
START -5456 3648 17932 -6128 550 -2389 END
START -5576 3548 18176 -6265 621 -2577 END
START -5612 3484 18160 -6470 681 -2765 END
START -5636 3544 17968 -6634 684 -2936 END
START -5548 3536 17824 -6744 761 -3080 END
START -5480 3536 17792 -6930 841 -3242 END
START -5372 3492 17624 -7043 856 -3402 END
START -5372 3556 17396 -7201 929 -3539 END
START -5224 3444 17284 -7380 989 -3651 END
START -5048 3412 17156 -7509 1041 -3782 END
START -5080 3592 16792 -7658 1085 -3867 END
START -4972 3656 16664 -7750 1151 -3929 END
START -4852 3756 16276 -7888 1212 -3982 END
START -4740 3744 16232 -7915 1280 -4004 END
START -4672 3588 16192 -7926 1351 -4012 END
START -4836 3464 15988 -7881 1359 -4028 END
START -4756 3412 16068 -7835 1395 -4062 END
START -4768 3352 16276 -7739 1264 -4123 END
START -4836 3424 16088 -7666 1094 -4139 END
START -4680 3472 16100 -7639 891 -4180 END
START -4712 3568 15936 -7599 677 -4142 END
START -4492 3588 15652 -7556 538 -4135 END
START -4380 3540 15600 -7535 409 -4124 END
START -4384 3620 15272 -7503 326 -4115 END
START -4308 3528 14964 -7444 252 -4133 END
START -4288 3584 14944 -7347 213 -4157 END
START -4256 3472 14688 -7285 124 -4175 END
START -4152 3480 14568 -7201 9 -4200 END
START -4040 3504 14364 -7148 -70 -4219 END
START -3848 3580 13956 -7065 -128 -4241 END
START -3684 3616 13832 -6977 -129 -4208 END
START -3464 3596 13676 -6911 -116 -4219 END
START -3464 3564 13412 -6844 -85 -4188 END
START -3300 3536 13252 -6779 -85 -4157 END
START -3268 3492 13072 -6661 -49 -4131 END
START -3228 3412 13020 -6544 -46 -4141 END
START -3172 3204 12880 -6401 -9 -4159 END
START -3152 3252 12752 -6241 -53 -4178 END
START -3072 3100 12532 -6085 -42 -4183 END
START -3080 3092 12296 -5962 -1 -4175 END
START -3112 3256 12016 -5824 53 -4268 END
START -3144 3496 11872 -5753 95 -4320 END
START -3040 3592 11708 -5688 147 -4373 END
START -2876 3628 11500 -5715 345 -4402 END
START -2816 3668 11368 -5729 496 -4424 END
START -2516 3580 11036 -5767 739 -4442 END
START -2436 3732 10984 -5773 958 -4414 END
START -2296 3748 10764 -5741 1192 -4427 END
START -2212 3744 10988 -5704 1446 -4441 END
START -2244 3732 10908 -5677 1496 -4411 END
START -2100 3748 11000 -5650 1592 -4430 END
START -1964 3832 11044 -5598 1586 -4362 END
START -1904 3828 10852 -5570 1605 -4300 END
START -1824 3924 10628 -5484 1552 -4217 END
START -1752 3948 10668 -5418 1473 -4131 END
START -1588 3988 10552 -5271 1444 -4092 END
START -1320 4168 10404 -5107 1364 -3963 END
START -1216 4072 10176 -4934 1351 -3882 END
START -1304 4268 10212 -4682 1288 -3766 END
START -1112 4440 10304 -4450 1243 -3661 END
START -1124 4560 10480 -4265 1172 -3515 END
START -1080 4584 10532 -4030 1095 -3372 END
START -1152 4756 10652 -3875 1003 -3246 END
START -872 4696 10960 -3765 814 -3075 END
START -900 4680 11292 -3698 673 -2937 END
START -912 4712 11512 -3603 409 -2797 END
START -756 4544 11684 -3547 179 -2647 END
START -740 4628 11700 -3461 -92 -2499 END
START -692 4512 11728 -3330 -348 -2363 END
START -784 4512 11652 -3193 -643 -2216 END
START -660 4488 11488 -3066 -844 -2041 END
START -660 4588 11412 -2898 -966 -1854 END
START -760 4680 11104 -2728 -1125 -1692 END
START -676 4820 11228 -2545 -1233 -1523 END
START -704 4640 11016 -2426 -1273 -1382 END
START -748 4556 10856 -2262 -1224 -1203 END
START -852 4304 10880 -2157 -1154 -1064 END
START -984 4144 10856 -2009 -1128 -962 END
START -1048 4004 10936 -1905 -1121 -914 END
START -1288 3776 11248 -1778 -1130 -847 END
START -1200 3872 11168 -1672 -1085 -860 END
START -1372 3680 11520 -1503 -1130 -861 END
START -1436 3584 11756 -1393 -1134 -893 END
START -1508 3632 12032 -1322 -1188 -916 END
START -1624 3744 12040 -1270 -1284 -940 END
START -1692 3652 12264 -1277 -1263 -920 END
START -1520 3708 12368 -1319 -1228 -974 END
START -1472 3768 12416 -1367 -1265 -998 END
START -1532 3660 12616 -1395 -1246 -1036 END
START -1540 3452 12552 -1423 -1240 -1111 END
START -1676 3336 13064 -1401 -1245 -1203 END
START -1592 3244 13180 -1384 -1248 -1323 END
START -1488 3392 13480 -1369 -1329 -1406 END
START -1424 3448 13496 -1353 -1399 -1483 END
START -1408 3592 13496 -1340 -1334 -1510 END
START -1188 3764 13800 -1335 -1329 -1532 END
START -1164 3800 13972 -1352 -1311 -1533 END
START -1016 3896 14200 -1443 -1232 -1507 END
START -1060 3892 14504 -1549 -1202 -1456 END
START -940 3796 15100 -1659 -1286 -1426 END
START -976 3700 15376 -1761 -1420 -1384 END
START -816 3736 15784 -1828 -1551 -1345 END
START -720 3680 15764 -1895 -1685 -1314 END
START -556 3764 16112 -1976 -1873 -1207 END
START -296 3716 16172 -2035 -1953 -1156 END
START -156 3864 16368 -2076 -2065 -1017 END
START -136 3712 16444 -2181 -2166 -928 END
START -52 3804 16692 -2282 -2310 -757 END
START 128 3864 16640 -2372 -2422 -634 END
START 204 3852 16588 -2487 -2563 -487 END
START 288 3732 16648 -2649 -2677 -306 END
START 348 3480 16744 -2718 -2756 -122 END
START 396 3372 16604 -2803 -2832 65 END
START 608 3424 16884 -2867 -2932 257 END
START 620 3224 16784 -2924 -2981 409 END
START 572 3204 16608 -2994 -3102 575 END
START 488 3124 16960 -3020 -3176 781 END
START 592 3148 16860 -3039 -3246 925 END
START 508 3052 16904 -3056 -3378 1087 END
START 460 2936 17164 -3057 -3512 1254 END
START 324 2980 17096 -3098 -3710 1402 END
START 196 2824 17196 -3132 -3901 1510 END
START 244 2912 17380 -3203 -4182 1643 END
START 160 2888 17516 -3312 -4373 1799 END
START 188 2760 17476 -3402 -4574 1922 END
START 252 2892 17212 -3559 -4698 2071 END
START 256 2764 17208 -3731 -4804 2202 END
START 376 2676 16892 -3992 -4869 2290 END
START 468 2748 16812 -4226 -4843 2367 END
START 428 2504 16532 -4492 -4867 2418 END
START 376 2476 16276 -4739 -4842 2399 END
START 440 2372 16008 -4985 -4706 2442 END
START 576 2268 15648 -5160 -4515 2422 END
START 604 2364 15296 -5361 -4246 2445 END
START 576 2384 15040 -5536 -3935 2456 END
START 592 2368 14756 -5708 -3673 2478 END
START 564 2352 14816 -5878 -3415 2475 END
START 572 2368 14632 -6067 -3148 2514 END
START 540 2220 14464 -6207 -2959 2492 END
START 464 2220 14404 -6327 -2814 2473 END
START 516 2244 14260 -6455 -2711 2528 END
START 544 2388 14092 -6532 -2604 2526 END
START 712 2396 14048 -6632 -2520 2573 END
START 788 2640 13900 -6719 -2386 2676 END
START 844 2788 13652 -6800 -2370 2776 END
START 852 2968 13396 -6906 -2229 2946 END
START 1032 3200 13320 -7017 -2056 3143 END
START 1180 3060 13040 -7145 -1890 3350 END
START 1212 3172 12796 -7232 -1817 3592 END
START 1188 3196 12672 -7339 -1695 3838 END
START 1280 3128 12424 -7399 -1562 4054 END
START 1108 3248 12304 -7446 -1486 4294 END
START 992 3416 12060 -7465 -1433 4491 END
START 784 3392 11768 -7427 -1386 4775 END
START 524 3440 11488 -7431 -1383 5044 END
START 516 3384 11140 -7342 -1361 5326 END
START 180 3256 10704 -7217 -1329 5599 END
START 0 3244 10544 -7050 -1326 5867 END
START -28 3260 10352 -6868 -1284 6093 END
START -380 3112 9984 -6646 -1237 6276 END
START -620 3108 9496 -6445 -1261 6457 END
START -924 2984 9312 -6157 -1295 6610 END
START -1168 2760 8936 -5858 -1260 6761 END
START -1324 2608 8632 -5497 -1252 6893 END
START -1632 2376 8424 -5119 -1160 7033 END
START -1728 2064 7980 -4713 -1102 7086 END
START -1828 1956 7856 -4261 -1065 7126 END
START -2144 1596 7596 -3830 -892 7181 END
START -2332 1284 7568 -3398 -779 7110 END
START -2660 972 7284 -2998 -712 7050 END
START -2960 788 7324 -2597 -616 6921 END
START -3296 528 7228 -2205 -526 6784 END
START -3488 228 7392 -1771 -430 6619 END
START -3596 204 7320 -1382 -331 6483 END
START -3720 248 7276 -992 -232 6307 END
START -3824 208 7296 -647 -40 6171 END
START -3832 236 7172 -380 141 6042 END
START -3980 256 7244 -132 343 5927 END
START -4116 364 7040 25 492 5824 END
START -4528 432 7232 195 615 5760 END
START -4688 444 7288 341 680 5694 END
START -4960 416 7228 477 820 5639 END
START -5128 408 7056 707 954 5616 END
START -5232 268 7288 923 1087 5592 END
START -5520 120 7336 1185 1253 5539 END
START -5892 -128 7336 1452 1354 5473 END
START -5940 -216 7412 1716 1521 5378 END
START -6424 -464 7740 2027 1617 5266 END
START -6660 -700 7784 2327 1679 5104 END
START -7132 -772 7944 2617 1650 5002 END
START -7472 -884 8348 2939 1594 4776 END
START -7704 -992 8328 3246 1521 4644 END
START -7928 -984 8288 3520 1403 4411 END
START -8172 -1196 8400 3836 1431 4205 END
START -8312 -1224 8448 4070 1381 3935 END
START -8456 -1436 8668 4375 1450 3683 END
START -8608 -1540 8780 4729 1427 3445 END
START -8832 -1628 8868 5032 1449 3150 END
START -9032 -1620 9088 5341 1493 2869 END
START -9044 -1552 9408 5626 1515 2555 END
START -9300 -1316 9288 5885 1522 2277 END
START -9460 -1336 9696 6136 1564 2034 END
START -9796 -1200 10068 6389 1523 1761 END
START -9968 -1160 10476 6631 1453 1540 END
START -10088 -1248 10896 6870 1357 1266 END
START -10048 -1312 11312 7075 1248 1018 END
START -10292 -1272 11676 7269 1085 743 END
START -10340 -1188 12056 7421 918 451 END
START -10440 -1076 12476 7483 732 184 END
START -10576 -936 12848 7522 503 -49 END
START -10516 -812 13068 7553 304 -337 END
START -10468 -840 13360 7578 112 -530 END
START -10460 -876 13464 7525 6 -757 END
START -10520 -780 13548 7492 -130 -1012 END
START -10524 -792 13784 7513 -231 -1269 END
START -10584 -824 13908 7499 -317 -1566 END
START -10636 -744 14000 7484 -335 -1838 END
START -10720 -836 14012 7480 -432 -2134 END
START -10768 -772 14184 7511 -447 -2469 END
START -10936 -624 14360 7540 -457 -2789 END
START -10944 -676 14508 7574 -534 -3209 END
START -10940 -700 14852 7633 -566 -3550 END
START -11104 -676 15068 7647 -637 -3942 END
START -11144 -540 15368 7666 -736 -4331 END
START -11168 -540 15588 7658 -790 -4753 END
START -11112 -416 15592 7623 -915 -5135 END
START -11088 -488 16080 7638 -988 -5493 END
START -10904 -428 16188 7658 -1054 -5915 END
START -10856 -440 16424 7709 -1074 -6299 END
START -10596 -336 16552 7703 -1160 -6714 END
START -10596 -256 16940 7712 -1184 -7117 END
START -10388 -120 17016 7625 -1281 -7518 END
START -10192 8 17124 7613 -1329 -7849 END
START -9968 108 17112 7555 -1322 -8197 END
START -9648 384 17252 7449 -1278 -8501 END
START -9488 612 17508 7366 -1120 -8801 END
START -9212 716 17584 7264 -1053 -9002 END
START -9180 752 18268 7121 -1054 -9240 END
START -9144 952 18380 6991 -1064 -9427 END
START -8984 1088 18804 6859 -1100 -9605 END
START -8968 1172 19132 6679 -1163 -9799 END
START -8908 1320 19156 6490 -1270 -10000 END
START -8832 1332 19280 6322 -1437 -10179 END
START -8872 1456 19388 6097 -1622 -10397 END
START -8552 1444 19252 5953 -1635 -10564 END
START -8324 1432 19260 5756 -1654 -10746 END
START -8140 1692 19216 5644 -1570 -10888 END
START -7984 1816 19320 5461 -1478 -11032 END
START -8048 1852 19388 5218 -1394 -11160 END
START -8084 1868 19544 4974 -1342 -11316 END
START -7952 1816 19584 4692 -1338 -11464 END
START -7920 1820 19444 4406 -1233 -11679 END
START -7684 1776 19500 4148 -1178 -11853 END
START -7644 1532 19348 3889 -1027 -12081 END
START -7376 1392 19224 3627 -891 -12317 END
START -7156 1104 19304 3416 -740 -12638 END
START -7036 1012 19232 3156 -580 -12902 END
START -6800 1108 19248 2894 -466 -13206 END
START -6744 900 19332 2609 -397 -13563 END
START -6360 936 19396 2276 -287 -13930 END
START -6052 860 19236 1947 -259 -14268 END
START -5668 888 18920 1613 -158 -14585 END
START -5240 956 18604 1251 -103 -14920 END
START -4988 1032 18376 932 -5 -15230 END
START -4420 1244 17996 639 176 -15522 END
START -3764 1456 17584 374 394 -15783 END
START -3228 1712 17048 190 685 -15984 END
START -2652 1880 17008 -10 988 -16127 END
START -2480 1940 16752 -140 1290 -16235 END
START -2024 2024 17012 -269 1543 -16368 END
START -1556 2388 16940 -378 1640 -16494 END
START -1188 2608 16656 -498 1702 -16470 END
START -660 2968 16564 -563 1660 -16453 END
START -92 3232 16580 -580 1644 -16364 END
START 448 3456 16716 -561 1538 -16240 END
START 984 3784 16828 -468 1443 -16085 END
START 1488 4296 17112 -317 1201 -15824 END
START 2044 4620 17292 -145 931 -15523 END
START 2680 5032 17632 56 604 -15154 END
START 3276 5516 17976 204 149 -14692 END
START 3536 5628 17968 329 -345 -14189 END
START 4088 6136 18192 429 -892 -13645 END
START 4464 6516 18472 456 -1423 -13051 END
START 5020 6780 18460 451 -1980 -12377 END
START 5436 7236 18460 461 -2557 -11717 END
START 5572 7516 18616 469 -3161 -11000 END
START 6016 7504 18512 467 -3781 -10270 END
START 6360 7576 18536 518 -4433 -9470 END
START 6640 7528 18356 558 -4905 -8728 END
START 6988 7452 18128 632 -5382 -8001 END
START 7160 7604 17840 674 -5776 -7238 END
START 7344 7648 17436 674 -6034 -6618 END
START 7504 7648 17028 693 -6182 -5974 END
START 7672 7656 16360 684 -6153 -5378 END
START 7736 7416 15968 674 -6002 -4827 END
START 8000 7212 15712 661 -5747 -4348 END
START 7936 7092 15428 655 -5373 -3810 END
START 7784 7016 15200 614 -4951 -3369 END
START 7696 6940 15028 589 -4555 -2918 END
START 7728 6712 14992 496 -4106 -2517 END
START 7600 6436 14880 455 -3727 -2190 END
START 7508 6252 15056 426 -3350 -1878 END