START -2008 3100 5088 -8117 992 -910 END
START -2096 3024 4956 -7895 1501 -777 END
START -2288 2796 5064 -7577 1964 -647 END
START -2492 3100 4952 -7127 2448 -515 END
START -2836 3372 4756 -6622 2930 -391 END
START -3144 3688 4324 -6048 3310 -272 END
START -2980 3676 4136 -5463 3621 -116 END
START -3184 3800 3664 -4804 3980 -42 END
START -3084 3844 3412 -4148 4343 52 END
START -3376 3800 3212 -3362 4726 135 END
START -3512 3816 3116 -2604 5009 191 END
START -3684 3812 3108 -1817 5351 217 END
START -3896 3912 3176 -1001 5482 215 END
START -4124 4156 3280 -229 5612 186 END
START -4292 4160 3384 597 5566 115 END
START -4528 4180 3652 1331 5436 25 END
START -4524 4156 3760 2084 5226 -92 END
START -4540 4068 4036 2767 4904 -227 END
START -4524 3804 4176 3473 4567 -364 END
START -4356 3872 4260 4056 4221 -509 END
START -4180 3932 4100 4650 3860 -662 END
START -4200 3976 4152 5093 3523 -814 END
START -4088 4260 4172 5517 3234 -955 END
START -3856 4636 4208 5836 2920 -1111 END
START -3780 4904 4116 6178 2646 -1249 END
START -3476 5224 4112 6450 2472 -1291 END
START -3228 5352 3820 6605 2309 -1298 END
START -3016 5500 3732 6818 2243 -1243 END
START -2772 5676 3692 6980 2269 -1117 END
START -2664 6004 3356 7130 2355 -977 END
START -2428 6204 3212 7297 2542 -806 END
START -2208 6600 3172 7498 2696 -614 END
START -2312 6948 3124 7663 2917 -365 END
START -2316 7020 3160 7870 3113 -112 END
START -2100 7128 3248 8108 3307 156 END
START -2300 7224 3380 8345 3436 465 END
START -2332 7360 3540 8563 3496 805 END
START -2600 7512 3772 8774 3496 1153 END
START -2640 7748 3860 8975 3426 1518 END
START -2840 8052 3948 9220 3340 1900 END
START -3108 8172 3960 9457 3179 2259 END
START -3360 8268 3924 9777 2988 2640 END
START -3432 8188 4112 10100 2796 3029 END
START -3680 7948 4144 10558 2544 3386 END
START -3872 7752 4048 10982 2248 3662 END
START -4040 7600 4332 11537 1995 3948 END
START -4220 7508 4424 11948 1725 4166 END
START -4480 7376 4552 12409 1308 4267 END
START -4824 7336 4624 13115 982 4369 END
START -5052 7180 4800 13656 532 4386 END
START -5240 6996 4952 14127 170 4375 END
START -5456 7040 5036 14595 -283 4320 END
START -5632 6728 5256 14963 -711 4247 END
START -5696 6500 5364 15270 -1130 4123 END
START -5600 6440 5328 15476 -1493 3990 END
START -5572 6408 5440 15659 -1842 3792 END
START -5448 6440 5384 15696 -2057 3556 END
START -5240 6372 5328 15743 -2301 3318 END
START -5160 6460 5100 15722 -2505 3052 END
START -5076 6728 5020 15621 -2683 2824 END
START -4676 7004 4684 15572 -2750 2597 END
START -4512 7236 4436 15470 -2705 2436 END
START -4212 7452 4152 15372 -2529 2276 END
START -4140 7464 4024 15396 -2335 2131 END
START -3884 7704 3864 15420 -1995 2112 END
START -3740 7800 3968 15560 -1659 2044 END
START -3720 7940 3988 15728 -1301 2019 END
START -3616 8084 4008 15893 -930 2034 END
START -3508 8188 4204 16139 -561 2012 END
START -3468 8368 4452 16389 -288 2016 END
START -3388 8640 4860 16635 2 2001 END
START -3340 8744 5064 16884 189 2053 END
START -3304 8876 5244 17081 373 2077 END
START -3428 8756 5312 17361 421 2091 END
START -3520 8792 5780 17607 421 2074 END
START -3444 8844 6168 17954 395 2024 END
START -3420 8908 6520 18287 314 1941 END
START -3396 8736 6984 18681 146 1824 END
START -3416 8880 7652 19095 -90 1628 END
START -3468 8964 8068 19449 -405 1421 END
START -3336 9280 8536 19830 -827 1175 END
START -3220 9408 8988 20185 -1289 899 END
START -3084 9688 9300 20586 -1791 634 END
START -2964 9840 9616 20992 -2347 373 END
START -2696 10028 10260 21462 -2839 189 END
START -2472 10328 10716 21889 -3345 -22 END
START -2240 10532 11280 22308 -3796 -146 END
START -1824 10808 11700 22705 -4272 -252 END
START -1388 10924 12100 22980 -4624 -225 END
START -1064 11044 12508 23102 -4932 -162 END
START -788 11208 12908 23192 -5084 14 END
START -664 11328 13408 23154 -5286 259 END
START -684 11440 13708 23064 -5375 546 END
START -596 11220 14172 22902 -5519 851 END
START -872 11168 14568 22690 -5620 1135 END
START -984 10864 14768 22472 -5703 1394 END
START -1136 10536 14892 22245 -5798 1577 END
START -1008 9952 15024 22005 -5847 1704 END
START -1000 9388 14996 21821 -5816 1777 END
START -1116 8944 15144 21598 -5803 1777 END
START -992 8656 14892 21381 -5666 1749 END
START -1108 8168 14864 21191 -5467 1674 END
START -1228 7828 14992 21030 -5168 1507 END
START -1160 7604 14996 20886 -4899 1287 END
START -1212 7508 15284 20652 -4607 1018 END
START -1384 7320 15420 20525 -4378 790 END
START -1608 7472 15748 20323 -4222 492 END
START -1628 7496 15920 20167 -4041 251 END
START -1696 7652 16100 20078 -3833 20 END
START -1684 7840 16448 19984 -3698 -180 END
START -1836 7864 16964 19929 -3496 -357 END
START -1952 8076 17344 19893 -3319 -470 END
START -2152 8288 17844 19836 -3117 -590 END
START -2080 8488 18400 19730 -2961 -706 END
START -2256 8732 18976 19613 -2842 -778 END
START -2256 8876 19944 19458 -2787 -875 END
START -2368 8828 20576 19268 -2724 -961 END
START -2376 8880 21224 18993 -2715 -998 END
START -2556 8804 22036 18723 -2778 -998 END
START -2396 8900 22548 18391 -2885 -973 END
START -2496 8836 23088 18012 -2999 -958 END
START -2532 8832 23656 17693 -3169 -990 END
START -2560 8788 24120 17384 -3296 -910 END
START -2448 8880 24436 17031 -3394 -852 END
START -2464 9028 24660 16690 -3527 -771 END
START -2440 9116 24884 16379 -3603 -629 END
START -2420 9072 25236 16047 -3645 -518 END
START -2564 9096 25776 15789 -3678 -356 END
START -2616 9128 26096 15450 -3656 -210 END
START -2752 8984 26300 15103 -3693 -100 END
START -2956 8988 27064 14762 -3740 24 END
START -3232 9112 27628 14417 -3833 106 END
START -3516 9112 28016 14023 -3937 122 END
START -3648 9196 28532 13591 -4188 134 END
START -3656 9184 29040 13172 -4367 102 END
START -3652 9236 29568 12589 -4622 67 END
START -3856 9232 29764 12126 -4863 67 END
START -3864 9332 30020 11881 -5047 86 END
START -3912 9172 30532 11294 -5136 142 END
START -3952 9016 30836 10818 -5265 190 END
START -4112 8900 31172 10274 -5206 252 END
START -4220 8836 31596 9728 -5174 257 END
START -4280 8800 31812 9107 -5118 291 END
START -4400 8768 31912 8442 -5045 233 END
START -4588 8588 32168 7720 -4975 153 END
START -4688 8424 32512 6930 -4914 52 END
START -4928 8184 32720 6172 -4882 -132 END
START -5000 8040 32767 5418 -4861 -337 END
START -5104 8116 32767 4604 -4890 -560 END
START -5260 8140 32767 3824 -4929 -815 END
START -5320 8220 32767 3104 -5010 -1041 END
START -5572 8196 32767 2339 -5153 -1277 END
START -5680 8300 32767 1623 -5312 -1477 END
START -5784 8340 32767 1013 -5542 -1674 END
START -5776 8456 32767 395 -5684 -1920 END
START -5672 8408 32767 -128 -5837 -2115 END
START -5624 8480 32748 -606 -5927 -2345 END
START -5676 8400 32452 -1036 -6030 -2529 END
START -5484 8488 32324 -1449 -6157 -2752 END
START -5564 8596 32208 -1820 -6183 -2925 END
START -5264 8688 32028 -2195 -6204 -3090 END
START -5044 8748 31704 -2587 -6228 -3230 END
START -4844 8820 31448 -2980 -6153 -3409 END
START -4760 8840 31640 -3439 -6139 -3529 END
START -4872 8932 31344 -3930 -6212 -3673 END
START -4596 9012 31404 -4421 -6340 -3789 END
START -4416 9096 31308 -4953 -6496 -3897 END
START -4188 9240 31148 -5475 -6648 -3996 END
START -3944 9364 30736 -5928 -6817 -4053 END
START -3832 9380 30400 -6402 -6942 -4081 END
START -3668 9560 29792 -6792 -7036 -4060 END
START -3524 9512 29324 -7214 -7063 -4055 END
START -3468 9404 28696 -7588 -7028 -4017 END
START -3324 9448 28140 -7913 -6924 -3961 END
START -3196 9432 27352 -8279 -6755 -3971 END
START -3068 9388 26604 -8556 -6504 -3941 END
START -2944 9364 26260 -8868 -6140 -3976 END
START -3044 9288 25932 -9104 -5731 -3976 END
START -3256 9292 25540 -9372 -5373 -4000 END
START -3504 9268 25476 -9612 -5018 -4031 END
START -3772 9180 25060 -9891 -4745 -4142 END
START -4096 9152 25096 -10145 -4465 -4276 END
START -4248 8912 24812 -10367 -4209 -4495 END
START -4496 8736 24776 -10494 -3925 -4762 END
START -4820 8588 24740 -10675 -3713 -5090 END
START -4948 8556 24536 -10851 -3449 -5391 END
START -5204 8744 24348 -11025 -3216 -5788 END
START -5236 9016 24060 -11241 -2946 -6133 END
START -5188 9408 23904 -11519 -2722 -6458 END
START -5308 9336 23852 -11822 -2446 -6754 END
START -5360 9352 23676 -12089 -2243 -6993 END
START -5512 9336 23748 -12473 -2103 -7195 END
START -5572 9324 23688 -12762 -2043 -7352 END
START -5644 9356 23768 -13041 -2121 -7492 END
START -5560 9328 23692 -13303 -2298 -7669 END
START -5640 9376 23908 -13517 -2555 -7762 END
START -5652 9280 23556 -13709 -2848 -7884 END
START -5648 9472 23376 -13924 -3162 -7931 END
START -5524 9528 22876 -14133 -3581 -8017 END
START -5388 9492 22308 -14332 -3928 -8051 END
START -5196 9408 21784 -14539 -4186 -8101 END
START -5288 9504 21204 -14737 -4469 -8140 END
START -5216 9468 20880 -14926 -4757 -8213 END
START -5100 9444 20312 -15093 -5017 -8273 END
START -5112 9408 19896 -15226 -5315 -8325 END
START -5068 9360 19304 -15317 -5582 -8393 END
START -5008 9424 18728 -15417 -5782 -8502 END
START -5056 9312 18104 -15430 -6064 -8556 END
START -5080 9240 17720 -15495 -6255 -8678 END
START -5000 9220 17064 -15509 -6457 -8789 END
START -5088 9384 16244 -15531 -6576 -8946 END
START -4976 9464 15924 -15583 -6646 -9154 END
START -4896 9468 15200 -15586 -6725 -9409 END
START -4820 9564 14496 -15591 -6778 -9644 END
START -4756 9620 14032 -15636 -6767 -9919 END
START -4604 9736 13620 -15593 -6792 -10132 END
START -4464 9764 13136 -15586 -6767 -10375 END
START -4436 9824 12800 -15548 -6816 -10558 END
START -4264 9852 12152 -15482 -6800 -10777 END
START -4004 9948 11632 -15440 -6826 -10998 END
START -3880 10124 11060 -15351 -6799 -11267 END
START -3576 10364 10532 -15269 -6856 -11546 END
START -3060 10456 9980 -15197 -6862 -11790 END
START -2524 10304 9468 -15135 -6806 -11999 END
START -2060 10296 8860 -15106 -6767 -12100 END
START -1700 10376 8260 -15011 -6766 -12159 END
START -1124 10652 7500 -14912 -6699 -12174 END
START -752 10892 7044 -14873 -6602 -12120 END
START -248 11144 6004 -14745 -6548 -12058 END
START 224 11320 5324 -14589 -6348 -11945 END
START 780 11464 4544 -14410 -6173 -11758 END
START 1368 11592 4020 -14185 -5856 -11510 END
START 1896 11632 3340 -13914 -5479 -11211 END
START 2344 11560 2732 -13581 -5057 -10866 END
START 2784 11444 2224 -13235 -4623 -10489 END
START 3272 11412 1808 -12892 -4237 -10113 END
START 3596 11348 1580 -12522 -3747 -9682 END
START 3840 11240 1228 -12107 -3346 -9278 END
START 4008 11236 1080 -11698 -2941 -8799 END
START 4144 11420 1304 -11220 -2564 -8267 END
START 4140 11268 1316 -10689 -2305 -7695 END
START 4268 11124 1752 -10201 -2093 -7097 END
START 4256 10944 1796 -9618 -1977 -6498 END
START 4016 10632 2216 -9037 -2009 -5908 END
START 3880 10388 2464 -8459 -2087 -5333 END
START 3708 10096 2916 -7867 -2300 -4797 END
START 3576 9940 3004 -7258 -2489 -4222 END
START 3488 9664 3196 -6730 -2725 -3778 END
START 3304 9424 3460 -6208 -2915 -3282 END
START 3084 9260 3444 -5754 -3122 -2821 END
START 2944 8868 3912 -5296 -3292 -2410 END
START 2736 8560 3932 -4967 -3427 -2002 END
START 2512 7844 4224 -4654 -3552 -1709 END
START 2292 7452 3992 -4398 -3486 -1473 END
START 2132 6752 4148 -4180 -3359 -1308 END
START 1904 6408 4236 -4007 -3145 -1217 END
START 1748 5960 4400 -3890 -2838 -1211 END
START 1400 5680 4556 -3741 -2517 -1192 END
START 1140 5356 4748 -3601 -2164 -1257 END
START 960 5116 5112 -3465 -1749 -1323 END
START 656 4792 5112 -3294 -1284 -1376 END
START 468 4484 5516 -3154 -834 -1422 END
START 12 4276 6284 -2977 -398 -1499 END
START -244 4064 6896 -2760 18 -1610 END
START -868 4000 7816 -2623 342 -1732 END
START -1360 3936 8716 -2429 517 -1907 END
START -1908 3692 9496 -2289 617 -2087 END
START -2408 3436 10600 -2130 595 -2356 END
START -2504 3228 11256 -2033 458 -2580 END
START -2808 3036 11912 -1954 329 -2906 END
START -2948 2804 12708 -1879 121 -3183 END
START -3168 2808 13276 -1868 -107 -3481 END
START -3216 2844 13664 -1897 -285 -3786 END
START -3324 2860 14184 -1939 -461 -4105 END
START -3320 3036 14528 -2041 -546 -4447 END
START -3488 3172 14964 -2156 -717 -4719 END
START -3356 3352 15380 -2324 -744 -5121 END
START -3224 3416 15792 -2544 -856 -5481 END
START -3052 3400 15996 -2874 -890 -5818 END
START -2860 3396 16248 -3190 -850 -6227 END
START -2404 3512 16348 -3614 -736 -6577 END
START -2064 3596 16352 -4106 -602 -6993 END
START -1676 3976 16396 -4632 -300 -7380 END
START -1000 4316 16516 -5217 105 -7671 END
START -232 4560 16400 -5795 520 -7932 END
START 256 4832 16528 -6405 1027 -8080 END
START 868 5260 16788 -7097 1475 -8171 END
START 1532 5640 16680 -7781 1889 -8165 END
START 2108 6208 16736 -8555 2386 -8114 END
START 2536 6500 16672 -9297 2836 -7978 END
START 3184 6912 16708 -10079 3235 -7814 END
START 3672 7276 16612 -10846 3501 -7557 END
START 4132 7600 16528 -11592 3740 -7212 END
START 4700 7752 16344 -12197 3986 -6800 END
START 5180 8076 16000 -12850 4184 -6325 END
START 5480 8156 15584 -13315 4328 -5768 END
START 5704 8264 15400 -13728 4387 -5231 END
START 6140 8404 14952 -13990 4402 -4558 END
START 6444 8564 14832 -14222 4370 -3892 END
START 6420 8468 14188 -14376 4236 -3199 END
START 6576 8580 13504 -14402 4084 -2454 END
START 6736 8532 13004 -14374 3863 -1695 END
START 6856 8432 12416 -14191 3685 -983 END
START 7152 8472 11548 -13940 3559 -252 END
START 7268 8424 11148 -13567 3585 481 END
START 7228 8180 10524 -13096 3624 1261 END
START 7292 8248 10092 -12583 3666 2044 END
START 7020 8272 9720 -12042 3655 2835 END
START 6912 8492 9092 -11451 3728 3690 END
START 7032 8628 8688 -10915 3826 4532 END
START 7008 8752 8348 -10375 3996 5430 END
START 6836 8808 7780 -9852 4191 6265 END
START 6732 8832 7592 -9314 4410 7192 END
START 6640 8988 7452 -8870 4600 8007 END
START 6560 8916 7120 -8408 4830 8833 END
START 6420 8772 6984 -7999 5106 9661 END
START 6408 8680 6968 -7593 5457 10476 END
START 6296 8500 6784 -7246 5809 11366 END
START 6136 8224 6780 -6956 6183 12268 END
START 6120 8104 6624 -6668 6598 13212 END
START 5992 8312 6412 -6484 6993 13956 END
START 5668 8488 6604 -6301 7323 14856 END
START 5388 8384 6536 -6152 7552 15726 END
START 5036 8120 6644 -6043 7743 16557 END
START 4560 8148 6640 -5869 7773 17449 END
START 4184 8000 6532 -5691 7837 18310 END
START 3656 7952 6512 -5476 7832 19237 END
START 3056 8008 6504 -5215 7739 20120 END
START 2612 8188 6356 -4892 7597 21039 END
START 2132 8212 6316 -4488 7418 21913 END
START 1576 7956 6088 -4083 7279 22818 END
START 1192 7820 5852 -3618 7055 23684 END
START 508 7676 5620 -3105 6844 24579 END
START -280 7484 5300 -2535 6679 25364 END
START -904 7256 4724 -1954 6481 26084 END
START -1724 6900 4280 -1323 6330 26702 END
START -2484 6412 3616 -656 6194 27263 END
START -3220 6164 2920 54 6199 27691 END
START -4020 5904 2264 745 6227 28018 END
START -4808 5752 1808 1580 6381 28348 END
START -5548 5176 1040 2411 6562 28546 END
START -6484 4540 796 3309 6817 28703 END
START -7104 4192 568 4251 7103 28778 END
START -8108 3620 384 5261 7463 28751 END
START -9332 2920 76 6337 7852 28660 END
START -10468 2244 -96 7418 8273 28375 END
START -11596 1540 344 8514 8641 27965 END
START -12900 952 708 9674 9062 27382 END
START -14280 360 880 10761 9438 26632 END
START -15300 -144 1480 11964 9824 25761 END
START -16316 -924 1908 12747 10171 24730 END
START -17280 -1432 2792 13651 10532 23639 END
START -18252 -1896 3500 14425 10809 22466 END
START -19168 -2468 4572 14988 10996 21252 END
START -20196 -2836 5512 15421 11164 19966 END
START -21060 -3384 6392 15682 11223 18640 END
START -21900 -3744 7340 15790 11325 17237 END
START -22728 -3948 8216 15771 11353 15725 END
START -23604 -4328 9048 15532 11373 14172 END
START -24276 -4900 10160 15142 11285 12747 END
START -24936 -5396 10992 14557 11151 10901 END
START -25872 -5624 11952 13850 10876 9271 END
START -26612 -5664 12428 13119 10543 7686 END
START -27160 -5940 12900 12224 10039 6028 END
START -27700 -6156 13520 11774 9487 4362 END
START -28204 -6336 13844 11226 8799 2692 END
START -28584 -6700 14052 10787 8059 912 END
START -28772 -6836 14448 10601 7280 -743 END
START -28884 -7024 14504 10484 6494 -2501 END
START -29064 -7072 14512 10511 5665 -4331 END
START -29180 -6992 14620 10605 4836 -6063 END
START -29340 -6740 14664 10746 4005 -7776 END
START -29316 -6356 14924 10921 3042 -9500 END
START -29324 -6172 15268 11104 2032 -11291 END
START -29152 -5856 15288 11266 1072 -13012 END
START -28936 -5480 15588 11550 82 -14740 END
START -28560 -5216 15828 11747 -860 -16450 END
START -27820 -4920 15916 11982 -1686 -18105 END
START -27212 -4364 16080 11924 -2526 -19834 END
START -26436 -3660 16012 12152 -3258 -21471 END
START -25468 -2996 16216 12130 -3960 -22992 END
START -24584 -2076 16628 12254 -4596 -24298 END
START -23496 -736 16772 12348 -5272 -25522 END
START -22464 524 17004 12114 -5962 -26586 END
START -21316 2000 16864 11982 -6596 -27473 END
START -20036 3408 16820 12017 -7077 -28245 END
START -18628 4552 16708 11834 -7531 -28868 END
START -17248 5392 17004 11327 -7886 -29327 END
START -15896 6312 17156 10934 -8146 -29630 END
START -14860 7016 17472 10493 -8518 -29860 END
START -13720 7356 17744 10132 -9059 -29978 END
START -12716 7460 18040 9781 -9674 -30072 END
START -11360 7584 18128 9578 -10288 -30074 END
START -10096 7788 17912 9388 -10725 -30138 END
START -8844 7756 17616 9248 -11105 -30160 END
START -7748 8096 17132 9143 -11309 -30185 END
START -6468 8340 17000 9027 -11372 -30242 END
START -5572 8612 16512 8879 -11407 -30213 END
START -4012 9160 16212 8661 -11357 -30179 END
START -3112 9556 15744 8425 -11185 -30104 END
START -2188 9716 15272 8162 -10907 -29984 END
START -1256 10184 14888 7900 -10549 -29802 END
START -648 10464 14692 7648 -10058 -29612 END
START -280 10768 14512 7423 -9608 -29356 END
START 152 10788 14576 7194 -9163 -29140 END
START 508 10956 14384 6999 -8690 -28844 END
START 908 11180 14124 6840 -8198 -28629 END
START 1140 11468 13968 6672 -7741 -28467 END
START 1424 11680 13892 6516 -7282 -28298 END
START 1668 11972 13628 6418 -6748 -28169 END
START 1888 12456 13544 6345 -6277 -28117 END
START 2240 13212 13332 6296 -5731 -28007 END
START 2536 14456 13120 6207 -5164 -27813 END
START 3128 15872 12916 6114 -4540 -27532 END
START 3820 17000 12732 5967 -3831 -27078 END
START 4600 17632 13060 5734 -3068 -26402 END
START 5208 17724 13664 5407 -2478 -25508 END
START 5768 17672 14352 5028 -1934 -24365 END
START 6240 17480 14692 4592 -1436 -23055 END
START 6608 17408 15264 4170 -1133 -21784 END
START 6892 17400 15592 3869 -911 -20490 END
START 7120 17400 16056 3559 -847 -19298 END
START 7420 17328 16296 3405 -871 -18110 END
START 7600 16952 16944 3313 -950 -16876 END
START 7740 16668 17304 3265 -1209 -15711 END
START 7760 16388 17784 3285 -1481 -14388 END
START 7728 16092 18068 3306 -1908 -13132 END
START 7420 15748 18280 3291 -2451 -11950 END
START 7180 15692 18372 3318 -3057 -10758 END
START 7044 15492 18448 3291 -3701 -9706 END
START 6716 15280 18336 3304 -4337 -8654 END
START 6580 15020 18332 3246 -4888 -7725 END
START 6428 14680 18224 3201 -5460 -6778 END
START 6324 14268 17764 3148 -5786 -5893 END
START 6136 14056 17472 3029 -6032 -5045 END
START 5960 13720 17168 2869 -6173 -4249 END
START 5788 13368 16856 2663 -6156 -3553 END
START 5560 12980 16536 2405 -6141 -2926 END
START 5464 12700 16072 2127 -5976 -2403 END
START 4904 12484 16148 1859 -5745 -1938 END
START 4692 12248 15900 1513 -5554 -1522 END
START 4508 11912 15868 1169 -5300 -1161 END
START 4260 11580 15784 831 -5097 -817 END
START 4036 11288 15736 510 -4921 -532 END
START 3856 10772 15616 253 -4775 -283 END
START 3580 10672 15548 -1 -4652 -68 END
START 3448 10536 15588 -216 -4520 112 END
START 3284 10284 15412 -360 -4435 302 END
START 3312 10172 15228 -505 -4198 511 END
START 3300 10160 15052 -582 -3957 737 END
START 3208 10036 14672 -720 -3670 1000 END
START 3240 9924 14496 -822 -3251 1281 END
START 3208 9848 14384 -933 -2899 1580 END
START 2888 9868 14296 -1047 -2460 1878 END