START -3124 -12 5044 -10788 -376 -2796 END
START -3352 40 5120 -10422 -134 -2692 END
START -3508 120 4948 -10039 30 -2577 END
START -3524 200 4908 -9644 87 -2462 END
START -3664 236 4816 -9213 113 -2381 END
START -3924 176 4532 -8843 76 -2275 END
START -3844 184 4352 -8424 84 -2200 END
START -3764 160 4184 -8022 108 -2136 END
START -3848 148 3916 -7592 178 -2097 END
START -3924 40 3816 -7198 189 -2120 END
START -4044 72 3728 -6794 254 -2174 END
START -4276 56 3512 -6377 323 -2268 END
START -4228 -12 3172 -5959 304 -2364 END
START -4396 -60 3096 -5531 313 -2466 END
START -4388 -48 3080 -5086 285 -2630 END
START -4560 -124 2872 -4600 193 -2808 END
START -4596 -120 2944 -4127 113 -3001 END
START -4652 -52 2668 -3644 -45 -3210 END
START -4480 180 2412 -3151 -195 -3408 END
START -4456 404 2120 -2619 -332 -3600 END
START -4292 704 1808 -2113 -404 -3720 END
START -4056 836 1412 -1584 -431 -3896 END
START -3988 1008 1004 -1088 -404 -3981 END
START -3784 1408 724 -552 -363 -4038 END
START -3504 1556 156 -78 -258 -4089 END
START -3332 1768 -168 403 -57 -4108 END
START -2928 1992 -816 805 246 -4082 END
START -2572 2172 -1420 1247 650 -4038 END
START -2324 2208 -1960 1727 1143 -3958 END
START -2052 2204 -2184 2206 1755 -3908 END
START -1828 2232 -2340 2722 2364 -3839 END
START -1684 2288 -2504 3256 2967 -3799 END
START -1560 2400 -2544 3784 3536 -3713 END
START -1536 2380 -2656 4397 4140 -3651 END
START -1376 2620 -2484 4967 4648 -3572 END
START -1388 2684 -2416 5555 5051 -3440 END
START -1368 2684 -2036 6133 5343 -3372 END
START -1472 2860 -1720 6731 5572 -3177 END
START -1492 3124 -1308 7268 5701 -3032 END
START -1420 3476 -1088 7860 5724 -2815 END
START -1384 3784 -820 8435 5677 -2554 END
START -1384 3988 -648 8977 5567 -2297 END
START -1348 4012 -412 9517 5441 -1978 END
START -1232 4164 -192 10048 5303 -1641 END
START -1064 4256 -208 10569 5194 -1340 END
START -1052 4436 -156 11081 5068 -949 END
START -924 4524 -336 11585 5075 -566 END
START -700 4956 -432 11883 5157 -174 END
START -632 5188 -620 12255 5347 207 END
START -592 5492 -848 12747 5637 604 END
START -608 5696 -964 13026 5933 1063 END
START -532 5748 -1116 13354 6364 1499 END
START -408 5820 -1416 13654 6792 1951 END
START -492 5888 -1480 13947 7349 2392 END
START -660 5888 -1464 14267 7859 2792 END
START -804 5984 -1588 14617 8389 3151 END
START -964 5804 -1372 15031 8913 3489 END
START -1192 5692 -1212 15454 9393 3783 END
START -1556 5780 -928 15948 9846 4033 END
START -1668 5624 -828 16408 10209 4219 END
START -1884 5908 -400 16913 10470 4439 END
START -2104 5788 36 17442 10739 4614 END
START -2516 6000 660 17947 10830 4849 END
START -2724 6144 1188 18447 10856 5075 END
START -3164 6096 1860 18961 10692 5279 END
START -3532 6200 2372 19493 10476 5473 END
START -3712 6116 3040 19981 10154 5632 END
START -4124 6036 3556 20489 9782 5753 END
START -4264 6184 3888 20942 9373 5838 END
START -4536 6220 4028 21365 8970 5898 END
START -4648 6308 4228 21748 8613 5963 END
START -4776 6468 4340 22194 8283 6032 END
START -5004 6340 4596 22603 8014 6033 END
START -4980 6320 4616 23005 7777 6063 END
START -5196 6176 5048 23470 7530 6031 END
START -5264 6116 5328 23863 7297 6009 END
START -5288 6228 5680 24325 7084 5975 END
START -5436 6212 5728 24805 6847 5917 END
START -5380 6496 6100 25255 6657 5900 END
START -5432 6688 6288 25746 6402 5844 END
START -5444 6836 6676 26224 6195 5872 END
START -5452 7016 7188 26679 5873 5835 END
START -5488 7144 7792 27104 5561 5837 END
START -5504 7112 8372 27483 5134 5849 END
START -5412 7172 8864 27818 4713 5852 END
START -5520 7348 9416 28135 4274 5832 END
START -5388 7616 9900 28362 3842 5830 END
START -5336 7688 10276 28648 3443 5822 END
START -5388 8152 10588 28860 3090 5865 END
START -5488 8336 11088 29075 2775 5858 END
START -5732 8496 11652 29309 2557 5912 END
START -5868 8716 12260 29491 2346 5925 END
START -6008 8676 12816 29610 2193 5968 END
START -6100 8768 13352 29641 2067 5967 END
START -6160 8744 13968 29623 1924 5876 END
START -6324 8776 14456 29494 1858 5753 END
START -6324 8840 14904 29271 1810 5559 END
START -6436 8872 15412 29005 1785 5294 END
START -6532 8972 15920 28705 1753 5006 END
START -6540 9012 16420 28348 1768 4676 END
START -6644 9108 16752 28002 1764 4306 END
START -6672 9172 17180 27602 1799 3925 END
START -6724 9388 17732 27198 1839 3526 END
START -6672 9456 17796 26767 1850 3105 END
START -6620 9728 18264 26404 1911 2689 END
START -6568 9800 18768 26019 1999 2314 END
START -6484 10124 19168 25673 2101 1951 END
START -6464 10248 19672 25340 2172 1665 END
START -6352 10576 20008 25005 2230 1432 END
START -6404 10868 20544 24687 2218 1205 END
START -6372 11044 21100 24410 2180 981 END
START -6172 11176 21860 24074 2035 794 END
START -6408 11212 22384 23693 1833 584 END
START -6328 11420 22836 23310 1527 433 END
START -6228 11700 23192 22879 1228 291 END
START -5968 11788 23404 22413 956 170 END
START -5864 12092 23716 21923 682 53 END
START -5712 12408 23700 21423 398 -41 END
START -5592 12528 23800 20865 161 -171 END
START -5408 12832 23636 20272 -18 -291 END
START -5540 13056 23580 19639 -216 -358 END
START -5452 13344 23460 19005 -403 -527 END
START -5488 13404 23536 18346 -582 -634 END
START -5364 13484 23512 17709 -789 -797 END
START -5408 13644 23484 17144 -939 -946 END
START -5536 13764 23508 16596 -1272 -1076 END
START -5388 13916 23412 16109 -1622 -1222 END
START -5244 13984 23296 15699 -2008 -1384 END
START -5008 13960 23384 15320 -2429 -1480 END
START -4744 13800 23104 15030 -2898 -1571 END
START -4436 13660 23040 14789 -3302 -1617 END
START -3992 13492 23008 14614 -3701 -1656 END
START -3684 13308 22816 14505 -4051 -1620 END
START -3212 13212 22808 14405 -4305 -1538 END
START -2724 13020 22460 14386 -4542 -1394 END
START -2372 12876 22628 14305 -4678 -1252 END
START -2092 13056 22356 14187 -4672 -1056 END
START -1980 13076 22320 14017 -4632 -872 END
START -1808 13264 22540 13798 -4502 -614 END
START -1880 13320 22856 13448 -4422 -308 END
START -1972 13596 22928 13092 -4233 -40 END
START -1900 13636 23128 12752 -4084 272 END
START -2308 13680 23288 12414 -3910 622 END
START -2592 13476 23572 11957 -3706 926 END
START -2760 13612 24056 11619 -3505 1262 END
START -3212 13492 24396 11184 -3386 1581 END
START -3644 13492 24764 10754 -3234 1881 END
START -4104 13336 25068 10288 -3144 2131 END
START -4360 13228 25608 9822 -3088 2337 END
START -4760 12936 26076 9310 -3070 2515 END
START -5352 12752 26552 8827 -3106 2652 END
START -5788 12540 26908 8286 -3246 2736 END
START -6208 12208 27480 7744 -3515 2760 END
START -6536 11840 27948 7163 -3908 2720 END
START -6848 11464 28120 6628 -4321 2576 END
START -7012 11048 28296 6008 -4754 2358 END
START -7188 10676 28332 5413 -5135 2089 END
START -7184 10536 28280 4857 -5436 1796 END
START -7232 10352 27988 4330 -5660 1490 END
START -7208 10480 27716 3818 -5720 1155 END
START -7260 10472 27476 3281 -5688 909 END
START -7308 10588 27376 2789 -5592 658 END
START -7348 10632 27076 2248 -5432 393 END
START -7488 10496 27224 1754 -5208 167 END
START -7552 10552 27076 1216 -5021 -58 END
START -7688 10528 27232 699 -4851 -258 END
START -7636 10328 27304 195 -4742 -448 END
START -7832 10380 27564 -298 -4642 -626 END
START -7948 10384 27628 -762 -4575 -806 END
START -8060 10348 27876 -1212 -4611 -944 END
START -8064 10268 27804 -1629 -4672 -1120 END
START -8168 10176 27944 -2028 -4717 -1262 END
START -8184 10144 27872 -2447 -4817 -1377 END
START -8216 10236 27904 -2823 -4887 -1507 END
START -8208 10252 27748 -3194 -4952 -1631 END
START -8436 10284 27700 -3531 -4977 -1721 END
START -8476 10212 27672 -3857 -5089 -1825 END
START -8712 10240 27904 -4165 -5170 -1926 END
START -8864 10136 27996 -4482 -5334 -2048 END
START -9188 9784 28116 -5121 -5620 -2406 END
START -9156 9704 28076 -5599 -5872 -2690 END
START -9368 9692 28328 -5928 -6041 -2928 END
START -9448 9592 28476 -6302 -6222 -3195 END
START -9468 9472 28616 -6741 -6425 -3492 END
START -9628 9484 28680 -7225 -6610 -3784 END
START -9676 9508 28948 -7744 -6829 -4071 END
START -9808 9568 29036 -8321 -7070 -4396 END
START -9788 9572 29108 -8961 -7250 -4686 END
START -9852 9604 29068 -9578 -7417 -4968 END
START -9788 9624 28804 -10210 -7510 -5265 END
START -9944 9800 28756 -10863 -7547 -5527 END
START -10120 9824 28472 -11438 -7580 -5842 END
START -10020 9684 28356 -12060 -7547 -6118 END
START -10180 9744 28192 -12624 -7487 -6438 END
START -10408 9676 27672 -13062 -7457 -6729 END
START -10400 9652 27260 -13594 -7374 -7078 END
START -10408 9532 27096 -14026 -7271 -7417 END
START -10620 9648 27096 -14434 -7202 -7729 END
START -10532 9660 26768 -14791 -7157 -8051 END
START -10604 9720 26632 -15142 -7075 -8381 END
START -10364 9736 26344 -15463 -7045 -8657 END
START -10488 9704 26140 -15797 -7000 -9004 END
START -10328 9696 25816 -16063 -6938 -9306 END
START -10460 9828 25756 -16339 -6896 -9640 END
START -10388 9856 25632 -16619 -6875 -9978 END
START -10488 9668 25524 -16854 -6934 -10316 END
START -10300 9736 25468 -17077 -7011 -10635 END
START -10256 9648 25276 -17337 -7172 -10985 END
START -10180 9564 25204 -17610 -7341 -11322 END
START -9988 9448 24988 -17868 -7537 -11636 END
START -9668 9412 24500 -18122 -7710 -11957 END
START -9448 9412 24464 -18415 -7901 -12248 END
START -9284 9424 23940 -18652 -8088 -12543 END
START -8992 9472 23568 -19004 -8299 -12826 END
START -8764 9556 23208 -19246 -8567 -13086 END
START -8452 9668 22696 -19546 -8731 -13333 END
START -8316 9628 22472 -19805 -8983 -13539 END
START -7972 9628 22168 -20048 -9161 -13734 END
START -7624 9596 21412 -20301 -9415 -13923 END
START -7312 9708 20888 -20480 -9608 -14084 END
START -6700 9676 20120 -20622 -9750 -14220 END
START -6492 9820 19716 -20706 -9822 -14314 END
START -6100 9876 19408 -20746 -9895 -14385 END
START -5784 10076 18956 -20709 -9874 -14382 END
START -5580 10252 18356 -20623 -9834 -14351 END
START -5224 10440 18024 -20597 -9797 -14338 END
START -5000 10696 17684 -20545 -9740 -14269 END
START -4708 10900 17340 -20496 -9696 -14191 END
START -4676 11168 17064 -20480 -9699 -14110 END
START -4400 11116 16912 -20471 -9654 -14007 END
START -4300 11256 16580 -20449 -9681 -13869 END
START -4012 11196 16200 -20423 -9696 -13755 END
START -3868 11148 16044 -20426 -9680 -13664 END
START -3692 11140 15584 -20379 -9682 -13534 END
START -3576 11184 15232 -20337 -9664 -13485 END
START -3452 11088 14952 -20341 -9630 -13416 END
START -3288 11192 14688 -20338 -9617 -13389 END
START -3116 11112 14040 -20373 -9547 -13319 END
START -2648 10920 13588 -20420 -9483 -13265 END
START -2396 10720 13168 -20494 -9386 -13280 END
START -2056 10520 12700 -20609 -9198 -13290 END
START -1728 10488 11720 -20710 -9015 -13366 END
START -1328 10508 11208 -20823 -8744 -13431 END
START -1100 10480 10632 -20899 -8409 -13504 END
START -728 10476 9964 -20952 -8103 -13623 END
START -472 10384 9352 -20958 -7709 -13619 END
START -20 10536 8500 -20919 -7297 -13644 END
START 400 10432 7864 -20860 -6845 -13610 END
START 672 10380 7120 -20734 -6336 -13551 END
START 992 10344 6720 -20537 -5837 -13454 END
START 1308 10140 6160 -20313 -5298 -13346 END
START 1436 10152 5644 -19986 -4724 -13211 END
START 1732 10104 5352 -19616 -4266 -13018 END
START 1880 10076 5024 -19207 -3834 -12852 END
START 2064 10064 4556 -18727 -3542 -12582 END
START 2288 9836 4372 -18114 -3194 -12242 END
START 2208 9844 4184 -17505 -2966 -11884 END
START 2140 9804 4112 -16805 -2784 -11447 END
START 2228 9780 3932 -16016 -2676 -10998 END
START 2132 9732 3596 -15224 -2672 -10536 END
START 2176 9580 3792 -14401 -2628 -10034 END
START 2264 9548 3396 -13619 -2673 -9498 END
START 2372 9280 3416 -12845 -2696 -8971 END
START 2480 8996 3268 -12131 -2659 -8423 END
START 2596 8764 3064 -11512 -2653 -7943 END
START 2688 8620 2688 -10876 -2532 -7419 END
START 2784 8516 2612 -10320 -2401 -6909 END
START 2936 8464 2476 -9816 -2193 -6440 END
START 2812 8276 2512 -9317 -2041 -5931 END
START 2820 8124 2612 -8868 -1939 -5429 END
START 2720 7828 2480 -8459 -1833 -4877 END
START 2664 7624 2600 -8100 -1752 -4396 END
START 2632 7440 2512 -7779 -1733 -3924 END
START 2572 7244 2472 -7467 -1680 -3498 END
START 2328 7088 2440 -7209 -1682 -3096 END
START 2248 6680 2452 -6903 -1692 -2702 END
START 2216 6440 2152 -6600 -1708 -2341 END
START 2140 6148 2108 -6325 -1656 -2063 END
START 2012 5948 1832 -6024 -1668 -1748 END
START 1852 5748 1624 -5691 -1582 -1548 END
START 1684 5528 1588 -5357 -1572 -1280 END
START 1552 5484 1276 -5027 -1465 -1089 END
START 1452 5372 1044 -4726 -1357 -905 END
START 1384 5176 936 -4399 -1223 -752 END
START 1300 5088 748 -4162 -1074 -619 END
START 1340 4988 568 -3884 -841 -473 END
START 1160 4836 360 -3650 -607 -381 END
START 1324 4732 612 -3441 -361 -292 END
START 1344 4696 612 -3228 -47 -186 END
START 1352 4680 684 -3082 188 -79 END
START 1308 4596 772 -2896 518 -10 END
START 1392 4592 804 -2838 793 60 END
START 1412 4468 792 -2747 1089 150 END
START 1364 4348 1036 -2681 1365 230 END
START 1288 4264 1280 -2621 1546 296 END
START 1172 4376 1424 -2571 1712 368 END
START 1080 4248 1624 -2493 1835 470 END
START 1004 4176 1732 -2415 1909 571 END
START 988 4188 1696 -2293 1936 688 END
START 892 4336 1908 -2135 1961 870 END
START 980 4224 1888 -1972 2001 1015 END
START 856 4292 2016 -1770 2000 1237 END
START 668 4060 2000 -1514 2044 1415 END
START 712 4116 1960 -1273 2081 1607 END
START 580 3744 1800 -1033 2086 1729 END
START 748 3664 1640 -803 2182 1863 END