START -2748 3416 9096 -10044 2652 -2900 END
START -2664 3312 9384 -9412 2529 -2616 END
START -2804 3436 9500 -8815 2182 -2361 END
START -2788 3580 9524 -8308 1747 -2160 END
START -2564 3564 9316 -7792 1195 -1928 END
START -2276 3316 9364 -7321 692 -1648 END
START -1936 3316 9048 -6822 272 -1407 END
START -1620 3660 8768 -6374 -5 -1107 END
START -1200 3948 8464 -5911 -201 -799 END
START -824 4112 7936 -5498 -284 -410 END
START -792 4256 7688 -5215 -279 -27 END
START -816 4488 7544 -4923 -230 379 END
START -820 4632 6944 -4701 -139 797 END
START -924 4772 6348 -4551 -15 1198 END
START -984 4648 5716 -4413 129 1561 END
START -988 4608 5100 -4245 417 1860 END
START -984 4496 4764 -4100 822 2171 END
START -1224 4260 4284 -3883 1230 2415 END
START -1372 4276 3556 -3692 1694 2618 END
START -1620 4332 3036 -3435 2238 2823 END
START -1784 4340 2600 -3110 2739 2931 END
START -2052 4488 2132 -2749 3362 3045 END
START -2336 4420 1948 -2392 3925 3073 END
START -2620 4500 1744 -2039 4467 3099 END
START -3056 4492 1600 -1661 4873 3137 END
START -3100 4536 1364 -1326 5212 3076 END
START -3372 4556 976 -1003 5622 3032 END
START -3452 4708 872 -642 5993 2896 END
START -3528 4788 816 -342 6247 2813 END
START -3720 4888 744 13 6489 2638 END
START -4020 5012 568 412 6633 2509 END
START -4044 5140 508 827 6775 2395 END
START -3920 5164 500 1276 6823 2298 END
START -3856 5232 412 1736 6867 2198 END
START -3892 5384 588 2155 6741 2103 END
START -3864 5496 524 2697 6608 2036 END
START -3824 5836 508 3192 6405 2006 END
START -3768 5856 664 3650 6137 1971 END
START -3476 6160 568 4271 5921 1942 END
START -3328 6452 360 4732 5768 1982 END
START -3128 6840 224 5286 5623 2028 END
START -3016 7332 272 5701 5469 2119 END
START -2780 7624 296 6104 5344 2292 END
START -2600 7984 72 6453 5254 2450 END
START -2600 8116 16 6721 5215 2683 END
START -2496 8296 -56 6999 5209 2896 END
START -2448 8464 40 7268 5207 3129 END
START -2392 8520 64 7544 5201 3411 END
START -2412 8380 84 7827 5176 3622 END
START -2320 8244 232 8188 5086 3875 END
START -2320 8076 204 8668 5050 4153 END
START -2420 7952 448 9171 4956 4428 END
START -2584 7936 524 9758 4884 4670 END
START -2932 8176 744 10354 4679 4884 END
START -3432 8016 1244 11037 4441 5040 END
START -3536 8064 1512 11676 4151 5210 END
START -3620 7892 1668 12187 3822 5334 END
START -3784 7648 1960 12828 3506 5439 END
START -3852 7456 2140 13342 3185 5531 END
START -3896 7432 2304 13807 2863 5587 END
START -3992 7296 2620 14236 2539 5635 END
START -3904 7216 2884 14609 2309 5579 END
START -4044 7184 2968 14948 2098 5528 END
START -4080 7100 3388 15212 1875 5452 END
START -4204 7020 3644 15493 1708 5370 END
START -4300 6984 4028 15736 1533 5276 END
START -4272 6928 4148 15953 1389 5141 END
START -4200 6872 4444 16183 1284 5027 END
START -4236 6824 4784 16385 1214 4864 END
START -4024 6908 5124 16553 1132 4686 END
START -3968 7024 5432 16713 1205 4542 END
START -3604 7000 5824 16785 1157 4427 END
START -3440 6960 6252 16843 1200 4346 END
START -3204 6864 6412 16851 1283 4377 END
START -3040 6720 6708 16854 1378 4469 END
START -2984 6544 7028 16791 1542 4585 END
START -2988 6392 7428 16675 1735 4793 END
START -3000 6252 7784 16544 1991 4983 END
START -2972 6120 7608 16459 2276 5115 END
START -3108 5820 7928 16305 2598 5279 END
START -3052 5588 7996 16200 2948 5446 END
START -3316 5172 8064 16044 3295 5628 END
START -3452 4780 7988 15943 3707 5790 END
START -3704 4488 7992 15869 4106 5940 END
START -4172 4332 8168 15835 4570 6182 END
START -4660 3884 8392 15914 4940 6371 END
START -5416 3748 8764 16115 5297 6555 END
START -6052 3296 9248 16408 5454 6642 END
START -6652 2984 9672 16858 5494 6662 END
START -7588 2572 10268 17345 5372 6617 END
START -8208 2296 11020 17982 5086 6462 END
START -8896 1808 11628 18625 4719 6216 END
START -9648 1408 12532 19389 4303 5859 END
START -10408 1144 13016 20165 3799 5438 END
START -10940 960 14244 20980 3324 4924 END
START -11724 804 15300 21733 2790 4345 END
START -12224 744 16344 22416 2254 3728 END
START -12868 540 17600 22964 1711 3039 END
START -13396 512 18760 23426 1220 2274 END
START -13568 360 19820 23705 838 1470 END
START -13724 404 21048 23835 524 605 END
START -13784 520 22228 23808 330 -240 END
START -13656 348 23560 23581 161 -1115 END
START -13364 232 24740 23248 18 -1960 END
START -13072 216 25976 22715 -57 -2756 END
START -12596 208 27052 22043 28 -3476 END
START -12056 356 27976 21269 128 -4168 END
START -11656 384 28700 20296 266 -4748 END
START -11252 592 29784 19176 430 -5324 END
START -10980 616 30608 17946 507 -5837 END
START -10444 652 31468 16735 576 -6308 END
START -10032 840 31808 15493 625 -6783 END
START -9788 952 32452 14302 712 -7251 END
START -9356 1144 32484 13338 801 -7686 END
START -9064 1568 32767 12365 834 -8004 END
START -8636 1840 32767 11719 977 -8311 END
START -8332 2188 32767 10974 1101 -8521 END
START -8160 2548 32767 10359 1223 -8779 END
START -7944 3028 32767 9775 1191 -8961 END
START -7964 3300 32767 9214 1064 -9108 END
START -7740 3720 32767 8712 795 -9283 END
START -7580 4072 32767 8308 395 -9433 END
START -7180 4256 32767 7928 -163 -9583 END
START -6752 4480 32767 7636 -668 -9760 END
START -6512 4584 32767 7360 -1175 -9939 END
START -6276 4820 32767 7163 -1763 -10082 END
START -5728 4956 32767 6953 -2361 -10221 END
START -5320 5096 32767 6749 -2906 -10312 END
START -4960 5204 32767 6473 -3423 -10419 END
START -4440 5244 32767 6157 -3821 -10481 END
START -3852 5352 32767 5757 -4179 -10572 END
START -3452 5644 32767 5289 -4409 -10627 END
START -2932 5976 32767 4759 -4550 -10666 END
START -2416 6312 32767 4204 -4539 -10668 END
START -2076 6688 32767 3535 -4457 -10621 END
START -1760 6928 32767 2868 -4288 -10506 END
START -1444 7168 32767 2119 -4135 -10339 END
START -1160 7280 32767 1414 -3944 -10138 END
START -932 7416 32767 658 -3676 -9924 END
START -700 7376 32767 -61 -3473 -9709 END
START -448 7452 32767 -800 -3282 -9502 END
START -412 7296 32767 -1531 -3077 -9301 END
START -144 7184 32767 -2279 -2977 -9078 END
START -92 7228 32767 -3040 -2906 -8954 END
START 60 7056 32767 -3727 -2884 -8818 END
START 260 7068 32767 -4386 -2830 -8678 END
START 312 7124 32767 -5001 -2825 -8575 END
START 380 7176 32767 -5594 -2745 -8449 END
START 584 7160 32164 -6160 -2678 -8308 END
START 672 7272 31748 -6651 -2450 -8125 END
START 724 7112 31196 -7194 -2203 -7948 END
START 876 7248 30644 -7706 -1902 -7784 END
START 988 7288 30208 -8297 -1533 -7653 END
START 1044 7340 29656 -8834 -1171 -7467 END
START 1132 7344 29372 -9440 -755 -7348 END
START 1088 7396 29092 -10031 -440 -7213 END
START 1144 7272 28912 -10607 -168 -7116 END
START 996 7152 28616 -11111 39 -7007 END
START 968 7212 28524 -11530 145 -6930 END
START 920 7028 28256 -11884 186 -6792 END
START 824 6992 28216 -12243 104 -6678 END
START 808 6992 27908 -12486 -33 -6537 END
START 848 7104 27552 -12762 -242 -6443 END
START 852 7192 27204 -12996 -441 -6340 END
START 848 7148 26800 -13286 -679 -6185 END
START 936 7252 26304 -13504 -932 -6098 END
START 1056 7392 25564 -13764 -1134 -5972 END
START 1208 7576 24976 -14006 -1327 -5843 END
START 1372 7844 24292 -14306 -1449 -5701 END
START 1476 7928 23660 -14561 -1584 -5498 END
START 1760 8204 22940 -14839 -1651 -5261 END
START 1908 8296 22184 -15085 -1651 -5004 END
START 2144 8388 21388 -15343 -1570 -4707 END
START 2408 8540 20524 -15584 -1495 -4390 END
START 2568 8468 19752 -15773 -1308 -4068 END
START 2796 8604 18960 -15980 -1058 -3691 END
START 3024 8532 18232 -16181 -735 -3279 END
START 3316 8448 17384 -16398 -396 -2851 END
START 3392 8412 16852 -16604 -6 -2436 END
START 3312 8252 16132 -16775 418 -2054 END
START 3520 8288 15460 -16991 856 -1707 END
START 3540 8208 14952 -17104 1297 -1370 END
START 3548 8192 14404 -17216 1777 -1013 END
START 3644 8248 14108 -17301 2197 -705 END
START 3552 8340 13932 -17409 2513 -361 END
START 3412 8256 13596 -17459 2789 32 END
START 3188 8364 13352 -17507 2974 376 END
START 3080 8164 13072 -17510 3087 837 END
START 2892 7996 12732 -17470 3255 1222 END
START 2632 7800 12348 -17343 3312 1636 END
START 2436 7584 12132 -17163 3332 2043 END
START 2204 7404 11884 -16873 3329 2358 END
START 1868 7180 11612 -16524 3211 2630 END
START 1532 7076 11516 -16162 3073 2917 END
START 1100 6916 11280 -15794 2897 3159 END
START 584 6656 11028 -15402 2614 3394 END
START 476 6532 10772 -15031 2337 3591 END
START 68 6440 10468 -14679 2147 3712 END
START -216 6340 10204 -14273 1903 3835 END
START -448 5896 9784 -13867 1745 3964 END
START -976 5640 9684 -13462 1615 3982 END
START -1344 5548 9508 -13121 1521 4037 END
START -1608 5308 9304 -12791 1406 4037 END
START -1912 5216 9072 -12499 1332 4019 END
START -2268 5056 8776 -12324 1337 3964 END
START -2664 4668 8484 -12239 1228 3859 END
START -2848 4732 8236 -12190 1261 3710 END
START -3136 4456 7788 -12127 1163 3591 END
START -3352 4404 7304 -12078 1155 3409 END
START -3712 4288 7180 -11977 1111 3231 END
START -4184 4200 6852 -11763 981 3004 END
START -4476 4144 6372 -11523 797 2820 END
START -4836 4204 6108 -11171 548 2599 END
START -4996 4200 5600 -10786 255 2397 END
START -5092 4216 5352 -10268 8 2167 END
START -5144 4192 4940 -9855 -202 2021 END
START -5068 4076 4496 -9361 -400 1855 END
START -4936 4112 3900 -8871 -513 1686 END
START -4864 4116 3516 -8419 -519 1548 END
START -4972 4276 3088 -7980 -546 1419 END
START -4916 4440 2824 -7543 -569 1289 END
START -5096 4524 2636 -7104 -626 1210 END
START -4976 4728 2328 -6697 -652 1102 END
START -4888 4616 2468 -6277 -669 1092 END
START -4948 4800 2188 -5892 -725 1050 END
START -4840 4612 2276 -5514 -766 1094 END
START -4844 4456 1984 -5156 -802 1118 END
START -4792 4348 1872 -4780 -869 1140 END
START -4804 4232 1592 -4496 -1032 1166 END
START -4892 3916 1616 -4142 -1148 1133 END
START -5020 3840 1260 -3791 -1421 1090 END
START -5128 3860 972 -3376 -1718 1002 END
START -5268 3796 860 -2917 -1983 963 END
START -5500 3828 532 -2398 -2171 884 END
START -5496 3812 288 -1863 -2443 809 END
START -5720 3584 -116 -1240 -2638 765 END
START -5740 3456 -432 -594 -2750 712 END
START -5848 3328 -864 -14 -2843 623 END
START -5916 3252 -1396 582 -2866 502 END
START -6000 3224 -1692 1167 -2813 359 END
START -6160 2888 -1932 1784 -2679 187 END
START -6300 2732 -2416 2444 -2513 -48 END
START -6428 2532 -2512 3065 -2204 -270 END
START -6556 2616 -2640 3721 -1950 -557 END
START -6872 2780 -2708 4420 -1659 -828 END
START -7160 2856 -2660 5104 -1383 -1114 END
START -7212 2840 -2160 5815 -1153 -1420 END
START -7252 2848 -2064 6466 -954 -1647 END
START -7228 2920 -1908 7115 -746 -1888 END
START -7408 2976 -1496 7705 -582 -2112 END
START -7416 3048 -1236 8251 -421 -2332 END
START -7492 3112 -912 8814 -313 -2561 END
START -7296 3020 -608 9319 -164 -2803 END
START -7160 3128 -240 9872 39 -3054 END
START -7192 3340 -128 10295 292 -3249 END
START -7068 3628 396 10695 537 -3414 END
START -6928 3844 676 10979 745 -3614 END
START -6756 4184 1096 11218 960 -3734 END
START -6456 4340 1644 11355 1177 -3798 END
START -6284 4472 2248 11517 1368 -3806 END
START -6156 4572 2652 11616 1552 -3717 END
START -5924 4616 3196 11663 1673 -3555 END
START -5800 4712 3568 11659 1753 -3318 END
START -5900 4720 4028 12009 1876 -3113 END
START -5860 4688 4440 11784 1955 -2853 END
START -6024 4532 4732 12119 2034 -2641 END
START -6196 4432 5008 12139 2080 -2443 END
START -6404 4452 5420 12177 2156 -2325 END
START -6432 4352 5612 12700 2218 -2241 END
START -6536 4344 5940 12723 2267 -2158 END
START -6596 4240 6204 12796 2384 -2133 END
START -6772 4264 6720 12971 2407 -2095 END
START -6892 4212 7336 13015 2385 -2014 END
START -7120 4144 8008 13079 2244 -1992 END
START -7120 4064 8664 13220 2084 -1998 END
START -7180 4132 9228 13359 1818 -1996 END
START -7412 4100 10068 13526 1522 -2060 END
START -7472 3932 10388 13686 1200 -2115 END
START -7516 3956 11156 13857 886 -2109 END
START -7420 4012 11688 13997 594 -2191 END
START -7604 4112 12280 14076 282 -2252 END
START -7664 4060 12868 14130 -31 -2289 END
START -7820 4072 13508 14105 -355 -2330 END
START -7700 3984 14000 14067 -662 -2399 END
START -7748 3788 14232 13949 -927 -2519 END
START -7632 3748 14660 13860 -1150 -2720 END
START -7796 3500 14864 13722 -1299 -2953 END
START -7704 3496 14968 13623 -1380 -3211 END
START -7764 3452 15472 13540 -1343 -3518 END
START -7736 3632 15892 13487 -1328 -3822 END
START -7644 3680 16252 13370 -1239 -4074 END
START -7476 3640 16780 13347 -1248 -4325 END
START -7224 3692 17104 13227 -1163 -4550 END
START -7004 3648 17496 13167 -1118 -4787 END
START -6600 3788 17852 13046 -999 -5022 END
START -6312 3860 18432 12981 -936 -5255 END
START -5952 4256 18708 12927 -795 -5498 END
START -5620 4368 19044 12709 -606 -5678 END
START -5188 4352 19380 12528 -479 -5866 END
START -4760 4544 19700 12337 -282 -5993 END
START -4424 4540 20220 12542 -119 -6113 END
START -4044 4760 20804 12091 42 -6215 END
START -3748 4696 21500 12079 79 -6321 END
START -3488 4572 22120 12035 82 -6335 END
START -3056 4652 22844 12079 81 -6364 END
START -2656 4720 23484 12019 140 -6352 END
START -2212 4992 24336 12046 124 -6338 END
START -1860 5148 24956 12000 135 -6250 END
START -1480 5520 25636 11811 234 -6106 END
START -1272 5596 26132 11461 349 -5883 END
START -1072 5824 27040 11122 449 -5629 END
START -1452 5928 27924 10686 510 -5358 END
START -1788 5888 28964 10267 523 -5074 END
START -1940 5680 29576 9787 392 -4884 END
START -2436 5524 30668 9245 173 -4719 END
START -2860 5152 31420 8695 -215 -4674 END
START -3140 5048 32152 8106 -666 -4793 END
START -3220 4600 32588 7613 -1129 -4970 END
START -3296 4436 32584 7005 -1587 -5237 END
START -3132 4336 32636 6456 -1962 -5528 END
START -2892 4380 32568 5941 -2250 -5814 END
START -2636 4660 32520 5433 -2467 -6045 END
START -2420 4884 32348 4961 -2589 -6216 END
START -2176 5132 32280 4513 -2595 -6333 END
START -1888 4904 32140 4012 -2581 -6410 END
START -1616 4916 32220 3556 -2478 -6422 END
START -1244 4824 31836 3097 -2346 -6534 END
START -868 4896 31692 2618 -2028 -6575 END
START -456 4944 31576 2140 -1705 -6587 END
START -276 5104 31556 1627 -1223 -6574 END
START -168 5200 31680 1113 -832 -6537 END
START 8 5500 31880 529 -467 -6431 END
START 40 5584 32020 -88 -162 -6324 END
START 204 5756 32104 -730 7 -6193 END
START 352 5816 32320 -1343 217 -6089 END
START 508 6000 32408 -1947 310 -5993 END
START 640 6012 32448 -2525 283 -5836 END
START 660 6004 32380 -3033 236 -5662 END
START 796 6020 32304 -3511 86 -5380 END
START 1100 6084 32144 -3838 -56 -5095 END
START 1072 6236 31872 -4191 -207 -4805 END
START 1264 6256 31776 -4496 -427 -4443 END
START 1248 6444 31396 -4747 -614 -4094 END
START 1288 6492 31240 -4973 -776 -3761 END
START 1336 6620 31052 -5237 -1002 -3389 END
START 1156 6672 30948 -5507 -1239 -3057 END
START 968 6612 30792 -5749 -1496 -2752 END
START 816 6592 30708 -5988 -1791 -2475 END
START 796 6508 30804 -6190 -2114 -2208 END
START 572 6404 30792 -6342 -2513 -1998 END
START 440 6216 30884 -6479 -2939 -1737 END
START 84 6088 30864 -6529 -3402 -1531 END
START 40 5940 30496 -6667 -3761 -1348 END
START 56 5956 30340 -6791 -4089 -1213 END
START 12 6060 30108 -7026 -4358 -1085 END
START -124 6236 29724 -7356 -4500 -995 END
START -4 6292 29520 -7740 -4597 -888 END
START -128 6364 29292 -8227 -4556 -864 END
START 20 6460 28640 -8774 -4436 -846 END
START 8 6528 28244 -9354 -4309 -857 END
START -24 6596 27888 -9902 -4124 -890 END
START 28 6876 27648 -10485 -3925 -985 END
START 108 6808 27292 -10979 -3656 -1034 END
START 72 7036 26928 -11487 -3410 -1093 END
START 0 7128 26684 -11947 -3149 -1137 END
START -20 7308 26608 -12323 -2957 -1164 END
START 48 7376 26236 -12697 -2848 -1162 END
START 240 7452 25992 -13054 -2749 -1128 END
START 208 7668 25400 -13383 -2624 -1091 END
START 340 7840 25124 -13787 -2552 -1047 END
START 376 8040 24712 -14138 -2503 -964 END
START 644 8044 24160 -14546 -2538 -904 END
START 600 8108 23948 -14959 -2582 -821 END
START 640 8180 23420 -15310 -2689 -707 END
START 692 8452 22992 -15628 -2830 -564 END
START 716 8736 22616 -15913 -3091 -409 END
START 640 8784 22336 -16161 -3384 -225 END
START 576 8820 21764 -16363 -3802 28 END
START 536 8932 21368 -16517 -4236 289 END
START 472 8916 20808 -16626 -4720 512 END
START 492 8936 20112 -16640 -5265 777 END
START 464 9020 19384 -16637 -5788 1029 END
START 396 9020 18756 -16626 -6283 1260 END
START 356 9052 18260 -16564 -6882 1476 END
START 284 9136 17600 -16465 -7413 1640 END
START 364 9288 16524 -16348 -7976 1863 END
START 312 9528 15856 -16245 -8453 2066 END
START 468 9764 15028 -16075 -8798 2273 END
START 820 10012 14344 -15987 -9069 2538 END
START 808 10024 13516 -15893 -9231 2813 END
START 852 10244 12936 -15807 -9319 3123 END
START 924 10428 12220 -15748 -9399 3439 END
START 1024 10408 11860 -15663 -9410 3768 END
START 1172 10520 11188 -15577 -9362 4118 END
START 1216 10524 10620 -15514 -9288 4517 END
START 1228 10576 10164 -15394 -9184 4858 END
START 1256 10464 9476 -15322 -9068 5244 END
START 1144 10500 8976 -15222 -8899 5562 END
START 1172 10512 8576 -15071 -8769 5893 END
START 1144 10340 8308 -14927 -8622 6199 END
START 1092 10372 7860 -14742 -8449 6472 END
START 872 10340 7512 -14557 -8266 6752 END
START 596 10332 7456 -14332 -8153 6965 END
START 404 10380 7240 -14111 -8110 7258 END
START 288 10276 7156 -13874 -8097 7537 END
START 16 10036 6952 -13612 -8168 7770 END
START -52 9928 7000 -13309 -8285 8000 END
START -332 9676 6668 -13013 -8478 8162 END
START -480 9632 6780 -12637 -8730 8337 END
START -800 9296 6604 -12298 -9038 8439 END
START -736 9236 6244 -11870 -9354 8521 END
START -844 9260 5812 -11472 -9569 8636 END
START -764 9392 5584 -11117 -9757 8796 END
START -852 9664 5424 -10790 -9830 8985 END
START -796 9712 5072 -10545 -9888 9252 END
START -812 9656 4776 -10380 -9883 9609 END
START -796 9496 4396 -10274 -9804 9976 END
START -664 9440 4092 -10252 -9616 10397 END
START -696 9156 3548 -10219 -9378 10777 END
START -600 8852 2900 -10296 -8951 11245 END
START -704 8488 2652 -10363 -8530 11698 END
START -788 8284 1940 -10468 -8073 12153 END
START -976 7892 1676 -10527 -7574 12431 END
START -1272 7696 1108 -10604 -7083 12937 END
START -1664 7312 500 -10659 -6532 13316 END
START -2004 6920 68 -10640 -6058 13679 END
START -2412 6284 -504 -10596 -5624 13975 END
START -2816 5872 -1244 -10474 -5209 14216 END
START -3384 5476 -1784 -10224 -4793 14403 END
START -3744 4920 -2668 -9905 -4304 14482 END
START -4168 4312 -3196 -9382 -3866 14552 END
START -4404 3728 -3932 -8778 -3445 14581 END
START -4948 3268 -4408 -8053 -2891 14537 END
START -5548 2792 -4744 -7275 -2398 14434 END
START -5920 2424 -4976 -6356 -1848 14221 END
START -6456 1924 -5212 -5512 -1413 14055 END
START -6836 1416 -5496 -4619 -907 13826 END
START -7076 924 -5680 -3762 -382 13474 END
START -7480 576 -5908 -2960 119 12994 END
START -7616 144 -5988 -2187 687 12929 END
START -7932 -192 -5732 -1341 1278 12476 END
START -8116 -444 -5768 -494 1881 11919 END
START -8748 -652 -5268 404 2462 11518 END
START -9164 -948 -5172 1262 2958 11154 END
START -9380 -1296 -4704 2165 3500 10866 END
START -9640 -1908 -4272 3106 3919 10576 END
START -10104 -2344 -3760 4042 4344 10318 END
START -10504 -2680 -3260 4938 4717 10076 END
START -10920 -3088 -2488 5900 5085 9835 END
START -11216 -3580 -1836 6783 5330 9608 END
START -11896 -4080 -700 7603 5550 9427 END
START -12428 -4600 208 8484 5648 9227 END
START -13176 -5132 1436 9324 5735 9033 END
START -13844 -5796 2764 10152 5636 8810 END
START -14668 -6368 4020 10865 5458 8508 END
START -15464 -7080 5224 11631 5143 8151 END
START -16012 -7768 6360 11970 4663 7645 END
START -16508 -8372 7600 12466 4211 7026 END
START -17080 -9068 8464 13078 3754 6363 END
START -17572 -9788 9380 13358 3373 5652 END
START -18024 -10112 9784 13649 3095 4924 END
START -18856 -10424 11160 13847 2862 4063 END
START -19532 -10712 12224 13857 2652 3155 END
START -20056 -11156 13096 13801 2515 2129 END
START -20708 -11716 14140 13540 2400 959 END
START -21048 -12188 14828 13189 2430 -292 END
START -21388 -12348 15744 12751 2486 -1734 END
START -21368 -12332 16148 12360 2654 -3300 END
START -21196 -12072 16788 11826 2847 -4869 END
START -20964 -11584 17496 10982 3195 -6440 END
START -20584 -11332 17964 10288 3512 -7885 END
START -20060 -10964 18636 9525 3893 -9234 END
START -19332 -10500 18780 8752 4304 -10397 END
START -18484 -9928 19352 8001 4755 -11409 END
START -17632 -9156 19456 7380 5222 -12287 END
START -16748 -8280 19592 6876 5694 -13024 END
START -16152 -7528 19960 6446 6266 -13702 END
START -15496 -6980 20644 6105 6590 -14228 END
START -15036 -6296 21432 5785 6812 -14632 END
START -14512 -5692 22232 5536 6772 -14974 END
START -14076 -5112 22908 5347 6606 -15206 END
START -13708 -4728 23868 5212 6200 -15371 END
START -13324 -4448 24488 5232 5645 -15525 END
START -13164 -4128 25116 5319 4896 -15659 END
START -12996 -3724 25596 5489 4064 -15773 END
START -12760 -3304 25852 5741 3032 -15898 END
START -12476 -2808 26196 5929 1938 -16102 END
START -11976 -2348 26028 6084 896 -16328 END
START -11552 -1896 25904 6223 -48 -16575 END
START -10892 -1484 25724 6271 -993 -16868 END
START -10376 -948 25244 6342 -1819 -17126 END
START -9752 -384 24804 6290 -2453 -17378 END
START -9000 168 24080 6197 -3012 -17628 END
START -8332 716 23472 6116 -3356 -17905 END
START -7492 1260 22732 6000 -3556 -18106 END
START -6704 1508 22124 5848 -3613 -18346 END
START -5636 1792 21360 5737 -3482 -18511 END
START -4692 2132 20828 5618 -3010 -18695 END
START -3744 2640 20324 5454 -2443 -18848 END
START -3068 3208 20004 5247 -1760 -18913 END
START -2536 3808 19692 4950 -1061 -18979 END
START -1872 4332 19488 4623 -282 -18992 END
START -1172 4632 19216 4203 623 -18951 END
START -644 4728 19160 3842 1494 -18889 END
START -284 5264 19376 3388 2345 -18757 END
START -136 5896 19452 2847 3029 -18614 END
START 72 6556 19748 2302 3554 -18384 END
START 432 7032 19708 1717 4004 -18110 END
START 652 7524 19608 1173 4332 -17732 END
START 952 7536 19272 662 4615 -17356 END
START 944 7796 18992 206 4826 -16994 END
START 1072 8180 18784 -94 4881 -16737 END
START 1084 8556 18760 -350 4835 -16469 END
START 1152 8892 18680 -454 4652 -16250 END
START 1372 9212 18456 -522 4375 -16014 END
START 1668 9408 18220 -473 3927 -15781 END
START 1936 9728 17876 -397 3483 -15513 END
START 2108 10112 17520 -273 3005 -15251 END
START 2488 10532 17364 -126 2485 -14906 END
START 2868 10948 16848 75 2065 -14542 END
START 3080 11248 16352 249 1653 -14169 END
START 3624 11652 16204 452 1331 -13762 END
START 4008 11976 15672 629 1090 -13340 END
START 4268 12248 15404 773 878 -12874 END
START 4492 12540 15020 906 739 -12403 END
START 4768 12792 14988 1055 572 -11925 END
START 5004 12904 14644 1151 539 -11437 END
START 5316 12860 14720 1239 559 -10958 END
START 5560 12912 14536 1285 584 -10479 END
START 5692 12796 14532 1221 666 -9968 END
START 5796 12912 14464 1147 714 -9512 END
START 5968 12808 14516 1039 790 -9017 END
START 6088 12680 14744 841 902 -8548 END
START 6148 12672 14648 649 973 -8118 END
START 6112 12560 14940 408 1041 -7634 END
START 5912 12444 14916 164 1002 -7145 END
START 5884 12308 14936 -82 1033 -6682 END
START 5924 12124 15100 -324 950 -6261 END
START 5864 11864 15084 -575 882 -5820 END
START 5728 11748 15124 -821 788 -5400 END
START 5776 11636 14832 -1037 671 -4984 END
START 5736 11488 14716 -1245 609 -4574 END
START 5720 11364 14520 -1465 511 -4213 END
START 5680 11220 14232 -1664 463 -3816 END
START 5676 11092 13888 -1852 467 -3478 END
START 5620 10892 13720 -2056 515 -3085 END
START 5612 10672 13352 -2220 554 -2706 END
START 5416 10648 13264 -2367 661 -2345 END
START 5480 10472 12948 -2480 828 -1890 END