START -2016 320 13236 -184 97 -24 END
START 2028 -180 3268 -432 -603 -115 END
START -2672 -1052 10672 -761 -193 -108 END
START -1324 -1228 12464 -1068 -99 -147 END
START -1180 -1728 12932 -1149 300 -157 END
START -484 -2152 12248 -1141 754 -247 END
START -1260 -2332 12752 -1097 1019 -346 END
START -1664 -2316 12900 -982 1074 -520 END
START -1688 -2272 13036 -817 1147 -700 END
START -1652 -2128 12908 -552 1345 -979 END
START -1564 -1932 13216 -315 1476 -1241 END
START -1776 -1684 13032 -50 1572 -1532 END
START -1680 -1660 13104 196 1629 -1811 END
START -1712 -1552 13228 350 1676 -2045 END
START -1876 -1424 13376 456 1646 -2209 END
START -2008 -1344 13400 497 1510 -2329 END
START -2160 -1220 13588 515 1352 -2338 END
START -2188 -1080 13668 542 1203 -2341 END
START -2244 -920 14248 560 1042 -2216 END
START -2324 -992 14320 618 884 -2129 END
START -2280 -1044 14640 698 766 -1997 END
START -2152 -1228 15240 793 664 -1841 END
START -2100 -1496 15620 858 534 -1662 END
START -2012 -1580 15808 949 353 -1490 END
START -1948 -1576 15780 993 275 -1347 END
START -2008 -1712 15824 988 211 -1267 END
START -1812 -1712 16000 935 156 -1220 END
START -1812 -1704 15948 899 150 -1239 END
START -1848 -1892 15972 732 173 -1296 END
START -1640 -1828 15832 603 278 -1380 END
START -1772 -1812 15716 388 374 -1493 END
START -1656 -1708 15700 138 499 -1658 END
START -1844 -1540 15736 -98 601 -1782 END
START -1984 -1292 15960 -367 615 -1946 END
START -2084 -932 15776 -699 643 -2100 END
START -1988 -464 15716 -977 623 -2208 END
START -1948 -268 16088 -1250 494 -2260 END
START -1916 -268 16080 -1501 318 -2239 END
START -1700 -364 16172 -1722 167 -2153 END
START -1536 -484 16120 -1892 12 -1960 END
START -1368 -464 16112 -1934 -129 -1702 END
START -1160 -564 15932 -1882 -123 -1390 END
START -984 -556 15632 -1726 -204 -1104 END
START -928 -620 15468 -1524 -137 -799 END
START -760 -576 15080 -1272 -3 -490 END
START -640 -572 14900 -993 186 -242 END
START -784 -720 14964 -685 303 14 END
START -872 -904 14768 -409 449 251 END
START -1076 -980 14872 -137 476 429 END
START -1152 -1144 14856 107 477 564 END
START -1412 -1256 14892 331 429 634 END
START -1548 -1164 14856 573 348 668 END
START -1648 -1296 15000 711 298 652 END
START -1736 -1416 14980 885 211 630 END
START -1748 -1456 15212 921 121 627 END
START -1812 -1556 15072 961 68 606 END
START -1976 -1600 15144 981 -65 572 END
START -2040 -1680 15056 883 -133 547 END
START -2060 -1688 14908 821 -262 473 END
START -2228 -1684 14740 698 -275 386 END
START -2204 -1720 14436 586 -293 254 END
START -2180 -1640 14316 447 -294 88 END
START -2284 -1512 14252 271 -213 -98 END
START -2164 -1364 14028 149 -216 -319 END
START -2060 -1184 13924 -53 -92 -536 END
START -2024 -1112 13624 -234 -20 -729 END
START -2016 -1220 13688 -428 45 -892 END
START -2048 -1152 13532 -611 53 -1039 END
START -1976 -1024 13556 -802 27 -1146 END
START -1892 -1124 13516 -913 -19 -1226 END
START -1820 -1068 13228 -955 -16 -1319 END
START -1636 -1124 13128 -971 -115 -1370 END
START -1568 -1008 13232 -905 -187 -1444 END
START -1556 -904 12956 -820 -272 -1470 END
START -1440 -1016 12660 -678 -373 -1468 END
START -1312 -776 12416 -553 -442 -1387 END
START -1088 -572 11880 -379 -426 -1369 END
START -996 -228 11432 -205 -392 -1247 END
START -924 12 11000 -50 -328 -1196 END
START -780 260 10856 88 -237 -1049 END
START -696 480 10524 246 -140 -953 END
START -632 296 10232 410 -15 -826 END
START -500 304 10028 566 107 -727 END
START -256 288 9828 715 209 -662 END
START -144 100 9584 877 392 -608 END
START -56 104 9204 1107 622 -527 END
START 8 272 9140 1301 767 -525 END
START 36 336 9212 1478 945 -526 END
START 160 484 8920 1648 1108 -519 END
START 72 660 8720 1805 1251 -522 END
START 272 728 8788 1899 1294 -494 END
START 272 788 8692 2006 1315 -476 END
START 380 948 8576 2094 1291 -444 END
START 416 1036 8240 2102 1270 -372 END
START 500 1148 7980 2234 1199 -341 END
START 436 1168 7812 2332 1248 -275 END
START 672 1396 7528 2467 1217 -206 END
START 736 1496 7296 2629 1279 -151 END
START 724 1656 7008 2838 1297 -99 END
START 656 1796 6848 3074 1314 -5 END
START 748 1868 6716 3340 1260 74 END
START 584 2040 6668 3632 1223 153 END
START 584 2336 6416 3933 1188 326 END
START 716 2316 6388 4285 1114 426 END
START 828 2460 6096 4648 1071 519 END
START 804 2584 6072 5124 1016 662 END
START 860 2784 5992 5584 912 808 END
START 828 2928 6088 6049 822 948 END
START 860 3076 6188 6571 709 1113 END
START 876 3240 6236 7088 632 1293 END
START 892 3368 6212 7662 567 1565 END
START 620 3492 6116 8193 530 1832 END
START 680 3512 6444 8704 502 2118 END
START 652 3524 6436 9235 548 2404 END
START 380 3520 6604 9742 597 2750 END
START 192 3680 6712 10136 597 3023 END
START 0 3756 6856 10523 644 3329 END
START -96 3804 6840 10807 646 3548 END
START -152 3768 7092 11052 613 3734 END
START -432 3640 7192 11239 570 3912 END
START -500 3524 7412 11469 571 3984 END
START -608 3280 7612 11730 545 4043 END
START -892 3184 8008 11771 603 4066 END
START -1152 3000 8100 12186 594 4040 END
START -1208 2904 8136 12163 653 3979 END
START -1344 3068 8412 12215 785 3862 END
START -1320 3136 8460 12667 882 3791 END
START -1356 3200 8696 12730 1051 3671 END
START -1408 3388 8792 12813 1317 3594 END
START -1480 3500 8872 12943 1548 3553 END
START -1648 3620 9156 13036 1821 3572 END
START -1936 3796 9204 13086 2062 3612 END
START -2276 3820 9768 13139 2272 3655 END
START -2620 3760 10052 13263 2452 3760 END
START -2928 3780 10572 13352 2628 3820 END
START -3368 3616 11012 13512 2769 3873 END
START -3736 3400 11540 13722 2845 3939 END
START -4172 3256 12036 13927 2895 3951 END
START -4660 3192 12324 14152 2888 3914 END
START -5068 2988 12832 14342 2782 3862 END
START -5216 2772 13544 14567 2681 3753 END
START -5484 2696 13676 14769 2611 3637 END
START -5856 2672 14108 14991 2484 3443 END
START -6280 2608 14668 15188 2392 3300 END
START -6488 2632 15008 15361 2259 3128 END
START -6980 2884 15508 15519 2138 2980 END
START -7232 2860 15948 15697 1988 2810 END
START -7400 2920 16220 15822 1838 2696 END
START -7412 2812 16620 15925 1790 2565 END
START -7580 2824 17124 16001 1797 2478 END
START -7628 2696 17748 16037 1760 2381 END
START -7816 2664 18200 16058 1835 2308 END
START -7964 2724 18824 16001 1854 2212 END
START -8212 2896 19124 15926 1912 2125 END
START -8412 2804 19836 15793 1953 2018 END
START -8680 2860 20360 15649 1945 1913 END
START -8924 2700 21160 15476 1985 1801 END
START -9136 2468 21892 15315 2011 1680 END
START -9344 2264 22564 15069 1957 1532 END
START -9628 2200 23268 14922 1860 1350 END
START -9916 2088 23872 14645 1720 1136 END
START -10324 2128 24776 14477 1580 884 END
START -10696 2264 25304 14232 1337 657 END
START -11080 2208 25920 13980 1140 415 END
START -11068 2004 26160 13691 852 83 END
START -11096 1792 26496 13303 707 -145 END
START -10916 1684 26664 12906 539 -460 END
START -10720 1564 26748 12483 420 -848 END
START -10544 1484 26816 11914 361 -1264 END
START -10364 1520 27040 11293 365 -1659 END
START -10068 1384 27036 10719 461 -2107 END
START -9736 1324 27176 10111 557 -2554 END
START -9488 1184 27328 9608 718 -2894 END
START -9180 1032 27576 9101 934 -3255 END
START -8988 984 27900 8547 1032 -3558 END
START -8872 872 28232 8082 1040 -3854 END
START -8672 880 28504 7571 974 -4135 END
START -8192 892 28840 7062 870 -4426 END
START -8012 952 28900 6590 760 -4708 END
START -7700 836 28816 6155 646 -4982 END
START -7228 716 29136 5712 552 -5238 END
START -7024 740 29440 5345 442 -5434 END
START -6540 904 29540 4977 364 -5644 END
START -6248 988 29788 4669 358 -5742 END
START -6204 1172 29888 4347 334 -5862 END
START -5940 1336 30204 4020 352 -5889 END
START -5864 1568 30096 3674 375 -5885 END
START -5516 1656 30444 3278 318 -5838 END
START -5284 1636 30624 2895 286 -5787 END
START -5252 1908 30836 2449 200 -5650 END
START -4980 1956 30928 1974 131 -5553 END
START -4804 1972 31256 1496 -53 -5462 END
START -4720 2060 31256 982 -208 -5372 END
START -4432 2004 31120 472 -277 -5306 END
START -4352 1916 31208 -55 -391 -5292 END
START -4228 1932 31160 -542 -497 -5244 END
START -3988 1980 31076 -1038 -650 -5237 END
START -3936 2160 31056 -1538 -754 -5227 END
START -3896 2104 30812 -2039 -897 -5254 END
START -3564 2208 30660 -2581 -1026 -5272 END
START -3368 2116 30392 -3072 -1130 -5287 END
START -2948 2348 29904 -3569 -1096 -5351 END
START -2632 2228 29544 -4124 -1038 -5399 END
START -2252 2412 29148 -4635 -938 -5470 END
START -1992 2644 28860 -5138 -747 -5503 END
START -1632 2636 28600 -5646 -539 -5506 END
START -1492 2888 28116 -6126 -337 -5548 END
START -1412 2988 28136 -6629 -207 -5530 END
START -1196 3292 27820 -7102 -48 -5510 END
START -1136 3336 27736 -7589 92 -5484 END
START -836 3368 27396 -8105 237 -5393 END
START -756 3512 27036 -8628 362 -5347 END
START -636 3696 26808 -9092 407 -5297 END
START -604 3644 26472 -9524 539 -5206 END
START -464 3692 26112 -9957 608 -5158 END
START -408 3660 25912 -10387 744 -5094 END
START -296 3648 25620 -10818 830 -5023 END
START -300 3640 25240 -11158 910 -4955 END
START -116 3676 25024 -11538 937 -4859 END
START -184 3716 24632 -11879 974 -4778 END
START 4 3640 24196 -12179 993 -4653 END
START 52 3576 23852 -12449 1042 -4593 END
START 0 3644 23352 -12668 1092 -4504 END
START 20 3684 22856 -12913 1138 -4368 END
START -20 3748 22424 -13110 1129 -4301 END
START -64 3732 22164 -13330 1153 -4177 END
START 108 3732 21828 -13541 1140 -4027 END
START -112 3584 21384 -13717 988 -3931 END
START -164 3596 21272 -13892 879 -3816 END
START -88 3416 20808 -14029 764 -3678 END
START -260 3408 20180 -14153 615 -3594 END
START -420 3296 19820 -14240 492 -3497 END
START -420 3128 19448 -14318 333 -3429 END
START -476 3092 18912 -14366 264 -3324 END
START -548 3072 18412 -14394 139 -3287 END
START -564 3064 17828 -14392 61 -3178 END
START -560 3032 17296 -14386 48 -3128 END
START -656 2928 16844 -14367 13 -3077 END
START -576 2980 16616 -14346 61 -3035 END
START -616 2984 15868 -14354 42 -3008 END
START -608 2988 15456 -14353 59 -2992 END
START -532 2928 15352 -14370 8 -2988 END
START -612 2916 14848 -14372 -67 -2977 END
START -540 2952 14556 -14368 -127 -2957 END
START -396 2916 14204 -14406 -274 -2941 END
START -436 3008 13944 -14338 -427 -2936 END
START -388 2920 13572 -14321 -523 -2869 END
START -420 2816 13312 -14236 -664 -2797 END
START -208 2844 12900 -14118 -775 -2744 END
START -180 2848 12444 -13954 -821 -2636 END
START -64 2832 12040 -13818 -878 -2547 END
START -48 2900 11832 -13659 -929 -2483 END
START -148 2972 11464 -13497 -1009 -2353 END
START -40 3024 11232 -13357 -1077 -2270 END
START -100 2952 10824 -13192 -1216 -2172 END
START -52 2968 10472 -13021 -1335 -2082 END
START -140 2976 10096 -12840 -1480 -1991 END
START -100 2916 9664 -12624 -1613 -1928 END
START 12 2916 9180 -12403 -1669 -1889 END
START 80 2824 8868 -12120 -1802 -1825 END
START 100 2900 8612 -11868 -1870 -1761 END
START 96 2888 8064 -11597 -1946 -1616 END
START 120 2960 7636 -11323 -1988 -1503 END
START 232 2988 7104 -10999 -1872 -1372 END
START 372 3040 6812 -10752 -1805 -1231 END
START 248 2956 6568 -10433 -1711 -1097 END
START 268 2752 6260 -10131 -1673 -1006 END
START 180 2760 5928 -9815 -1646 -905 END
START 32 2676 5688 -9481 -1561 -843 END
START 140 2608 5588 -9170 -1521 -806 END
START 48 2476 5188 -8861 -1368 -773 END
START -68 2316 4952 -8553 -1319 -774 END
START -248 2272 4892 -8229 -1283 -783 END
START -160 2120 4572 -7906 -1211 -786 END
START -160 2104 4344 -7564 -1132 -813 END
START -108 2068 4152 -7218 -968 -814 END
START -384 2136 4044 -6938 -858 -841 END
START -340 2048 3864 -6594 -743 -830 END
START -492 2168 3684 -6295 -698 -859 END
START -432 2204 3684 -6012 -631 -813 END
START -412 2096 3656 -5681 -631 -840 END
START -496 2016 3452 -5409 -608 -819 END
START -508 2060 3400 -5087 -575 -786 END
START -492 1896 3168 -4803 -547 -760 END
START -500 2020 3132 -4496 -531 -760 END
START -464 2036 3076 -4178 -522 -730 END
START -388 2196 3024 -3866 -527 -692 END
START -432 2156 2912 -3523 -561 -687 END
START -348 2200 2868 -3192 -621 -625 END
START -296 2252 2632 -2839 -677 -554 END
START -232 2204 2520 -2511 -718 -461 END
START -188 2144 2600 -2066 -726 -375 END
START -56 2304 2428 -1714 -743 -311 END
START 144 2256 2328 -1282 -724 -228 END
START 240 2284 2124 -890 -639 -139 END
START 392 2268 1992 -483 -508 -54 END
START 268 2264 1972 -80 -413 60 END
START 152 2432 2224 306 -396 131 END
START 260 2624 2152 657 -338 213 END
START 156 2624 2064 1071 -273 319 END
START 152 2700 2072 1435 -234 401 END
START 240 2764 1932 1817 -197 531 END
START 68 2836 2028 2203 -126 636 END
START 116 2816 2268 2647 -48 712 END
START 252 2808 2260 3034 11 865 END
START 12 2752 2272 3478 57 941 END
START -20 2724 2408 3917 114 1078 END
START -208 2880 2632 4323 109 1259 END
START -260 2944 2696 4750 119 1330 END
START -604 2872 2812 5193 131 1484 END
START -692 2920 2972 5617 123 1525 END
START -732 2876 2908 6022 125 1568 END
START -760 2936 3092 6439 110 1666 END
START -960 2804 3284 6852 211 1674 END
START -1208 2676 3424 7260 284 1726 END
START -1472 2704 3780 7658 407 1773 END
START -1608 2556 3848 8021 493 1776 END
START -1888 2516 4220 8410 576 1779 END
START -1964 2512 4524 8764 666 1748 END
START -2252 2468 4884 9096 767 1695 END
START -2396 2572 5104 9349 848 1622 END
START -2704 2696 5520 9610 898 1515 END
START -2860 2856 5704 9813 915 1441 END
START -2900 2816 6140 9987 975 1386 END
START -2936 2928 6352 10108 1001 1308 END
START -3064 3048 6680 10230 1058 1274 END
START -3244 3160 7048 10319 1073 1264 END
START -3328 3296 7140 10431 1099 1273 END
START -3180 3412 7284 10531 1262 1275 END
START -3320 3440 7496 10679 1392 1300 END
START -3396 3604 7892 10844 1530 1338 END
START -3556 3520 8344 11009 1573 1414 END
START -3700 3428 8504 11240 1589 1481 END
START -3724 3400 8912 11473 1627 1557 END
START -4096 3332 9172 11665 1668 1612 END
START -4372 3240 9692 12170 1628 1613 END
START -4516 3308 10012 12193 1556 1608 END
START -4720 3204 10356 12727 1455 1572 END
START -5016 3040 10936 12924 1364 1544 END
START -5272 3140 11448 13242 1215 1536 END
START -5460 3056 11816 13477 1086 1483 END
START -5580 3136 12268 13712 978 1463 END
START -5780 2876 12700 13897 834 1397 END
START -5852 2840 12924 14036 765 1322 END
START -5948 2868 13144 14144 703 1234 END
START -6084 2700 13572 14234 694 1113 END
START -6240 2604 13628 14265 711 1006 END
START -6380 2616 14068 14299 723 861 END
START -6580 2520 14368 14295 823 758 END
START -6600 2416 14680 14265 937 600 END
START -6704 2396 14748 14270 1071 435 END
START -6836 2244 15232 14237 1288 261 END
START -6920 2248 15736 14186 1349 75 END
START -7212 2176 16284 14138 1465 -91 END
START -7292 2100 16628 14070 1437 -271 END
START -7428 2140 17124 13995 1431 -480 END
START -7580 2116 17448 13915 1420 -652 END
START -7784 2116 17672 13826 1330 -856 END
START -7940 2204 18224 13747 1298 -1045 END
START -8064 2176 18576 13696 1170 -1232 END
START -8312 2172 18912 13653 1102 -1358 END
START -8380 2192 19448 13670 1051 -1517 END
START -8496 2360 19800 13671 977 -1623 END
START -8540 2056 20468 13723 941 -1726 END
START -8632 1960 20848 13780 905 -1785 END
START -8784 1944 21384 13840 844 -1845 END
START -8844 2020 21792 13866 764 -1931 END
START -8956 1992 22220 13874 697 -1989 END
START -9044 2140 22920 13775 676 -2074 END
START -8880 2172 23516 13669 632 -2099 END
START -9024 2068 23940 13440 588 -2172 END
START -9072 1924 24652 13092 435 -2213 END
START -8892 1824 25008 12832 327 -2299 END
START -8908 1620 25572 12479 172 -2416 END
START -8956 1440 25884 11943 -14 -2571 END
START -8704 1176 26216 11658 -144 -2797 END
START -8632 1232 26396 11090 -340 -3002 END
START -8628 1088 26676 10643 -453 -3262 END
START -8536 1016 26776 10233 -573 -3542 END
START -8276 936 26960 9823 -615 -3741 END
START -8028 640 26992 9442 -605 -3994 END
START -7768 588 27016 9075 -568 -4205 END
START -7572 352 27236 8778 -495 -4467 END
START -7208 240 27340 8406 -372 -4669 END
START -7028 180 27132 8099 -295 -4951 END
START -6788 172 27664 7814 -196 -5208 END
START -6640 132 27884 7441 -80 -5467 END
START -6492 236 27816 7104 58 -5742 END
START -6360 416 28052 6760 132 -5991 END
START -6052 584 28352 6398 252 -6236 END
START -5992 748 28344 5999 344 -6478 END
START -5880 964 28792 5563 427 -6691 END
START -5696 1312 29032 5156 473 -6852 END
START -5852 1376 29344 4671 468 -7012 END
START -5500 1608 29624 4185 457 -7104 END
START -5432 1720 29760 3684 328 -7230 END
START -5140 1948 30124 3201 281 -7328 END
START -4904 1912 30216 2670 129 -7361 END
START -4748 2004 30368 2156 -37 -7419 END
START -4648 2116 30276 1648 -223 -7424 END
START -4372 2172 30344 1146 -415 -7485 END
START -4056 2296 30504 604 -601 -7523 END
START -3784 2276 30248 161 -732 -7522 END
START -3464 2416 30216 -344 -797 -7527 END
START -3124 2360 30000 -843 -849 -7509 END
START -2984 2520 29456 -1331 -838 -7496 END
START -2680 2532 29456 -1856 -864 -7428 END
START -2356 2620 29144 -2329 -797 -7396 END
START -2052 2628 29032 -2828 -704 -7352 END
START -1996 2752 29044 -3287 -672 -7292 END
START -1804 2692 28732 -3787 -651 -7205 END
START -1596 2896 28708 -4256 -654 -7118 END
START -1460 2984 28500 -4708 -726 -6979 END
START -1212 2904 28196 -5127 -776 -6822 END
START -1004 2892 27996 -5585 -820 -6687 END
START -768 2828 27864 -5936 -861 -6514 END
START -564 3032 27508 -6285 -870 -6330 END
START -424 2940 27284 -6601 -895 -6207 END
START -328 2944 26996 -6931 -886 -6062 END
START -80 3064 26692 -7274 -871 -5909 END
START 100 3128 26492 -7603 -890 -5817 END
START 180 3232 26264 -7950 -858 -5645 END
START 304 3368 25908 -8348 -823 -5456 END
START 444 3340 25668 -8731 -796 -5343 END
START 492 3184 25324 -9110 -756 -5234 END
START 656 3328 25168 -9500 -718 -5082 END
START 724 3236 25008 -9832 -672 -4970 END
START 564 3264 24732 -10230 -683 -4827 END
START 696 3316 24324 -10537 -643 -4725 END
START 816 3316 24148 -10883 -617 -4564 END
START 728 3352 23788 -11185 -607 -4463 END
START 800 3312 23692 -11454 -582 -4356 END
START 844 3248 23276 -11706 -547 -4279 END
START 860 3316 22796 -11942 -443 -4175 END
START 880 3312 22472 -12117 -411 -4101 END
START 944 3404 22324 -12278 -381 -4069 END
START 880 3588 22012 -12420 -347 -4026 END
START 820 3796 21760 -12582 -360 -3950 END
START 1120 3916 21700 -12750 -351 -3824 END
START 1136 4140 21216 -12942 -436 -3700 END
START 1320 4276 20912 -13183 -449 -3551 END
START 1424 4340 20612 -13438 -459 -3316 END
START 1632 4424 20248 -13689 -543 -3123 END
START 1884 4556 19896 -13909 -535 -2873 END
START 2072 4604 19600 -14076 -518 -2643 END
START 2180 4660 19524 -14239 -486 -2372 END
START 2304 4632 19156 -14368 -505 -2038 END
START 2336 4748 18812 -14511 -534 -1711 END
START 2388 4644 18588 -14655 -603 -1361 END
START 2396 4704 18452 -14751 -653 -1032 END
START 2404 4716 18104 -14876 -753 -694 END
START 2544 4704 17880 -14965 -834 -428 END
START 2500 4692 17464 -15062 -986 -137 END
START 2468 4724 17308 -15114 -1077 94 END
START 2524 4628 17048 -15156 -1223 369 END
START 2520 4548 16736 -15159 -1272 572 END
START 2464 4400 16300 -15174 -1412 806 END
START 2628 4416 15908 -15173 -1558 999 END
START 2536 4344 15612 -15201 -1709 1210 END
START 2452 4324 15028 -15170 -1783 1343 END
START 2564 4328 14724 -15136 -1873 1489 END
START 2448 4352 14404 -15071 -1955 1638 END
START 2384 4408 13780 -15000 -1960 1758 END
START 2396 4504 13328 -14902 -1936 1884 END
START 2524 4608 12720 -14822 -1912 2062 END
START 2632 4752 12380 -14721 -1660 2219 END
START 2584 4876 11780 -14678 -1413 2433 END
START 2812 5232 11368 -14744 -1086 2663 END
START 2928 5368 11252 -14844 -773 2916 END
START 2868 5372 10896 -14924 -455 3172 END
START 2732 5196 10532 -15025 -163 3433 END
START 2644 5264 10316 -15099 190 3651 END
START 2744 5136 10152 -15138 475 3907 END
START 2784 5056 9980 -15156 841 4133 END
START 2780 5028 9764 -15173 1125 4302 END
START 2756 4672 9492 -15145 1490 4555 END
START 2492 4544 9360 -15121 1745 4775 END
START 2420 4464 9384 -15092 1992 4950 END
START 2192 4304 9440 -15005 2105 5080 END
START 2020 4260 9372 -14957 2088 5167 END
START 1848 4152 9324 -14855 1981 5255 END
START 1588 4108 9132 -14721 1800 5338 END
START 1548 3988 8664 -14529 1553 5408 END
START 1624 3872 8316 -14285 1316 5484 END
START 1588 3744 7952 -13969 1150 5607 END
START 1656 3668 7368 -13601 1048 5708 END
START 1664 3476 7188 -13159 1006 5850 END
START 1736 3624 6772 -12738 1013 5996 END
START 1676 3400 6308 -12279 1051 6144 END
START 1724 3504 5912 -11877 1092 6385 END
START 1516 3576 5552 -11470 1096 6574 END
START 1352 3404 5212 -11090 1114 6802 END
START 1304 3380 4952 -10660 1161 7010 END
START 992 3456 4768 -10261 1204 7305 END
START 944 3464 4584 -9835 1190 7537 END
START 632 3396 4332 -9414 1191 7764 END
START 452 3364 4096 -9000 1193 8026 END
START 424 3296 4008 -8569 1249 8225 END
START 328 3064 3900 -8150 1248 8455 END
START 268 2908 3688 -7728 1285 8635 END
START 24 2696 3644 -7354 1320 8830 END
START -340 2636 3396 -6946 1357 9027 END
START -456 2628 3344 -6562 1381 9122 END
START -676 2476 3140 -6185 1392 9258 END
START -1072 2516 2876 -5792 1434 9365 END
START -1264 2628 2700 -5388 1506 9504 END
START -1396 2464 2668 -4959 1609 9653 END
START -1804 2324 2516 -4549 1756 9811 END
START -2184 2124 2616 -4111 1887 10026 END
START -2600 1892 2476 -3606 1998 10219 END
START -2884 1764 2516 -3138 2111 10355 END
START -3364 1428 2640 -2651 2162 10421 END
START -3736 1188 2860 -2173 2129 10483 END
START -4212 980 3056 -1678 2097 10429 END
START -4528 572 2872 -1229 2111 10375 END
START -4696 472 3024 -840 2054 10283 END
START -5172 88 3188 -464 2047 10173 END
START -5612 -48 3208 -88 2079 10042 END
START -6072 -328 3268 258 2147 9921 END
START -6684 -512 3404 644 2129 9738 END
START -7108 -712 3460 984 2167 9593 END
START -7360 -848 3768 1394 2214 9412 END
START -7808 -1164 3700 1774 2267 9183 END
START -8296 -1308 3988 2200 2333 8996 END
START -8628 -1404 4356 2602 2310 8787 END
START -9052 -1524 4336 3024 2356 8556 END
START -9460 -1624 4804 3434 2281 8326 END
START -9828 -1680 5052 3812 2204 8080 END
START -10348 -1752 5548 4213 2014 7839 END
START -10760 -1812 5920 4605 1801 7625 END
START -11004 -1916 6352 4975 1614 7403 END
START -11460 -2208 6616 5380 1303 7183 END
START -11840 -2368 6892 5808 1028 6937 END
START -12212 -2788 7192 6217 765 6717 END
START -12572 -3024 7556 6606 582 6422 END
START -12924 -3280 7632 7055 433 6092 END
START -13400 -3576 7892 7426 349 5710 END
START -13600 -3872 8000 7793 243 5305 END
START -13968 -4144 8300 8131 285 4849 END
START -14048 -4380 8592 8384 271 4387 END
START -14332 -4456 8708 8674 301 3848 END
START -14404 -4504 8896 8791 375 3384 END
START -14648 -4644 9328 8904 466 2802 END
START -14772 -4904 9500 9017 531 2229 END
START -14920 -5016 9820 9115 630 1643 END
START -14968 -5196 10280 9174 726 1011 END
START -14840 -5180 10416 9272 878 407 END
START -14792 -5004 10804 9357 1000 -191 END
START -14988 -4892 11148 9415 1099 -771 END
START -15124 -4656 11616 9474 1135 -1342 END
START -15168 -4436 12008 9543 1017 -1839 END
START -15108 -4228 12460 9589 937 -2326 END
START -15112 -3972 13020 9715 774 -2793 END
START -15192 -3668 13420 9851 590 -3309 END
START -15232 -3496 13992 10001 386 -3744 END
START -15312 -3304 14592 10203 94 -4229 END
START -15336 -3192 15108 10403 -212 -4698 END
START -15288 -3056 15680 10575 -544 -5144 END
START -15292 -2764 16224 10695 -874 -5575 END
START -15224 -2524 16692 10728 -1237 -5998 END
START -15052 -2160 17088 10669 -1543 -6474 END
START -14872 -2068 17532 10506 -1845 -6935 END
START -14600 -1972 17776 10322 -2077 -7415 END
START -14220 -1816 18108 10042 -2303 -7850 END
START -13932 -1756 18288 9765 -2391 -8326 END
START -13488 -1760 18564 9465 -2507 -8776 END
START -13068 -1820 18728 9174 -2524 -9223 END
START -12744 -1820 18880 8934 -2491 -9640 END
START -12368 -1704 18744 8696 -2497 -10093 END
START -11940 -1568 18668 8446 -2398 -10549 END
START -11540 -1376 18848 8181 -2344 -10913 END
START -11196 -1312 18828 7962 -2273 -11276 END
START -10864 -1164 18820 7740 -2142 -11610 END
START -10476 -1088 18940 7522 -2034 -11909 END
START -10064 -976 18952 7297 -1875 -12182 END
START -9792 -864 19348 7122 -1802 -12483 END
START -9656 -564 19656 6875 -1800 -12704 END
START -9064 -496 19616 6586 -1890 -12959 END
START -8688 -408 19700 6339 -1912 -13219 END
START -8280 -292 19636 6051 -1931 -13439 END
START -7840 -372 19752 5771 -1951 -13650 END
START -7328 -328 19812 5565 -2032 -13912 END
START -6924 -64 19760 5372 -2021 -14150 END
START -6672 208 19592 5182 -1988 -14387 END
START -6016 368 19744 5013 -1916 -14631 END
START -5692 620 19840 4873 -1842 -14773 END
START -5292 868 20032 4642 -1762 -14900 END
START -4860 1160 20088 4483 -1729 -14981 END
START -4536 1328 20176 4306 -1750 -15071 END
START -4008 1660 20396 4070 -1754 -15107 END
START -3616 1936 20244 3865 -1767 -15173 END
START -3096 2408 20232 3627 -1725 -15165 END
START -2544 2724 20240 3435 -1635 -15142 END
START -2148 2976 20552 3162 -1577 -15052 END
START -1684 3132 20424 2922 -1497 -14891 END
START -1132 3436 20680 2636 -1431 -14637 END
START -664 3516 20672 2354 -1410 -14335 END
START -280 3768 20828 2052 -1503 -14052 END
START -40 3876 21056 1805 -1636 -13725 END
START 328 3908 20856 1621 -1817 -13469 END
START 624 3868 20924 1480 -2031 -13205 END
START 900 3900 21020 1372 -2266 -12939 END
START 1172 4072 20564 1286 -2513 -12711 END
START 1380 4056 20812 1258 -2757 -12434 END
START 1772 4432 20736 1216 -2964 -12140 END
START 1956 5128 20524 1077 -3198 -11865 END
START 2356 5672 20464 908 -3430 -11532 END
START 2756 6000 20424 644 -3605 -11213 END
START 3064 5976 20376 372 -3808 -10725 END
START 3324 5916 20256 37 -4015 -10228 END
START 3636 5776 20052 -252 -4167 -9721 END
START 3880 5736 19904 -490 -4335 -9187 END
START 4060 5472 19460 -742 -4451 -8730 END
START 4284 5204 18912 -823 -4358 -8267 END
START 4020 4936 18684 -843 -4477 -7849 END
START 4132 4796 18328 -958 -4568 -7490 END
START 3692 4852 18216 -986 -4755 -7283 END
START 3888 4540 17640 -948 -4874 -7099 END
START 4024 4216 17324 -861 -4873 -6863 END
START 3872 3888 16776 -819 -5016 -6763 END
START 3844 3596 16384 -708 -5077 -6641 END
START 4060 3296 15652 -607 -4921 -6399 END
START 3752 3196 15580 -406 -4777 -6226 END
START 3508 3264 14892 -174 -4668 -6002 END
START 3764 2684 14584 19 -4376 -5843 END
START 3808 2528 14872 321 -4140 -5687 END
START 3704 2340 14512 565 -3804 -5615 END
START 3676 1912 13856 689 -3421 -5541 END
START 3804 2092 14004 809 -3048 -5497 END
START 3480 1848 13704 955 -2746 -5477 END
START 3504 1316 13572 1013 -2402 -5454 END
START 3680 1176 13500 1098 -1991 -5431 END