START -4656 492 15304 -1697 843 -1132 END
START -500 996 6016 -2040 183 -1407 END
START -2724 -172 10596 -2458 440 -1615 END
START -3520 196 13220 -2936 982 -1940 END
START -4020 512 14492 -3329 1450 -2282 END
START -4460 768 15060 -3748 1942 -2664 END
START -4536 784 14904 -4024 2267 -2981 END
START -4428 752 14744 -4255 2709 -3239 END
START -3828 804 14572 -4375 3324 -3515 END
START -3632 720 14488 -4494 4057 -3685 END
START -3472 756 14256 -4588 4797 -3777 END
START -3492 1048 14256 -4743 5379 -3813 END
START -3428 1632 14220 -4939 5967 -3776 END
START -3740 2184 14252 -5116 6476 -3659 END
START -3964 2692 14420 -5293 6857 -3431 END
START -4176 2876 14792 -5358 7084 -3131 END
START -4572 2816 15296 -5330 7020 -2802 END
START -4824 2676 15604 -5160 6722 -2397 END
START -4960 2092 15872 -4848 6213 -2038 END
START -4644 1588 16060 -4435 5692 -1714 END
START -4848 1088 16456 -3911 4856 -1537 END
START -4436 780 16436 -3346 4027 -1365 END
START -4520 728 16288 -2774 3324 -1221 END
START -4280 828 16260 -2166 2504 -1098 END
START -4332 960 16240 -1647 1868 -982 END
START -4192 1084 16188 -1156 1236 -752 END
START -3832 1384 16036 -758 639 -525 END
START -3504 1456 15760 -431 217 -271 END
START -3388 1444 15800 -165 7 43 END
START -3196 1268 15700 38 -153 318 END
START -3344 1484 15852 111 -267 578 END
START -3264 1388 16176 168 -423 837 END
START -3264 1292 16128 151 -611 1017 END
START -3352 1208 16564 132 -733 1217 END
START -3580 1140 16756 84 -944 1306 END
START -3600 980 16896 -32 -1182 1474 END
START -3676 932 16804 -143 -1394 1588 END
START -3636 956 16792 -311 -1589 1710 END
START -3712 816 16488 -516 -1683 1770 END
START -3752 600 16128 -669 -1746 1848 END
START -3720 316 15620 -804 -1634 1835 END
START -3764 128 15240 -858 -1423 1767 END
START -3716 -160 14752 -866 -1165 1658 END
START -3712 -316 14564 -858 -770 1473 END
START -4040 -524 14364 -801 -410 1233 END
START -4132 -592 14352 -747 -48 1033 END
START -4268 -724 14500 -680 246 725 END
START -4308 -712 14484 -653 530 481 END
START -4296 -680 14600 -695 700 205 END
START -4532 -712 14844 -763 877 -115 END
START -4336 -708 15144 -834 936 -348 END
START -4208 -628 15304 -912 894 -575 END
START -4244 -344 15416 -1012 893 -786 END
START -4308 -188 15316 -1079 814 -908 END
START -4020 -28 15244 -1151 718 -1029 END
START -3984 -12 14960 -1144 672 -1101 END
START -3796 220 14736 -1129 598 -1149 END
START -3448 236 14544 -1072 583 -1149 END
START -3220 276 14432 -995 616 -1121 END
START -3056 360 14272 -902 646 -1053 END
START -2968 520 14436 -860 522 -950 END
START -2868 628 14468 -739 385 -842 END
START -2756 560 14384 -651 145 -699 END
START -2480 280 14112 -510 24 -510 END
START -2368 188 14032 -336 -137 -363 END
START -2296 240 13732 -151 -226 -174 END
START -2268 324 13516 20 -298 -16 END
START -2212 460 13328 173 -353 133 END
START -2464 528 13236 292 -452 303 END
START -2560 588 13292 407 -531 494 END
START -2532 476 13192 482 -630 635 END
START -2708 352 13364 544 -734 791 END
START -2572 316 13244 569 -838 899 END
START -2664 156 13356 605 -917 958 END
START -2824 296 13088 621 -958 994 END
START -2800 260 12952 579 -986 1024 END
START -2932 232 12668 574 -1006 1065 END
START -2780 232 12304 559 -934 1042 END
START -2788 180 12228 526 -843 993 END
START -2920 296 11864 523 -721 978 END
START -2952 336 11656 476 -576 939 END
START -3088 488 11720 405 -431 885 END
START -3088 468 11540 415 -368 857 END
START -3180 432 11488 352 -279 789 END
START -3292 540 11412 320 -204 750 END
START -3408 504 11304 332 -188 654 END
START -3480 548 11060 289 -121 560 END
START -3588 520 11084 277 -103 480 END
START -3488 556 10608 303 -146 378 END
START -3636 720 10396 318 -95 273 END
START -3680 852 10280 356 -91 141 END
START -3756 880 9916 339 -58 35 END
START -3728 980 9776 381 -25 -52 END
START -3732 992 9364 469 -19 -188 END
START -3540 1028 9316 514 19 -214 END
START -3612 1104 9200 608 31 -306 END
START -3460 1116 8748 657 48 -314 END
START -3232 1168 8592 711 85 -366 END
START -3192 1308 8088 794 81 -412 END
START -3028 1264 7848 888 148 -414 END
START -3032 1160 7628 1000 155 -461 END
START -2964 1256 7564 1147 167 -444 END
START -2748 1364 7264 1279 153 -438 END
START -2760 1436 6952 1453 126 -432 END
START -2620 1476 6692 1674 84 -410 END
START -2428 1568 6608 1917 57 -373 END
START -2392 1612 6192 2143 45 -376 END
START -2216 1544 5916 2400 18 -354 END
START -2132 1660 5796 2658 -43 -296 END
START -2092 1676 5448 2887 -52 -291 END
START -1784 1904 5312 3165 -96 -240 END
START -1604 1872 5112 3419 -112 -189 END
START -1540 1988 4928 3738 -142 -160 END
START -1220 2224 4880 4013 -216 -48 END
START -956 2312 4768 4253 -273 15 END
START -692 2296 4788 4514 -349 136 END
START -516 2532 4824 4730 -454 295 END
START -384 2708 4740 5003 -608 470 END
START -308 2964 4608 5222 -710 681 END
START -192 3128 4640 5539 -870 925 END
START -52 3072 4400 5823 -1016 1152 END
START 100 3140 4528 6094 -1084 1397 END
START 292 3208 4348 6375 -1241 1627 END
START 360 3224 4364 6629 -1391 1857 END
START 420 3388 4216 6943 -1491 2033 END
START 792 3428 3904 7233 -1560 2235 END
START 936 3544 3800 7569 -1506 2389 END
START 1044 3608 3708 7865 -1456 2573 END
START 1136 3836 3820 8172 -1382 2717 END
START 1176 3836 3788 8399 -1349 2841 END
START 1220 3968 3832 8586 -1264 2985 END
START 1136 4140 3956 8751 -1178 3103 END
START 892 4464 4068 8907 -1091 3165 END
START 800 4468 4240 9067 -1142 3305 END
START 620 4356 4448 9217 -1147 3306 END
START 684 4316 4460 9397 -1215 3333 END
START 536 4168 4544 9617 -1285 3315 END
START 528 4248 4588 9842 -1321 3310 END
START 588 4192 4316 10080 -1324 3243 END
START 380 4360 4416 10369 -1337 3191 END
START 416 4544 4516 10681 -1260 3135 END
START 268 4888 4480 10930 -1203 3128 END
START 92 5060 4640 11141 -1089 3124 END
START 180 5272 4856 11376 -1002 3163 END
START 340 5452 4796 11575 -805 3195 END
START 224 5612 5040 11674 -593 3301 END
START 96 5636 5208 11705 -348 3393 END
START -124 5664 5320 11671 -91 3498 END
START -380 5920 5536 11985 199 3597 END
START -720 5996 5836 12080 557 3671 END
START -828 6048 5844 12222 905 3750 END
START -1020 6060 6100 12134 1248 3830 END
START -1100 6180 6416 12122 1617 3838 END
START -1360 6336 6732 12269 1970 3908 END
START -1676 6624 6980 12493 2356 3979 END
START -2016 6804 7332 12628 2723 4069 END
START -2092 6952 7932 12719 3035 4199 END
START -2392 6904 8184 12874 3346 4318 END
START -2776 6920 8748 13018 3663 4482 END
START -3272 6716 9376 13170 3823 4569 END
START -3696 6612 10004 13368 3863 4582 END
START -4412 6600 10484 13602 3793 4606 END
START -4776 6476 10872 13876 3648 4508 END
START -5300 6316 11592 14226 3413 4394 END
START -5900 6300 11988 14659 3062 4189 END
START -6432 6280 12512 15071 2769 3970 END
START -6728 6344 12880 15476 2494 3734 END
START -7052 6424 13464 15841 2182 3483 END
START -7288 6588 13896 16171 1987 3232 END
START -7592 6836 14644 16390 1809 2985 END
START -7744 7140 15164 16582 1687 2734 END
START -7868 7260 15864 16683 1639 2513 END
START -7928 7372 16456 16708 1605 2314 END
START -7888 7580 17088 16657 1634 2055 END
START -8008 7804 17792 16522 1805 1816 END
START -8064 8012 18276 16381 1906 1583 END
START -7904 8212 18708 16153 2086 1409 END
START -7892 8288 19008 15934 2336 1237 END
START -8052 8264 19272 15779 2660 1121 END
START -8024 8272 19672 15613 2967 998 END
START -8244 8368 20104 15489 3301 894 END
START -8368 8320 20304 15342 3577 749 END
START -8672 8452 20652 15226 3766 634 END
START -8836 8668 20864 15191 3943 496 END
START -8952 8968 20972 15144 4080 400 END
START -9152 9204 21072 15159 4289 373 END
START -9184 9484 21228 15268 4449 384 END
START -9476 9500 21452 15434 4584 444 END
START -9520 9668 21844 15630 4678 481 END
START -9940 9588 22576 15856 4696 558 END
START -10296 9312 23420 16135 4612 577 END
START -10700 8992 24328 16344 4258 610 END
START -10996 8836 25148 16638 3822 624 END
START -11300 8824 25500 16866 3315 499 END
START -11392 8824 26036 17104 2715 319 END
START -11372 8820 26532 17343 2163 154 END
START -11220 8752 26704 17532 1669 -66 END
START -11052 8676 26960 17746 1220 -241 END
START -10832 8732 27332 17921 813 -421 END
START -10708 8724 27812 18055 470 -527 END
START -10436 8668 28100 18142 157 -719 END
START -10232 8808 28488 18123 -201 -918 END
START -9952 8676 29316 18001 -530 -1063 END
START -9940 8436 30088 17862 -831 -1171 END
START -9552 8412 30592 17712 -1127 -1257 END
START -9268 8336 31236 17404 -1386 -1410 END
START -8908 8340 31556 16910 -1557 -1623 END
START -8584 8632 31864 16194 -1570 -1840 END
START -8208 8728 32240 15338 -1508 -2066 END
START -7860 8716 32400 14265 -1205 -2236 END
START -7508 8700 32680 13182 -796 -2365 END
START -7356 8612 32767 11883 -338 -2468 END
START -7316 8632 32767 11145 85 -2562 END
START -7296 8608 32767 9993 541 -2700 END
START -7392 8668 32767 8987 945 -2835 END
START -7452 8412 32767 7969 1211 -2997 END
START -7436 8084 32767 7055 1395 -3142 END
START -7568 7948 32767 6178 1457 -3321 END
START -7716 7784 32767 5350 1459 -3500 END
START -7832 7780 32767 4636 1278 -3689 END
START -7788 7612 32767 3959 1033 -3857 END
START -7536 7516 32767 3347 848 -4039 END
START -7520 7428 32767 2805 695 -4243 END
START -7180 7332 32767 2378 574 -4381 END
START -6916 7276 32767 1913 517 -4552 END
START -6712 7232 32767 1467 448 -4668 END
START -6592 7132 32712 1069 431 -4770 END
START -6544 7184 32767 671 359 -4863 END
START -6356 7132 32764 321 305 -4951 END
START -6240 7132 32767 -62 119 -5001 END
START -6168 7068 32767 -449 1 -5082 END
START -6024 7192 32767 -872 -198 -5153 END
START -5808 7328 32767 -1393 -395 -5245 END
START -5636 7436 32767 -1943 -586 -5266 END
START -5472 7656 32767 -2535 -755 -5244 END
START -5036 7724 32767 -3221 -910 -5238 END
START -4732 7928 32767 -3908 -996 -5156 END
START -4504 8256 32596 -4655 -1087 -5058 END
START -4272 8252 32152 -5407 -1066 -4964 END
START -4044 8256 32024 -6150 -1060 -4871 END
START -3884 8380 31476 -6802 -965 -4759 END
START -3744 8408 31152 -7509 -904 -4688 END
START -3800 8420 30836 -8083 -822 -4609 END
START -3780 8596 30640 -8652 -833 -4545 END
START -3788 8488 30348 -9165 -927 -4509 END
START -3804 8600 30048 -9689 -1048 -4477 END
START -3796 8616 29680 -10218 -1169 -4480 END
START -3744 8640 29352 -10728 -1328 -4501 END
START -3692 8392 28920 -11251 -1483 -4532 END
START -3648 8568 28704 -11684 -1712 -4548 END
START -3628 8528 28080 -12110 -1922 -4600 END
START -3648 8608 27760 -12497 -2117 -4641 END
START -3424 8572 27208 -12880 -2338 -4703 END
START -3376 8672 26608 -13211 -2542 -4723 END
START -3308 8560 25928 -13589 -2709 -4774 END
START -3228 8744 25260 -13896 -2812 -4775 END
START -2884 8836 24528 -14209 -2895 -4818 END
START -2824 8872 23736 -14511 -2824 -4869 END
START -2592 8924 23128 -14806 -2787 -4849 END
START -2492 8940 22568 -15060 -2607 -4848 END
START -2296 8868 22172 -15282 -2520 -4848 END
START -2220 8668 21580 -15535 -2394 -4848 END
START -2088 8684 21240 -15752 -2349 -4855 END
START -2044 8684 20916 -15938 -2335 -4865 END
START -1936 8748 20508 -16163 -2382 -4801 END
START -1736 8684 19912 -16331 -2435 -4768 END
START -1604 8740 19648 -16504 -2505 -4650 END
START -1508 8716 18888 -16679 -2514 -4521 END
START -1224 8640 18240 -16802 -2562 -4383 END
START -1384 8596 17736 -16905 -2599 -4257 END
START -1216 8488 17092 -17021 -2638 -4085 END
START -996 8376 16632 -17046 -2662 -3937 END
START -1048 8320 16088 -17121 -2720 -3761 END
START -800 8124 15672 -17140 -2773 -3615 END
START -748 8032 14936 -17137 -2797 -3429 END
START -732 7832 14384 -17152 -2789 -3267 END
START -824 7676 14048 -17088 -2829 -3136 END
START -776 7472 13576 -17096 -2805 -3009 END
START -600 7232 12812 -17040 -2843 -2852 END
START -648 7108 12368 -16998 -2805 -2738 END
START -624 7052 11888 -16913 -2804 -2670 END
START -552 6740 11336 -16839 -2734 -2556 END
START -436 6560 10576 -16764 -2648 -2498 END
START -444 6412 9880 -16627 -2539 -2404 END
START -392 6308 9604 -16542 -2359 -2390 END
START -388 6184 9168 -16375 -2265 -2319 END
START -440 5960 8788 -16171 -2143 -2269 END
START -520 5844 8292 -15955 -1984 -2216 END
START -520 5740 8004 -15729 -1894 -2158 END
START -572 5776 7768 -15516 -1830 -2117 END
START -448 5616 7340 -15314 -1703 -2064 END
START -324 5664 7036 -15128 -1605 -1966 END
START -440 5440 6684 -14914 -1556 -1880 END
START -376 5416 6524 -14721 -1462 -1791 END
START -292 5332 6220 -14505 -1431 -1659 END
START -212 5316 5756 -14271 -1370 -1522 END
START -312 5208 5292 -14024 -1374 -1428 END
START -312 5200 5032 -13699 -1343 -1317 END
START -392 4948 4664 -13342 -1366 -1193 END
START -404 4644 4348 -12982 -1426 -1064 END
START -248 4588 4096 -12547 -1483 -938 END
START -188 4384 3632 -12110 -1498 -875 END
START -264 4244 3348 -11737 -1558 -747 END
START -188 4296 2820 -11290 -1539 -643 END
START -220 4148 2520 -10889 -1619 -516 END
START -252 4116 2624 -10480 -1651 -344 END
START -168 4020 2432 -10109 -1669 -151 END
START -128 3944 2352 -9751 -1674 22 END
START -240 3860 2044 -9443 -1714 153 END
START -284 3608 1704 -9173 -1719 283 END
START -252 3512 1484 -8861 -1689 398 END
START -340 3292 1052 -8592 -1623 483 END
START -420 3048 892 -8295 -1582 567 END
START -544 2912 580 -7991 -1453 638 END
START -480 2712 208 -7692 -1321 704 END
START -476 2484 -60 -7361 -1222 723 END
START -716 2288 -252 -7013 -1044 730 END
START -744 2216 -672 -6672 -885 742 END
START -732 1936 -636 -6250 -778 690 END
START -884 1848 -816 -5840 -656 649 END
START -992 1744 -1156 -5446 -542 604 END
START -1124 1780 -1180 -5023 -474 543 END
START -1040 1648 -1356 -4645 -431 499 END
START -1224 1712 -1352 -4245 -404 449 END
START -1168 1628 -1560 -3781 -343 391 END
START -1172 1472 -1768 -3363 -277 346 END
START -1284 1524 -1932 -2907 -250 308 END
START -1276 1388 -2016 -2389 -202 252 END
START -1224 1508 -2232 -1959 -132 217 END
START -1280 1580 -2124 -1463 -73 168 END
START -1228 1476 -2292 -1072 1 119 END
START -1332 1400 -2284 -598 58 65 END
START -1288 1456 -2448 -171 87 -2 END
START -1292 1472 -2332 231 131 -70 END
START -1368 1576 -2280 692 141 -112 END
START -1540 1768 -2328 1179 158 -152 END
START -1468 1820 -2296 1668 211 -186 END
START -1440 1940 -2220 2136 226 -199 END
START -1248 1876 -2212 2578 283 -188 END
START -1124 1892 -2068 3021 375 -191 END
START -1180 2104 -1948 3394 435 -177 END
START -1204 2368 -1900 3788 511 -157 END
START -1220 2656 -1828 4156 585 -105 END
START -1272 2764 -1648 4552 685 -12 END
START -1280 2924 -1416 4909 761 42 END
START -1524 2952 -1356 5283 802 92 END
START -1584 2852 -1200 5648 765 160 END
START -1724 3048 -784 6101 749 168 END
START -1776 3160 -588 6542 641 189 END
START -2024 3280 -640 6960 579 188 END
START -2132 3496 -328 7440 503 231 END
START -2248 3520 -196 7910 415 256 END
START -2332 3608 124 8324 294 286 END
START -2408 3580 100 8758 253 250 END
START -2624 3608 368 9193 196 208 END
START -2648 3852 488 9527 152 111 END
START -2764 3968 560 9939 187 47 END
START -2792 4096 532 10284 338 -40 END
START -2888 4208 568 10645 456 -114 END
START -2912 4436 992 11035 634 -169 END
START -2944 4416 1328 11417 848 -253 END
START -3104 4520 1948 11913 1013 -355 END
START -3164 4624 2212 11905 1143 -455 END
START -3208 4796 2708 12225 1337 -557 END
START -3300 4864 3308 12709 1485 -650 END
START -3324 5164 3616 12776 1683 -775 END
START -3440 5440 4116 12824 1915 -883 END
START -3264 5484 4408 12977 2191 -953 END
START -3160 5524 4892 13087 2411 -1034 END
START -3392 5624 5388 13179 2739 -1124 END
START -3368 5940 5784 13233 3034 -1170 END
START -3572 6188 6176 13347 3337 -1195 END
START -3696 6420 6656 13365 3543 -1212 END
START -3716 6584 7132 13413 3717 -1218 END
START -3996 6672 7804 13450 3806 -1188 END
START -4340 6812 8344 13551 3827 -1204 END
START -4384 6860 9060 13659 3771 -1164 END
START -4660 6940 9676 13793 3638 -1135 END
START -4968 7108 10152 13995 3423 -1084 END
START -5184 7184 10556 14235 3151 -1035 END
START -5740 7412 10740 14515 2859 -938 END
START -6056 7660 10904 14871 2594 -857 END
START -6512 7952 11132 15247 2408 -765 END
START -7012 7944 11148 15731 2203 -676 END
START -7448 7964 11684 16357 2028 -593 END
START -7968 7984 11764 16955 1907 -576 END
START -8404 7952 12136 17607 1776 -593 END
START -8872 7944 12336 18301 1761 -703 END
START -9356 7968 13152 18991 1738 -860 END
START -9800 7992 13892 19671 1670 -1065 END
START -10476 7960 14832 20331 1476 -1314 END
START -10916 7784 15576 20943 1261 -1648 END
START -11016 7796 16040 21497 1206 -2080 END
START -11096 7692 16736 22015 1363 -2525 END
START -11032 7624 17516 22470 1651 -3052 END
START -10904 7768 18580 22842 1946 -3538 END
START -10740 7928 19732 23012 2391 -3994 END
START -10488 8140 21296 22951 2780 -4384 END
START -10236 8688 22812 22653 3138 -4878 END
START -10184 9052 24316 22022 3446 -5291 END
START -9952 9240 25956 21134 3673 -5607 END
START -9808 9344 27432 19987 3781 -5772 END
START -9492 9464 28452 18773 3829 -5845 END
START -9368 9576 29032 17595 3893 -5836 END
START -9260 9632 29844 16436 3810 -5907 END
START -9772 9868 30848 15366 3522 -5925 END
START -10216 10052 31456 14442 2939 -5963 END
START -10712 10404 31644 13632 2231 -5949 END
START -10820 10552 31764 12992 1391 -5891 END
START -10716 10376 31652 12472 478 -5756 END
START -10604 10128 31292 11945 -300 -5610 END
START -10536 9680 30844 12036 -938 -5510 END
START -10228 9396 30560 12045 -1501 -5444 END
START -10020 9140 30712 12065 -1960 -5458 END
START -9980 8912 30624 12060 -2487 -5524 END
START -9488 8788 31140 12026 -2988 -5593 END
START -9244 8716 31416 11878 -3456 -5715 END
START -8848 8732 31992 11632 -3863 -5783 END
START -8180 8756 32220 11248 -4187 -5880 END
START -7368 8684 32432 10762 -4385 -5918 END
START -6668 8652 32732 10190 -4455 -5945 END
START -6248 8752 32767 9578 -4367 -5968 END
START -5512 9028 32767 8864 -4173 -5956 END
START -4880 9188 32767 8064 -3813 -5921 END
START -4220 9276 32767 7172 -3450 -5815 END
START -3752 9320 32767 6167 -3015 -5712 END
START -3312 9360 32767 5134 -2513 -5573 END
START -2936 9284 32767 4107 -2008 -5460 END
START -2428 9032 32767 3045 -1512 -5396 END
START -2196 9084 32767 1985 -961 -5283 END
START -1972 8932 32767 904 -405 -5166 END
START -1796 8952 32767 -133 118 -5102 END
START -1588 9088 32767 -1134 559 -4970 END
START -1688 9196 32767 -2043 969 -4870 END
START -1800 9376 32767 -2892 1316 -4712 END
START -1776 9332 32767 -3663 1505 -4546 END
START -1708 9324 32767 -4422 1702 -4403 END
START -1800 9440 32767 -5040 1801 -4222 END
START -2136 9520 32767 -5613 1837 -4054 END
START -2112 9528 32767 -6169 1773 -3908 END
START -2260 9544 32767 -6646 1752 -3732 END
START -2480 9500 32767 -7171 1616 -3586 END
START -2512 9600 32767 -7678 1490 -3440 END
START -2516 9696 32767 -8118 1369 -3281 END
START -2640 9664 32767 -8597 1159 -3124 END
START -2812 9692 32767 -9065 944 -2986 END
START -2896 9736 32767 -9521 676 -2752 END
START -2980 9876 32767 -9933 322 -2545 END
START -3132 9936 32767 -10379 26 -2324 END
START -3140 9952 32767 -10811 -326 -2121 END
START -3296 9772 32260 -11247 -593 -1916 END
START -3256 9680 32012 -11608 -759 -1731 END
START -3432 9564 31300 -11989 -943 -1496 END
START -3516 9344 30840 -12345 -1114 -1361 END
START -3724 9204 30336 -12665 -1269 -1256 END
START -3908 9040 30140 -12951 -1447 -1117 END
START -4052 9008 30040 -13241 -1685 -1082 END
START -4208 8828 29780 -13535 -1927 -989 END
START -4204 8736 29328 -13874 -2145 -933 END
START -4088 8632 29004 -14159 -2359 -866 END
START -4004 8668 28812 -14500 -2683 -814 END
START -3916 8564 28520 -14812 -2832 -735 END
START -3888 8324 27980 -15147 -3086 -644 END
START -3768 8356 27468 -15435 -3291 -566 END
START -3660 8316 26992 -15719 -3443 -474 END
START -3544 8204 26324 -16018 -3515 -426 END
START -3596 8280 25920 -16227 -3615 -334 END
START -3364 8004 25184 -16506 -3653 -285 END
START -3272 7720 24584 -16741 -3651 -252 END
START -2988 7628 24012 -16936 -3531 -214 END
START -2876 7528 23624 -17132 -3436 -201 END
START -2848 7512 23084 -17351 -3304 -217 END
START -2808 7496 22632 -17566 -3202 -221 END
START -2848 7404 22408 -17804 -3074 -218 END
START -2872 7368 21780 -18053 -2947 -204 END
START -2768 7348 21240 -18328 -2806 -157 END
START -2760 7100 20708 -18484 -2689 -143 END
START -2760 6880 20312 -18623 -2557 -170 END
START -2832 6668 19876 -18686 -2532 -172 END
START -2896 6556 19592 -18651 -2516 -114 END
START -2876 6632 19376 -18589 -2649 -127 END
START -2812 6540 18848 -18478 -2688 -41 END
START -2848 6640 18276 -18413 -2798 4 END
START -2888 6652 17704 -18384 -2810 114 END
START -2940 6476 17508 -18332 -2859 201 END
START -3096 6360 16848 -18289 -2901 298 END
START -3104 6176 16560 -18236 -2969 375 END
START -3256 6020 16144 -18182 -2964 433 END
START -3408 6000 15580 -18139 -2965 492 END
START -3404 5720 15072 -18052 -2933 512 END
START -3612 5640 14712 -17967 -2913 509 END
START -3764 5388 14300 -17883 -2863 468 END
START -3976 5276 13812 -17791 -2836 372 END
START -3912 5100 13232 -17711 -2842 269 END
START -4112 4824 13008 -17614 -2808 105 END
START -4152 4672 12252 -17524 -2721 2 END
START -4068 4576 11944 -17364 -2578 -158 END
START -4092 4564 11432 -17202 -2526 -297 END
START -4028 4532 10792 -16983 -2401 -461 END
START -4044 4320 10636 -16775 -2341 -592 END
START -4044 4128 10316 -16504 -2261 -734 END
START -3908 3912 9952 -16275 -2242 -883 END
START -3844 3808 9608 -16013 -2148 -1032 END
START -3692 3704 9216 -15762 -2131 -1212 END
START -3584 3588 8764 -15497 -1985 -1365 END
START -3720 3464 8260 -15234 -1833 -1504 END
START -3564 3424 7796 -14992 -1690 -1674 END
START -3512 3192 7624 -14678 -1565 -1828 END
START -3332 2996 7256 -14363 -1472 -2011 END
START -3388 2972 6800 -14028 -1374 -2177 END
START -3588 2768 6624 -13643 -1363 -2369 END
START -3444 2752 6396 -13263 -1429 -2527 END
START -3308 2672 6096 -12778 -1494 -2695 END
START -3352 2788 5784 -12381 -1684 -2867 END
START -3356 2884 5468 -11893 -1831 -2977 END
START -3204 2904 5008 -11400 -2052 -3036 END
START -2884 2920 4860 -10933 -2199 -3097 END
START -2628 2852 4272 -10442 -2414 -3074 END
START -2344 2852 3912 -9969 -2549 -3033 END
START -2156 2744 3332 -9535 -2666 -2989 END
START -2172 2712 2976 -9109 -2763 -2908 END
START -2168 2704 2476 -8640 -2873 -2828 END
START -2004 2548 2076 -8130 -2894 -2759 END
START -2020 2324 1824 -7641 -2973 -2684 END
START -2096 2176 1644 -7086 -3000 -2593 END
START -2024 1912 1344 -6540 -3061 -2551 END
START -1984 1676 1200 -6026 -3096 -2513 END
START -1804 1688 1028 -5555 -3103 -2538 END
START -1728 1716 720 -5160 -3037 -2590 END
START -1612 1664 388 -4802 -2889 -2616 END
START -1484 1844 212 -4561 -2709 -2676 END
START -1576 1880 228 -4335 -2500 -2663 END
START -1456 2036 204 -4164 -2316 -2697 END
START -1600 1720 132 -4016 -2151 -2744 END
START -1792 1640 92 -3870 -2081 -2764 END
START -1832 1320 -64 -3672 -2052 -2773 END
START -2040 1112 -92 -3426 -1942 -2823 END
START -1768 1236 -184 -3134 -1822 -2913 END