START -2804 932 11496 -4445 4462 3194 END
START 736 964 9212 -4531 3484 3411 END
START -360 -416 6440 -4232 4977 3975 END
START 844 244 7620 -4077 5852 4432 END
START 680 544 8112 -3838 6490 4889 END
START -24 780 8424 -3634 7087 5378 END
START -1008 1104 8884 -3487 7481 5827 END
START -1696 1040 9332 -3326 7638 6209 END
START -1656 820 9220 -3206 7772 6571 END
START -2012 544 9332 -2936 8025 6870 END
START -2004 152 8808 -2606 8546 7033 END
START -2724 412 8860 -2159 9112 7150 END
START -4076 484 9120 -1669 9204 7262 END
START -5176 88 10140 -1137 9087 7104 END
START -5760 -244 10304 -689 8722 6920 END
START -6604 -544 11072 -210 8187 6592 END
START -7084 -672 11604 222 7541 6143 END
START -7480 -936 12164 696 6769 5609 END
START -7696 -988 12752 1089 5878 5051 END
START -7656 -1176 13220 1432 5000 4453 END
START -7260 -1092 13432 1681 4285 3904 END
START -6436 -1104 13744 1790 3742 3415 END
START -5500 -776 13876 1799 3532 2945 END
START -4740 -304 13828 1525 3521 2592 END
START -4096 -24 14316 1011 3683 2297 END
START -3616 132 14616 435 4072 2153 END
START -3148 392 15008 -288 4585 2081 END
START -2996 384 15520 -1085 5099 2077 END
START -2800 476 16120 -1988 5607 2110 END
START -2704 472 16712 -2907 6039 2192 END
START -2816 264 17112 -3764 6401 2249 END
START -2904 188 17336 -4542 6593 2295 END
START -3332 -136 17548 -5267 6724 2313 END
START -3644 -396 17688 -5816 6711 2324 END
START -3884 -616 17796 -6165 6583 2368 END
START -4312 -720 18032 -6382 6266 2364 END
START -4784 -752 18236 -6429 5835 2367 END
START -5116 -856 18216 -6378 5261 2431 END
START -5340 -876 18396 -6266 4642 2468 END
START -5668 -772 18416 -6134 4003 2644 END
START -5888 -844 18444 -6033 3369 2799 END
START -6384 -760 18240 -5886 2685 2996 END
START -6884 -740 18644 -5787 1966 3190 END
START -7552 -944 18584 -5695 1210 3441 END
START -7828 -1584 18616 -5574 565 3533 END
START -7968 -2224 18256 -5423 7 3578 END
START -8232 -2564 18012 -5221 -457 3534 END
START -8504 -3132 17856 -4999 -850 3324 END
START -8928 -3340 17588 -4784 -1162 3064 END
START -9336 -3672 17276 -4556 -1388 2774 END
START -9764 -3760 17280 -4366 -1599 2463 END
START -10108 -4076 17028 -4225 -1779 2066 END
START -10388 -4192 16852 -4130 -1881 1685 END
START -10452 -4168 16676 -4119 -1940 1260 END
START -10756 -4216 16544 -4211 -1956 788 END
START -10960 -4176 16444 -4303 -1935 333 END
START -11148 -4244 16344 -4434 -1874 -147 END
START -11192 -4508 16188 -4528 -1785 -584 END
START -11204 -4484 16248 -4681 -1651 -1014 END
START -11432 -4128 16184 -4917 -1447 -1478 END
START -11488 -3532 15824 -5212 -1307 -1933 END
START -11520 -3012 15844 -5631 -1095 -2356 END
START -11584 -2800 15660 -6102 -946 -2691 END
START -11608 -2964 15596 -6585 -785 -2894 END
START -11564 -3212 15136 -6986 -606 -3138 END
START -11492 -3488 14904 -7273 -353 -3334 END
START -11604 -3792 14788 -7469 -43 -3599 END
START -11732 -3848 14516 -7583 191 -3981 END
START -11992 -3940 14508 -7701 376 -4359 END
START -12368 -4168 14256 -7775 499 -4767 END
START -12732 -4300 14168 -7882 545 -5177 END
START -12836 -4380 13900 -8006 513 -5675 END
START -13108 -4548 13908 -8041 485 -6167 END
START -13216 -4516 13548 -8093 369 -6605 END
START -13252 -4432 13400 -8133 257 -7149 END
START -13232 -4376 13388 -8078 77 -7662 END
START -13292 -4192 13388 -8081 -63 -8084 END
START -13300 -4260 13376 -8067 -329 -8573 END
START -13288 -4056 13260 -8094 -625 -8979 END
START -13100 -4048 13052 -8132 -926 -9389 END
START -12904 -3700 13020 -8148 -1233 -9779 END
START -12836 -3788 12620 -8193 -1542 -10185 END
START -12600 -3700 12344 -8221 -1897 -10599 END
START -12672 -3660 12224 -8149 -2277 -10968 END
START -12524 -3648 12060 -8036 -2720 -11355 END
START -12416 -3560 11752 -7903 -3182 -11724 END
START -12336 -3760 11736 -7657 -3732 -12134 END
START -12356 -3644 11416 -7391 -4218 -12512 END
START -12224 -3660 11148 -7046 -4773 -12930 END
START -12240 -3680 10692 -6684 -5318 -13335 END
START -12088 -3700 10216 -6282 -5854 -13768 END
START -11668 -3736 9836 -5823 -6419 -14168 END
START -11304 -3720 9352 -5338 -6805 -14548 END
START -10764 -3476 8756 -4830 -7153 -14920 END
START -10436 -3540 8252 -4351 -7400 -15248 END
START -10244 -3412 7928 -3850 -7564 -15620 END
START -10068 -3192 7696 -3397 -7753 -15961 END
START -9748 -3008 7496 -3006 -7901 -16263 END
START -9476 -2704 7264 -2674 -7966 -16598 END
START -9136 -2520 7140 -2332 -8011 -16981 END
START -8896 -2472 7072 -2078 -8040 -17279 END
START -8488 -2448 7052 -1782 -8118 -17574 END
START -8120 -2396 7060 -1435 -8099 -17869 END
START -7700 -2172 6984 -1127 -8112 -18165 END
START -7380 -2036 6868 -786 -8037 -18433 END
START -7060 -1924 6884 -548 -8026 -18639 END
START -6548 -1636 6928 -267 -7882 -18861 END
START -6328 -1456 6892 -56 -7752 -19046 END
START -5840 -1292 6792 22 -7588 -19188 END
START -5596 -1048 6780 96 -7368 -19286 END
START -5100 -872 6616 131 -7118 -19387 END
START -5036 -712 6576 95 -6846 -19512 END
START -4964 -720 6648 162 -6602 -19635 END
START -4832 -744 6264 214 -6269 -19757 END
START -4760 -772 5944 344 -5934 -19885 END
START -4464 -660 5756 483 -5471 -20114 END
START -4188 -800 5624 656 -5084 -20351 END
START -3964 -796 5516 896 -4656 -20587 END
START -3632 -752 5600 1056 -4301 -20794 END
START -3356 -556 5524 1257 -3973 -20952 END
START -3068 -176 5640 1502 -3732 -21115 END
START -2904 156 6080 1752 -3613 -21204 END
START -2828 364 6344 2078 -3636 -21256 END
START -2448 424 6484 2439 -3751 -21260 END
START -2056 432 6712 2843 -3976 -21181 END
START -1560 496 6816 3321 -4275 -21117 END
START -1060 492 6928 3885 -4582 -21024 END
START -568 744 7056 4515 -4900 -20940 END
START -104 1052 7084 5155 -5231 -20829 END
START 280 1468 7092 5820 -5565 -20623 END
START 780 1824 7044 6459 -5961 -20361 END
START 1200 2128 7208 7079 -6328 -20037 END
START 1680 2316 7080 7754 -6719 -19636 END
START 2048 2468 6972 8377 -7020 -19243 END
START 2628 2536 6960 9079 -7214 -18773 END
START 2948 2520 6576 9721 -7356 -18362 END
START 3252 2404 6696 10420 -7399 -17975 END
START 3616 2432 6716 11115 -7439 -17585 END
START 4032 2512 6644 11857 -7291 -17232 END
START 4304 2836 6524 12411 -7182 -16931 END
START 4520 3156 6768 12698 -6913 -16628 END
START 4628 3680 6928 13219 -6644 -16303 END
START 4764 4008 7388 13588 -6324 -15927 END
START 5148 4064 7528 13924 -6022 -15514 END
START 5344 4044 8096 14164 -5717 -15172 END
START 5788 3808 8272 14368 -5414 -14802 END
START 6160 3544 8816 14545 -5112 -14536 END
START 6552 3604 9200 14645 -4716 -14279 END
START 6920 3764 9336 14779 -4393 -14019 END
START 7212 3828 9536 14805 -4025 -13790 END
START 7492 3884 9856 14857 -3701 -13521 END
START 7780 3940 10100 14876 -3364 -13250 END
START 7968 4100 10460 14905 -3019 -12923 END
START 8312 4248 10732 14957 -2640 -12584 END
START 8632 4372 10772 15019 -2296 -12245 END
START 8848 4376 10992 15101 -1933 -11895 END
START 9184 4616 11300 15220 -1485 -11516 END
START 9320 4560 11604 15325 -1091 -11109 END
START 9312 4944 11964 15429 -810 -10638 END
START 9236 5000 12424 15506 -556 -10197 END
START 9096 5232 12896 15569 -428 -9691 END
START 9000 5204 13144 15629 -350 -9237 END
START 8952 5244 13276 15698 -311 -8804 END
START 9112 5128 13368 15792 -184 -8311 END
START 9036 5032 13548 15928 -156 -7844 END
START 9180 4756 13764 16087 -16 -7402 END
START 9180 4908 13780 16253 141 -6992 END
START 9276 5112 14052 16337 348 -6584 END
START 9280 5284 14532 16363 563 -6158 END
START 9448 5200 15000 16305 635 -5686 END
START 9404 5160 15300 16194 768 -5138 END
START 9420 5212 15760 16011 802 -4563 END
START 9400 5484 16252 15830 863 -3979 END
START 9212 5476 16432 15527 792 -3406 END
START 9216 5300 16712 15368 825 -2847 END
START 9168 5156 16872 15184 762 -2243 END
START 9192 4852 16868 15072 780 -1722 END
START 9028 4568 16852 14994 833 -1241 END
START 8992 4440 16932 14933 926 -782 END
START 8724 4280 16896 14875 900 -336 END
START 8672 4172 17128 14837 955 32 END
START 8496 4020 17224 14767 935 490 END
START 8384 3932 17236 14713 907 911 END
START 8188 3904 17076 14672 891 1348 END
START 7880 3880 16980 14643 921 1739 END
START 7676 3608 16648 14681 1034 2136 END
START 7520 3568 16648 14747 1188 2539 END
START 7436 3496 16676 14839 1373 2920 END
START 7344 3408 16784 14911 1564 3232 END
START 7172 3372 16672 14953 1811 3558 END
START 7100 3348 16940 15023 2052 3872 END
START 7084 3416 16932 15071 2249 4200 END
START 6996 3368 17228 15065 2414 4542 END
START 7068 3404 17572 15057 2582 4861 END
START 7364 3340 17800 15084 2712 5191 END
START 7540 3432 18080 15115 2921 5542 END
START 7808 3384 18484 15100 3083 5959 END
START 8096 3508 18944 15077 3292 6438 END
START 8344 3912 19432 14915 3500 6983 END
START 8360 4336 20104 14711 3601 7673 END
START 8424 4788 20740 14382 3714 8377 END
START 8364 5156 21444 13983 3777 9125 END
START 8168 5260 21820 13487 3736 9923 END
START 8192 5204 22460 12951 3762 10657 END
START 7940 5144 22904 12331 3733 11433 END
START 7652 5184 23424 11784 3681 12050 END
START 7352 5232 24164 11233 3634 12847 END
START 7076 5280 24640 10601 3501 13152 END
START 6776 5320 25308 9917 3246 13848 END
START 6468 5304 25584 9268 2969 14360 END
START 6384 5324 25900 8575 2629 14911 END
START 6148 5308 25752 7877 2367 15414 END
START 6132 5256 25764 7207 2139 15941 END
START 6268 5360 25456 6543 2126 16450 END
START 6340 5324 24972 5906 2239 16988 END
START 6280 5468 24856 5286 2554 17538 END
START 6316 5572 24784 4636 3000 18162 END
START 6080 5716 24828 4032 3447 18846 END
START 6024 5716 24784 3304 4023 19561 END
START 5704 5948 24876 2641 4512 20339 END
START 5256 6072 25124 1828 5056 21137 END
START 4808 6116 25292 1077 5504 22073 END
START 4228 6080 25792 338 5858 22925 END
START 3476 5856 25964 -378 6222 23787 END
START 2672 5640 26012 -1070 6456 24570 END
START 1792 5372 26112 -1781 6667 25274 END
START 696 5124 25992 -2501 6798 25900 END
START -572 4804 26172 -3115 6860 26379 END
START -1660 4416 26324 -3722 6786 26821 END
START -3112 4252 26328 -4333 6642 27166 END
START -4540 3884 26292 -5004 6243 27366 END
START -5316 2928 26584 -5565 5856 27408 END
START -6484 1428 26096 -5809 5506 27203 END
START -7848 920 25124 -5996 5066 26875 END
START -8828 880 24336 -6226 4737 26468 END
START -9736 636 23892 -6568 4341 25855 END
START -10924 324 23512 -6902 4027 25219 END
START -11980 -132 22768 -7281 3668 24484 END
START -12528 -948 22416 -7598 3329 23645 END
START -13164 -1912 21840 -7763 3102 22702 END
START -13672 -2744 21008 -7758 2970 21717 END
START -13764 -3376 20728 -7690 2912 20638 END
START -14024 -3924 20240 -7619 2892 19479 END
START -14120 -4288 19812 -7556 2823 18416 END
START -14244 -4380 19372 -7540 2769 17387 END
START -14424 -4404 19196 -7565 2734 16363 END
START -14292 -4504 18820 -7655 2661 15515 END
START -14016 -4836 18596 -7670 2646 14756 END
START -13840 -4764 18376 -7778 2684 14046 END
START -13776 -4764 18064 -7933 2607 13444 END
START -13536 -4616 17752 -8056 2506 13042 END
START -13320 -4672 17484 -8253 2448 12482 END
START -13468 -4640 17012 -8360 2383 11777 END
START -13544 -4636 16320 -8425 2289 11293 END
START -13636 -4432 15752 -8446 2190 10826 END
START -13664 -4472 15352 -8361 2084 10440 END
START -13812 -4492 14692 -8198 1983 10006 END
START -13956 -4740 14028 -7935 1885 9600 END
START -14032 -5072 13372 -7515 1803 9111 END
START -14220 -5220 12484 -7001 1739 8553 END
START -14384 -5292 11992 -6449 1744 8019 END
START -14428 -5464 11380 -5795 1684 7433 END
START -14416 -5580 10776 -5096 1688 6811 END
START -14380 -5584 10592 -4401 1687 6213 END
START -14384 -5612 9952 -3639 1714 5619 END
START -14332 -5464 9732 -2860 1837 5029 END
START -14260 -5292 9464 -2055 1973 4460 END
START -14088 -5192 9000 -1262 2184 3860 END
START -14108 -5304 8900 -569 2430 3334 END
START -14064 -5324 8840 147 2683 2798 END
START -14096 -5360 8436 872 3023 2240 END
START -14152 -5240 8196 1612 3429 1704 END
START -14412 -5212 8160 2346 3851 1118 END
START -14588 -5232 8228 3221 4208 450 END
START -14856 -5404 8404 4073 4517 -179 END
START -15068 -5444 8756 5023 4793 -907 END
START -15180 -5572 9124 5961 5002 -1650 END
START -15228 -5628 9900 6840 5109 -2417 END
START -15272 -5508 10560 7701 5163 -3258 END
START -15396 -5224 11208 8450 5072 -4091 END
START -15136 -4920 11776 9057 4967 -4847 END
START -14880 -4508 12408 9522 4806 -5604 END
START -14564 -4304 12780 9856 4740 -6305 END
START -14012 -3992 13424 10123 4780 -6977 END
START -13780 -3604 13988 10248 4831 -7661 END
START -13264 -3284 14544 10335 4920 -8252 END
START -12728 -2880 15388 10304 5025 -8834 END
START -12116 -2308 16060 10114 5157 -9284 END
START -11600 -2004 17108 9784 5321 -9665 END
START -11100 -1500 18060 9213 5425 -9955 END
START -10472 -1180 18884 8456 5531 -10169 END
START -9840 -756 19636 7503 5647 -10360 END
START -9380 -564 20372 6509 5766 -10528 END
START -8784 -356 20860 5350 5896 -10658 END
START -8448 -340 21340 4230 5914 -10821 END
START -8056 -224 21756 3086 5974 -10993 END
START -7692 -8 21728 1981 5974 -11126 END
START -7268 72 21608 1089 6054 -11267 END
START -6788 108 21384 348 6208 -11391 END
START -6432 0 21220 -239 6444 -11513 END
START -5880 -52 20956 -717 6729 -11654 END
START -5492 -132 20868 -1109 7011 -11722 END
START -5024 -108 20784 -1495 7306 -11787 END
START -4464 -64 20796 -1798 7630 -11832 END
START -4004 88 20844 -2083 7899 -11810 END
START -3416 188 20896 -2294 8270 -11715 END
START -3076 332 21016 -2506 8598 -11579 END
START -2696 344 21392 -2768 8974 -11400 END
START -2508 468 21712 -2996 9266 -11167 END
START -2108 368 21900 -3290 9496 -10953 END
START -1816 264 22424 -3560 9784 -10734 END
START -1512 160 22772 -3830 9972 -10500 END
START -1364 16 23052 -4155 10162 -10310 END
START -1196 64 23648 -4499 10330 -10083 END
START -1052 28 23956 -4869 10375 -9848 END
START -848 8 24224 -5265 10437 -9598 END
START -732 8 24692 -5679 10506 -9353 END
START -724 -88 24924 -6119 10475 -9085 END
START -588 4 25076 -6563 10422 -8859 END
START -600 -48 25128 -7030 10395 -8644 END
START -436 -300 25208 -7503 10383 -8415 END
START -360 -172 25244 -7932 10281 -8167 END
START -440 -52 25104 -8361 10323 -7949 END
START -368 104 24788 -8812 10300 -7731 END
START -564 164 24608 -9173 10408 -7491 END
START -348 168 24088 -9539 10540 -7228 END
START -468 144 23836 -9882 10806 -7014 END
START -340 76 23760 -10217 11113 -6789 END
START -432 28 23556 -10594 11446 -6580 END
START -664 172 23340 -11001 11766 -6420 END
START -692 292 23140 -11427 12137 -6260 END
START -1064 572 23000 -11857 12413 -6164 END
START -1268 736 22788 -12369 12852 -6011 END
START -1500 820 22692 -12867 12901 -5884 END
START -1812 684 22632 -13333 13143 -5708 END
START -2164 596 22404 -13756 13101 -5530 END
START -2488 484 22316 -14143 13312 -5394 END
START -2760 264 21816 -14459 13405 -5336 END
START -3076 88 21464 -14696 13603 -5253 END
START -3520 -28 21160 -14865 13621 -5261 END
START -3728 -396 20956 -14991 13541 -5316 END
START -4272 -460 20836 -15044 13425 -5346 END
START -4756 -636 20752 -15044 13153 -5462 END
START -5228 -548 20648 -15043 13159 -5565 END
START -5600 -620 20404 -15047 12383 -5638 END
START -5828 -652 20164 -15010 11845 -5724 END
START -6092 -852 19808 -14926 11220 -5805 END
START -6236 -1016 19376 -14781 10678 -5923 END
START -6040 -1180 18880 -14627 10216 -6020 END
START -6024 -1280 18308 -14434 9708 -6124 END
START -6064 -1280 17900 -14289 9320 -6259 END
START -6088 -1400 17372 -14214 8942 -6430 END
START -6128 -1200 17172 -14087 8535 -6555 END
START -6232 -1196 17016 -14038 8203 -6645 END
START -6260 -1088 16736 -14018 7847 -6782 END
START -6500 -1036 16312 -14036 7489 -6933 END
START -6516 -1100 15992 -14012 7146 -7078 END
START -6664 -1364 15692 -14048 6830 -7308 END
START -6672 -1380 15404 -14083 6544 -7574 END
START -6584 -1388 14884 -14101 6398 -7831 END
START -6468 -1548 14672 -14125 6165 -8149 END
START -6476 -1664 14304 -14087 5985 -8479 END
START -6480 -1564 14004 -14069 5784 -8758 END
START -6568 -1536 13676 -14009 5584 -9086 END
START -6692 -1340 13536 -13930 5360 -9360 END
START -6656 -1364 13536 -13844 5103 -9648 END
START -6676 -1380 13300 -13733 4794 -9908 END
START -6504 -1300 13020 -13661 4530 -10191 END
START -6420 -1320 12676 -13562 4333 -10490 END
START -6372 -1224 12288 -13508 4181 -10763 END
START -6304 -1096 11964 -13498 4037 -11048 END
START -6100 -992 11644 -13468 3912 -11300 END
START -6096 -920 11308 -13486 3848 -11519 END
START -6272 -800 11044 -13532 3712 -11674 END
START -6324 -592 10868 -13576 3590 -11845 END
START -6472 -328 10416 -13547 3457 -11999 END
START -6440 -340 10252 -13459 3260 -12161 END
START -6748 -260 10076 -13289 3015 -12335 END
START -6952 -388 9884 -13089 2698 -12505 END
START -7240 -576 9832 -12689 2302 -12675 END
START -7432 -728 9908 -12288 1889 -12906 END
START -7740 -948 9932 -11842 1280 -13226 END
START -7848 -1088 9712 -11382 640 -13548 END
START -8032 -1264 9636 -10872 -9 -13887 END
START -7912 -1184 9252 -10418 -711 -14320 END
START -7908 -1388 9068 -9905 -1359 -14667 END
START -8172 -1252 8932 -9353 -2097 -15010 END
START -8244 -1116 8776 -8789 -2856 -15354 END
START -8372 -1048 8620 -8185 -3642 -15667 END
START -8452 -992 8536 -7539 -4544 -15986 END
START -8540 -1080 8396 -6877 -5467 -16298 END
START -8732 -1104 8204 -6149 -6401 -16581 END
START -8800 -1216 8108 -5425 -7405 -16926 END
START -8916 -1500 7916 -4637 -8325 -17287 END
START -8896 -1616 7408 -3922 -9241 -17648 END
START -8764 -1788 6976 -3141 -10071 -18081 END
START -8796 -1800 6848 -2398 -10894 -18561 END
START -8816 -2060 6596 -1625 -11650 -19059 END
START -8728 -1964 6312 -849 -12392 -19581 END
START -8912 -1812 5916 -74 -13083 -20049 END
START -8860 -1720 5488 655 -13705 -20516 END
START -8992 -1516 5340 1405 -14299 -20969 END
START -8984 -1580 4932 2125 -14846 -21409 END
START -8868 -1300 4452 2858 -15363 -21885 END
START -8680 -1444 3804 3573 -15717 -22395 END
START -8236 -1712 3092 4260 -15907 -22894 END
START -7860 -1992 2440 5021 -15910 -23452 END
START -7360 -2272 1828 5834 -15762 -24029 END
START -6868 -2280 1348 6649 -15456 -24611 END
START -6632 -2280 1232 7547 -15062 -25192 END
START -6168 -2212 1160 8459 -14697 -25735 END
START -5388 -2268 1612 9364 -14270 -26255 END
START -4288 -1912 2076 10265 -13855 -26696 END
START -3204 -1532 2632 11106 -13386 -27034 END
START -2156 -960 3380 11913 -13057 -27180 END
START -1172 -44 3876 12406 -12768 -27120 END
START -308 632 4532 12714 -12499 -26829 END
START 568 1276 5224 13096 -12281 -26468 END
START 1628 1968 5896 13457 -12048 -25951 END
START 2500 2448 6380 13691 -11760 -25309 END
START 3384 2616 7204 13905 -11586 -24552 END
START 4236 2548 8148 14026 -11479 -23788 END
START 5092 2392 8520 14087 -11386 -22945 END
START 5924 2296 9408 14130 -11339 -22099 END
START 6676 2144 9920 14149 -11313 -21262 END
START 7240 2140 10472 14145 -11300 -20413 END
START 7744 1912 11040 14117 -11274 -19580 END
START 8176 1800 11432 14105 -11235 -18759 END
START 8560 1608 11912 14059 -11183 -17942 END
START 8876 1484 12332 13993 -11155 -17124 END
START 9300 1604 12748 13873 -11139 -16301 END
START 9652 1728 12852 13756 -11060 -15493 END
START 9972 1684 13320 13595 -10966 -14680 END
START 10616 1496 13352 13452 -10771 -13976 END
START 11264 1108 13616 13199 -10410 -13196 END
START 11692 908 13928 12980 -9986 -12404 END
START 12072 852 14260 12779 -9498 -11734 END
START 12444 1012 14512 12520 -8935 -11013 END
START 12600 1168 14792 11951 -8349 -10287 END
START 12808 1528 15412 11721 -7718 -9480 END
START 12856 1924 15864 11031 -7169 -8650 END
START 12976 2140 16376 10459 -6600 -7759 END
START 13040 2180 16740 9848 -6038 -6795 END
START 13428 2152 17064 9221 -5428 -5757 END
START 13584 1904 17644 8479 -4808 -4729 END
START 13424 1800 17888 7790 -4324 -3716 END
START 13376 1764 18172 7060 -3804 -2711 END
START 13332 1744 18492 6412 -3402 -1808 END
START 12876 1708 18844 5765 -3025 -846 END
START 12672 1620 19072 5173 -2746 69 END
START 12448 1464 19284 4650 -2522 1029 END
START 12260 1468 19324 4172 -2369 1998 END
START 12128 1368 19380 3671 -2138 3060 END
START 11984 1404 19164 3212 -1931 4115 END
START 11860 1376 19292 2716 -1672 5222 END
START 11400 1392 19272 2253 -1539 6325 END
START 11068 1336 19144 1741 -1397 7505 END
START 10744 1304 19164 1272 -1239 8644 END
START 10328 988 19124 869 -1135 9790 END
START 9804 764 18908 485 -1001 10806 END
START 9316 616 18648 150 -807 11876 END
START 8608 444 18592 -76 -636 12720 END
START 7688 112 18464 -285 -485 13651 END
START 7076 228 18164 -453 -328 14498 END
START 6156 28 17960 -777 -130 15285 END
START 5380 -268 17736 -1046 51 15874 END
START 4740 -520 17308 -1336 346 16408 END
START 4252 -1048 16992 -1585 699 16799 END
START 3888 -1432 16444 -1888 1195 17108 END
START 3632 -1664 16024 -2111 1839 17386 END
START 3376 -1404 15680 -2377 2475 17663 END
START 3320 -1076 15340 -2666 3221 17999 END
START 3088 -684 15240 -2954 3999 18348 END
START 2892 -536 15188 -3326 4793 18787 END
START 2576 -188 15196 -3729 5524 19201 END
START 2128 140 14768 -4198 6401 19674 END
START 1384 420 15004 -4722 7259 20089 END
START 768 776 14916 -5213 8023 20430 END
START -212 884 15176 -5796 8759 20743 END
START -1168 800 15264 -6357 9332 20935 END
START -2060 684 15284 -6902 9801 21061 END
START -2856 516 15128 -7447 10197 21052 END
START -3576 56 14916 -7950 10563 20895 END
START -4004 -224 14628 -8350 10901 20629 END
START -4536 -524 14408 -8722 11194 20314 END
START -4888 -788 14092 -8997 11421 19905 END
START -5076 -888 13704 -9180 11576 19569 END
START -5208 -916 13200 -9252 11706 19270 END
START -5220 -984 12520 -9284 11750 19054 END
START -5348 -828 11988 -9193 11852 18951 END
START -5276 -648 11528 -9060 11818 18951 END
START -5328 -500 10864 -8794 11738 18993 END
START -5316 -140 10416 -8479 11645 19153 END
START -5312 -44 9756 -8160 11476 19381 END
START -5084 -420 9056 -7793 11273 19682 END
START -5004 -716 8672 -7297 11083 20012 END
START -5020 -1268 7832 -6805 10841 20308 END
START -5060 -1636 7420 -6156 10516 20625 END
START -5176 -2108 6736 -5327 10163 20836 END
START -5088 -2448 6160 -4387 9867 21000 END
START -5328 -2572 5376 -3275 9655 21132 END
START -5316 -2600 4764 -2152 9423 21259 END
START -5352 -2696 4004 -926 9261 21356 END
START -5276 -2600 3468 276 9203 21467 END
START -5248 -2536 3232 1423 9180 21603 END
START -5268 -2464 2996 2585 9184 21747 END
START -5144 -2380 2824 3738 9221 21890 END
START -4988 -2328 2900 4732 9289 21991 END
START -4812 -2328 3060 5758 9429 22112 END
START -4540 -2224 3228 6614 9560 22176 END
START -4532 -2028 3520 7444 9767 22204 END
START -4400 -1792 4064 8090 9923 22239 END
START -4568 -1492 4676 8746 10087 22221 END
START -4784 -988 5148 9211 10204 22243 END
START -5356 -644 5544 9565 10301 22247 END
START -6132 -628 6236 9851 10297 22209 END
START -6940 -568 7212 10099 10197 22063 END
START -7936 -1004 7972 10272 10004 21776 END
START -8768 -1524 8508 10515 9773 21266 END
START -9444 -2124 9076 10686 9387 20614 END
START -9996 -2668 9468 10887 8969 19755 END
START -10484 -2956 9948 11057 8535 18832 END
START -10776 -2968 10192 11166 8042 17793 END
START -10932 -3176 10252 11229 7610 16713 END
START -10844 -3100 10512 11199 7163 15613 END
START -10808 -2996 10332 11122 6913 14647 END
START -10740 -2696 10616 11043 6582 13742 END
START -10588 -2428 10424 10973 6357 12882 END
START -10216 -2248 10276 10920 6173 12313 END
START -10024 -2084 10008 10843 6142 11485 END
START -9856 -1972 9752 10836 6184 10951 END
START -9628 -1824 9576 10808 6252 10451 END
START -9396 -1712 9336 10818 6450 10061 END
START -9216 -1572 9424 10831 6573 9718 END
START -9176 -1616 9264 10939 6731 9419 END
START -9144 -1464 9448 11000 6784 9238 END
START -9220 -1472 9312 11133 6851 9087 END
START -9092 -1420 9280 11266 6860 9026 END
START -9220 -1348 9080 11538 6889 8955 END
START -9396 -1292 8952 11780 6915 8916 END
START -9656 -1148 8932 12235 6823 8934 END
START -10144 -1036 9012 12280 6676 8892 END
START -10508 -1060 9072 13004 6553 8941 END
START -11060 -1280 9312 13594 6258 8893 END
START -11716 -1396 9808 14247 5841 8912 END
START -12224 -1764 10676 14957 5257 8854 END
START -12736 -1936 11052 15598 4534 8697 END
START -13376 -2260 11708 16280 3575 8482 END
START -13912 -2484 12436 16912 2523 8160 END
START -14468 -2668 12936 17484 1333 7798 END
START -14848 -3000 13496 18018 127 7309 END
START -15076 -3180 13764 18474 -1062 6822 END
START -15380 -3260 14172 18880 -2354 6260 END
START -15604 -3392 14352 19266 -3569 5668 END
START -15700 -3412 14120 19597 -4651 4998 END
START -15880 -3332 13920 19875 -5613 4277 END
START -15872 -3332 13804 20154 -6356 3493 END
START -15920 -3248 13728 20358 -6896 2712 END
START -15872 -3320 13532 20548 -7305 1864 END
START -15644 -3180 13404 20632 -7459 1019 END
START -15680 -3044 13180 20731 -7462 175 END
START -15524 -2820 13056 20762 -7351 -692 END
START -15492 -2748 13152 20790 -7179 -1576 END
START -15540 -2712 13200 20758 -6917 -2505 END
START -15304 -2688 13172 20715 -6582 -3503 END
START -14912 -2484 13208 20709 -6119 -4431 END
START -14476 -2028 13476 20678 -5511 -5380 END
START -14136 -1672 13684 20586 -4823 -6358 END
START -13800 -1140 13980 20372 -4094 -7233 END
START -13436 -708 14572 20069 -3381 -8030 END
START -13192 -312 15264 19577 -2700 -8725 END
START -13008 48 15800 18991 -2226 -9359 END
START -12904 456 16360 18375 -1764 -9969 END
START -12756 540 16768 17802 -1434 -10568 END
START -12448 516 17184 17314 -1138 -11095 END
START -12276 544 17664 16886 -898 -11599 END
START -12132 528 18268 16617 -740 -12084 END
START -12052 608 18576 16327 -693 -12517 END
START -12036 880 18616 16065 -705 -12970 END
START -12136 964 18928 15808 -784 -13405 END
START -12092 1192 19144 15533 -922 -13850 END
START -12160 1100 19208 15333 -1098 -14339 END
START -11900 788 19228 15099 -1276 -14835 END
START -11648 504 19292 14950 -1388 -15433 END
START -11496 188 19312 14897 -1472 -16037 END
START -11448 40 19636 14882 -1660 -16661 END
START -11328 172 19956 14899 -1788 -17312 END
START -11280 240 20352 14865 -2066 -17956 END
START -11288 664 20664 14792 -2424 -18622 END
START -11124 800 21128 14630 -2770 -19202 END
START -10900 924 21304 14445 -3266 -19830 END
START -10816 1024 21372 14259 -3650 -20456 END
START -10624 1528 21156 14109 -4081 -21050 END
START -10004 2304 20632 13975 -4321 -21707 END
START -9528 2708 20456 13876 -4427 -22320 END
START -8956 2912 20260 13763 -4389 -22802 END
START -8484 3144 20152 13634 -4226 -23315 END
START -8052 3512 20328 13437 -3973 -23705 END
START -7592 3996 20540 13171 -3721 -23938 END
START -7140 4488 20936 12741 -3486 -24130 END
START -6440 4876 20900 12246 -3134 -24251 END
START -5764 4864 20548 11863 -2577 -24384 END
START -5140 4880 20956 11318 -1882 -24503 END
START -4684 5120 20808 10712 -1080 -24634 END
START -4476 5384 21104 9923 -259 -24791 END
START -4416 5648 21308 9034 510 -24927 END
START -4456 5736 21644 8110 1243 -25173 END
START -4484 5632 22220 7114 1898 -25456 END
START -4524 5784 22328 6085 2472 -25754 END
START -4636 5696 22688 5133 2862 -26092 END
START -4448 5680 22812 4267 3336 -26443 END
START -4496 5504 23116 3467 3626 -26791 END
START -4504 5448 23292 2640 3802 -27145 END
START -4644 5404 23404 1878 3782 -27461 END
START -4460 5536 23296 1103 3651 -27726 END
START -4184 5384 23424 458 3397 -27973 END
START -3996 5252 23548 -156 3064 -28148 END
START -3736 5136 23584 -719 2559 -28255 END
START -3568 5240 23632 -1196 1891 -28307 END
START -3404 5240 23868 -1644 1125 -28290 END
START -3216 5304 23992 -2014 196 -28140 END
START -3168 5548 23880 -2385 -805 -27948 END
START -3076 5904 23824 -2679 -1903 -27663 END
START -3008 6256 23648 -2930 -3111 -27364 END
START -2920 6660 23016 -3173 -4306 -26999 END
START -2636 7376 22492 -3364 -5472 -26493 END
START -2368 7828 21760 -3477 -6526 -25944 END
START -2036 8392 20816 -3581 -7478 -25201 END
START -1448 9148 19932 -3652 -8269 -24401 END
START -716 9224 19060 -3682 -8732 -23405 END
START -152 9580 18240 -3572 -9091 -22334 END
START 512 9812 17292 -3585 -9495 -21184 END
START 620 10252 17044 -3569 -9679 -20034 END
START 756 9664 16596 -3471 -9621 -18549 END