START -3516 -188 11444 -6348 -2423 698 END
START -3072 88 9624 -6566 -3544 530 END
START -2252 -352 8880 -6694 -3074 216 END
START -2864 -8 9632 -6722 -2865 -86 END
START -3272 -192 9828 -6691 -2774 -449 END
START -3832 -472 10196 -6605 -2892 -738 END
START -4216 -420 10572 -6480 -3162 -1029 END
START -4472 -112 10472 -6322 -3501 -1341 END
START -4108 -64 10072 -6108 -3698 -1532 END
START -3840 -64 9668 -5893 -3733 -1785 END
START -3476 56 9412 -5641 -3712 -1947 END
START -3268 332 8756 -5424 -3497 -2064 END
START -2980 576 8640 -5125 -3268 -2109 END
START -2928 652 8552 -4845 -2970 -2109 END
START -2544 856 8588 -4493 -2631 -2018 END
START -2204 1000 8564 -4154 -2245 -1893 END
START -1668 1188 8884 -3762 -1718 -1697 END
START -1164 1688 8760 -3448 -1131 -1386 END
START -948 2244 9300 -3244 -648 -951 END
START -840 2600 9692 -3076 -221 -483 END
START -704 2600 9736 -2920 180 49 END
START -708 2480 10016 -2785 627 624 END
START -532 2248 10144 -2580 1030 1135 END
START -412 2184 10536 -2356 1495 1619 END
START -584 2300 10660 -2081 1926 2057 END
START -820 2296 11296 -1762 2298 2436 END
START -1184 2044 11768 -1486 2500 2788 END
START -1640 1792 11804 -1203 2624 3197 END
START -2196 1436 12052 -892 2692 3490 END
START -2364 1296 12156 -535 2821 3671 END
START -2936 904 12292 -201 2871 3711 END
START -3708 440 12540 197 2870 3685 END
START -4364 112 12816 598 2806 3495 END
START -4776 -472 13484 1066 2647 3251 END
START -5228 -752 13752 1506 2425 2868 END
START -5504 -1024 14248 1892 2089 2420 END
START -5580 -1096 14760 2235 1740 1992 END
START -5520 -828 14824 2482 1449 1570 END
START -5660 -656 14948 2718 1207 1201 END
START -5380 -488 15036 2860 970 931 END
START -4928 -512 14988 2964 849 717 END
START -4620 -524 15208 2977 790 498 END
START -4460 -420 15460 2953 760 350 END
START -4248 -348 15548 2790 700 182 END
START -4024 -452 15928 2640 703 68 END
START -3828 -604 15828 2432 701 -98 END
START -3692 -536 15832 2243 733 -259 END
START -3688 -620 15964 2056 831 -396 END
START -3536 -768 16080 1884 830 -597 END
START -3708 -740 16056 1666 841 -703 END
START -3708 -664 16344 1380 727 -799 END
START -3668 -612 16192 1096 665 -910 END
START -3608 -420 16148 770 568 -967 END
START -3576 -548 16060 449 450 -1000 END
START -3468 -556 15968 206 349 -1031 END
START -3292 -504 15664 30 263 -1062 END
START -3060 -620 15344 -121 161 -1070 END
START -2684 -516 14920 -230 113 -1146 END
START -2596 -496 14476 -361 100 -1138 END
START -2516 -184 14136 -437 161 -1070 END
START -2408 -124 14032 -461 190 -1022 END
START -2276 -96 13948 -447 260 -958 END
START -2080 -208 13680 -395 251 -944 END
START -2092 -144 13648 -317 306 -951 END
START -2044 -96 13588 -220 318 -962 END
START -1944 -56 13656 -129 264 -934 END
START -1848 -44 13452 -52 265 -1004 END
START -1872 68 13584 62 212 -982 END
START -1540 188 13580 135 158 -988 END
START -1484 272 13368 201 166 -983 END
START -1308 480 13308 244 150 -995 END
START -1140 540 13168 297 135 -990 END
START -880 748 13204 357 132 -926 END
START -688 1036 13104 388 116 -863 END
START -616 1188 12864 448 168 -794 END
START -460 1540 13060 464 124 -687 END
START -168 1604 12812 487 107 -556 END
START 48 1808 12540 504 63 -414 END
START 156 1868 12576 558 2 -292 END
START 372 2060 12412 558 -65 -177 END
START 452 2124 12260 596 -167 -12 END
START 604 2236 12196 665 -213 72 END
START 748 2364 12220 709 -336 200 END
START 972 2256 11748 768 -412 260 END
START 1492 2344 11484 850 -456 255 END
START 1660 2740 11008 908 -448 301 END
START 1808 2924 11048 959 -446 357 END
START 2208 2980 10696 1047 -320 439 END
START 2516 3204 10556 1092 -156 602 END
START 2832 3320 10348 1170 63 730 END
START 2864 3596 10072 1246 334 904 END
START 3192 3748 10104 1274 619 1074 END
START 3168 3964 10144 1294 813 1317 END
START 3192 3968 10516 1236 1007 1528 END
START 3064 4016 10556 1200 1144 1762 END
START 3092 4024 10672 1125 1263 2004 END
START 3052 4232 10660 1117 1371 2164 END
START 2896 4240 10768 1067 1506 2317 END
START 2716 4308 10864 1072 1555 2502 END
START 2568 4576 11028 1021 1665 2750 END
START 2284 4632 11184 997 1638 2922 END
START 2208 4700 11272 996 1620 3146 END
START 2084 4824 11092 986 1543 3346 END
START 1976 4640 11036 945 1484 3574 END
START 1868 4736 11080 968 1349 3764 END
START 1672 4660 11072 979 1188 3973 END
START 1532 4632 11016 1029 1050 4120 END
START 1492 4508 10660 1064 883 4304 END
START 1328 4508 10544 1159 732 4456 END
START 1336 4488 10384 1278 609 4566 END
START 1232 4544 10156 1365 484 4745 END
START 1368 4420 9788 1479 366 4865 END
START 1348 4504 9548 1641 276 5050 END
START 1408 4408 9356 1766 309 5249 END
START 1524 4380 9180 1948 279 5431 END
START 1440 4464 9204 2086 261 5669 END
START 1472 4480 9184 2272 276 5872 END
START 1364 4608 9156 2379 264 6099 END
START 1232 4736 8892 2510 324 6337 END
START 1344 4812 8916 2628 338 6590 END
START 1232 4820 8700 2776 364 6852 END
START 1292 4748 8796 2915 444 7138 END
START 1168 4800 8788 3104 476 7398 END
START 1216 4792 8572 3323 559 7628 END
START 1216 4916 8760 3527 610 7883 END
START 1116 4860 9000 3780 596 8121 END
START 1280 4828 8732 4018 582 8369 END
START 1164 4792 8892 4287 556 8631 END
START 1252 5000 8932 4539 580 8896 END
START 1456 5160 9120 4767 621 9173 END
START 1520 5292 9224 5007 624 9484 END
START 1584 5328 9244 5223 674 9875 END
START 1716 5516 9388 5430 724 10281 END
START 1764 5592 9484 5543 803 10689 END
START 1728 5644 9552 5694 931 11157 END
START 1692 5976 9620 5757 1119 11681 END
START 1700 6048 9652 5835 1284 12190 END
START 1712 6220 9588 5864 1574 12791 END
START 1508 6280 9860 5833 1786 13030 END
START 1204 6332 9836 5813 2069 13751 END
START 808 6340 10132 5814 2318 14302 END
START 352 6252 10232 5752 2528 14854 END
START -156 6104 10392 5771 2758 15389 END
START -412 6084 10392 5832 2889 15829 END
START -1072 6136 10484 5920 3019 16346 END
START -1540 5968 10856 6028 3105 16814 END
START -2064 5936 11060 6131 3107 17249 END
START -2740 5864 11248 6218 3047 17677 END
START -3476 5880 11416 6335 2942 18036 END
START -4236 5692 11580 6439 2783 18377 END
START -4936 5044 11872 6639 2620 18622 END
START -5608 4500 12040 6834 2400 18711 END
START -6068 4084 11988 7048 2237 18679 END
START -6596 3656 11948 7305 2072 18536 END
START -6988 3364 12036 7493 1996 18285 END
START -7208 3220 11832 7687 1936 18049 END
START -7188 3172 11796 7867 1970 17820 END
START -7400 2996 11932 8042 2061 17582 END
START -7252 2884 11660 8207 2275 17359 END
START -7284 2724 11856 8315 2501 17231 END
START -7348 2612 11976 8413 2827 17053 END
START -7376 2728 12000 8477 3149 16992 END
START -7476 2680 12324 8592 3466 16943 END
START -7424 2712 12352 8635 3878 16860 END
START -7780 2652 12516 8693 4294 16831 END
START -7864 2476 12812 8721 4722 16784 END
START -8084 2468 12892 8683 5185 16701 END
START -8404 2512 13328 8684 5679 16657 END
START -8848 2400 13508 8650 6105 16572 END
START -9292 2036 13968 8645 6463 16443 END
START -9800 1760 14496 8659 6794 16313 END
START -10380 1512 15000 8636 7055 16113 END
START -10772 1232 15424 8603 7297 15858 END
START -11248 1032 15908 8485 7507 15563 END
START -11620 816 16388 8405 7786 15217 END
START -12280 620 16836 8275 7997 14932 END
START -12904 604 17688 8223 8153 14613 END
START -13516 504 18216 8101 8186 14308 END
START -14064 260 18936 8081 8153 14012 END
START -14580 140 19612 8057 8020 13718 END
START -15108 -16 20108 8038 7831 13392 END
START -15444 -128 20728 8021 7583 13086 END
START -15932 -152 21240 8032 7264 12985 END
START -16496 -276 21940 8062 6911 12644 END
START -17076 -408 22368 8147 6471 12674 END
START -17420 -400 23004 8235 5993 12576 END
START -17908 -524 23656 8369 5417 12188 END
START -18352 -652 24028 8489 4769 12032 END
START -18536 -824 24352 8614 4169 11752 END
START -18748 -1052 24920 8714 3550 11457 END
START -19316 -1320 25412 8884 3012 11096 END
START -19728 -1428 25932 9158 2456 10784 END
START -19912 -1412 26336 9386 1867 10317 END
START -20240 -1308 26588 9510 1308 9816 END
START -20368 -1316 27188 9502 793 9329 END
START -20384 -1440 27476 9448 347 8796 END
START -20248 -1348 27612 9347 10 8225 END
START -20108 -1412 27684 9195 -165 7605 END
START -19728 -1348 28144 8927 -257 6980 END
START -19488 -1264 28300 8634 -243 6356 END
START -19344 -1012 28744 8183 -165 5762 END
START -19084 -660 29012 7662 15 5162 END
START -18668 -352 29316 7060 310 4696 END
START -18344 -184 29328 6438 699 4193 END
START -17876 -116 29704 5676 1123 3794 END
START -17572 8 29980 4821 1581 3384 END
START -17264 248 30404 3944 2013 3002 END
START -17064 392 30696 2975 2461 2618 END
START -16888 540 31024 2060 2819 2277 END
START -16732 456 31164 1190 3068 1965 END
START -16524 432 31304 337 3318 1649 END
START -16500 500 31464 -422 3433 1350 END
START -16380 616 31448 -1099 3475 1117 END
START -16228 596 31444 -1734 3490 863 END
START -16056 592 31424 -2285 3378 689 END
START -16056 600 31440 -2750 3195 519 END
START -16040 732 31284 -3160 2958 352 END
START -15788 796 31184 -3472 2725 255 END
START -15608 932 30892 -3749 2419 78 END
START -15496 996 30652 -4027 2244 17 END
START -15336 1108 30196 -4206 2004 -56 END
START -15196 1028 30056 -4424 1752 -140 END
START -15116 1088 29892 -4577 1510 -230 END
START -15116 984 29684 -4689 1286 -324 END
START -14856 952 29360 -4838 1097 -460 END
START -14820 840 29116 -4984 916 -631 END
START -14672 848 28932 -5088 816 -800 END
START -14476 840 28616 -5240 757 -958 END
START -14400 696 28668 -5427 679 -1142 END
START -14212 844 28280 -5640 670 -1375 END
START -14116 856 28212 -5893 661 -1628 END
START -13944 840 27976 -6201 693 -1886 END
START -13788 860 27796 -6488 740 -2157 END
START -13624 880 27604 -6825 782 -2457 END
START -13392 912 27548 -7146 842 -2763 END
START -13172 1048 27352 -7493 903 -3068 END
START -13056 1236 27184 -7815 962 -3373 END
START -12724 1460 26864 -8168 1004 -3666 END
START -12428 1532 26584 -8523 1072 -3922 END
START -12196 1812 26292 -8887 1118 -4152 END
START -11768 2084 26016 -9251 1223 -4326 END
START -11532 2268 25492 -9649 1322 -4495 END
START -11140 2432 25368 -10012 1482 -4618 END
START -10964 2576 25124 -10376 1596 -4718 END
START -10712 2696 24788 -10710 1691 -4784 END
START -10624 2692 24372 -11014 1771 -4880 END
START -10304 2640 24276 -11264 1845 -4899 END
START -10144 2636 24024 -11463 1787 -4948 END
START -9796 2684 23612 -11646 1787 -4998 END
START -9524 2584 23392 -11794 1712 -5043 END
START -9340 2596 22836 -12007 1672 -5071 END
START -9036 2604 22432 -12169 1615 -5145 END
START -8920 2620 22088 -12321 1551 -5169 END
START -8468 2640 21680 -12357 1469 -5180 END
START -8324 2500 21212 -12402 1410 -5260 END
START -8160 2536 20760 -12341 1366 -5299 END
START -7964 2552 20280 -12262 1351 -5309 END
START -7688 2740 19944 -12194 1336 -5343 END
START -7484 2760 19636 -12100 1318 -5336 END
START -7504 2788 19148 -12048 1301 -5274 END
START -7240 2920 19112 -12024 1322 -5233 END
START -7136 2856 18876 -11920 1338 -5104 END
START -7080 2752 18636 -11828 1257 -5036 END
START -7012 2608 18480 -11762 1228 -4916 END
START -6996 2436 18288 -11648 1123 -4840 END
START -6972 2404 18224 -11583 1036 -4729 END
START -6920 2256 18148 -11553 889 -4655 END
START -7004 2240 17816 -11513 726 -4599 END
START -6952 2160 17440 -11486 620 -4590 END
START -6944 2196 17224 -11481 519 -4580 END
START -6948 2204 16872 -11501 455 -4601 END
START -6616 2224 16492 -11538 485 -4634 END
START -6432 2220 16360 -11603 509 -4627 END
START -6348 2332 16004 -11710 623 -4612 END
START -6112 2420 15804 -11849 696 -4542 END
START -5844 2508 15672 -12037 802 -4475 END
START -5688 2420 15208 -12232 947 -4423 END
START -5496 2224 14812 -12389 1091 -4353 END
START -5504 2268 14516 -12598 1280 -4298 END
START -5520 2188 14296 -12739 1467 -4256 END
START -5540 2200 13852 -12882 1698 -4234 END
START -5560 2212 13476 -13028 1869 -4195 END
START -5476 2180 13236 -13094 2130 -4229 END
START -5440 2204 12872 -13234 2361 -4193 END
START -5592 2132 12588 -13319 2636 -4208 END
START -5436 2152 12444 -13461 2879 -4160 END
START -5396 2132 12244 -13562 3067 -4143 END
START -5504 2020 12036 -13675 3178 -4101 END
START -5380 1960 11860 -13731 3377 -4094 END
START -5516 1936 11800 -13779 3476 -4052 END
START -5436 1884 11240 -13812 3503 -4112 END
START -5476 1820 11232 -13797 3469 -4112 END
START -5616 2052 10996 -13765 3341 -4121 END
START -5528 2088 10844 -13666 3230 -4139 END
START -5480 2064 10312 -13532 3131 -4173 END
START -5364 2140 10104 -13384 2945 -4150 END
START -5384 2072 9744 -13230 2777 -4190 END
START -5148 2060 9440 -13016 2594 -4226 END
START -5152 2092 9072 -12822 2410 -4279 END
START -5028 2156 8676 -12640 2290 -4350 END
START -5028 2340 8400 -12375 2100 -4395 END
START -4988 2484 8248 -12184 1966 -4487 END
START -4816 2400 7788 -11866 1818 -4547 END
START -4620 2452 7704 -11663 1659 -4614 END
START -4656 2376 7520 -11386 1474 -4744 END
START -4620 2396 7484 -11140 1319 -4846 END
START -4584 2544 7104 -10874 1087 -4959 END
START -4360 2616 6824 -10573 817 -5048 END
START -4168 2804 6588 -10315 583 -5136 END
START -3992 2880 6356 -10004 367 -5231 END
START -3780 3132 6280 -9745 102 -5268 END
START -3352 3304 5816 -9480 -72 -5264 END
START -3024 3468 5420 -9234 -281 -5278 END
START -2872 3656 5380 -9037 -425 -5191 END
START -2468 3764 4876 -8870 -572 -5121 END
START -2268 3928 4660 -8666 -630 -5044 END
START -1948 4188 4408 -8482 -697 -4910 END
START -1608 4344 3992 -8269 -674 -4759 END
START -1468 4428 3828 -8074 -615 -4617 END
START -1152 4392 3488 -7854 -553 -4439 END
START -1112 4540 3388 -7646 -483 -4236 END
START -888 4624 3316 -7467 -427 -4049 END
START -816 4612 3064 -7269 -392 -3858 END
START -720 4424 2972 -7103 -351 -3701 END
START -632 4492 2684 -6969 -320 -3517 END
START -556 4428 2384 -6789 -238 -3376 END
START -536 4344 2368 -6607 -201 -3232 END
START -532 4212 2144 -6456 -151 -3136 END
START -544 4256 2180 -6240 -124 -3037 END
START -704 4256 1860 -6040 -70 -2933 END
START -852 4244 1888 -5800 -23 -2847 END
START -1072 4232 1796 -5609 -97 -2694 END
START -1108 4136 1676 -5387 -177 -2619 END
START -1136 4024 1508 -5125 -242 -2473 END
START -1112 3912 1504 -4866 -274 -2416 END
START -1260 3852 1276 -4585 -331 -2378 END
START -1368 3724 956 -4279 -380 -2302 END
START -1528 3592 652 -4016 -427 -2268 END
START -1500 3616 684 -3711 -462 -2277 END
START -1556 3500 404 -3337 -540 -2258 END
START -1636 3316 148 -2966 -573 -2269 END
START -1620 3148 200 -2528 -637 -2261 END
START -1588 3060 236 -2106 -746 -2310 END
START -1800 3196 92 -1671 -912 -2296 END
START -1688 3048 184 -1244 -1071 -2255 END
START -1856 3116 428 -804 -1217 -2214 END
START -1652 3236 344 -385 -1402 -2138 END
START -1768 3124 284 0 -1531 -2027 END
START -1628 3092 364 368 -1731 -1931 END
START -1672 3156 516 707 -1864 -1782 END
START -1596 3140 532 1055 -2047 -1651 END
START -1548 3164 448 1382 -2191 -1476 END
START -1556 3024 392 1666 -2293 -1300 END
START -1324 3080 324 1938 -2403 -1114 END
START -1452 2960 124 2236 -2469 -934 END
START -1480 2796 -40 2501 -2459 -733 END
START -1460 2584 132 2791 -2480 -549 END
START -1448 2640 -204 3071 -2382 -385 END
START -1420 2336 -244 3366 -2275 -236 END
START -1580 2188 -328 3666 -2162 -103 END
START -1528 2084 -416 3946 -1991 33 END
START -1636 1996 -272 4181 -1825 149 END
START -1768 1884 -208 4452 -1680 258 END
START -2000 1728 -132 4675 -1538 342 END
START -2080 1484 -224 4921 -1407 406 END
START -2188 1496 -188 5147 -1323 431 END
START -2320 1432 -244 5391 -1166 491 END
START -2440 1224 140 5654 -1065 497 END
START -2608 1256 -152 5966 -928 538 END
START -2832 1076 -64 6218 -794 549 END
START -2936 972 8 6497 -703 587 END
START -3156 992 -148 6786 -652 574 END
START -3368 896 -104 7099 -587 524 END
START -3632 804 20 7447 -511 494 END
START -3596 680 -164 7851 -468 490 END
START -3796 724 -192 8252 -381 412 END
START -3880 728 -84 8658 -300 341 END
START -4088 732 160 9067 -187 295 END
START -4104 728 -160 9489 -49 266 END
START -4264 860 188 9864 66 249 END
START -4340 1080 224 10231 175 213 END
START -4648 1072 268 10655 332 202 END
START -4704 1156 588 11035 461 202 END
START -4840 1216 1032 11429 549 214 END
START -4944 1220 1596 11717 601 185 END
START -5260 1388 1764 12239 658 218 END
START -5320 1628 2172 12216 684 212 END
START -5588 1624 2428 12775 759 279 END
START -5656 1644 2772 13011 806 335 END
START -5884 1704 3036 13282 863 387 END
START -6016 1668 3144 13509 967 404 END
START -6032 1796 3440 13719 1070 419 END
START -6084 1976 3444 13940 1238 451 END
START -6288 1968 3744 14127 1381 485 END
START -6448 2008 4116 14312 1592 527 END
START -6636 2020 4240 14510 1727 541 END
START -7016 2012 4280 14684 1835 544 END
START -7404 1888 4636 14859 1943 528 END
START -7796 1948 5176 15055 2008 398 END
START -7968 1644 5368 15262 2011 296 END
START -8416 1504 5536 15459 2063 94 END
START -8700 1472 5924 15700 2054 -145 END
START -9032 1268 6084 15902 1969 -386 END
START -9104 1260 6060 16119 1917 -719 END
START -9372 1372 6204 16410 1902 -1067 END
START -9672 1548 6608 16692 1920 -1426 END
START -9804 1820 6864 16955 1916 -1751 END
START -9928 1972 7232 17224 1877 -2018 END
START -9924 2160 7552 17521 1785 -2310 END
START -10088 2180 8076 17791 1702 -2598 END
START -10004 2308 8592 18028 1583 -2878 END
START -9996 2408 9156 18240 1356 -3174 END
START -9980 2552 9504 18384 1102 -3468 END
START -9788 2612 9964 18577 878 -3737 END
START -9500 2932 10176 18783 609 -4001 END
START -9184 3296 10204 18926 416 -4229 END
START -8804 3572 10272 19079 308 -4422 END
START -8516 3704 10288 19201 289 -4508 END
START -8012 4008 10560 19313 329 -4501 END
START -7648 4392 10496 19385 426 -4483 END
START -7368 4668 10556 19405 574 -4449 END
START -7204 4744 10700 19384 813 -4354 END
START -7276 4744 10920 19352 968 -4339 END
START -7292 4812 11184 19355 1233 -4277 END
START -7196 4828 11324 19339 1457 -4288 END
START -7332 4832 11956 19385 1730 -4296 END
START -7504 4892 12072 19412 1975 -4370 END
START -7528 4872 12636 19401 2139 -4454 END
START -7568 4812 13200 19418 2323 -4505 END
START -7556 4768 13576 19417 2421 -4572 END
START -7440 4736 13900 19441 2482 -4612 END
START -7536 4592 14112 19413 2655 -4713 END
START -7536 4624 14368 19424 2745 -4782 END
START -7704 4584 15180 19446 2838 -4907 END
START -7660 4712 15488 19495 2946 -5051 END
START -7752 4720 15980 19541 3015 -5187 END
START -7852 4860 16548 19603 3121 -5332 END
START -7800 5008 16992 19590 3160 -5478 END
START -7736 5140 17440 19526 3260 -5637 END
START -7488 5284 17836 19524 3491 -5840 END
START -7356 5744 18488 19408 3744 -6093 END
START -7328 6188 19296 19317 3956 -6243 END
START -7068 6680 19800 19126 4235 -6409 END
START -7124 7232 20636 18894 4499 -6434 END
START -6980 7552 21368 18705 4725 -6444 END
START -6940 7960 21996 18500 4991 -6400 END
START -7080 8376 23220 18238 5140 -6323 END
START -7124 8632 24200 17919 5200 -6193 END
START -7296 8980 25044 17641 5167 -6018 END
START -7524 9268 26148 17299 5087 -5841 END
START -7684 9368 26896 16997 4984 -5612 END
START -7736 9484 27676 16696 4822 -5401 END
START -7928 9684 28320 16391 4623 -5217 END
START -8144 9652 29080 16049 4381 -4993 END
START -8464 9560 30016 15714 4082 -4802 END
START -8708 9524 30856 15339 3660 -4573 END
START -9036 9440 31508 14907 3273 -4334 END
START -9588 9300 32456 14496 2685 -4152 END
START -9972 8780 32767 13988 1922 -3972 END
START -10388 8504 32767 13480 1098 -3844 END
START -10648 8248 32767 12940 166 -3795 END
START -11000 7936 32767 12491 -834 -3757 END
START -11172 7664 32767 11902 -1838 -3749 END
START -11468 7468 32767 11351 -2987 -3758 END
START -11580 7364 32767 10864 -4074 -3844 END
START -11784 7376 32767 10418 -5120 -3879 END
START -12144 7400 32767 10036 -6251 -4025 END
START -12424 7396 32767 9660 -7393 -4128 END
START -12448 7364 32767 9387 -8345 -4256 END
START -12444 7308 32767 9122 -9198 -4414 END
START -12432 7456 32767 8813 -9982 -4528 END
START -11900 7444 32767 8513 -10651 -4732 END
START -11676 7436 32767 8096 -11141 -4858 END
START -11132 7364 32767 7656 -11468 -5032 END
START -10640 7288 32767 7118 -11623 -5151 END
START -10092 7248 32767 6607 -11585 -5286 END
START -9660 7212 32767 5958 -11470 -5374 END
START -9168 7056 32767 5261 -11276 -5479 END
START -8728 7020 32767 4537 -10960 -5624 END