START -2660 -648 13156 -5070 2830 3544 END
START 896 -608 2560 -5032 1694 3507 END
START -4248 -1236 9812 -4872 2191 3672 END
START -3092 -380 10956 -4797 2362 3848 END
START -2632 -4 11016 -4609 2481 3958 END
START -2212 -128 10540 -4437 2218 4052 END
START -2096 -424 10476 -4205 2055 4191 END
START -2192 -644 10368 -3949 1948 4376 END
START -2044 -736 10436 -3602 1923 4565 END
START -1864 -904 10316 -3246 1996 4760 END
START -1672 -1068 10276 -2806 2134 4924 END
START -1820 -896 10316 -2370 2234 5132 END
START -2284 -852 10688 -1938 2192 5340 END
START -2472 -676 10872 -1596 1953 5493 END
START -2764 -164 11096 -1264 1723 5637 END
START -2852 128 11300 -985 1422 5826 END
START -2820 196 11224 -800 1078 5924 END
START -2764 296 11176 -650 892 6077 END
START -2684 -184 11044 -547 674 6266 END
START -2668 -532 10964 -483 505 6482 END
START -2792 -1120 11120 -414 366 6714 END
START -2580 -1580 10932 -250 347 6981 END
START -2364 -1780 10764 -38 525 7136 END
START -2096 -2068 10468 241 775 7354 END
START -2328 -2400 10356 651 1044 7495 END
START -2552 -2564 10324 1127 1321 7646 END
START -2820 -2756 10540 1653 1610 7772 END
START -3100 -2788 10492 2264 1982 7854 END
START -3248 -2856 10704 2747 2397 7957 END
START -3612 -2844 10848 3200 2737 8007 END
START -3916 -2904 11368 3494 3053 8039 END
START -4252 -2860 11660 3710 3294 8013 END
START -4580 -2960 11996 3734 3519 7989 END
START -4920 -2980 12756 3715 3603 7909 END
START -4928 -3032 13116 3616 3725 7775 END
START -5092 -3108 13432 3435 3802 7697 END
START -4916 -3376 13920 3242 3960 7567 END
START -5040 -3460 14228 3002 4099 7431 END
START -4996 -3480 14660 2738 4258 7367 END
START -5248 -3444 15248 2412 4395 7327 END
START -5384 -3344 15468 2011 4398 7322 END
START -5376 -3232 15844 1621 4439 7362 END
START -5572 -3268 15964 1205 4463 7396 END
START -5748 -3408 16384 802 4425 7491 END
START -5872 -3460 16464 454 4444 7577 END
START -5988 -3548 16552 127 4442 7656 END
START -6184 -3592 16640 -175 4457 7745 END
START -6488 -3600 16528 -439 4517 7848 END
START -6856 -3604 16784 -740 4478 7930 END
START -7360 -3700 16772 -980 4377 8070 END
START -7804 -3844 16768 -1159 4311 8164 END
START -8380 -3924 17016 -1301 4157 8283 END
START -8988 -4000 17040 -1398 3951 8355 END
START -9448 -4180 17200 -1446 3737 8427 END
START -9984 -4528 17312 -1406 3449 8505 END
START -10432 -4772 17400 -1338 3185 8479 END
START -10888 -5156 17416 -1209 2865 8490 END
START -11248 -5288 17200 -1098 2590 8393 END
START -11940 -5448 17260 -972 2315 8284 END
START -12204 -5792 17052 -904 2045 8112 END
START -12548 -6012 17132 -759 1894 7904 END
START -12940 -6132 17060 -676 1715 7619 END
START -13232 -6460 17072 -579 1504 7312 END
START -13728 -6440 16904 -468 1340 7010 END
START -14156 -6736 16972 -403 1187 6620 END
START -14544 -6992 17032 -274 1000 6175 END
START -14948 -7064 17060 -182 823 5685 END
START -15336 -7164 17340 -80 609 5189 END
START -15760 -7360 17496 9 381 4694 END
START -15992 -7436 17596 70 118 4163 END
START -16040 -7664 17628 108 -77 3602 END
START -16392 -7740 17664 125 -231 3010 END
START -16396 -7612 17660 74 -393 2432 END
START -16424 -7464 17600 49 -532 1801 END
START -16560 -7216 17412 -114 -599 1189 END
START -16412 -7000 17152 -306 -623 578 END
START -16268 -6784 16932 -573 -528 -30 END
START -16180 -6552 16836 -909 -382 -596 END
START -16228 -6572 16600 -1234 -194 -1125 END
START -15876 -6600 16460 -1648 35 -1687 END
START -15756 -6464 16348 -2019 309 -2215 END
START -15664 -6320 16432 -2410 564 -2718 END
START -15728 -6232 16200 -2747 720 -3229 END
START -15540 -6036 16332 -3096 867 -3749 END
START -15436 -5920 16288 -3394 987 -4250 END
START -15392 -6056 16180 -3676 912 -4744 END
START -15152 -6052 16008 -3913 882 -5248 END
START -14984 -6004 15712 -4096 846 -5764 END
START -14688 -5672 15488 -4276 810 -6255 END
START -14512 -5460 15408 -4471 734 -6716 END
START -14332 -5208 15040 -4632 651 -7160 END
START -14232 -5056 14760 -4800 566 -7530 END
START -14064 -4968 14632 -4923 374 -7863 END
START -13748 -4900 14400 -5017 273 -8231 END
START -13460 -4724 14056 -5059 117 -8565 END
START -13180 -4688 13640 -5060 -2 -8947 END
START -12840 -4508 13324 -5060 -58 -9300 END
START -12552 -4380 13024 -5048 -107 -9670 END
START -12036 -4068 12636 -5033 -239 -9982 END
START -11568 -3896 12600 -4998 -226 -10310 END
START -11288 -3708 12472 -4961 -273 -10532 END
START -10896 -3572 12200 -4879 -367 -10711 END
START -10520 -3264 12140 -4771 -482 -10851 END
START -10284 -3128 12112 -4694 -552 -10973 END
START -9972 -2832 11656 -4503 -679 -11066 END
START -9600 -2988 11576 -4360 -767 -11120 END
START -9380 -2952 11552 -4187 -943 -11188 END
START -9148 -3048 11600 -3936 -1136 -11277 END
START -8920 -3140 11512 -3678 -1288 -11353 END
START -8828 -3056 11352 -3383 -1489 -11444 END
START -8548 -2972 11260 -3045 -1700 -11544 END
START -8344 -2976 11164 -2740 -1940 -11654 END
START -8208 -2896 10948 -2393 -2135 -11724 END
START -7936 -2712 10796 -2118 -2348 -11776 END
START -7632 -2576 10516 -1857 -2467 -11841 END
START -7260 -2436 10396 -1614 -2526 -11847 END
START -7196 -2256 10116 -1408 -2518 -11838 END
START -6752 -2132 10096 -1249 -2510 -11848 END
START -6668 -1952 9880 -1066 -2475 -11828 END
START -6468 -1708 9840 -892 -2387 -11720 END
START -6236 -1608 9668 -774 -2245 -11617 END
START -5988 -1560 9680 -643 -2105 -11435 END
START -5928 -1700 9680 -537 -1929 -11262 END
START -5840 -1796 9716 -427 -1748 -11110 END
START -5716 -1892 9580 -365 -1641 -11001 END
START -5700 -2028 9624 -302 -1504 -10909 END
START -5536 -1964 9516 -185 -1379 -10915 END
START -5608 -2284 9524 -92 -1271 -10929 END
START -5748 -2216 9700 5 -1172 -10955 END
START -5712 -2176 9748 110 -1103 -10962 END
START -5756 -2336 9864 273 -1108 -10995 END
START -5780 -2204 9944 436 -1107 -11021 END
START -5920 -2356 10128 602 -1150 -11077 END
START -5916 -2344 10000 720 -1217 -11175 END
START -5760 -2456 10104 863 -1309 -11309 END
START -5788 -2596 10356 1028 -1413 -11440 END
START -5556 -2572 10460 1152 -1542 -11615 END
START -5408 -2452 10588 1313 -1704 -11741 END
START -5044 -2356 10464 1476 -1814 -11821 END
START -4640 -2384 10308 1576 -1861 -11863 END
START -4340 -2232 10448 1697 -1849 -11862 END
START -4256 -2104 10368 1798 -1856 -11787 END
START -3916 -2128 10408 1938 -1889 -11688 END
START -3688 -2040 10312 2027 -1815 -11519 END
START -3452 -2056 10272 2229 -1763 -11350 END
START -3444 -2020 10368 2432 -1693 -11221 END
START -3388 -2048 10380 2613 -1650 -11054 END
START -3428 -1872 10524 2817 -1610 -10886 END
START -3388 -1896 10740 3020 -1564 -10772 END
START -3540 -1852 10664 3137 -1637 -10610 END
START -3724 -2040 10896 3255 -1675 -10469 END
START -3760 -1956 11268 3387 -1785 -10331 END
START -4008 -1912 11260 3516 -1933 -10230 END
START -4012 -1924 11300 3633 -2072 -10169 END
START -4132 -1944 11200 3812 -2207 -10104 END
START -4052 -2036 11372 3969 -2268 -10120 END
START -4144 -2124 11316 4155 -2379 -10100 END
START -4072 -2120 11376 4313 -2389 -10108 END
START -3952 -2148 11436 4485 -2438 -10165 END
START -3896 -2136 11484 4611 -2348 -10203 END
START -3716 -2132 11476 4676 -2331 -10265 END
START -3556 -2008 11480 4752 -2161 -10340 END
START -3480 -1912 11660 4723 -2023 -10411 END
START -3420 -1860 11720 4690 -1860 -10473 END
START -3416 -1608 11800 4585 -1744 -10568 END
START -3104 -1588 11792 4456 -1581 -10627 END
START -3028 -1408 12008 4353 -1405 -10708 END
START -2840 -1236 11860 4201 -1245 -10732 END
START -2612 -1128 11824 4090 -1082 -10725 END
START -2664 -1012 11820 3951 -983 -10728 END
START -2564 -960 11680 3864 -870 -10709 END
START -2424 -908 11372 3787 -689 -10747 END
START -2284 -696 11372 3726 -575 -10756 END
START -2268 -512 11300 3749 -445 -10767 END
START -2268 -368 11296 3781 -451 -10756 END
START -2260 -396 11244 3893 -452 -10803 END
START -2208 -512 11392 4068 -514 -10831 END
START -2272 -540 11016 4238 -610 -10918 END
START -2024 -760 10976 4526 -756 -11072 END
START -2008 -768 10912 4853 -898 -11208 END
START -1828 -672 11052 5185 -1035 -11403 END
START -1324 -776 10692 5522 -1202 -11602 END
START -1056 -644 10680 5851 -1391 -11793 END
START -528 -612 10840 6196 -1494 -11932 END
START -104 -496 10900 6517 -1667 -12072 END
START 508 -440 10784 6848 -1768 -12175 END
START 1256 -124 11048 7144 -1860 -12207 END
START 1812 148 11288 7444 -1847 -12214 END
START 2568 480 11528 7666 -1932 -12110 END
START 3176 876 11688 7871 -2006 -11945 END
START 3900 1204 12092 7982 -2078 -11639 END
START 4424 1472 12180 8018 -2099 -11258 END
START 5032 1852 12244 8054 -2140 -10749 END
START 5332 2056 12580 8039 -2117 -10315 END
START 5724 2160 12648 8026 -2080 -9768 END
START 5888 2228 12768 8030 -2113 -9213 END
START 5988 2216 12944 8034 -2103 -8714 END
START 5968 1992 13280 8085 -2209 -8182 END
START 6088 1900 13316 8155 -2224 -7670 END
START 6072 1680 13524 8211 -2288 -7225 END
START 6004 1424 13632 8346 -2390 -6739 END
START 5996 1120 14024 8534 -2523 -6347 END
START 5720 1064 14464 8651 -2679 -5950 END
START 5748 912 14596 8850 -2894 -5625 END
START 5496 784 14712 8970 -3123 -5316 END
START 5420 844 14884 9117 -3376 -5111 END
START 5320 860 15180 9223 -3632 -4912 END
START 5264 792 15292 9395 -3851 -4736 END
START 5388 948 15448 9501 -3991 -4574 END
START 5608 1020 15684 9655 -4093 -4411 END
START 5752 1068 15744 9752 -4090 -4202 END
START 5828 1244 16032 9791 -4069 -4005 END
START 6048 1304 16304 9781 -3953 -3740 END
START 6284 1500 16296 9706 -3749 -3483 END
START 6488 1500 16756 9548 -3517 -3233 END
START 6732 1424 17036 9312 -3290 -3008 END
START 6928 1348 17328 9036 -3065 -2758 END
START 7176 1312 17884 8707 -2749 -2521 END
START 7308 1400 17976 8378 -2501 -2286 END
START 7428 1580 18152 8006 -2216 -1981 END
START 7380 1720 18352 7665 -1944 -1744 END
START 7404 1944 18500 7237 -1756 -1396 END
START 7468 2060 18544 6924 -1540 -1099 END
START 7528 2116 18756 6604 -1446 -717 END
START 7472 2128 18936 6318 -1346 -349 END
START 7464 1980 18768 6112 -1324 100 END
START 7404 2020 18808 5962 -1255 513 END
START 7420 1984 18824 5832 -1320 961 END
START 7352 1880 19016 5713 -1380 1412 END
START 7224 1788 18856 5605 -1492 1949 END
START 6960 1776 19008 5548 -1601 2465 END
START 6784 1712 19172 5483 -1797 3046 END
START 6408 1656 18996 5429 -2060 3621 END
START 6188 1660 19088 5419 -2320 4174 END
START 5940 1656 19008 5391 -2659 4737 END
START 5640 1632 18996 5377 -2982 5247 END
START 5424 1528 18844 5364 -3351 5771 END
START 5368 1356 18812 5370 -3654 6285 END
START 5240 1148 18528 5343 -3980 6748 END
START 5288 936 18268 5377 -4197 7199 END
START 5076 792 17928 5435 -4316 7581 END
START 5076 652 17820 5528 -4346 7943 END
START 4856 684 17324 5650 -4318 8201 END
START 4824 784 17028 5691 -4258 8472 END
START 4752 844 16876 5711 -4109 8696 END
START 4736 1012 16756 5668 -3987 8893 END
START 4852 1248 16448 5587 -3776 9055 END
START 5080 1616 16444 5436 -3565 9280 END
START 4992 1840 16260 5255 -3291 9465 END
START 5372 1944 16152 5086 -2961 9707 END
START 5356 2076 15756 4896 -2576 9955 END
START 5516 2052 15796 4684 -2182 10296 END
START 5644 2016 15620 4525 -1752 10629 END
START 5888 2008 15844 4357 -1323 11047 END
START 5644 1940 15748 4182 -911 11526 END
START 5628 2032 15872 4020 -543 12065 END
START 5540 2028 15880 3838 -37 12793 END
START 5476 1996 15936 3644 404 13067 END
START 5208 1936 15984 3361 825 13884 END
START 5016 1812 16084 3158 1163 14499 END
START 4632 1584 16116 2930 1459 15174 END
START 4436 1176 16348 2734 1713 15846 END
START 4040 1072 16552 2636 1937 16528 END
START 3532 716 16688 2547 2111 17152 END
START 2844 724 16768 2455 2211 17801 END
START 2132 412 17012 2426 2266 18374 END
START 1332 16 17284 2386 2202 18934 END
START 696 -420 17492 2365 2152 19403 END
START -60 -840 17556 2343 2048 19841 END
START -816 -1140 17560 2380 1963 20195 END
START -2112 -1416 17992 2417 1780 20482 END
START -2964 -1668 18028 2432 1590 20665 END
START -4124 -1984 18360 2520 1311 20860 END
START -5092 -2400 18568 2528 977 20916 END
START -6040 -2808 18776 2614 685 21001 END
START -6840 -3464 18352 2693 315 20990 END
START -7536 -3928 19332 2825 28 20921 END
START -8552 -4408 18768 2991 -245 20844 END
START -9480 -4764 18948 2941 -560 20668 END
START -10144 -5432 19056 2928 -812 20398 END
START -11004 -6124 19100 2884 -1019 20051 END
START -11828 -6712 19292 2926 -1135 19611 END
START -12368 -7372 19280 2966 -1208 19082 END
START -13176 -7984 19236 3046 -1224 18527 END
START -13872 -8232 19296 3124 -1147 17848 END
START -14440 -8452 19428 3144 -1073 17178 END
START -15104 -8712 19532 3089 -953 16464 END
START -15452 -8952 19612 2935 -803 15744 END
START -15776 -9248 19808 2697 -596 14989 END
START -16180 -9360 19900 2340 -279 14270 END
START -16396 -9464 20024 1902 7 13522 END
START -16856 -9612 20156 1457 269 12833 END
START -17200 -9848 20212 972 474 12267 END
START -17524 -10092 20376 484 714 11388 END
START -17788 -10376 20504 61 955 10618 END
START -18004 -10608 20312 -342 1175 9796 END
START -18228 -10680 20504 -762 1376 8926 END
START -18492 -10852 20544 -1128 1525 7988 END
START -18704 -10940 20332 -1488 1705 7054 END
START -18724 -11032 20072 -1822 1910 6023 END
START -18716 -11168 19708 -2137 2170 5020 END
START -18824 -11080 19452 -2432 2501 3958 END
START -18912 -11092 19388 -2664 2780 2910 END
START -18856 -10884 19160 -2854 3043 1838 END
START -18800 -10684 19068 -3016 3291 815 END
START -18800 -10372 19008 -3082 3457 -179 END
START -18708 -10160 18984 -3150 3601 -1112 END
START -18628 -9856 19104 -3193 3644 -2072 END
START -18556 -9508 18968 -3185 3663 -2957 END
START -18460 -9340 19068 -3194 3595 -3780 END
START -18216 -9260 19228 -3150 3475 -4594 END
START -17952 -9024 19108 -3064 3305 -5432 END
START -17596 -8756 19124 -2995 3180 -6202 END
START -16984 -8508 18984 -2906 3000 -6996 END
START -16496 -7944 19296 -2796 2862 -7731 END
START -15924 -7436 19224 -2787 2705 -8377 END
START -15336 -6956 19356 -2769 2532 -8935 END
START -14904 -6380 19356 -2870 2263 -9400 END
START -14524 -5916 19612 -2990 1941 -9762 END
START -13916 -5488 19368 -3122 1652 -10151 END
START -13364 -5132 19236 -3220 1365 -10490 END
START -12864 -4876 19256 -3281 1147 -10807 END
START -12176 -4556 19124 -3232 896 -11136 END
START -11756 -4332 19232 -3134 625 -11435 END
START -11116 -4124 19244 -3056 364 -11679 END
START -10468 -4020 19264 -2997 83 -11931 END
START -10036 -3840 19140 -2931 -62 -12119 END
START -9380 -3656 19312 -2957 -207 -12343 END
START -8912 -3404 19324 -3033 -312 -12505 END
START -8216 -3164 19388 -3205 -428 -12710 END
START -7700 -2916 19460 -3404 -474 -12841 END
START -7088 -2720 19548 -3667 -425 -12994 END
START -6420 -2528 19568 -3976 -375 -13092 END
START -5932 -2380 19588 -4268 -260 -13198 END
START -5508 -2252 19648 -4620 -182 -13276 END
START -4984 -2144 19512 -4919 -111 -13342 END
START -4660 -2068 19508 -5224 33 -13401 END
START -4264 -2040 19300 -5529 183 -13429 END
START -3824 -2024 19252 -5803 382 -13456 END
START -3572 -2208 19132 -6021 548 -13452 END
START -3196 -2300 18864 -6192 747 -13512 END
START -2760 -2296 18740 -6367 922 -13512 END
START -2664 -2180 18604 -6445 1135 -13520 END
START -2432 -2088 18456 -6573 1270 -13457 END
START -2280 -1968 18408 -6632 1402 -13394 END
START -2136 -1876 18436 -6687 1460 -13298 END
START -2092 -1800 18388 -6738 1517 -13216 END
START -2032 -1440 18496 -6813 1442 -13181 END
START -1752 -1144 18344 -6941 1451 -13108 END
START -1520 -1060 18232 -7043 1388 -13047 END
START -1556 -892 18472 -7222 1264 -13002 END
START -1432 -1208 18604 -7389 1115 -12889 END
START -1352 -1340 18612 -7556 941 -12741 END
START -1296 -1440 18584 -7762 761 -12580 END
START -1516 -1472 18788 -7930 549 -12408 END
START -1648 -1408 18600 -8081 298 -12314 END
START -1800 -1400 18760 -8279 40 -12240 END
START -2076 -1460 18784 -8485 -271 -12215 END
START -2184 -1384 18812 -8737 -690 -12209 END
START -2416 -1480 18716 -8946 -1169 -12247 END
START -2432 -1568 18724 -9235 -1677 -12280 END
START -2524 -1400 18680 -9478 -2221 -12371 END
START -2428 -1512 18580 -9725 -2732 -12427 END
START -2568 -1324 18356 -9965 -3232 -12489 END
START -2484 -1352 17912 -10187 -3732 -12501 END
START -2448 -1460 17424 -10456 -4150 -12489 END
START -2412 -1624 16932 -10714 -4453 -12483 END
START -2268 -1736 16584 -10937 -4773 -12479 END
START -2180 -1800 16052 -11090 -5027 -12522 END
START -2128 -1876 15840 -11143 -5186 -12596 END
START -2152 -2172 15620 -11137 -5399 -12693 END
START -2124 -2416 15236 -11075 -5628 -12850 END
START -2280 -2604 15084 -10997 -5837 -12947 END
START -2472 -2792 14708 -10797 -6028 -13171 END
START -2680 -2964 14456 -10605 -6264 -13372 END
START -2868 -3064 13708 -10396 -6505 -13601 END
START -3128 -3100 13304 -10157 -6784 -13880 END
START -3176 -3128 12960 -9883 -7005 -14221 END
START -3224 -3084 12652 -9595 -7146 -14581 END
START -3364 -3128 12468 -9218 -7424 -14964 END
START -3396 -3112 12240 -8838 -7604 -15327 END
START -3336 -3088 12060 -8450 -7905 -15680 END
START -3144 -2952 11728 -8073 -8076 -16028 END
START -2984 -2776 11480 -7707 -8272 -16402 END
START -2756 -2672 11384 -7440 -8508 -16699 END
START -2640 -2684 11408 -7182 -8720 -17014 END
START -2812 -2396 11488 -6987 -9059 -17305 END
START -2732 -2220 11332 -6836 -9539 -17531 END
START -2264 -2024 10956 -6681 -9915 -17900 END
START -2108 -1660 10668 -6523 -10234 -18197 END
START -1824 -1428 10232 -6366 -10625 -18435 END
START -1428 -1188 9996 -6106 -10959 -18589 END
START -948 -1076 9476 -5861 -11160 -18634 END
START -484 -736 9056 -5594 -11265 -18611 END
START 124 -500 8452 -5245 -11290 -18503 END
START 216 -300 8240 -4938 -11257 -18438 END
START 500 -268 7936 -4625 -11186 -18369 END
START 640 -320 7596 -4291 -10985 -18348 END
START 944 -340 7492 -4032 -10796 -18420 END
START 1200 -412 7368 -3784 -10504 -18528 END
START 1292 -432 7248 -3466 -10176 -18703 END
START 1516 -476 7500 -3180 -9955 -18902 END
START 1668 -448 7524 -2849 -9746 -19050 END
START 1808 -208 7744 -2543 -9610 -19240 END
START 1980 -92 8080 -2221 -9523 -19333 END
START 2376 60 8048 -1801 -9425 -19387 END
START 2908 196 7956 -1458 -9277 -19464 END
START 3532 336 7976 -996 -9049 -19459 END
START 3820 488 7968 -597 -8860 -19431 END
START 4336 592 8116 -184 -8688 -19419 END
START 4656 692 8320 194 -8476 -19323 END
START 5260 864 8216 670 -8265 -19224 END
START 5968 1120 8240 1111 -7951 -19103 END
START 6816 1424 8308 1580 -7612 -18947 END
START 7600 1804 8680 2049 -7219 -18728 END
START 8232 1948 9144 2481 -6901 -18375 END
START 8676 2164 9528 2909 -6652 -17936 END
START 9228 2348 10400 3244 -6545 -17447 END
START 9856 2504 10656 3662 -6519 -16825 END
START 10452 2612 11168 3972 -6464 -16173 END
START 11120 2588 11484 4270 -6422 -15472 END
START 11856 2796 11860 4624 -6321 -14735 END
START 12444 2768 12080 4890 -6128 -13958 END
START 13056 2940 12304 5158 -5951 -13199 END
START 13500 3056 12660 5307 -5718 -12373 END
START 13904 3148 12996 5461 -5444 -11577 END
START 14160 3328 13100 5504 -5163 -10779 END
START 14444 3608 13436 5546 -4870 -9959 END
START 14756 3832 13940 5457 -4542 -9184 END
START 14920 3996 14088 5316 -4211 -8368 END
START 15164 4352 14412 5154 -3859 -7580 END
START 15420 4552 14640 4925 -3497 -6770 END
START 15672 4712 14700 4678 -3049 -5979 END
START 16052 4904 14788 4347 -2522 -5154 END
START 16308 5008 14792 3955 -1947 -4294 END
START 16648 5160 14876 3543 -1336 -3407 END
START 16936 5284 15168 3025 -647 -2464 END
START 17080 5376 15220 2496 -2 -1518 END
START 17052 5540 15428 1959 584 -556 END
START 17244 5688 15596 1411 1130 486 END
START 17300 5816 15792 898 1676 1531 END
START 17276 6092 15960 350 2060 2619 END
START 17412 6356 16104 -173 2486 3766 END
START 17420 6344 15984 -729 2903 4959 END
START 17396 6240 15896 -1289 3287 6252 END
START 17380 6260 15648 -1855 3698 7500 END
START 17284 6288 15528 -2407 4141 8814 END
START 17048 6392 15280 -2910 4552 10097 END
START 16704 6560 15020 -3426 5046 11429 END
START 16244 6476 14580 -3869 5599 12657 END
START 15720 6320 14352 -4355 6099 13990 END
START 15164 6012 14152 -4757 6629 15212 END
START 14512 5800 13664 -5128 7089 16369 END
START 13748 5612 13340 -5527 7530 17432 END
START 13044 5348 12900 -5882 7992 18363 END
START 12232 5260 12512 -6141 8405 19230 END
START 11320 4876 11908 -6331 8866 20010 END
START 10592 4648 11368 -6458 9367 20801 END
START 9744 4504 10980 -6533 9898 21540 END
START 8856 4384 10296 -6535 10358 22229 END
START 8144 4140 9904 -6516 10860 22883 END
START 7484 3804 9296 -6404 11376 23566 END
START 6660 3528 8836 -6257 11932 24151 END
START 5888 3272 8300 -6064 12565 24708 END
START 5024 2916 7916 -5822 12895 25300 END
START 4196 2588 7532 -5540 13270 25860 END
START 3404 2104 7452 -5227 13977 26384 END
START 2696 1872 7092 -4914 14518 26911 END
START 1844 1548 6924 -4611 14917 27432 END
START 1020 1196 6684 -4198 15275 27888 END
START 200 788 6348 -3820 15638 28216 END
START -464 592 6160 -3346 16011 28610 END
START -1236 276 5696 -2794 16381 28921 END
START -2052 44 5372 -2168 16885 29232 END
START -2736 24 4884 -1556 17335 29528 END
START -3580 40 4772 -963 17805 29767 END
START -4488 32 4552 -367 18225 30019 END
START -5452 108 4688 191 18635 30263 END
START -6320 -156 4816 724 18938 30412 END
START -7424 -204 5272 1288 19075 30553 END
START -8100 -576 5384 1822 19107 30551 END
START -9304 -1008 5856 2403 18953 30491 END
START -10488 -1640 6424 3025 18609 30290 END
START -11708 -2052 6764 3599 18209 29969 END
START -12728 -2548 7184 4193 17652 29483 END
START -13588 -2860 7512 4745 17009 28862 END
START -14304 -3228 7856 5235 16352 28175 END
START -14896 -3436 8384 5680 15588 27421 END
START -15356 -3560 9268 6059 14658 26601 END
START -15688 -3596 9788 6337 13444 25850 END
START -15768 -3744 10316 6543 12576 25084 END
START -15904 -3900 10532 6680 11198 24278 END
START -15800 -3932 10752 6767 10018 23584 END
START -15616 -3908 10472 6824 9030 22891 END
START -15468 -3784 10280 6882 8167 22256 END
START -15188 -3784 9980 6919 7505 21676 END
START -15052 -3712 9464 6951 6959 21072 END
START -14728 -3568 9104 7007 6730 20515 END
START -14524 -3480 8616 7076 6576 19969 END
START -14104 -3468 7996 7118 6642 19451 END
START -13996 -3452 7628 7213 6944 19038 END
START -13752 -3604 7444 7327 7323 18642 END
START -13772 -3652 7220 7552 7814 18297 END
START -13784 -3736 7172 7856 8316 18004 END
START -13972 -3736 7144 8178 8953 17658 END
START -14112 -3620 7244 8538 9574 17290 END
START -14216 -3692 7436 8878 10147 16921 END
START -14496 -3612 7576 9182 10632 16451 END
START -14832 -3612 7996 9429 10977 16012 END
START -14948 -3708 8328 9712 11213 15518 END
START -14952 -3760 8468 9910 11396 15033 END
START -15148 -3760 8920 10216 11476 14501 END
START -15056 -3804 9132 10474 11460 14018 END
START -14996 -3968 9384 10782 11417 13530 END
START -15040 -3940 9444 11147 11322 12981 END
START -14924 -3916 9608 11651 11162 12853 END
START -15052 -3896 9700 11984 11024 12407 END
START -15060 -3896 10088 12261 10773 11887 END
START -15328 -3916 10612 12877 10487 11538 END
START -15720 -4092 11028 13357 10036 11206 END
START -16204 -4232 11560 13911 9454 10771 END
START -16984 -4684 12284 14409 8771 10298 END
START -17464 -5204 12640 14929 7969 9730 END
START -17980 -5684 13240 15389 7040 9005 END
START -18368 -6112 13904 15841 6110 8233 END
START -18648 -6560 14372 16202 5139 7282 END
START -18836 -6984 14776 16499 4099 6293 END
START -18888 -7132 15052 16719 3155 5264 END
START -19164 -7276 15504 16837 2108 4214 END
START -19224 -7272 15912 16907 1060 3122 END
START -19320 -7136 16304 16921 -80 2078 END
START -19388 -7128 16288 16907 -1157 1020 END
START -19160 -7016 16188 16990 -2010 -59 END
START -18864 -6856 15840 17015 -2692 -1141 END
START -18564 -6908 15472 17108 -3069 -2182 END
START -18188 -6912 15248 17211 -3329 -3222 END
START -17896 -6920 15140 17309 -3368 -4285 END
START -17380 -6756 15124 17410 -3235 -5312 END
START -17068 -6772 14920 17403 -2990 -6284 END
START -16652 -6660 15260 17426 -2610 -7292 END
START -15948 -6308 15452 17392 -2214 -8314 END
START -15584 -6220 15912 17381 -1814 -9305 END
START -15268 -6008 16532 17305 -1346 -10322 END
START -14908 -5672 16976 17236 -1007 -11298 END
START -14468 -5452 17604 17143 -797 -12227 END
START -14160 -4972 18404 17062 -615 -13069 END
START -13668 -4464 18892 16971 -579 -13903 END
START -13288 -3968 19536 16909 -614 -14648 END
START -12896 -3544 20108 16770 -790 -15322 END
START -12360 -3064 20720 16664 -1095 -15952 END
START -11868 -2684 20844 16555 -1380 -16561 END
START -11236 -2300 21240 16424 -1716 -17106 END
START -10488 -1824 21764 16207 -2035 -17576 END
START -9872 -1420 21792 16026 -2310 -17994 END
START -9272 -1084 22016 15768 -2560 -18375 END
START -8672 -684 22416 15478 -2789 -18659 END
START -7984 -312 22516 15134 -3025 -18878 END
START -7388 64 22572 14802 -3273 -19073 END
START -6988 500 23044 14446 -3522 -19223 END
START -6472 948 23104 14031 -3774 -19299 END
START -6072 1520 23376 13641 -4015 -19360 END
START -5592 2052 23528 13184 -4327 -19335 END
START -5100 2312 23676 12839 -4606 -19302 END
START -4680 2548 23688 12202 -4889 -19191 END
START -4156 2800 23892 12159 -5115 -19021 END
START -3772 2992 23788 11549 -5272 -18872 END
START -3168 3156 23484 11153 -5333 -18657 END
START -2848 3260 23360 10649 -5510 -18480 END
START -2212 3236 23112 10279 -5310 -18285 END
START -1976 3416 23112 9854 -5173 -18138 END
START -1472 3404 23024 9450 -4983 -17959 END