START -2952 616 9964 -7534 7067 8272 END
START -1120 948 3240 -7193 5679 8170 END
START -2448 -1716 7132 -6438 7298 8017 END
START -3504 -2360 8164 -5550 8328 7763 END
START -3768 -3060 8496 -4541 8886 7293 END
START -4136 -3584 8488 -3536 8846 6765 END
START -4620 -3920 8448 -2613 8580 6100 END
START -5224 -4040 8604 -1686 8225 5336 END
START -5592 -3764 8788 -823 7892 4519 END
START -5840 -3492 9252 12 7549 3693 END
START -6016 -3316 9600 668 7099 2940 END
START -6128 -2980 10168 1341 6581 2225 END
START -6276 -2908 10716 1935 6069 1629 END
START -6324 -2728 11172 2458 5622 1129 END
START -6560 -2544 11900 2947 5150 723 END
START -6656 -2284 12436 3408 4761 334 END
START -6424 -1952 12860 3784 4422 -39 END
START -6128 -1704 13620 4105 4164 -400 END
START -5800 -1292 14308 4322 3860 -683 END
START -5348 -924 15016 4415 3532 -876 END
START -5044 -432 15564 4336 3208 -999 END
START -4672 -148 15796 4147 2922 -1001 END
START -4232 288 16504 3833 2673 -921 END
START -3796 780 16716 3422 2451 -623 END
START -3376 1372 17076 2996 2373 -300 END
START -3040 1700 17156 2452 2411 165 END
START -2828 1688 17516 1956 2521 725 END
START -2760 1772 17856 1431 2668 1396 END
START -2776 1720 17988 946 2883 2137 END
START -2832 1668 18120 487 3168 2837 END
START -3164 1640 18428 -4 3390 3533 END
START -3364 1400 18600 -411 3579 4117 END
START -3768 1060 18608 -877 3829 4706 END
START -4044 916 18732 -1278 4004 5157 END
START -4556 500 19004 -1699 4173 5644 END
START -5016 336 19184 -2092 4319 5985 END
START -5492 208 19196 -2518 4354 6363 END
START -6204 -52 19472 -2896 4386 6664 END
START -6736 -360 19656 -3241 4302 6845 END
START -7312 -788 19744 -3566 4269 7001 END
START -7568 -1404 19768 -3810 4164 7091 END
START -8140 -1824 19736 -4074 4118 7044 END
START -8664 -1984 19804 -4302 4073 6924 END
START -9256 -2272 19612 -4569 3985 6741 END
START -9864 -2552 19556 -4830 3853 6541 END
START -10352 -2900 19516 -5058 3709 6227 END
START -10832 -3164 19580 -5323 3540 5890 END
START -11292 -3344 19288 -5508 3386 5520 END
START -11532 -3584 19184 -5641 3237 5150 END
START -11708 -3836 19112 -5700 3180 4671 END
START -11940 -4164 19176 -5677 3059 4187 END
START -12064 -4264 18896 -5663 2988 3703 END
START -12272 -4368 18784 -5638 2843 3200 END
START -12396 -4496 18720 -5644 2702 2696 END
START -12412 -4588 18832 -5672 2557 2171 END
START -12548 -4600 18892 -5774 2414 1618 END
START -12668 -4708 18992 -5879 2176 1097 END
START -12892 -4528 19020 -6056 1894 617 END
START -12824 -4512 18964 -6256 1572 185 END
START -12800 -4524 18876 -6463 1280 -217 END
START -12856 -4496 18792 -6674 923 -648 END
START -12732 -4452 18400 -6893 649 -1026 END
START -12804 -4480 18348 -7125 328 -1430 END
START -12544 -4256 17876 -7384 67 -1790 END
START -12560 -4032 17736 -7631 -103 -2118 END
START -12856 -3988 17564 -7918 -263 -2420 END
START -12956 -4092 17284 -8237 -534 -2732 END
START -13032 -4112 16840 -8511 -751 -3029 END
START -12992 -4208 16640 -8735 -950 -3351 END
START -13156 -4080 16280 -8992 -1118 -3700 END
START -13016 -4200 15908 -9176 -1266 -4069 END
START -13356 -4392 15668 -9380 -1429 -4426 END
START -13304 -4456 15236 -9520 -1550 -4828 END
START -13372 -4648 14952 -9650 -1727 -5271 END
START -13472 -4696 14732 -9807 -1889 -5713 END
START -13544 -4756 14420 -9869 -2018 -6192 END
START -13640 -4648 14108 -9974 -2186 -6738 END
START -13632 -4696 13780 -10112 -2443 -7292 END
START -13808 -4868 13136 -10179 -2618 -7892 END
START -14028 -4916 12980 -10302 -2905 -8562 END
START -14076 -5060 12468 -10352 -3211 -9282 END
START -13972 -5100 11972 -10401 -3485 -10065 END
START -14008 -5196 11540 -10374 -3707 -10905 END
START -13968 -5152 11108 -10326 -3917 -11765 END
START -13912 -5204 10528 -10202 -4145 -12638 END
START -13708 -5148 9948 -10065 -4300 -13556 END
START -13516 -5120 9432 -9855 -4415 -14347 END
START -13404 -4948 8780 -9597 -4530 -15241 END
START -13168 -4908 8452 -9335 -4660 -16040 END
START -12904 -4804 8112 -9020 -4740 -16810 END
START -12808 -4544 7856 -8649 -4881 -17521 END
START -12520 -4392 7264 -8236 -5011 -18217 END
START -12252 -4292 7068 -7814 -5121 -18887 END
START -12028 -4160 6652 -7309 -5287 -19521 END
START -11604 -3652 6460 -6775 -5462 -20143 END
START -11220 -3404 6116 -6263 -5573 -20706 END
START -10892 -3032 5924 -5734 -5776 -21192 END
START -10492 -2744 5600 -5192 -5890 -21632 END
START -9992 -2448 5532 -4585 -6103 -21997 END
START -9480 -2012 5032 -4086 -6318 -22269 END
START -8948 -1740 5036 -3502 -6424 -22474 END
START -8676 -1360 4932 -2921 -6551 -22589 END
START -8340 -856 4976 -2439 -6689 -22625 END
START -8124 -752 4784 -1941 -6883 -22646 END
START -7812 -592 4800 -1408 -7125 -22633 END
START -7340 -524 4664 -869 -7436 -22624 END
START -7016 -508 4596 -357 -7751 -22608 END
START -6560 -576 4424 246 -8082 -22627 END
START -6048 -556 4088 849 -8294 -22625 END
START -5576 -408 3784 1418 -8474 -22678 END
START -4880 -288 3668 2044 -8559 -22705 END
START -4488 -200 3428 2588 -8650 -22711 END
START -4240 108 3272 3125 -8690 -22735 END
START -3892 412 3148 3598 -8711 -22655 END
START -3620 684 3200 4080 -8736 -22617 END
START -3444 672 3048 4502 -8678 -22539 END
START -3136 752 2912 4956 -8655 -22502 END
START -2824 804 2668 5439 -8548 -22412 END
START -2488 808 2820 5921 -8478 -22425 END
START -2032 924 2580 6405 -8382 -22424 END
START -1616 968 2552 6920 -8294 -22476 END
START -1592 1032 2664 7545 -8117 -22545 END
START -1200 1148 2528 8173 -8032 -22575 END
START -896 1352 2632 8830 -7960 -22624 END
START -428 1492 2508 9488 -7867 -22642 END
START 196 1740 2332 10128 -7660 -22581 END
START 788 2064 2132 10810 -7337 -22538 END
START 1476 2440 2208 11351 -6961 -22463 END
START 2144 2704 2020 12108 -6510 -22347 END
START 2448 3000 2084 12493 -6035 -22209 END
START 3092 3384 2368 13038 -5445 -22051 END
START 3652 3612 2600 13617 -4849 -21827 END
START 4064 3744 2892 14140 -4264 -21505 END
START 4508 3864 3492 14702 -3733 -21204 END
START 4788 3772 4028 15186 -3282 -20824 END
START 5144 3880 4472 15639 -3048 -20486 END
START 5640 4148 4976 16051 -2764 -20143 END
START 6088 4344 5584 16454 -2599 -19824 END
START 6388 4736 6024 16739 -2533 -19442 END
START 6920 5040 6500 17096 -2587 -19058 END
START 7460 5240 6876 17456 -2637 -18581 END
START 7744 5548 7316 17831 -2691 -18078 END
START 8164 5844 7856 18237 -2774 -17487 END
START 8544 6064 8092 18673 -2826 -16806 END
START 8796 6456 8584 19181 -3022 -16094 END
START 9220 6756 8784 19624 -3162 -15367 END
START 9388 6968 9176 20151 -3207 -14607 END
START 9880 7140 9820 20657 -3274 -13838 END
START 10116 7356 10348 21190 -3295 -12994 END
START 10304 7308 10992 21678 -3402 -12202 END
START 10524 7336 11696 22179 -3541 -11395 END
START 10904 7340 12148 22600 -3671 -10697 END
START 11272 7108 12420 22977 -3699 -9961 END
START 11800 6988 13040 23242 -3717 -9379 END
START 12288 6984 13312 23416 -3590 -8831 END
START 12676 6888 13780 23492 -3366 -8276 END
START 12976 7188 14172 23428 -3089 -7728 END
START 13256 7472 14628 23256 -2787 -7176 END
START 13440 7748 15168 22987 -2524 -6591 END
START 13616 8116 15628 22623 -2246 -5956 END
START 13672 8376 16368 22244 -1940 -5326 END
START 13968 8564 16940 21807 -1638 -4622 END
START 13940 8924 17424 21353 -1308 -3910 END
START 14064 9088 17988 20908 -1038 -3176 END
START 14136 9416 18576 20455 -751 -2416 END
START 14084 9640 19028 19957 -440 -1651 END
START 14032 9888 19664 19519 -92 -867 END
START 13816 10164 20064 19066 270 6 END
START 13960 10184 20560 18514 613 737 END
START 13660 10476 20524 17849 1061 1454 END
START 13492 10480 20904 17027 1454 2219 END
START 13448 10552 20968 16196 1976 3008 END
START 13348 10564 21216 15270 2467 3767 END
START 13296 10560 21296 14379 3098 4464 END
START 13204 10508 21448 13498 3736 5190 END
START 13128 10356 21552 12559 4474 5847 END
START 12944 10384 21608 12040 5172 6449 END
START 12892 10440 21792 10946 5830 7067 END
START 12804 10436 21808 10015 6534 7701 END
START 12404 10384 22092 9081 7118 8328 END
START 12396 10352 22112 8154 7576 9072 END
START 12284 10352 22300 7280 7892 9751 END
START 12020 10232 22372 6357 8131 10502 END
START 11848 10024 22420 5564 8304 11191 END
START 11508 9956 22292 4857 8487 11913 END
START 11148 9860 22164 4260 8615 12813 END
START 10836 9716 21832 3770 8716 13293 END
START 10464 9748 21688 3386 8856 14143 END
START 10072 9620 21592 3079 8976 14897 END
START 9804 9600 20988 2833 9140 15674 END
START 9256 9444 20720 2620 9312 16420 END
START 8748 9288 20700 2419 9375 17253 END
START 8116 9212 20736 2243 9339 18013 END
START 7560 8928 20484 2108 9286 18876 END
START 7216 8844 20512 1996 9159 19699 END
START 6584 8456 20308 1951 9034 20512 END
START 6216 8032 19972 1924 8902 21414 END
START 5604 7764 19832 1941 8827 22267 END
START 4976 7448 19936 2020 8740 23144 END
START 4400 7124 19828 2135 8564 24036 END
START 3560 6948 19916 2226 8353 24875 END
START 2932 6492 19776 2283 8078 25688 END
START 2156 6352 19676 2304 7854 26442 END
START 1388 6188 19384 2373 7700 27154 END
START 496 5844 19476 2409 7526 27790 END
START -256 5508 19344 2473 7383 28284 END
START -1708 5188 19576 2587 7181 28774 END
START -3296 4664 20100 2751 6809 29107 END
START -5128 4048 20784 2929 6356 29317 END
START -6664 3000 21052 3140 5741 29401 END
START -8192 1976 21432 3354 5076 29316 END
START -9316 988 21640 3567 4362 29045 END
START -10436 128 21648 3714 3725 28536 END
START -11480 -584 21604 3855 3186 27845 END
START -12336 -1424 21352 3917 2736 26963 END
START -13064 -2172 21216 3887 2399 25984 END
START -13776 -2708 20980 3809 2286 24857 END
START -14388 -3292 20572 3647 2294 23687 END
START -15060 -3944 20632 3464 2396 22448 END
START -15820 -4496 20440 3250 2635 21212 END
START -16716 -4768 20240 2754 2881 19925 END
START -17192 -5340 20380 2249 3110 18637 END
START -17744 -5928 20368 1686 3488 17397 END
START -18156 -6484 20212 1170 3856 16045 END
START -18568 -6772 20200 702 4288 14731 END
START -18684 -7164 20308 230 4759 13448 END
START -18948 -7336 20280 -197 5163 12204 END
START -19192 -7476 20444 -631 5574 10999 END
START -19284 -7520 20620 -1047 5836 9846 END
START -19600 -7416 20532 -1465 6006 8837 END
START -19692 -7492 20512 -1907 6171 7886 END
START -19776 -7452 20592 -2214 6269 6999 END
START -19836 -7688 20308 -2464 6286 6220 END
START -20012 -7756 20340 -2620 6255 5429 END
START -20024 -7980 20136 -2658 6247 4665 END
START -20036 -8276 19840 -2560 6199 3803 END
START -19876 -8484 19876 -2414 6107 2941 END
START -19992 -8616 19764 -2208 5901 2114 END
START -19888 -8664 19812 -2080 5667 1267 END
START -19716 -8600 19776 -1882 5392 406 END
START -19700 -8440 19596 -1792 5075 -429 END
START -19560 -8264 19744 -1683 4690 -1166 END
START -19536 -8092 19808 -1602 4279 -1911 END
START -19556 -7908 19580 -1499 3819 -2623 END
START -19472 -7808 19428 -1316 3454 -3316 END
START -19260 -7840 19228 -1081 3218 -4060 END
START -19056 -7704 19268 -760 3017 -4818 END
START -18568 -7600 19104 -442 2946 -5632 END
START -18280 -7520 19212 -80 2915 -6489 END
START -18072 -7112 19328 213 2915 -7379 END
START -17560 -6772 19464 430 2948 -8181 END
START -16936 -6268 19760 555 2881 -9066 END
START -16400 -5888 20060 569 2881 -9840 END
START -15720 -5352 20464 515 2918 -10599 END
START -14876 -4872 20796 355 2972 -11302 END
START -13972 -4300 20964 75 2997 -11956 END
START -13240 -3676 21396 -270 3097 -12553 END
START -12340 -2848 21500 -726 3236 -13062 END
START -11500 -2312 21732 -1221 3478 -13512 END
START -10460 -1760 21868 -1816 3795 -13804 END
START -9488 -1120 22032 -2490 4207 -14081 END
START -8748 -652 22204 -3212 4556 -14199 END
START -7904 -364 22368 -3906 4946 -14268 END
START -7264 152 22616 -4628 5315 -14248 END
START -6588 392 22704 -5326 5567 -14182 END
START -6088 720 23140 -5999 5752 -14041 END
START -5744 828 23120 -6658 5919 -13871 END
START -5440 892 23156 -7164 6014 -13675 END
START -4916 852 23468 -7625 6040 -13499 END
START -4508 888 23424 -8032 5943 -13312 END
START -4164 1168 23796 -8272 5754 -13203 END
START -3736 1272 23896 -8535 5491 -13006 END
START -3300 1440 24060 -8710 5075 -12811 END
START -3016 1804 24032 -8846 4557 -12527 END
START -2628 2044 24096 -8850 3928 -12207 END
START -2268 2312 24360 -8834 3222 -11868 END
START -1808 2628 24540 -8705 2467 -11446 END
START -1312 2892 24424 -8481 1674 -11016 END
START -852 3156 24408 -8248 914 -10475 END
START -460 3428 24160 -8016 187 -9961 END
START 124 3676 23900 -7780 -480 -9408 END
START 368 3800 23876 -7613 -1127 -8769 END
START 620 4032 23736 -7447 -1756 -8146 END
START 932 4240 23280 -7354 -2418 -7474 END
START 1128 4588 23200 -7291 -2918 -6831 END
START 1364 4752 23020 -7242 -3382 -6116 END
START 1576 4700 22644 -7161 -3740 -5442 END
START 1608 4700 22564 -7111 -4035 -4741 END
START 1800 4636 22108 -7076 -4200 -4002 END
START 1684 4464 21876 -7062 -4302 -3307 END
START 1408 4372 21624 -7075 -4340 -2702 END
START 1220 4080 21228 -7143 -4289 -2182 END
START 1120 4020 21100 -7196 -4106 -1757 END
START 824 3456 20740 -7319 -3959 -1373 END
START 748 3372 20060 -7547 -3619 -1065 END
START 272 3244 19856 -7802 -3193 -854 END
START -72 2784 19640 -8174 -2825 -720 END
START -568 2388 19404 -8627 -2340 -664 END
START -1252 2064 19384 -9126 -1949 -672 END
START -1780 1808 19032 -9649 -1571 -754 END
START -2216 1500 18940 -10206 -1199 -963 END
START -2868 1020 18792 -10746 -918 -1250 END
START -3672 428 18880 -11240 -659 -1626 END
START -4464 -124 18756 -11656 -508 -2100 END
START -5104 -500 18488 -12110 -409 -2634 END
START -5928 -856 18288 -12434 -401 -3221 END
START -6396 -1112 17988 -12729 -440 -3890 END
START -6936 -1452 17588 -13040 -519 -4582 END
START -7364 -1656 16972 -13236 -596 -5363 END
START -7556 -1848 16608 -13420 -619 -6086 END
START -7776 -1956 16240 -13509 -672 -6847 END
START -7832 -2220 15916 -13627 -653 -7566 END
START -8136 -2400 15540 -13683 -688 -8306 END
START -8196 -2524 15144 -13769 -705 -9059 END
START -8420 -2440 14676 -13881 -823 -9786 END
START -8520 -2268 14260 -14002 -888 -10512 END
START -8468 -2276 13900 -14091 -1136 -11205 END
START -8712 -2288 13484 -14107 -1281 -11838 END
START -8552 -2176 13128 -14082 -1578 -12425 END
START -8728 -2140 12892 -13985 -1837 -12906 END
START -8676 -1956 12588 -13819 -2176 -13347 END
START -8712 -1896 12064 -13599 -2540 -13706 END
START -8744 -1752 11792 -13351 -2940 -14057 END
START -8816 -1712 11256 -13049 -3394 -14392 END
START -9040 -1716 10980 -12728 -4085 -14792 END
START -9276 -1692 10752 -12337 -4796 -15219 END
START -9384 -1856 10356 -11916 -5707 -15633 END
START -9512 -1836 9960 -11436 -6625 -16114 END
START -9532 -1860 9632 -10831 -7682 -16566 END
START -9660 -2020 9188 -10224 -8690 -17053 END
START -9696 -1972 8684 -9524 -9704 -17557 END
START -9708 -2080 8132 -8787 -10715 -18141 END
START -9576 -1976 7488 -7953 -11723 -18722 END
START -9316 -1900 6884 -7107 -12641 -19325 END
START -9000 -1752 6168 -6256 -13364 -19956 END
START -8660 -1440 5288 -5416 -14002 -20588 END
START -8168 -1068 4456 -4541 -14397 -21167 END
START -7844 -772 3708 -3772 -14625 -21697 END
START -7348 -380 2916 -3011 -14616 -22215 END
START -6912 -104 2436 -2353 -14517 -22772 END
START -6400 268 1880 -1739 -14216 -23334 END
START -5880 460 1568 -1126 -13787 -23819 END
START -5020 868 1296 -661 -13240 -24301 END
START -4424 996 1228 -166 -12539 -24676 END
START -3756 1192 1268 206 -11937 -25048 END
START -3400 1512 1372 547 -11321 -25377 END
START -2868 1700 1676 872 -10691 -25673 END
START -2608 1844 1988 1158 -10240 -25974 END
START -2132 1844 2308 1415 -9864 -26260 END
START -1564 1832 2696 1731 -9575 -26548 END
START -732 1788 3008 2035 -9292 -26830 END
START 168 1820 3292 2383 -9005 -27082 END
START 948 1852 3508 2701 -8717 -27306 END
START 1848 2056 3804 3063 -8499 -27552 END
START 2728 2372 4328 3433 -8321 -27637 END
START 3464 2920 4468 3738 -8141 -27639 END
START 4596 3428 5032 4066 -7979 -27477 END
START 5652 3944 5472 4386 -7826 -27209 END
START 6724 4536 5796 4669 -7605 -26757 END
START 7604 5092 6376 4933 -7347 -26176 END
START 8452 5472 6956 5139 -7240 -25477 END
START 8936 5832 7156 5351 -7171 -24689 END
START 10000 5988 7708 5517 -7113 -23763 END
START 10968 6100 8160 5675 -7012 -22809 END
START 11740 6092 8500 5812 -6939 -21818 END
START 12596 6104 8944 5957 -6823 -20765 END
START 13124 6176 9320 6053 -6855 -19796 END
START 13772 6364 9788 6195 -6930 -18785 END
START 13964 6476 10456 6375 -6996 -17737 END
START 14436 6664 10916 6545 -7230 -16721 END
START 14832 6608 11236 6804 -7400 -15725 END
START 15052 6292 11464 7092 -7557 -14740 END
START 15516 6300 11552 7440 -7592 -13730 END
START 15888 6316 11896 7793 -7573 -12850 END
START 16200 6472 12020 8074 -7509 -12002 END
START 16684 6696 12228 8406 -7259 -11176 END
START 17124 6924 12612 8611 -6947 -10348 END
START 17548 7260 13064 8708 -6504 -9479 END
START 18100 7668 13332 8745 -5942 -8574 END
START 18424 8012 13952 8641 -5248 -7661 END
START 18776 8392 14484 8404 -4523 -6702 END
START 19008 8824 15332 8003 -3809 -5793 END
START 19524 9064 15808 7485 -2972 -4842 END
START 19880 9284 16428 6740 -2104 -3877 END
START 20104 9716 17052 5871 -1292 -2883 END
START 20372 10020 17688 4884 -485 -1859 END
START 20600 10436 18172 3787 254 -851 END
START 20724 10612 18432 2626 973 193 END
START 20820 10896 18848 1437 1755 1279 END
START 20708 11080 18968 245 2492 2419 END
START 20488 11096 18828 -904 3250 3547 END
START 20372 11260 18748 -2103 3991 4756 END
START 19812 11200 18404 -3219 4731 5994 END
START 19364 11116 17948 -4252 5531 7188 END
START 18712 10696 17368 -5235 6421 8355 END
START 18328 10460 17036 -6113 7307 9457 END
START 17240 10092 16668 -6910 8117 10485 END
START 16248 9604 16492 -7721 8920 11452 END
START 15192 9072 16116 -8406 9555 12414 END
START 14224 8644 15764 -9035 10150 13180 END
START 13224 8076 15308 -9628 10728 13776 END
START 12304 7568 14984 -10113 11161 14445 END
START 11304 7124 14560 -10549 11537 15118 END
START 10436 6620 14180 -10921 11855 15727 END
START 9768 6284 13600 -11203 12185 16337 END
START 8920 5844 13156 -11400 12340 16942 END
START 8252 5580 12528 -11524 12606 17476 END
START 7548 5120 11848 -11570 13119 18066 END
START 6896 4780 11276 -11581 13171 18642 END
START 6336 4612 10636 -11545 13254 19215 END
START 5344 4208 9672 -11399 13788 19807 END
START 4720 3908 9228 -11262 14099 20370 END
START 3960 3496 8816 -10988 14361 20965 END
START 3248 3156 8316 -10694 14569 21541 END
START 2628 2720 8100 -10295 14648 22085 END
START 1724 2532 7900 -9863 14702 22596 END
START 1228 2252 7628 -9327 14676 23065 END
START 600 1948 7448 -8774 14485 23601 END
START -52 1760 7500 -8125 14272 24108 END
START -764 1472 7132 -7503 13995 24548 END
START -1472 1328 7052 -6804 13759 24979 END
START -2216 1076 6824 -6148 13247 25293 END
START -3020 824 6792 -5377 13122 25640 END
START -3836 448 6544 -4624 12615 25895 END
START -4740 168 6452 -3873 11985 26057 END
START -5324 -228 6312 -3072 11501 26118 END
START -6276 -620 6212 -2249 10990 26127 END
START -7072 -1204 5848 -1385 10606 26003 END
START -7664 -1616 5388 -446 10282 25763 END
START -8252 -2144 4908 362 10044 25381 END
START -9032 -2492 5260 1248 9806 24926 END
START -9276 -2924 5084 2225 9600 24375 END
START -9448 -3148 4976 3120 9456 23738 END
START -9796 -2676 4716 3837 9405 23037 END
START -9824 -2508 4476 4302 9422 22383 END
START -9592 -2644 4584 4561 9531 21777 END
START -9376 -2812 4688 4693 9729 21170 END
START -9172 -2812 4632 4834 10048 20678 END
START -9028 -2708 4652 4909 10496 20161 END
START -8552 -2724 4720 4986 11020 19630 END
START -8432 -2716 4840 5081 11581 19105 END
START -8380 -2620 4944 5107 12143 18638 END
START -8392 -2148 5140 5134 12605 18143 END
START -8260 -1924 5400 5104 12996 17771 END
START -8084 -1504 5528 5038 13182 17498 END
START -8168 -1144 5672 4967 13158 17328 END
START -8388 -740 5824 4936 13733 17275 END
START -8496 -520 5960 4944 13735 17254 END
START -8440 -264 6224 5052 13823 17299 END
START -8836 -56 6352 5237 13949 17399 END
START -8972 -32 6560 5480 13907 17550 END
START -9272 116 6832 5831 13876 17673 END
START -9696 152 7100 6251 13671 17793 END
START -9956 256 7388 6743 13485 17963 END
START -10500 392 7684 7202 12887 18104 END
START -10736 348 7864 7750 12612 18199 END
START -11140 216 8060 8337 11805 18306 END
START -11672 -12 8432 9040 11039 18345 END
START -12336 -352 9008 9835 10152 18365 END
START -13044 -576 9428 10764 9130 18265 END
START -13548 -948 9868 11671 8020 18099 END
START -14332 -1340 10388 12587 6879 17827 END
START -14920 -1704 10732 13902 5674 17434 END
START -15200 -2196 11232 14959 4538 16954 END
START -15764 -2520 11592 15975 3305 16348 END
START -16260 -2956 12044 16952 1956 15652 END
START -16560 -3204 12000 17856 661 14736 END
START -16580 -3348 11852 18626 -408 13846 END
START -16696 -3336 11604 19379 -1299 12793 END
START -16412 -3632 11492 20064 -1869 11989 END
START -16168 -3736 11404 20657 -2092 10935 END
START -15892 -3384 11180 21188 -2092 9914 END
START -15696 -3208 11104 21454 -1753 8910 END
START -15680 -2828 11200 21578 -1327 7929 END
START -15588 -2692 11144 21573 -696 6896 END
START -15612 -2624 11620 21406 35 5937 END
START -15600 -2428 11908 21152 821 4937 END
START -15588 -2488 12672 20783 1518 3978 END
START -15548 -2560 13396 20349 2311 3022 END
START -15588 -2616 14108 19780 3005 1948 END
START -15812 -2564 14892 19179 3493 979 END
START -15908 -2552 15664 18568 3806 -21 END
START -16164 -2340 16560 17959 3893 -972 END
START -16120 -2400 17136 17475 3870 -1924 END
START -16160 -2588 18024 17012 3697 -2896 END
START -16236 -2652 18768 16704 3431 -3766 END
START -16288 -2544 19436 16484 2933 -4686 END
START -16204 -2508 19860 16311 2347 -5540 END
START -16144 -2396 20324 16210 1670 -6401 END
START -15924 -2264 20540 16139 905 -7176 END
START -15656 -2108 20776 16066 133 -7952 END
START -15160 -1768 20780 16021 -663 -8659 END
START -14644 -1480 21112 16007 -1442 -9308 END
START -14256 -1200 21104 16035 -2153 -9857 END
START -13672 -948 21300 16069 -2829 -10425 END
START -13384 -488 21368 16105 -3479 -10831 END
START -12844 -204 21504 16060 -4080 -11218 END
START -12612 68 21748 16090 -4630 -11633 END
START -12160 300 21724 16028 -5197 -11949 END
START -11620 456 21752 16011 -5571 -12349 END
START -11200 688 21908 15915 -5876 -12738 END
START -10936 916 22040 15834 -6141 -13111 END
START -10508 1120 22228 15624 -6300 -13532 END
START -10276 1348 22492 15355 -6402 -13883 END
START -10184 1732 22676 15025 -6482 -14274 END
START -10020 1848 22964 14591 -6556 -14637 END
START -9636 1916 23312 14120 -6652 -15017 END
START -9568 1760 23688 13618 -6712 -15459 END
START -9168 1664 23872 13057 -6774 -15992 END
START -9168 1624 24044 12438 -6856 -16548 END
START -9064 1792 24112 11800 -6953 -17145 END
START -8868 1860 23844 10988 -7061 -17772 END
START -8744 1924 23992 10294 -7153 -18428 END
START -8488 1972 23452 9625 -7136 -19073 END
START -8368 2024 23316 9024 -7150 -19723 END
START -8188 2024 22920 8479 -7019 -20413 END
START -7964 1864 22788 7943 -6831 -21108 END
START -7496 1792 22508 7438 -6667 -21849 END
START -7100 1980 22264 6901 -6477 -22609 END
START -6916 2416 22128 6397 -6272 -23390 END
START -6608 2760 22064 5909 -6158 -24127 END
START -6136 3016 22156 5426 -6058 -24822 END
START -5680 3380 22160 4929 -6006 -25433 END
START -5144 3848 22152 4445 -6012 -25939 END
START -4204 4584 21844 3941 -5867 -26393 END
START -3684 5060 21844 3514 -5751 -26731 END
START -3216 5356 21804 3102 -5608 -26987 END
START -2508 5968 21904 2662 -5400 -27104 END
START -1864 6480 22096 2173 -5347 -27037 END
START -1188 7100 21980 1689 -5328 -26876 END
START -668 7676 21864 1216 -5322 -26563 END
START -64 8128 21768 720 -5327 -26133 END
START 356 8524 21616 256 -5348 -25636 END
START 872 8936 21308 -208 -5307 -25072 END
START 1220 9116 21108 -647 -5341 -24387 END
START 1656 9296 20676 -1082 -5380 -23722 END
START 1992 9248 19908 -1453 -5414 -22986 END
START 2260 9608 19120 -1700 -5295 -22221 END