START -3340 1136 2932 -14193 935 3358 END
START -3604 980 2984 -13634 1516 3174 END
START -3980 824 2596 -13022 2033 2985 END
START -4028 892 2440 -12380 2478 2762 END
START -4156 820 2384 -11680 2959 2537 END
START -4308 856 2124 -10986 3360 2331 END
START -4288 832 2044 -10258 3701 2104 END
START -4432 888 2196 -9480 4030 1895 END
START -4656 892 2252 -8713 4186 1648 END
START -4992 908 2428 -7896 4285 1362 END
START -5268 1048 2104 -7097 4251 1073 END
START -5348 1056 2292 -6288 4150 737 END
START -5604 1124 2236 -5580 3963 441 END
START -5628 1204 2276 -4897 3746 76 END
START -5520 1444 2348 -4260 3492 -257 END
START -5432 1352 2168 -3671 3266 -578 END
START -5356 1548 2200 -3176 3033 -849 END
START -5248 1580 2080 -2686 2815 -1165 END
START -5272 1604 1940 -2224 2601 -1400 END
START -5356 1808 1912 -1724 2394 -1638 END
START -5344 2124 1900 -1221 2233 -1782 END
START -5200 2244 1644 -651 2099 -1885 END
START -5184 2428 1544 -117 1916 -1967 END
START -5116 2668 1356 372 1746 -1985 END
START -5096 2704 1304 794 1586 -1970 END
START -5096 2864 1236 1200 1417 -1979 END
START -5012 2880 1260 1517 1266 -2006 END
START -4992 2968 896 1821 1137 -2022 END
START -4796 3056 572 2080 1024 -2060 END
START -4832 3060 444 2390 965 -2062 END
START -4704 3184 384 2691 1040 -2097 END
START -4756 3156 116 3021 1072 -2108 END
START -4840 3212 -28 3423 1243 -2085 END
START -4792 3156 -40 3888 1385 -2059 END
START -4904 3256 -380 4379 1573 -2023 END
START -5008 3316 -348 4960 1772 -1982 END
START -5080 3252 -272 5549 2004 -1956 END
START -5228 3224 -304 6153 2260 -1975 END
START -5224 3204 -220 6694 2463 -2039 END
START -5296 3320 -52 7205 2663 -2107 END
START -5344 3352 188 7629 2837 -2185 END
START -5472 3360 276 8015 2986 -2323 END
START -5596 3528 632 8349 3111 -2435 END
START -5680 3652 956 8704 3180 -2577 END
START -5824 3676 1224 8956 3140 -2690 END
START -5928 3708 1656 9324 3116 -2842 END
START -6048 3668 1656 9614 3024 -2951 END
START -6064 3688 1988 9955 2916 -3113 END
START -6128 3644 2236 10264 2803 -3268 END
START -6112 3604 2300 10538 2648 -3424 END
START -5968 3604 2280 10858 2562 -3604 END
START -5912 3900 2236 11113 2536 -3773 END
START -5880 4020 2172 11442 2532 -3917 END
START -5888 4108 2164 11742 2547 -4088 END
START -5904 4436 2392 11867 2617 -4173 END
START -5576 4528 2508 12158 2711 -4310 END
START -5540 4700 2376 12323 2783 -4376 END
START -5364 4560 2456 12578 2891 -4453 END
START -5236 4720 2424 12747 3087 -4519 END
START -5072 4716 2592 12964 3343 -4579 END
START -5044 4932 2672 13169 3610 -4665 END
START -5040 5256 2632 13370 3913 -4670 END
START -5064 5468 2820 13623 4216 -4651 END
START -5128 5736 3200 13876 4455 -4562 END
START -5172 5964 3408 14169 4703 -4439 END
START -5228 6088 3716 14496 4907 -4307 END
START -5340 6228 3952 14830 5094 -4124 END
START -5268 6248 4492 15180 5197 -3935 END
START -5368 6336 4828 15462 5340 -3763 END
START -5468 6352 5220 15752 5347 -3617 END
START -5624 6468 5572 15978 5343 -3468 END
START -5680 6488 5964 16213 5211 -3400 END
START -5920 6548 6260 16424 5073 -3324 END
START -6020 6660 6568 16667 4930 -3277 END
START -5988 6732 6708 16876 4769 -3212 END
START -5992 6700 6828 17114 4569 -3138 END
START -6008 6836 6988 17382 4397 -3050 END
START -6140 6760 7308 17615 4215 -2964 END
START -6024 6792 7480 17852 3992 -2888 END
START -6188 6648 7476 18141 3770 -2838 END
START -6240 6576 7720 18377 3567 -2849 END
START -6196 6612 7956 18740 3312 -2903 END
START -6288 6472 8100 19017 3044 -3003 END
START -6488 6324 8172 19338 2808 -3159 END
START -6296 6392 8484 19643 2531 -3308 END
START -6348 6524 8652 19964 2287 -3454 END
START -6420 6584 8892 20285 2073 -3563 END
START -6452 6728 9300 20595 1811 -3708 END
START -6468 6604 9636 20856 1526 -3832 END
START -6452 6856 9572 21077 1287 -3970 END
START -6440 6944 9888 21305 1061 -4126 END
START -6372 7160 10196 21464 824 -4329 END
START -6312 7208 10336 21601 647 -4511 END
START -6216 7332 10748 21699 504 -4723 END
START -6288 7612 11076 21795 380 -4915 END
START -6112 7568 11576 21844 223 -5082 END
START -6156 7796 11524 21897 58 -5257 END
START -6148 7820 11864 21901 -95 -5360 END
START -6064 7900 12108 21928 -246 -5520 END
START -5844 7844 12324 21900 -417 -5642 END
START -6012 7792 12668 21871 -559 -5864 END
START -5868 7584 13044 21867 -786 -6036 END
START -5700 7416 13236 21840 -1001 -6308 END
START -5532 7216 13464 21822 -1161 -6584 END
START -5368 7092 13500 21847 -1362 -6889 END
START -5280 7116 13692 21859 -1503 -7179 END
START -5052 7152 13640 21833 -1603 -7476 END
START -4876 7432 13608 21830 -1652 -7805 END
START -4540 7476 13512 21803 -1658 -8132 END
START -4280 7620 13308 21748 -1551 -8445 END
START -3908 7736 13324 21700 -1376 -8744 END
START -3644 7792 13236 21652 -1094 -9018 END
START -3520 8068 13344 21650 -723 -9300 END
START -3200 8324 13340 21638 -371 -9506 END
START -3176 8572 13820 21666 -11 -9719 END
START -3040 8896 14168 21720 252 -9889 END
START -3032 9196 14936 21776 462 -10096 END
START -2916 9456 15492 21852 584 -10299 END
START -2844 9704 16144 21904 586 -10484 END
START -2416 10152 16712 21904 530 -10689 END
START -2100 10428 17168 21869 440 -10851 END
START -1840 10848 17880 21862 287 -10997 END
START -1568 11204 18348 21841 36 -11063 END
START -1208 11624 19124 21723 -206 -11106 END
START -832 11976 19588 21582 -607 -11104 END
START -432 12080 20216 21387 -984 -10987 END
START -20 12312 20820 21195 -1506 -10868 END
START 152 12408 21132 20985 -2011 -10736 END
START 688 12520 21536 20839 -2574 -10564 END
START 1192 12724 21696 20624 -3075 -10377 END
START 1852 12788 21752 20391 -3470 -10163 END
START 2408 12820 21648 20119 -3729 -9927 END
START 2904 12976 21604 19843 -3837 -9668 END
START 3296 13112 21508 19526 -3793 -9335 END
START 3688 13416 21408 19204 -3708 -8942 END
START 3964 13824 21352 18826 -3469 -8492 END
START 4396 13952 21564 18440 -3070 -8011 END
START 4540 14024 21668 18003 -2638 -7496 END
START 4656 14056 21704 17534 -2129 -6964 END
START 4556 14068 21732 17025 -1641 -6494 END
START 4544 14024 22012 16502 -1182 -6081 END
START 4660 13864 22264 15984 -751 -5728 END
START 4416 13684 22720 15490 -361 -5453 END
START 4268 13336 23192 15011 -127 -5223 END
START 4112 13140 23676 14620 13 -5087 END
START 3948 12848 24084 14254 -22 -5015 END
START 3700 12688 24616 13888 -114 -4962 END
START 3644 12500 25076 13588 -383 -4950 END
START 3616 12680 25264 13275 -715 -4958 END
START 3572 12472 25504 12961 -1117 -4979 END
START 3656 12616 25480 12579 -1468 -4958 END
START 3804 12784 25712 12315 -1871 -4915 END
START 4040 12988 25660 11921 -2191 -4789 END
START 4244 13136 25588 11576 -2475 -4638 END
START 4424 13092 25728 11118 -2786 -4363 END
START 4592 13132 25620 10659 -3010 -4124 END
START 4740 13184 25392 10194 -3219 -3779 END
START 4920 12988 25284 9706 -3407 -3477 END
START 5124 12932 25184 9247 -3575 -3132 END
START 5280 12748 25092 8791 -3687 -2819 END
START 5368 12600 24876 8382 -3783 -2452 END
START 5480 12396 24908 8020 -3836 -2096 END
START 5360 12052 25012 7729 -3977 -1716 END
START 5492 11972 24884 7480 -4075 -1306 END
START 5484 11772 24852 7251 -4146 -924 END
START 5516 11612 24844 7025 -4210 -514 END
START 5496 11448 24872 6820 -4191 -147 END
START 5416 11308 24600 6621 -4194 232 END
START 5480 11084 24596 6374 -4119 564 END
START 5536 10832 24480 6121 -3947 865 END
START 5528 10668 24200 5873 -3709 1197 END
START 5440 10556 24396 5620 -3406 1495 END
START 5144 10396 24528 5317 -3142 1773 END
START 5084 10380 24368 5030 -2774 2038 END
START 4800 10344 24680 4728 -2409 2265 END
START 4468 10256 24996 4415 -2073 2516 END
START 4284 10120 25176 4037 -1731 2746 END
START 3824 10072 25376 3638 -1413 2952 END
START 3652 10020 25632 3195 -1115 3126 END
START 3256 9832 26028 2748 -842 3281 END
START 2748 9588 26240 2223 -604 3372 END
START 2652 9372 26516 1734 -400 3427 END
START 2148 9292 26856 1186 -294 3458 END
START 1656 8976 27124 672 -165 3408 END
START 1352 8816 27452 192 -142 3352 END
START 976 8644 27808 -279 -143 3259 END
START 484 8420 28112 -722 -206 3149 END
START 92 8208 28336 -1134 -308 2983 END
START 36 8052 28296 -1518 -431 2816 END
START -284 7812 28536 -1871 -551 2603 END
START -588 7780 28668 -2251 -634 2344 END
START -764 7776 28608 -2624 -741 2054 END
START -1020 7756 28680 -2983 -746 1749 END
START -1152 7700 28736 -3401 -782 1450 END
START -1300 7696 28816 -3825 -763 1143 END
START -1376 7736 28832 -4288 -716 855 END
START -1500 7708 28900 -4763 -677 566 END
START -1540 7760 28852 -5236 -684 314 END
START -1740 7868 28928 -5728 -643 66 END
START -1760 7840 28976 -6157 -648 -135 END
START -1772 7756 29024 -6573 -558 -356 END
START -2028 7704 28988 -7027 -541 -551 END
START -2072 7700 29144 -7369 -541 -704 END
START -2120 7684 29204 -7728 -531 -878 END
START -2284 7792 29356 -8062 -559 -1027 END
START -2676 7748 29592 -8394 -618 -1208 END
START -2620 7688 29644 -8730 -679 -1344 END
START -2788 7692 29872 -9042 -868 -1466 END
START -2772 7756 29640 -9441 -1030 -1583 END
START -2832 7780 29732 -9824 -1210 -1704 END
START -3056 7956 29796 -10217 -1392 -1835 END
START -3144 8004 29564 -10639 -1512 -1922 END
START -3280 8036 29780 -11022 -1680 -2039 END
START -3484 8020 29584 -11465 -1860 -2163 END
START -3696 8028 29584 -11906 -2028 -2310 END
START -3736 8048 29432 -12369 -2157 -2492 END
START -3916 8032 29316 -12830 -2374 -2670 END
START -3944 7856 29032 -13337 -2520 -2932 END
START -3992 7684 28764 -13842 -2657 -3156 END
START -3972 7568 28588 -14363 -2730 -3450 END
START -4016 7484 28360 -14836 -2856 -3745 END
START -4032 7492 28112 -15298 -2913 -4046 END
START -4236 7264 27980 -15695 -3049 -4374 END
START -4448 7356 27928 -16087 -3175 -4667 END
START -4524 7348 27884 -16437 -3284 -5020 END
START -4780 7280 27988 -16758 -3495 -5368 END
START -4796 7288 27924 -17047 -3746 -5686 END
START -5124 7248 27640 -17372 -4052 -6036 END
START -5088 7132 27396 -17661 -4374 -6431 END
START -5088 7088 27184 -17967 -4664 -6837 END
START -5052 7120 26760 -18260 -4905 -7287 END
START -5040 7116 26588 -18553 -5205 -7706 END
START -5180 7296 26184 -18835 -5465 -8172 END
START -5136 7452 25928 -19075 -5735 -8587 END
START -5056 7520 25752 -19288 -5985 -8970 END
START -5112 7616 25428 -19472 -6206 -9326 END
START -4844 7716 25168 -19619 -6475 -9616 END
START -4816 7916 24864 -19779 -6727 -9895 END
START -4784 8008 24452 -19959 -7033 -10139 END
START -4624 8172 24092 -20160 -7305 -10355 END
START -4472 8212 23804 -20414 -7614 -10570 END
START -4368 8324 23324 -20662 -7894 -10777 END
START -4028 8312 22908 -20912 -8159 -10977 END
START -3784 8176 22436 -21165 -8462 -11164 END
START -3528 8160 21984 -21442 -8634 -11353 END
START -3404 8284 21448 -21617 -8845 -11538 END
START -3232 8348 21064 -21813 -9026 -11683 END
START -3068 8252 20488 -21961 -9178 -11842 END
START -3072 8308 20024 -22113 -9326 -11964 END
START -3000 8456 19600 -22208 -9459 -12100 END
START -2936 8500 19328 -22318 -9570 -12214 END
START -2804 8444 18752 -22397 -9692 -12362 END
START -2748 8320 18360 -22442 -9823 -12526 END
START -2716 8328 17876 -22493 -9948 -12702 END
START -2524 8196 17508 -22526 -10027 -12915 END
START -2528 8048 17000 -22530 -10132 -13142 END
START -2544 8012 16640 -22494 -10179 -13342 END
START -2256 7764 16324 -22425 -10242 -13527 END
START -2192 7648 16040 -22351 -10317 -13749 END
START -2048 7640 15504 -22220 -10431 -13920 END
START -1812 7632 15328 -22143 -10519 -14074 END
START -1676 7584 14972 -22048 -10678 -14201 END
START -1532 7784 14716 -21979 -10872 -14319 END
START -1292 7936 14240 -21949 -11110 -14454 END
START -1168 8200 14068 -21956 -11361 -14596 END
START -840 8436 13612 -22039 -11681 -14742 END
START -704 8668 13016 -22125 -11972 -14839 END
START -456 8792 12552 -22234 -12261 -14949 END
START -208 9192 12236 -22332 -12569 -14992 END
START 96 9416 11528 -22449 -12820 -14997 END
START 280 9664 10896 -22525 -13045 -14956 END
START 608 9944 10492 -22621 -13321 -14863 END
START 1120 10160 9680 -22731 -13447 -14739 END
START 1376 10396 9056 -22830 -13573 -14593 END
START 1712 10572 8352 -22961 -13642 -14388 END
START 2172 10744 7860 -23091 -13651 -14205 END
START 2440 10876 7292 -23242 -13655 -13943 END
START 2632 10968 6640 -23344 -13636 -13569 END
START 3052 11024 5960 -23475 -13582 -13237 END
START 3228 10964 5296 -23515 -13533 -12861 END
START 3560 10764 4548 -23516 -13427 -12402 END
START 3744 10668 3672 -23486 -13304 -11938 END
START 3844 10548 2996 -23321 -13079 -11424 END
START 3780 10292 2508 -23065 -12801 -10894 END
START 3640 10100 1872 -22707 -12582 -10389 END
START 3620 9824 1132 -22231 -12332 -9826 END
START 3632 9620 388 -21703 -12074 -9353 END
START 3576 9224 -308 -21128 -11838 -8888 END
START 3484 8996 -912 -20457 -11485 -8471 END
START 3488 8788 -1888 -19765 -11086 -8070 END
START 3528 8568 -2512 -19085 -10599 -7741 END
START 3408 8316 -3196 -18321 -10049 -7456 END
START 3204 8004 -3552 -17513 -9457 -7188 END
START 2960 7688 -4164 -16637 -8904 -6956 END
START 2540 7052 -4160 -15646 -8399 -6774 END
START 2212 6752 -4392 -14573 -8001 -6644 END
START 2104 6304 -4420 -13448 -7689 -6555 END
START 1768 5980 -4280 -12229 -7495 -6492 END
START 1368 5852 -4424 -10955 -7404 -6530 END
START 1244 5636 -4452 -9754 -7405 -6593 END
START 1028 5472 -4420 -8620 -7419 -6712 END
START 964 5300 -4404 -7499 -7513 -6872 END
START 956 5180 -4348 -6415 -7582 -7042 END
START 884 5108 -4360 -5429 -7683 -7230 END
START 932 5156 -4324 -4470 -7810 -7415 END
START 1020 5196 -4340 -3522 -7884 -7626 END
START 1108 5284 -4388 -2590 -7990 -7788 END
START 1296 5484 -4348 -1733 -8045 -7905 END
START 1652 5456 -4388 -979 -8071 -8039 END
START 2152 5656 -4700 -327 -7949 -8085 END
START 2520 5876 -4960 229 -7736 -8115 END
START 2868 6008 -4736 673 -7438 -8090 END
START 3252 6348 -4948 1175 -7078 -8000 END
START 3456 6592 -5028 1584 -6677 -7834 END
START 3856 7020 -4940 1975 -6264 -7629 END
START 4084 7272 -5168 2272 -5822 -7310 END
START 4432 7236 -5052 2560 -5328 -6944 END
START 5072 7088 -5028 2807 -4747 -6520 END
START 5276 6956 -5072 3055 -4220 -6047 END
START 5728 6900 -5068 3313 -3603 -5623 END
START 6036 7056 -4744 3598 -3037 -5197 END
START 6292 7136 -4796 3874 -2410 -4700 END
START 6268 7300 -4608 4160 -1905 -4238 END
START 6300 7532 -4428 4458 -1309 -3676 END
START 6416 7756 -4440 4700 -839 -3119 END
START 6276 8104 -4240 4937 -401 -2492 END
START 6324 8308 -4116 5160 25 -1881 END
START 6172 8484 -3984 5374 380 -1244 END
START 6020 8580 -4076 5614 761 -601 END
START 5964 8532 -3964 5838 1140 6 END
START 5876 8280 -4036 6105 1495 602 END
START 5820 8068 -4152 6393 1881 1132 END
START 5884 8040 -4044 6716 2313 1631 END
START 5800 7924 -4044 7078 2817 2076 END
START 5552 7896 -4008 7434 3264 2469 END
START 5336 8008 -3872 7795 3702 2847 END
START 5104 8060 -3772 8160 4131 3188 END
START 4892 8096 -3580 8531 4472 3521 END
START 4744 8088 -3344 8909 4768 3815 END
START 4488 8220 -3192 9317 5081 4137 END
START 4436 8248 -3072 9698 5369 4450 END
START 4356 8416 -2976 10069 5655 4741 END
START 4324 8752 -2808 10479 6012 5054 END
START 4472 8836 -2624 10832 6353 5389 END
START 4336 9012 -2372 11171 6667 5721 END
START 4428 9140 -2384 11506 6931 6090 END
START 4448 9224 -2192 11770 7130 6426 END
START 4676 9292 -1992 12197 7320 6793 END
START 5016 9472 -2036 12513 7657 7179 END
START 5144 9712 -2168 12920 8035 7549 END
START 5408 9900 -1988 13260 8514 7999 END
START 5712 10256 -1788 13584 8990 8444 END
START 5892 10432 -1664 13890 9416 8992 END
START 6132 10780 -1420 14213 9774 9562 END
START 6196 11048 -1388 14563 10153 10195 END
START 6376 11320 -1292 14929 10553 10876 END
START 6416 11424 -1260 15361 11016 11665 END
START 6524 11796 -1124 15906 11496 12590 END
START 6564 12168 -892 16446 11986 13380 END
START 6492 12320 -492 17099 12487 14361 END
START 6188 12496 -120 17816 13029 15236 END
START 5844 12556 640 18566 13263 16180 END
START 5556 12628 1348 19294 13302 17099 END
START 5168 12512 2160 20105 13550 18038 END
START 5036 12576 2660 20860 13669 18922 END
START 4624 12592 3348 21621 13743 19747 END
START 4472 12608 4040 22388 13745 20618 END
START 4184 12696 4864 23127 13726 21437 END
START 3952 12848 5324 23873 13771 22207 END
START 3580 12908 6004 24591 13915 23071 END
START 3216 13232 6720 25282 14022 23868 END
START 2904 13400 7544 25804 14114 24651 END
START 2460 13684 8092 26233 14165 25352 END
START 2112 13952 9000 26480 14309 26008 END
START 1688 14076 9736 26606 14465 26634 END
START 1192 14012 10016 26529 14667 27137 END
START 880 13984 10592 26319 14943 27593 END
START 620 13960 11040 26035 15354 27961 END
START 260 14116 11476 25647 15880 28327 END
START -68 14280 11536 25256 16532 28620 END
START -376 14464 11872 24823 17286 28972 END
START -724 14584 12236 24423 18121 29305 END
START -988 14700 12368 24100 19007 29738 END
START -1164 14916 12684 23831 20048 30233 END
START -1604 15180 13144 23613 21207 30808 END
START -2024 15636 13608 23490 22380 31501 END
START -2544 16228 14216 23422 23523 32249 END
START -3088 16740 14972 23422 24449 32767 END
START -3572 17252 16116 23573 25242 32767 END
START -4684 17784 17540 23848 25695 32767 END
START -5660 18428 19220 24302 25823 32767 END
START -6864 18768 21244 24919 25511 32767 END
START -8652 18916 24100 25687 24814 32767 END
START -9736 18824 26428 26558 23617 32767 END
START -10940 18444 28284 27377 21985 32767 END
START -12044 18064 30016 28076 20051 32767 END
START -13068 17488 31832 28588 17976 32767 END
START -13988 16732 32767 28886 15826 32767 END
START -15256 15764 32767 28923 13520 32767 END
START -16360 14692 32767 28665 11134 32767 END
START -17060 13376 32767 28162 8867 32767 END
START -17148 11724 32767 27263 6773 32767 END
START -16744 10588 32767 25976 5160 32767 END
START -16244 9544 32767 24394 4060 32767 END
START -15612 9004 32767 22533 3538 31572 END
START -14904 8860 32767 20497 3587 29730 END
START -14288 9056 32596 18368 4141 27861 END
START -13692 9696 31352 16375 5189 26151 END
START -13416 10376 30656 14461 6540 24656 END
START -13204 11068 30276 12730 8088 23436 END
START -13260 11440 30052 11115 9646 22422 END
START -13452 11624 30136 9608 11056 21583 END
START -13452 11700 30080 8224 12338 20848 END
START -13456 11808 29968 7031 13109 20198 END
START -13324 11672 29604 5819 14206 19451 END
START -13172 11324 29772 4685 14835 18684 END
START -13112 10788 30136 3672 15148 17873 END
START -12988 10372 30188 2731 15065 17005 END
START -12824 10188 30404 1924 14623 16209 END
START -12832 10100 30704 1364 13706 15457 END
START -12640 10096 30892 967 12681 14899 END
START -12412 10296 30748 771 11048 14367 END
START -11988 10316 30168 707 9375 13987 END
START -11260 10372 29568 754 7663 13642 END
START -10592 10348 28684 845 5907 13333 END
START -9848 10268 27448 1016 4288 13083 END
START -8812 10428 25996 1205 2902 12983 END
START -8024 10684 24560 1381 1814 12837 END
START -7100 10916 22968 1619 998 12736 END
START -6184 11296 21344 1801 579 12778 END
START -5580 11648 20020 1999 458 12805 END
START -4880 11872 19164 2205 637 12906 END
START -4436 11936 18208 2416 994 13323 END
START -4352 12180 17348 2669 1485 13529 END
START -4212 12292 17068 2922 2106 13831 END
START -4132 12244 16716 3187 2736 14121 END
START -4240 12284 17020 3437 3290 14372 END
START -4556 11940 17296 3709 3750 14587 END
START -4924 11744 17728 3894 4038 14689 END
START -5224 11708 18044 4063 4194 14749 END
START -5596 11692 18376 4207 4275 14741 END
START -5796 11452 18964 4277 4180 14722 END
START -6164 11424 19252 4280 4015 14675 END
START -6420 11072 19640 4241 3773 14561 END
START -6548 10688 19980 4148 3366 14408 END
START -6808 10396 20164 3987 2943 14194 END
START -6844 10028 19956 3800 2492 13882 END
START -6880 9604 19944 3545 2055 13485 END
START -6944 9256 19904 3336 1674 13070 END
START -6872 8936 19504 3084 1414 12636 END
START -7008 8876 19128 2788 1147 12032 END
START -6784 8640 18768 2505 1083 11578 END
START -6868 8560 18200 2223 1065 11014 END
START -6824 8188 17956 1932 1122 10469 END
START -6920 8092 17900 1641 1202 9812 END
START -6728 7792 17608 1378 1409 9173 END
START -6740 7592 17104 1081 1579 8525 END
START -6644 7412 17104 732 1730 7841 END
START -6640 7304 17072 403 1892 7184 END
START -6592 7116 16824 67 2059 6418 END
START -6484 6976 16712 -257 2098 5674 END
START -6324 6904 16580 -577 2126 4899 END
START -6052 6732 16436 -858 2147 4094 END
START -5876 6712 16216 -1102 2164 3348 END
START -5604 6648 15904 -1275 2225 2582 END
START -5412 6540 15784 -1378 2219 1889 END
START -5108 6504 15788 -1456 2255 1192 END
START -4848 6644 15588 -1488 2266 570 END
START -4620 6768 15644 -1416 2313 -8 END
START -4476 7104 15532 -1349 2397 -491 END
START -4192 7372 15556 -1230 2533 -951 END