START -5672 -404 12848 -8883 3744 1556 END
START -5720 -612 12624 -8610 3495 1331 END
START -5796 -948 12700 -8271 3309 1126 END
START -5764 -1040 12552 -7917 3183 916 END
START -6064 -952 12260 -7567 3031 755 END
START -6120 -1100 11976 -7266 2907 522 END
START -6072 -1440 11720 -6971 2756 234 END
START -5840 -1848 11472 -6673 2681 -96 END
START -5856 -1828 11232 -6374 2802 -453 END
START -6092 -1792 11216 -6042 2854 -861 END
START -6352 -1564 11356 -5744 3003 -1231 END
START -6504 -1248 11404 -5434 3042 -1582 END
START -6632 -1116 11448 -5213 3146 -1925 END
START -6804 -956 11476 -4972 3160 -2147 END
START -6876 -960 11452 -4794 3167 -2433 END
START -7052 -796 11480 -4650 3177 -2655 END
START -7092 -612 11680 -4543 3048 -2887 END
START -7292 -668 11872 -4477 2857 -3106 END
START -7188 -572 11916 -4366 2631 -3347 END
START -7172 -784 12100 -4368 2424 -3591 END
START -7128 -840 12048 -4314 2207 -3832 END
START -6908 -840 12112 -4236 1999 -4070 END
START -7064 -920 12064 -4170 1820 -4310 END
START -7132 -820 12100 -4084 1641 -4539 END
START -7112 -884 12120 -3985 1484 -4744 END
START -7296 -844 12256 -3948 1246 -4950 END
START -7284 -748 12152 -3803 996 -5161 END
START -7444 -876 11876 -3723 781 -5392 END
START -7500 -884 12172 -3619 537 -5603 END
START -7572 -832 12024 -3476 345 -5880 END
START -7688 -844 12028 -3351 122 -6132 END
START -7824 -988 11856 -3181 -83 -6420 END
START -7788 -1192 11632 -3004 -271 -6675 END
START -7824 -1440 11536 -2813 -451 -7005 END
START -7780 -1596 11180 -2622 -558 -7358 END
START -7744 -1764 10924 -2436 -617 -7720 END
START -7608 -1720 10604 -2259 -586 -8089 END
START -7508 -1552 10548 -2066 -506 -8463 END
START -7700 -1372 10240 -1900 -448 -8865 END
START -7564 -1376 10040 -1733 -450 -9245 END
START -7468 -1132 10096 -1604 -411 -9572 END
START -7380 -1056 9844 -1444 -389 -9883 END
START -7224 -1004 9768 -1310 -385 -10175 END
START -7124 -936 9604 -1111 -415 -10453 END
START -7092 -920 9592 -915 -425 -10644 END
START -7024 -736 9588 -703 -409 -10867 END
START -6980 -636 9496 -477 -413 -11073 END
START -6792 -416 9448 -242 -421 -11287 END
START -6864 -240 9316 25 -410 -11466 END
START -6668 -152 9368 291 -424 -11690 END
START -6524 -132 9096 540 -375 -11834 END
START -6324 -164 9284 795 -381 -11997 END
START -6232 -92 9428 1032 -321 -12143 END
START -6140 16 9228 1270 -290 -12233 END
START -6092 112 9272 1417 -327 -12385 END
START -6036 376 9380 1602 -380 -12480 END
START -6040 420 9524 1720 -437 -12612 END
START -5784 396 9368 1870 -557 -12740 END
START -5692 376 9336 2006 -647 -12920 END
START -5504 444 9308 2165 -753 -13046 END
START -5344 588 9364 2337 -832 -13186 END
START -5236 576 9372 2530 -971 -13266 END
START -5104 668 9368 2730 -1088 -13428 END
START -5024 712 9272 2970 -1226 -13485 END
START -4700 852 9492 3177 -1401 -13608 END
START -4632 884 9588 3421 -1610 -13632 END
START -4468 864 9396 3655 -1884 -13706 END
START -4460 844 9380 3887 -2119 -13788 END
START -4224 996 9188 4112 -2380 -13826 END
START -3968 1056 8984 4420 -2514 -13870 END
START -3760 1180 8916 4680 -2581 -13893 END
START -3584 1268 8744 4974 -2607 -13902 END
START -3392 1496 8792 5257 -2573 -13917 END
START -3216 1664 8672 5558 -2504 -13883 END
START -3272 1844 8600 5804 -2437 -13816 END
START -3236 1824 8572 6078 -2332 -13701 END
START -3248 1740 8592 6324 -2274 -13635 END
START -3236 1724 8636 6561 -2206 -13569 END
START -3276 1900 8556 6742 -2105 -13599 END
START -3252 1976 8476 6938 -1980 -13623 END
START -3160 2228 8484 7125 -1799 -13750 END
START -3132 2336 8728 7327 -1637 -13815 END
START -3092 2284 8892 7433 -1557 -13856 END
START -2956 2196 9072 7552 -1473 -13893 END
START -2872 2228 9224 7713 -1553 -13931 END
START -2776 2148 9492 7828 -1619 -13907 END
START -2492 2084 9652 7965 -1752 -13888 END
START -2260 2072 9888 8188 -1924 -13874 END
START -2084 1920 9768 8441 -2127 -13847 END
START -2112 2032 9716 8689 -2389 -13802 END
START -2036 2160 9888 8985 -2640 -13814 END
START -1952 2488 9848 9305 -2970 -13858 END
START -1692 2436 9664 9637 -3180 -13839 END
START -1428 2668 9716 9946 -3438 -13845 END
START -1032 2776 9476 10285 -3525 -13788 END
START -692 2968 9368 10582 -3604 -13716 END
START -460 3048 9272 10875 -3609 -13602 END
START -136 3452 9068 11120 -3487 -13407 END
START 64 3608 9160 11249 -3330 -13189 END
START 344 3800 8996 11428 -3128 -12964 END
START 688 3932 9056 11419 -2861 -12693 END
START 800 4048 8960 11441 -2663 -12445 END
START 988 4116 9088 11476 -2355 -12210 END
START 1144 4408 9080 11470 -2062 -11988 END
START 1292 4292 9440 11398 -1799 -11746 END
START 1432 4164 9496 11325 -1530 -11529 END
START 1512 4220 9636 11319 -1310 -11326 END
START 1556 4220 9796 11268 -1126 -11109 END
START 1684 4300 9944 11222 -940 -10859 END
START 1864 4472 10020 11312 -807 -10624 END
START 1936 4564 10336 11271 -650 -10383 END
START 1764 4632 10392 11375 -552 -10115 END
START 1836 4840 10536 11352 -544 -9904 END
START 2064 4956 10544 11483 -588 -9649 END
START 2172 4752 10672 11582 -663 -9402 END
START 2312 4820 10748 11617 -651 -9130 END
START 2284 4792 10892 12066 -743 -8867 END
START 2396 4800 10960 12196 -784 -8554 END
START 2396 4916 10888 12206 -806 -8268 END
START 2536 5108 11008 12162 -864 -7982 END
START 2500 5276 11068 12633 -838 -7659 END
START 2660 5400 11120 12687 -824 -7277 END
START 2656 5468 11044 12838 -781 -6994 END
START 2920 5516 11364 12984 -697 -6643 END
START 2936 5540 11240 13087 -527 -6322 END
START 2928 5584 11528 13235 -359 -5998 END
START 2932 5708 11604 13305 -181 -5707 END
START 2860 5876 11868 13398 27 -5412 END
START 2736 5928 11984 13466 194 -5094 END
START 2744 6136 12520 13485 295 -4751 END
START 2652 6052 12676 13480 390 -4475 END
START 2520 6064 13032 13433 430 -4151 END
START 2276 6020 13248 13424 471 -3801 END
START 2396 5828 13656 13400 419 -3585 END
START 2324 5748 13888 13403 431 -3389 END
START 2200 5716 14028 13374 364 -3275 END
START 2300 5740 14352 13378 342 -3155 END
START 2144 5896 14520 13353 194 -3073 END
START 2172 6028 14648 13281 121 -2954 END
START 2352 6000 14668 13207 7 -2830 END
START 2532 6064 14844 13138 -49 -2698 END
START 2624 6220 14892 13011 -108 -2590 END
START 2488 6544 14736 12814 -143 -2457 END
START 2776 6696 14756 12756 -145 -2333 END
START 2820 6844 14912 12533 -125 -2186 END
START 3008 7012 14680 12240 -113 -2067 END
START 3336 7056 14684 12357 -44 -1919 END
START 3508 7296 14696 12053 55 -1737 END
START 3632 7452 14380 11887 154 -1552 END
START 3892 7476 14644 11492 275 -1312 END
START 4252 7736 14368 11240 433 -1040 END
START 4392 7880 14352 11028 627 -780 END
START 4476 7936 14200 10817 856 -429 END
START 4692 8032 14396 10633 1141 -83 END
START 4884 8228 14356 10484 1431 326 END
START 4760 8388 14484 10332 1696 734 END
START 4876 8496 14700 10212 1915 1184 END
START 4848 8532 14816 10077 2190 1641 END
START 4848 8476 15052 9984 2375 2076 END
START 4864 8672 15168 9818 2552 2561 END
START 4936 8576 15488 9700 2683 2965 END
START 4828 8484 15864 9552 2832 3403 END
START 4608 8620 15968 9415 2980 3819 END
START 4648 8448 16148 9250 3008 4226 END
START 4588 8480 16516 9110 3003 4571 END
START 4480 8536 16580 8919 3015 4887 END
START 4572 8456 16600 8791 2946 5195 END
START 4460 8584 16784 8591 2900 5562 END
START 4620 8576 16736 8432 2922 5822 END
START 4576 8772 16512 8194 2901 6142 END
START 4528 8820 16688 7998 2953 6409 END
START 4380 9048 16756 7787 2951 6719 END
START 4244 9076 16804 7576 2911 7019 END
START 4164 9156 16892 7347 2831 7316 END
START 4212 9284 16968 7151 2816 7621 END
START 4108 9260 16892 6973 2770 7953 END
START 4064 9240 16920 6811 2841 8294 END
START 4096 9144 16728 6655 2947 8575 END
START 4148 9184 16636 6501 3045 8889 END
START 4152 9244 16568 6360 3214 9126 END
START 4184 9240 16524 6191 3456 9368 END
START 4172 9272 16780 5990 3687 9659 END
START 4180 9432 16964 5806 3871 9959 END
START 4188 9496 17204 5583 4213 10331 END
START 4212 9732 17204 5355 4462 10731 END
START 4028 10028 17468 5089 4688 11175 END
START 4220 10060 17908 4831 4962 11626 END
START 4188 9996 18056 4503 5202 12235 END
START 4352 10112 18332 4156 5473 12523 END
START 4396 9836 18336 3770 5743 13079 END
START 4420 9736 18576 3478 5974 13746 END
START 4452 9620 18732 3052 6184 14277 END
START 4356 9452 18932 2704 6363 14818 END
START 4144 9388 19156 2334 6489 15317 END
START 4184 9596 19212 1958 6586 15840 END
START 3936 9676 19376 1624 6654 16316 END
START 3748 9636 19644 1271 6635 16826 END
START 3368 9480 19592 947 6496 17357 END
START 3200 9492 19828 678 6379 17881 END
START 2788 9400 19748 426 6150 18338 END
START 2596 9248 19820 244 5963 18764 END
START 2224 9072 19916 90 5773 19161 END
START 2004 8892 19556 -39 5571 19483 END
START 1612 8640 19624 -129 5441 19694 END
START 1052 8388 19412 -170 5330 19817 END
START 548 8188 19316 -232 5263 19891 END
START 52 7896 19300 -256 5218 19922 END
START -388 7792 19432 -289 5173 19920 END
START -772 7540 19464 -346 5087 19840 END
START -1288 7252 19600 -390 5029 19740 END
START -1564 7060 19584 -463 5010 19541 END
START -1788 6908 19528 -584 5003 19339 END
START -1972 6604 19468 -716 5048 19038 END
START -2172 6264 19628 -877 5028 18745 END
START -2532 6128 19344 -1026 5079 18378 END
START -2552 5896 19452 -1211 5054 17991 END
START -2928 5696 19344 -1366 4977 17578 END
START -2852 5540 19236 -1479 4878 17235 END
START -2860 5532 19056 -1541 4778 16866 END
START -2796 5568 19160 -1582 4735 16497 END
START -2868 5584 18868 -1558 4668 16264 END
START -2668 5468 18672 -1562 4623 15999 END
START -2628 5396 18540 -1482 4555 15777 END
START -2528 5372 18620 -1422 4514 15588 END
START -2456 5452 18424 -1363 4451 15408 END
START -2376 5520 18456 -1293 4356 15204 END
START -2312 5632 18336 -1228 4286 15085 END
START -2376 5732 18372 -1133 4155 14972 END
START -2216 5672 18296 -1059 4033 14910 END
START -2188 5544 18464 -940 3922 14837 END
START -1976 5352 18584 -809 3781 14796 END
START -1912 5344 18348 -666 3725 14837 END
START -1992 5452 18556 -538 3641 14799 END
START -2036 5600 18572 -412 3552 14726 END
START -2172 5692 18724 -347 3454 14665 END
START -2320 5928 18952 -273 3299 14597 END
START -2384 6052 18888 -272 3145 14536 END
START -2612 6120 19196 -336 2907 14486 END
START -2628 5960 19296 -337 2750 14495 END
START -2812 6108 19224 -429 2509 14452 END
START -2996 6056 19408 -471 2284 14430 END
START -3224 6088 19560 -519 2029 14342 END
START -3408 5976 19536 -571 1791 14212 END
START -3568 5892 19660 -624 1529 14153 END
START -3768 5596 19780 -664 1233 13986 END
START -3800 5388 19704 -732 921 13800 END
START -4000 5340 19468 -840 607 13592 END
START -4204 5240 19352 -899 259 13378 END
START -4260 5068 19224 -1053 -33 13064 END
START -4148 4980 18744 -1136 -265 12805 END
START -4140 4764 18504 -1227 -445 12584 END
START -4144 4780 18076 -1321 -640 12165 END
START -4156 4740 17876 -1409 -736 11886 END
START -4056 4844 17408 -1436 -795 11578 END
START -3948 4892 17152 -1527 -853 11321 END
START -3860 4892 16896 -1567 -835 11040 END
START -3856 4892 16532 -1642 -831 10770 END
START -3612 4848 16336 -1686 -783 10469 END
START -3524 4732 15792 -1727 -795 10228 END
START -3400 4844 15512 -1713 -682 9977 END
START -3284 4976 15180 -1669 -557 9773 END
START -3052 5196 14972 -1620 -379 9591 END
START -3184 5300 14620 -1590 -194 9478 END
START -2948 5508 14380 -1494 22 9325 END
START -2904 5564 14128 -1458 291 9270 END
START -2880 5744 13976 -1399 522 9227 END
START -2812 5956 13744 -1420 822 9185 END
START -2800 6040 13544 -1355 1141 9183 END
START -2828 6276 13564 -1321 1450 9172 END
START -2804 6484 13440 -1233 1717 9250 END
START -3136 6440 13472 -1136 1976 9292 END
START -3260 6452 13592 -1054 2192 9352 END
START -3376 6400 13996 -877 2373 9467 END
START -3652 6244 13992 -619 2488 9536 END
START -3980 6276 14164 -319 2425 9603 END
START -4152 6400 14264 -80 2386 9639 END
START -4204 6448 14644 112 2254 9658 END
START -4384 6428 14760 269 2126 9631 END
START -4580 6096 14956 324 1826 9608 END
START -4708 5764 14800 357 1615 9511 END
START -4800 5716 14920 395 1360 9395 END
START -4956 5504 14844 416 1147 9274 END
START -5148 5256 14780 445 927 9098 END
START -5172 4988 14532 433 818 8924 END
START -5220 4856 14504 442 750 8659 END
START -5316 4680 14124 416 725 8427 END
START -5488 4744 13988 372 737 8138 END
START -5616 4652 13888 260 753 7837 END
START -5672 4808 13660 142 772 7503 END
START -5680 4704 13476 -35 807 7169 END
START -5660 4560 13196 -218 920 6827 END
START -5604 4528 12892 -409 1046 6510 END
START -5728 4492 12564 -583 1201 6182 END
START -5808 4648 12364 -688 1395 5871 END
START -5732 4632 12064 -794 1600 5565 END
START -5708 4576 11900 -842 1779 5310 END
START -5936 4644 11636 -832 1973 4986 END
START -5960 4752 11780 -757 2130 4737 END
START -5948 4604 11732 -732 2237 4460 END
START -6172 4616 11588 -566 2325 4175 END
START -6096 4572 11544 -471 2282 3926 END
START -6208 4508 11356 -290 2283 3699 END
START -6108 4556 11316 -99 2278 3436 END
START -6092 4544 11276 93 2268 3196 END
START -6000 4856 11008 338 2293 2923 END
START -6068 4784 11040 600 2318 2697 END
START -5868 4960 10876 879 2321 2492 END
START -5860 5004 11080 1139 2379 2285 END
START -5888 5024 11144 1424 2346 2091 END
START -5872 5080 11324 1695 2344 1927 END
START -5880 5248 11496 1970 2275 1796 END
START -5848 5136 11584 2192 2184 1640 END
START -5812 5228 11752 2395 2015 1413 END
START -5744 5084 12100 2527 1834 1238 END
START -5708 5172 12348 2662 1616 1010 END
START -5732 5104 12416 2739 1354 806 END
START -5612 5128 12688 2803 1070 648 END
START -5508 5100 12692 2813 794 453 END
START -5324 5084 12796 2858 505 289 END
START -5360 5096 12728 2861 264 81 END
START -5340 5028 12836 2847 20 -113 END
START -5212 4932 12964 2861 -191 -340 END
START -5028 4940 12536 2828 -380 -570 END
START -5028 4928 12408 2814 -439 -815 END
START -4868 4780 12452 2753 -535 -1085 END
START -4772 4896 12196 2730 -618 -1403 END
START -4700 4888 12136 2650 -614 -1645 END
START -4388 4940 11972 2561 -600 -1938 END
START -4288 4940 11848 2486 -517 -2174 END
START -4132 4952 11608 2371 -458 -2403 END
START -3928 4908 11516 2267 -304 -2625 END
START -3708 4952 11364 2143 -104 -2812 END
START -3512 5128 11168 2010 124 -2977 END
START -3340 5284 10792 1884 470 -3159 END
START -3244 5388 10716 1768 873 -3328 END
START -3104 5440 10548 1651 1169 -3475 END
START -3356 5408 10664 1620 1520 -3595 END
START -3240 5344 10596 1612 1797 -3723 END
START -3404 5332 10680 1673 2041 -3896 END
START -3356 5264 10804 1786 2212 -4049 END
START -3432 5092 11048 1972 2353 -4210 END
START -3392 4992 11268 2211 2436 -4428 END
START -3400 5108 11672 2463 2449 -4583 END
START -3540 5412 11800 2697 2405 -4825 END
START -3720 5708 12156 2957 2210 -4980 END
START -3748 5652 12356 3154 1991 -5178 END
START -3832 5460 12748 3463 1722 -5295 END
START -3756 5680 13080 3720 1507 -5497 END
START -3868 5896 13104 4016 1279 -5635 END
START -3612 5976 13492 4308 1072 -5800 END
START -3520 6028 13560 4567 874 -5939 END
START -3244 6072 13776 4805 673 -6113 END
START -3364 6096 13936 4936 504 -6272 END
START -3284 6364 14336 5105 324 -6391 END
START -3284 6460 14560 5165 125 -6537 END
START -3172 6500 14768 5175 -80 -6591 END
START -3076 6452 14836 5165 -244 -6713 END
START -3032 6528 15068 5127 -403 -6795 END
START -2772 6552 15220 5078 -580 -6922 END
START -2840 6604 15248 5018 -749 -7054 END
START -2708 6508 15120 4920 -870 -7213 END
START -2288 6640 15176 4855 -883 -7345 END
START -2092 6768 15084 4833 -825 -7445 END
START -1820 6980 14936 4732 -717 -7506 END
START -1760 7088 15084 4697 -524 -7510 END
START -1616 7168 15148 4579 -343 -7515 END
START -1584 7288 15308 4421 -110 -7452 END
START -1464 7376 15288 4248 124 -7399 END
START -1640 7432 15352 4052 326 -7347 END
START -1368 7416 15628 3846 584 -7280 END
START -1480 7348 15720 3595 771 -7315 END
START -1544 7308 15900 3369 1025 -7314 END
START -1408 7204 15984 3183 1180 -7385 END
START -1460 7140 16176 2988 1303 -7419 END
START -1564 7192 16392 2827 1478 -7478 END
START -1652 7092 16704 2734 1539 -7475 END
START -1668 7132 16860 2627 1624 -7530 END
START -1640 7212 16932 2566 1589 -7566 END
START -1760 7116 17252 2482 1604 -7628 END
START -1700 7032 17184 2471 1629 -7649 END
START -1480 7008 17172 2433 1617 -7716 END
START -1640 7088 17236 2408 1670 -7772 END
START -1700 7004 17468 2415 1675 -7817 END
START -1680 7180 17580 2345 1775 -7867 END
START -1668 7340 17504 2322 1818 -7900 END
START -1684 7360 17824 2232 1904 -7938 END
START -1664 7308 17948 2129 1973 -7943 END
START -1776 7312 18008 2022 2085 -7940 END
START -1708 7312 18292 1882 2155 -7967 END
START -1772 7372 18384 1729 2285 -7995 END
START -1696 7404 18608 1551 2363 -8027 END
START -1680 7300 19020 1350 2474 -8067 END
START -1660 7436 19064 1173 2504 -8053 END
START -1836 7508 19616 997 2474 -8075 END
START -1868 7596 19732 829 2466 -8058 END
START -1848 7672 19924 605 2376 -7998 END
START -1732 7688 20056 434 2329 -7970 END
START -1644 7632 20124 228 2287 -7892 END
START -1432 7708 20312 8 2302 -7837 END
START -1352 7800 20388 -237 2333 -7781 END
START -1236 7956 20300 -540 2345 -7727 END
START -1140 8156 20412 -846 2420 -7637 END
START -996 8144 20320 -1158 2492 -7522 END
START -808 8256 20356 -1508 2568 -7393 END
START -736 8104 20144 -1861 2758 -7255 END
START -624 8296 20376 -2175 2922 -7109 END
START -588 8228 20432 -2502 3123 -6990 END
START -488 8112 20544 -2835 3357 -6883 END
START -584 8132 20596 -3155 3618 -6753 END
START -532 8096 20816 -3520 3735 -6683 END
START -716 8016 20924 -3837 3899 -6535 END
START -616 7868 21120 -4190 3987 -6484 END
START -792 7756 21316 -4543 3996 -6365 END
START -980 7636 21424 -4870 4044 -6287 END
START -1076 7552 21592 -5164 4003 -6229 END
START -1240 7432 21600 -5432 4007 -6162 END
START -1324 7320 21840 -5669 3961 -6171 END
START -1540 7268 21872 -5871 3917 -6171 END
START -1492 7044 21788 -6097 3856 -6176 END
START -1456 6972 21560 -6317 3844 -6212 END
START -1488 6848 21556 -6541 3890 -6300 END
START -1540 6856 21400 -6794 3949 -6381 END
START -1484 6864 21236 -7088 4125 -6417 END
START -1416 6820 20920 -7354 4310 -6469 END
START -1472 7012 20724 -7624 4530 -6521 END
START -1520 6972 20608 -7979 4847 -6561 END
START -1412 7100 20552 -8249 5081 -6568 END
START -1228 6992 20656 -8504 5252 -6552 END
START -1284 6920 20736 -8804 5415 -6535 END
START -1272 6860 20744 -9075 5502 -6479 END
START -1136 6856 20816 -9359 5572 -6381 END
START -1152 6596 21096 -9574 5561 -6278 END
START -1104 6612 20952 -9831 5507 -6181 END
START -1172 6396 21256 -10079 5416 -6092 END
START -1176 6268 21468 -10302 5158 -6044 END
START -1384 6108 21600 -10508 4821 -5996 END
START -1280 5972 21472 -10666 4446 -5935 END
START -1364 5984 21288 -10815 4049 -5824 END
START -1396 6048 21160 -10904 3667 -5732 END
START -1400 6036 21096 -10968 3268 -5573 END
START -1624 6116 21072 -10961 2829 -5466 END
START -1704 6148 20980 -10980 2406 -5279 END
START -1812 6036 20732 -10974 2018 -5154 END
START -1808 5892 20372 -10959 1669 -5051 END
START -1912 5748 20104 -10944 1444 -4927 END
START -1852 5644 19752 -10902 1277 -4814 END
START -1952 5624 19468 -10910 1232 -4720 END
START -2284 5444 19264 -10863 1199 -4630 END
START -2520 5256 19348 -10890 1238 -4566 END
START -2768 4952 19468 -10899 1196 -4535 END
START -3204 4832 19516 -10942 1201 -4519 END
START -3520 4688 19536 -10992 1102 -4602 END
START -4000 4492 19548 -11088 952 -4695 END
START -4248 4176 19708 -11161 736 -4842 END
START -4488 3980 19616 -11281 521 -5051 END
START -4744 3724 19592 -11422 259 -5252 END
START -5152 3520 19428 -11540 -1 -5477 END
START -5408 3284 19524 -11702 -262 -5739 END
START -5700 3220 19304 -11790 -605 -6041 END
START -5928 3148 19180 -11957 -863 -6396 END
START -6068 2908 19036 -12154 -1190 -6781 END
START -6232 2920 19008 -12318 -1521 -7213 END
START -6352 2888 18704 -12497 -1802 -7634 END
START -6344 2824 18472 -12682 -2142 -8062 END
START -6292 2952 18068 -12898 -2433 -8469 END
START -6160 2980 17812 -13003 -2716 -8811 END
START -6136 2976 17624 -13158 -2960 -9129 END
START -5988 2976 17340 -13219 -3296 -9411 END
START -6152 3072 17204 -13276 -3629 -9659 END
START -6176 3240 16824 -13189 -4075 -9859 END
START -6424 3320 16512 -13126 -4465 -10046 END
START -6464 3320 16324 -12959 -4953 -10155 END
START -6408 3180 15908 -12733 -5436 -10274 END
START -6452 2804 15524 -12465 -5854 -10382 END
START -6492 2640 15188 -12143 -6268 -10562 END
START -6716 2444 14888 -11718 -6734 -10728 END
START -7012 2240 14720 -11348 -7076 -10920 END
START -7368 2084 14276 -10897 -7493 -11206 END
START -7548 1812 13960 -10550 -7870 -11465 END
START -7764 1692 13952 -10208 -8217 -11795 END
START -8012 1580 13352 -9906 -8582 -12152 END
START -7968 1516 13168 -9669 -8803 -12582 END
START -8152 1256 13020 -9488 -9062 -12980 END
START -8220 1400 12620 -9275 -9260 -13383 END
START -8112 1376 12312 -9108 -9359 -13799 END
START -8124 1240 11644 -8926 -9471 -14202 END
START -8008 1300 11440 -8710 -9502 -14611 END
START -7880 1004 10900 -8466 -9527 -15018 END
START -7904 1100 10556 -8163 -9533 -15453 END
START -7876 1284 10228 -7833 -9568 -15905 END
START -7848 1416 10220 -7423 -9643 -16312 END
START -7744 1656 10076 -7005 -9783 -16682 END
START -7648 1676 9824 -6459 -10009 -17048 END
START -7596 1660 9684 -5892 -10221 -17345 END
START -7476 1672 9436 -5318 -10504 -17616 END
START -7368 1800 9332 -4685 -10769 -17877 END
START -7296 2012 9332 -4038 -11081 -18137 END
START -7228 1956 9296 -3418 -11463 -18376 END
START -7248 1804 9228 -2807 -11818 -18629 END
START -7320 1696 9220 -2224 -12269 -18891 END
START -7252 1536 9020 -1646 -12603 -19233 END
START -7232 1628 8880 -1117 -12949 -19563 END
START -7124 1692 8600 -619 -13290 -19949 END
START -7092 1800 8588 -177 -13594 -20382 END
START -6984 1908 8524 212 -13850 -20814 END
START -6812 2052 8220 570 -14140 -21196 END
START -6596 2448 8048 926 -14314 -21608 END
START -6204 2940 7756 1312 -14510 -21938 END
START -5992 3252 7732 1629 -14642 -22170 END
START -5736 3596 7628 1942 -14744 -22357 END
START -5388 3880 7464 2290 -14854 -22488 END
START -5280 4112 7424 2601 -14953 -22547 END
START -4800 3948 7240 2918 -14992 -22596 END
START -4364 3616 7128 3260 -15047 -22565 END
START -4012 3588 6940 3608 -14999 -22602 END
START -3600 3500 6800 4006 -14872 -22596 END
START -3336 3768 6628 4423 -14781 -22603 END
START -3152 4072 6660 4873 -14635 -22581 END
START -3084 4072 6672 5254 -14514 -22546 END
START -2800 4504 6564 5670 -14401 -22468 END
START -2516 4604 6712 6033 -14290 -22356 END
START -2412 4740 6680 6359 -14212 -22215 END
START -2120 4836 6748 6591 -14120 -22041 END
START -2048 4968 6740 6776 -14074 -21881 END
START -1812 5072 6728 6958 -14006 -21778 END
START -1720 5152 6688 7092 -13944 -21669 END
START -1692 5260 6312 7263 -13843 -21561 END
START -1240 5352 6056 7416 -13659 -21514 END
START -900 5592 5768 7651 -13327 -21477 END
START -680 5632 5756 7816 -13018 -21429 END
START -600 5664 5764 8068 -12713 -21382 END
START -476 5760 5860 8300 -12323 -21298 END
START -316 5956 5864 8533 -12065 -21236 END
START -260 5968 6152 8764 -11758 -21202 END
START -28 5940 6036 9006 -11484 -21170 END
START 328 6032 6116 9159 -11182 -21114 END
START 560 6084 6220 9372 -10803 -21044 END
START 860 6308 6092 9598 -10479 -20951 END
START 1340 6696 5764 9791 -10042 -20816 END
START 1780 7016 5612 9910 -9477 -20710 END
START 2184 7328 5680 9960 -8878 -20541 END
START 2500 7400 5892 9999 -8253 -20351 END
START 2704 7392 6188 9951 -7658 -20033 END
START 2864 7604 6476 9914 -7143 -19623 END
START 3200 7900 6780 9850 -6685 -19169 END
START 3424 8060 7216 9797 -6324 -18619 END
START 3744 8028 7604 9734 -6011 -18048 END
START 4176 7924 7984 9637 -5635 -17445 END
START 4520 7824 8364 9586 -5326 -16831 END
START 4764 7624 8804 9473 -5031 -16296 END
START 4916 7600 9328 9332 -4723 -15640 END
START 5048 7540 9736 9144 -4440 -15082 END
START 5368 7404 10384 8876 -4101 -14486 END
START 5404 7448 10740 8532 -3816 -13861 END
START 5412 7480 11188 8130 -3447 -13284 END
START 5560 7580 11660 7688 -3130 -12731 END
START 5488 7336 12056 7176 -2810 -12202 END
START 5596 7408 12308 6597 -2441 -11648 END
START 5592 7444 12588 6110 -2106 -11153 END
START 5636 7524 12856 5575 -1796 -10666 END
START 5404 7660 13136 5065 -1431 -10188 END
START 4880 7628 13552 4662 -1149 -9726 END
START 4424 7544 13944 4298 -953 -9298 END
START 4052 7388 14436 4068 -816 -8916 END
START 3916 7304 14464 3891 -801 -8641 END
START 3536 6884 14852 3793 -782 -8371 END
START 3296 6640 15052 3796 -833 -8178 END
START 3100 6432 15316 3825 -883 -8080 END
START 3020 6440 15688 3918 -1023 -8054 END
START 2880 6392 15756 3987 -1139 -8023 END
START 2976 6476 15796 4010 -1347 -8014 END
START 3304 6752 15848 4068 -1496 -7921 END
START 3704 6776 15960 4071 -1655 -7800 END
START 4252 6932 16016 4051 -1797 -7569 END
START 4512 7136 16012 4059 -1945 -7263 END
START 4928 7276 16068 4018 -1967 -6901 END
START 5444 7332 16040 3967 -2028 -6511 END
START 5716 7492 16072 3956 -2004 -6070 END
START 6204 7696 15956 3807 -1850 -5585 END
START 6504 7716 15984 3659 -1746 -5168 END
START 6696 7848 15968 3487 -1558 -4653 END
START 6964 8124 16244 3147 -1341 -4153 END
START 7156 8280 16252 2831 -1117 -3646 END
START 7236 8464 16252 2459 -882 -3090 END
START 7444 8352 16504 2032 -689 -2534 END
START 7572 8100 16740 1630 -507 -1996 END
START 7752 7896 16792 1215 -271 -1398 END
START 7668 7988 16580 850 -53 -858 END
START 7556 8268 16708 542 157 -333 END
START 7516 8408 16620 233 365 133 END
START 7288 8464 16824 -88 524 647 END
START 7040 8544 16756 -426 620 1103 END
START 6920 8372 16696 -766 698 1617 END
START 6848 8028 16588 -1067 775 2049 END
START 6684 7724 16560 -1363 808 2507 END
START 6416 7576 16508 -1551 831 2886 END
START 6344 7500 16472 -1711 854 3230 END
START 6096 7504 16324 -1845 951 3556 END
START 5960 7464 16476 -1924 864 3833 END
START 5700 7348 16272 -2007 950 4157 END
START 5668 7344 16172 -2064 978 4448 END
START 5504 7216 16052 -2150 1014 4688 END
START 5416 7232 15712 -2238 1086 4907 END
START 5272 7228 15604 -2321 1217 5125 END
START 5080 7120 15452 -2396 1320 5313 END
START 5192 7000 15284 -2449 1443 5501 END
START 5160 6944 15168 -2444 1617 5665 END
START 5160 6920 15080 -2441 1801 5840 END
START 5184 6904 15004 -2408 2025 6014 END
START 5204 6752 14916 -2318 2215 6112 END
START 5172 6680 15088 -2301 2450 6280 END
START 5068 6824 15004 -2205 2620 6422 END
START 4996 7024 15136 -2155 2795 6559 END
START 5140 6952 15228 -2116 2908 6715 END
START 5328 6968 15152 -2094 3081 6950 END
START 5472 7024 15212 -2120 3235 7157 END
START 5764 7016 15224 -2192 3411 7383 END
START 6000 7096 15176 -2290 3594 7678 END
START 6248 7252 15152 -2426 3820 8014 END
START 6624 7212 14976 -2626 4114 8392 END
START 6736 7424 14900 -2849 4485 8773 END
START 6760 7524 14924 -3105 4846 9204 END
START 6976 7640 14632 -3437 5246 9634 END
START 7156 7828 14700 -3779 5736 10136 END
START 7068 7884 14840 -4131 6169 10658 END
START 7220 7956 14780 -4549 6622 11217 END
START 7040 7952 14572 -4936 7040 11758 END
START 7004 7872 14580 -5364 7476 12374 END
START 6972 7808 14612 -5700 7852 12724 END
START 6964 7736 14408 -6080 8333 13182 END
START 6704 7712 14244 -6444 8754 13810 END
START 6492 7632 14220 -6822 9217 14298 END
START 6320 7516 14060 -7133 9575 14723 END
START 5912 7444 14140 -7486 9825 15133 END
START 5616 7400 14024 -7710 10104 15581 END
START 5096 7228 14064 -7902 10160 16016 END
START 4736 6896 13976 -8023 10223 16415 END
START 4380 6580 13992 -8016 10128 16818 END
START 4144 6244 14104 -7965 10079 17179 END
START 3816 6268 13716 -7824 10025 17473 END
START 3488 6468 13596 -7676 10014 17763 END
START 3192 6528 13368 -7456 9968 18012 END
START 2916 6456 13332 -7272 9924 18331 END
START 2508 6320 13364 -7110 9845 18641 END
START 1944 6124 13236 -6913 9659 18967 END
START 1760 6100 13348 -6740 9469 19355 END
START 1432 6076 13300 -6541 9274 19608 END
START 1200 5920 13284 -6337 9115 19846 END
START 904 5584 13064 -6123 8954 20045 END
START 764 5360 12748 -5955 8899 20184 END
START 644 5024 12336 -5768 8879 20260 END
START 468 4948 12196 -5619 9038 20265 END
START 188 4808 11816 -5474 9234 20239 END
START 120 4720 11668 -5374 9445 20187 END
START 36 4588 11588 -5297 9738 20136 END
START -172 4468 11384 -5219 10028 20086 END
START -388 4480 11332 -5201 10278 20060 END
START -588 4432 11044 -5192 10570 19999 END
START -636 4392 10880 -5199 10893 19927 END
START -744 4404 10544 -5213 11250 19890 END
START -820 4356 10476 -5267 11718 19803 END
START -812 4344 9988 -5255 12202 19800 END
START -816 4380 9944 -5325 12650 19748 END
START -820 4580 9588 -5372 13298 19765 END
START -720 4524 9284 -5430 13946 19847 END
START -652 4596 9288 -5471 14621 19908 END
START -760 4644 9152 -5529 15246 20068 END
START -796 4608 9172 -5545 15780 20194 END
START -1052 4604 9484 -5528 16174 20380 END
START -1356 4708 9492 -5481 16319 20588 END
START -1568 4636 9880 -5282 16244 20777 END
START -2024 4560 9976 -5020 15998 20950 END
START -2340 4188 10152 -4610 15522 21074 END
START -2668 3852 10236 -4079 14883 21200 END
START -3024 3544 10340 -3364 14268 21218 END
START -3416 3432 10332 -2497 13312 21222 END
START -3836 3300 10216 -1606 12672 21164 END
START -4212 3148 10452 -682 12067 21107 END
START -4552 3020 10496 254 11328 20997 END
START -4800 2852 10576 1137 10674 20918 END
START -5072 2808 10496 1908 10128 20722 END
START -5208 2572 10352 2582 9733 20494 END
START -5296 2468 10572 3056 9429 20194 END
START -5504 2412 10748 3423 9349 19823 END
START -5644 2240 10760 3623 9339 19368 END
START -5772 2152 10712 3619 9480 18858 END
START -5648 1988 10836 3517 9708 18388 END
START -5628 2016 10848 3293 10080 17825 END
START -5516 2064 10916 2969 10482 17303 END
START -5372 2376 10824 2587 11058 16830 END
START -5172 2608 10892 2185 11578 16429 END
START -5024 2788 10876 1692 12238 16111 END
START -4904 2960 10788 1275 12883 15830 END
START -4840 3236 11008 781 13297 15564 END
START -4712 3388 10928 403 13685 15398 END
START -4692 3624 11000 66 14164 15285 END
START -4376 3800 11212 -216 14543 15213 END
START -4536 3736 11120 -371 14826 15233 END
START -4548 3968 11316 -463 14874 15316 END
START -4528 4220 11336 -415 14816 15407 END
START -4620 4360 11608 -335 14591 15567 END
START -4636 4436 11608 -50 14193 15743 END
START -4776 4544 11660 267 13779 15986 END
START -4824 4828 11456 721 13038 16328 END
START -4964 4848 11528 1296 12785 16701 END
START -5128 5168 11656 1899 12138 17083 END
START -5196 5260 11632 2545 11510 17490 END
START -5420 5264 11744 3192 10798 17884 END
START -5484 5244 11700 3800 10123 18219 END
START -5736 5152 11808 4391 9462 18477 END
START -6020 4952 11964 4940 8804 18702 END
START -6360 4688 12144 5417 8201 18865 END
START -6736 4464 12384 5842 7629 18913 END
START -7212 3952 12540 6112 7065 18904 END
START -7660 3624 12860 6392 6447 18753 END
START -7956 3332 12736 6561 5948 18504 END
START -8012 2980 12788 6613 5512 18193 END
START -8120 2880 12520 6657 5205 17784 END
START -8180 2804 12344 6640 4930 17327 END
START -8160 2844 12240 6526 4826 16879 END
START -8220 2720 11992 6416 4828 16476 END
START -8160 2756 11604 6277 4932 16004 END
START -8144 2780 11404 6101 5118 15572 END
START -8204 2940 11200 5990 5303 15112 END
START -8244 3232 10904 5858 5728 14706 END
START -8256 3564 10720 5762 6136 14333 END
START -8308 3652 10724 5702 6598 14053 END
START -8292 3908 10496 5627 7012 13754 END
START -8408 4024 10440 5580 7469 13477 END
START -8332 4320 10500 5581 7863 13233 END
START -8372 4544 10404 5587 8238 13023 END
START -8516 4640 10768 5642 8500 12667 END
START -8548 4668 10964 5723 8627 12648 END
START -8664 4660 11464 5825 8636 12663 END
START -8860 4696 11748 6024 8471 12498 END
START -8972 4740 12112 6166 8188 12293 END
START -9144 4764 12508 6394 7829 12099 END
START -9300 4932 12496 6615 7399 11875 END
START -9316 4744 12796 6926 6908 11693 END
START -9332 4692 12828 7190 6390 11508 END
START -9524 4420 13112 7464 5819 11346 END
START -9584 4388 13052 7743 5280 11110 END
START -9620 4324 13116 7910 4755 10923 END
START -9728 4236 13080 8143 4270 10689 END
START -9876 4224 12996 8225 3704 10408 END
START -9988 4072 12824 8307 3315 10071 END
START -10164 4004 12684 8411 2871 9741 END
START -10112 3924 12484 8522 2552 9315 END
START -9992 3612 12340 8657 2301 8896 END
START -10064 3712 12140 8775 2075 8482 END
START -10352 3636 12004 8945 1895 8051 END
START -10344 3540 11908 9032 1778 7581 END
START -10720 3676 11604 9187 1689 7134 END
START -10820 3616 11504 9339 1658 6557 END
START -10952 3380 11448 9451 1648 6009 END
START -11336 3220 11536 9557 1669 5376 END
START -11588 3220 11592 9706 1701 4688 END
START -11840 3296 11736 9830 1762 3977 END
START -12132 3356 11956 9987 1797 3228 END
START -12364 3216 12192 10104 1782 2466 END
START -12608 3336 12600 10211 1678 1652 END
START -12664 3132 12944 10321 1577 854 END
START -12636 3356 13444 10416 1321 112 END
START -12740 3452 13888 10473 995 -691 END
START -12848 3524 14336 10520 526 -1455 END
START -12816 3576 14944 10530 -80 -2144 END
START -12724 3572 15128 10540 -806 -2825 END
START -12568 3740 15284 10511 -1556 -3457 END
START -12284 3984 15336 10491 -2397 -4068 END
START -12164 4172 15252 10470 -3194 -4650 END
START -11816 4284 15072 10448 -3917 -5199 END
START -11540 4508 14860 10429 -4639 -5702 END
START -11160 4760 14648 10344 -5245 -6165 END
START -10960 5028 14324 10280 -5829 -6548 END
START -10512 5076 13844 10215 -6334 -6950 END
START -10140 5120 13744 10101 -6798 -7331 END
START -9880 5176 13264 10021 -7126 -7657 END
START -9416 5288 12832 9902 -7416 -8004 END
START -9084 5452 12472 9881 -7616 -8345 END
START -8752 5444 12000 9850 -7669 -8671 END
START -8576 5776 11468 9850 -7654 -8933 END
START -8260 5840 11084 9930 -7554 -9177 END
START -8240 5968 10908 10023 -7328 -9375 END
START -8120 6136 10940 10224 -7035 -9618 END
START -8144 6188 10456 10438 -6618 -9813 END
START -8212 6340 10248 10690 -6165 -10016 END
START -8220 6364 10264 11054 -5643 -10283 END
START -8420 6328 10620 11294 -5112 -10545 END
START -8692 6416 10992 11628 -4749 -10867 END
START -9080 6396 11728 11844 -4502 -11236 END
START -9404 6292 12536 12106 -4407 -11664 END
START -9644 6252 13168 12153 -4498 -12102 END
START -9772 6264 13820 12462 -4763 -12623 END
START -9932 6184 14580 12534 -5013 -13121 END
START -9876 6204 15184 12767 -5436 -13594 END
START -9876 6044 15936 12739 -5941 -14077 END
START -9724 6320 16344 12620 -6464 -14538 END
START -9484 6420 16796 12446 -7078 -14969 END
START -9076 6668 16968 12476 -7629 -15371 END
START -8652 6864 17092 11968 -8192 -15704 END
START -8184 7124 17112 11955 -8555 -15950 END
START -7740 7580 16980 11422 -8854 -16183 END
START -7340 8244 16796 11062 -9007 -16318 END
START -6864 8856 16564 10607 -9098 -16417 END
START -5952 9504 16152 10072 -8945 -16371 END
START -5644 9920 16184 9543 -8741 -16262 END
START -5384 10312 16252 9014 -8520 -16040 END
START -4992 10588 16272 8428 -8181 -15788 END
START -4576 10552 16356 7909 -7895 -15493 END
START -4184 10588 16252 7374 -7518 -15180 END
START -4072 10724 16384 6840 -7136 -14861 END
START -3908 10764 16416 6305 -6831 -14526 END
START -3836 10724 16724 5739 -6541 -14192 END
START -3808 10624 16588 5264 -6311 -13859 END
START -3912 10680 16740 4800 -6169 -13552 END
START -4044 10508 16884 4418 -6100 -13301 END
START -4324 10232 16948 4114 -6055 -13068 END
START -4564 9860 16984 3941 -6088 -12962 END
START -4636 9476 16988 3846 -6234 -12965 END
START -4784 9196 17052 3788 -6324 -13016 END
START -4864 8940 17028 3808 -6494 -13194 END
START -4848 8804 17160 3851 -6720 -13353 END
START -4856 8820 17188 3894 -6976 -13569 END
START -4784 8812 17052 3845 -7229 -13749 END
START -4720 8912 16964 3811 -7559 -13913 END
START -4600 9172 17064 3783 -7872 -14078 END
START -4340 9396 16736 3730 -8068 -14139 END
START -4020 9568 16488 3691 -8258 -14156 END
START -3772 9744 16564 3639 -8381 -14130 END
START -3608 9808 16360 3578 -8452 -14058 END
START -3220 10164 15920 3497 -8442 -13952 END
START -2964 10492 15784 3391 -8388 -13830 END
START -2672 10676 15800 3287 -8290 -13645 END
START -2512 10864 15788 3161 -8113 -13431 END
START -2308 10860 15836 3021 -7905 -13111 END
START -2124 11076 16180 2905 -7782 -12779 END
START -1996 11204 16264 2716 -7588 -12423 END
START -1920 11288 16628 2465 -7572 -12035 END
START -1924 11284 16780 2159 -7538 -11672 END
START -1800 11232 17120 1842 -7524 -11283 END
START -1676 11232 17324 1536 -7508 -10884 END
START -1772 11164 17584 1143 -7580 -10522 END
START -1736 11072 17416 808 -7672 -10198 END
START -1652 11024 17624 461 -7792 -9909 END
START -1704 10644 17612 134 -7913 -9622 END
START -1432 10364 17704 -204 -8077 -9420 END
START -1516 10104 17608 -498 -8289 -9161 END
START -1544 10104 17500 -787 -8496 -9050 END
START -1616 10212 17372 -1056 -8740 -8919 END
START -1532 10024 17096 -1300 -8966 -8811 END
START -1584 9924 17048 -1542 -9180 -8708 END
START -1504 9672 16620 -1799 -9426 -8639 END
START -1500 9344 16392 -1978 -9631 -8580 END
START -1368 8880 15928 -2134 -9829 -8499 END
START -1324 8620 15316 -2294 -9974 -8505 END
START -1476 9132 14448 -2381 -10133 -8537 END
START -1272 10084 13572 -2429 -10093 -8679 END
START -956 10600 12796 -2441 -9782 -8714 END
START -412 10728 12112 -2391 -9341 -8662 END
START -156 10612 11616 -2261 -8806 -8457 END
START -28 10616 11260 -2168 -8277 -8187 END
START 120 10784 11012 -2002 -7732 -7876 END
START 232 10964 11028 -1830 -7168 -7485 END
START 316 10948 10784 -1646 -6669 -7186 END
START 316 11036 10908 -1383 -6127 -6839 END
START 96 10748 11056 -1104 -5720 -6529 END
START 20 10596 11356 -795 -5389 -6181 END
START -72 10480 11820 -483 -5177 -5902 END
START -156 10372 12196 -186 -5087 -5603 END
START -480 10404 12572 100 -5146 -5313 END
START -480 10440 13116 392 -5327 -5027 END
START -664 10416 13452 671 -5594 -4753 END
START -580 10384 13700 929 -5985 -4427 END
START -608 10212 14164 1124 -6409 -4159 END
START -576 10196 14288 1333 -6832 -3850 END
START -440 10212 14424 1505 -7233 -3568 END
START -268 10088 14420 1622 -7583 -3248 END
START -224 10100 14356 1666 -7841 -2943 END
START -28 10104 14436 1665 -8073 -2643 END
START 164 10192 14204 1657 -8171 -2366 END
START 188 10232 14304 1503 -8252 -2063 END
START 144 10304 14212 1356 -8274 -1825 END
START 120 10356 14092 1150 -8271 -1519 END
START -48 10320 13980 955 -8177 -1262 END
START 108 10420 14040 702 -8093 -1014 END
START -68 10256 14004 472 -7937 -752 END
START -196 10084 14064 191 -7786 -512 END
START -328 10012 13928 -63 -7559 -335 END
START -592 9912 13864 -260 -7374 -122 END
START -660 9988 14100 -547 -7194 -15 END
START -916 9904 14084 -820 -7049 87 END
START -1124 9632 14212 -1069 -6963 131 END
START -1224 9688 14256 -1289 -6837 171 END
START -1492 9444 14368 -1499 -6770 183 END
START -1600 9344 14388 -1712 -6761 221 END
START -1936 9232 14408 -1875 -6825 192 END
START -2124 9228 14444 -2108 -6881 205 END