START -2844 -1552 8064 -3020 5158 1479 END
START -2952 -1164 3564 -3024 4304 969 END
START -2528 -2048 5252 -2888 4799 296 END
START -3920 -1980 7032 -2659 5047 -232 END
START -5112 -2440 7856 -2328 5117 -891 END
START -5876 -2592 8560 -1934 4880 -1523 END
START -6460 -2676 9020 -1490 4482 -2232 END
START -6516 -2536 8816 -1043 4218 -3051 END
START -6444 -2464 8780 -582 4008 -3993 END
START -6400 -2272 8616 -182 3952 -4871 END
START -6292 -2156 8468 194 3933 -5780 END
START -6268 -1936 8288 527 3964 -6618 END
START -6072 -1508 8444 869 4179 -7292 END
START -5648 -848 8160 1275 4525 -7834 END
START -5260 -272 8220 1612 4962 -8253 END
START -4756 312 8628 1905 5414 -8515 END
START -3924 776 9428 2098 5772 -8663 END
START -3324 1052 10016 2192 6115 -8707 END
START -2636 1576 11140 2145 6436 -8580 END
START -1644 2212 11852 1925 6613 -8278 END
START -788 2888 12472 1508 6872 -7813 END
START -108 3524 13304 922 7108 -7208 END
START 380 4108 13968 235 7267 -6443 END
START 644 4564 14724 -462 7425 -5577 END
START 704 4892 15148 -1138 7497 -4610 END
START 472 4748 15268 -1822 7420 -3531 END
START 188 4696 15312 -2411 7209 -2556 END
START -220 4412 15208 -2834 6869 -1587 END
START -892 4052 15172 -3090 6393 -757 END
START -1292 3616 14664 -3143 5842 -15 END
START -1552 3064 14524 -2976 5265 604 END
START -2060 2724 13964 -2606 4553 1185 END
START -2280 2464 13932 -2093 3761 1697 END
START -2700 2312 13988 -1550 2957 2204 END
START -3024 2192 13952 -958 2017 2613 END
START -3652 2132 14100 -347 1032 3033 END
START -3924 1820 13940 207 36 3339 END
START -4412 1532 13948 752 -905 3541 END
START -4588 1000 13712 1264 -1855 3666 END
START -4552 528 13456 1763 -2709 3609 END
START -4648 144 13128 2146 -3333 3435 END
START -4648 -152 12812 2536 -3846 3151 END
START -4708 -344 12516 2772 -4210 2818 END
START -4544 -272 12128 2947 -4477 2509 END
START -4384 -200 11696 3092 -4559 2174 END
START -4284 -164 11524 3152 -4449 1811 END
START -4196 -8 11400 3203 -4246 1561 END
START -3860 -20 11484 3181 -3992 1271 END
START -3752 92 11492 3046 -3682 982 END
START -3764 248 11536 2875 -3287 726 END
START -3364 312 11292 2529 -2928 469 END
START -3032 380 11008 2194 -2338 240 END
START -2872 688 10736 1768 -1688 -21 END
START -2716 672 10604 1387 -991 -216 END
START -2496 848 10644 992 -333 -379 END
START -2236 872 10608 645 370 -483 END
START -2080 944 10844 277 989 -620 END
START -1852 988 10980 -9 1488 -687 END
START -1784 948 10928 -207 1886 -713 END
START -1696 1080 10908 -434 2209 -689 END
START -1584 1012 11024 -595 2476 -660 END
START -1428 996 10804 -700 2724 -596 END
START -1292 1012 10784 -801 2928 -561 END
START -1296 788 10740 -879 3065 -492 END
START -1168 832 10716 -931 3109 -412 END
START -900 828 10936 -905 3076 -366 END
START -892 852 10792 -830 3038 -284 END
START -672 776 10788 -733 2934 -209 END
START -556 1000 10880 -635 2800 -132 END
START -472 984 10856 -522 2565 71 END
START -316 1016 10756 -386 2324 216 END
START -36 1240 10636 -232 2051 421 END
START 100 1420 10636 -40 1835 617 END
START 100 1588 10412 193 1614 849 END
START -16 1660 10448 457 1284 1098 END
START 36 1752 10640 735 921 1295 END
START 112 1704 10532 1018 553 1550 END
START 32 1800 10420 1350 102 1776 END
START -68 1940 10320 1700 -333 1956 END
START -136 1976 10220 2045 -787 2124 END
START 72 2024 9972 2407 -1153 2266 END
START 136 2156 9688 2706 -1441 2396 END
START 360 2320 9512 2978 -1662 2528 END
START 508 2840 9188 3213 -1793 2665 END
START 608 3140 8876 3361 -1755 2843 END
START 836 3584 8572 3487 -1734 3091 END
START 1060 3756 8312 3596 -1511 3381 END
START 1268 3968 8228 3690 -1251 3611 END
START 1376 4156 8180 3697 -978 3886 END
START 1200 4304 8108 3704 -731 4148 END
START 1236 4316 8136 3653 -444 4402 END
START 956 4288 8280 3659 -250 4578 END
START 720 4328 8196 3685 -28 4805 END
START 492 4248 8076 3756 134 4900 END
START 204 4172 8268 3844 262 4979 END
START -144 4248 8224 3921 370 5063 END
START -296 4348 8204 4049 494 5094 END
START -580 4488 8264 4182 574 5151 END
START -800 4404 8312 4269 628 5153 END
START -1004 4520 8532 4403 659 5198 END
START -1180 4612 8488 4484 657 5164 END
START -1388 4660 8640 4594 638 5176 END
START -1480 4640 8688 4714 624 5123 END
START -1664 4660 8648 4796 579 5077 END
START -1684 4580 8664 4861 572 5011 END
START -1720 4548 8624 4907 554 4897 END
START -1760 4516 8560 4983 472 4763 END
START -1940 4556 8632 4952 412 4589 END
START -1924 4576 8552 4983 320 4399 END
START -1896 4636 8584 4974 218 4228 END
START -1896 4728 8448 5054 122 4024 END
START -1700 4920 8484 5083 36 3909 END
START -1608 4904 8268 5127 -148 3704 END
START -1172 4936 8272 5223 -276 3552 END
START -980 5060 7828 5323 -384 3384 END
START -612 5248 7720 5447 -455 3241 END
START -104 5460 7476 5568 -446 3142 END
START 356 5796 7364 5747 -485 3096 END
START 620 6272 7040 5945 -391 3070 END
START 1032 6376 6828 6122 -355 3117 END
START 1540 6708 6700 6330 -233 3156 END
START 2232 6896 6496 6579 -86 3285 END
START 2772 6996 6564 6839 102 3345 END
START 3604 7156 6732 7088 237 3479 END
START 4156 7236 6740 7372 475 3665 END
START 4556 7392 6976 7565 627 3860 END
START 5208 7604 6984 7830 842 4109 END
START 5900 7968 7272 8000 1101 4464 END
START 6328 8312 7528 8203 1376 4860 END
START 6664 8828 7624 8338 1659 5341 END
START 6980 8872 7872 8528 1991 5885 END
START 7160 9196 8284 8678 2414 6525 END
START 7352 9300 8316 8797 2778 7171 END
START 7456 9540 8844 8846 3258 7916 END
START 7420 9728 9268 8840 3689 8637 END
START 7272 9888 9708 8710 4085 9456 END
START 6780 10200 10300 8535 4497 10327 END
START 6564 10172 10804 8347 4924 11252 END
START 5912 10148 11392 8170 5329 12153 END
START 5244 10280 11748 7932 5683 13135 END
START 4436 10212 11952 7738 5968 14040 END
START 3760 10032 12348 7515 6275 14891 END
START 2884 9648 12736 7345 6511 15684 END
START 2208 9336 12908 7237 6830 16389 END
START 1388 9200 13092 7128 7168 17001 END
START 460 9184 13440 7068 7449 17573 END
START -516 8980 13808 7014 7700 18148 END
START -1612 8960 14196 7032 7873 18684 END
START -2348 8816 14472 7038 7962 19173 END
START -3364 8724 15024 7142 8038 19674 END
START -4740 8556 15560 7304 7957 20076 END
START -5904 8340 16300 7483 7821 20444 END
START -7036 7864 16904 7737 7627 20771 END
START -8156 7664 17332 7949 7361 20993 END
START -9316 7428 18088 8081 7057 21208 END
START -10252 7088 18448 8208 6779 21368 END
START -11044 6640 19056 8364 6426 21513 END
START -12060 6464 19444 8563 6102 21673 END
START -12936 6032 19728 8774 5708 21799 END
START -13872 5952 20248 9018 5379 21886 END
START -14600 5816 20492 9261 4981 21993 END
START -15440 5492 20916 9439 4685 22138 END
START -16204 5292 21164 9543 4369 22355 END
START -17016 4956 21700 9526 4088 22547 END
START -17952 4072 22124 9463 3785 22697 END
START -19012 3144 22592 9449 3531 22801 END
START -20268 2208 23352 9564 3186 22788 END
START -21572 1676 23896 9714 2684 22637 END
START -22608 1064 23996 9865 2222 22369 END
START -23516 140 24220 9892 1747 21951 END
START -24172 -796 24332 9848 1414 21369 END
START -25048 -1376 24372 9737 1078 20687 END
START -25500 -2080 24496 9572 793 19917 END
START -25920 -2816 24520 9419 648 19053 END
START -26060 -3496 24344 9247 626 18098 END
START -26208 -3916 24244 9094 656 17123 END
START -26484 -4172 24416 8967 809 16081 END
START -26660 -4688 24480 8792 868 14958 END
START -26668 -5008 24576 8526 1012 13871 END
START -26316 -5120 24712 8252 1209 12854 END
START -25904 -5320 24776 7941 1401 11563 END
START -25748 -5492 24976 7716 1546 10406 END
START -25248 -5400 25384 7518 1675 9323 END
START -25048 -5220 26252 7466 1632 8493 END
START -25168 -5180 28184 7633 1347 7588 END
START -24252 -3888 26296 7450 1115 6799 END
START -23648 -3584 26344 7073 756 5950 END
START -23040 -3236 27316 6780 663 5348 END
START -22376 -2348 27244 6511 751 4852 END
START -21668 -1716 27492 6302 895 4490 END
START -21188 -1236 27980 6075 1017 4242 END
START -20848 -640 28584 5799 1095 4055 END
START -20464 -92 29036 5407 1146 3886 END
START -20056 276 29336 4978 1097 3774 END
START -19740 392 29528 4510 1128 3706 END
START -19300 536 30120 3927 1086 3618 END
START -19104 636 30560 3444 1054 3561 END
START -19084 824 30804 2810 864 3511 END
START -18952 848 31292 2286 672 3448 END
START -18800 796 31448 1815 482 3338 END
START -18652 608 31592 1380 185 3166 END
START -18432 592 31620 1003 -99 2993 END
START -18376 768 31644 642 -353 2763 END
START -18220 808 31832 247 -661 2568 END
START -18152 972 31744 -83 -965 2346 END
START -18036 1140 31516 -438 -1250 2141 END
START -17792 1280 31608 -790 -1450 1918 END
START -17440 1548 31436 -1107 -1578 1666 END
START -17060 1604 31152 -1539 -1606 1427 END
START -16724 1768 31052 -1979 -1515 1183 END
START -16436 1968 30876 -2493 -1325 929 END
START -16028 2088 30604 -3058 -1113 709 END
START -15760 2024 30132 -3700 -805 463 END
START -15496 2140 30064 -4300 -361 213 END
START -15100 2272 29864 -4883 52 -6 END
START -15060 2104 29752 -5450 495 -274 END
START -15108 2216 29852 -6008 923 -562 END
START -15136 2240 29692 -6545 1307 -865 END
START -15008 2100 29872 -7111 1606 -1145 END
START -14840 2128 29928 -7610 1863 -1496 END
START -14940 2064 29952 -8176 1991 -1826 END
START -14812 2084 29904 -8650 2061 -2187 END
START -14612 2088 29960 -9132 2002 -2519 END
START -14304 2404 29160 -9718 1991 -2915 END
START -14428 2112 30392 -10118 1879 -3220 END
START -13744 2384 29336 -10419 1793 -3435 END
START -13112 2660 28640 -10740 1711 -3681 END
START -12672 2836 28384 -11095 1581 -3858 END
START -12324 2944 28072 -11455 1527 -4020 END
START -11880 3120 27940 -11753 1487 -4087 END
START -11448 3044 27764 -11966 1396 -4118 END
START -11208 3232 27504 -12240 1299 -4185 END
START -10912 3236 27280 -12521 1142 -4220 END
START -10820 3380 27024 -12798 1019 -4310 END
START -10508 3424 26740 -13051 835 -4321 END
START -10384 3532 26424 -13321 704 -4391 END
START -10200 3564 26152 -13581 549 -4418 END
START -9948 3780 25844 -13833 344 -4467 END
START -9752 3872 25300 -14077 213 -4457 END
START -9568 3952 24984 -14289 104 -4476 END
START -9444 4016 24524 -14491 52 -4490 END
START -9200 4172 24032 -14673 -23 -4506 END
START -8972 4200 23484 -14922 -29 -4561 END
START -8748 4180 23136 -15108 -8 -4673 END
START -8480 4204 22652 -15320 108 -4683 END
START -8360 4244 22136 -15554 258 -4717 END
START -8160 4380 21892 -15766 410 -4703 END
START -8068 4320 21312 -16025 609 -4735 END
START -7952 4312 20908 -16227 805 -4792 END
START -7736 4040 20584 -16405 1008 -4881 END
START -7636 4016 20220 -16576 1133 -4980 END
START -7512 3660 19752 -16687 1258 -5061 END
START -7592 3784 19536 -16776 1331 -5232 END
START -7404 3564 19144 -16836 1351 -5332 END
START -7228 3520 18888 -16830 1376 -5515 END
START -7120 3512 18324 -16804 1384 -5666 END
START -6724 3552 18184 -16786 1356 -5795 END
START -6568 3728 17512 -16702 1350 -5927 END
START -6268 3812 17276 -16696 1396 -5977 END
START -5892 3948 17092 -16717 1411 -6008 END
START -5528 3888 16800 -16750 1464 -5999 END
START -5212 4012 16492 -16808 1514 -5972 END
START -5224 3984 16380 -16864 1571 -5904 END
START -4968 3896 15992 -16890 1571 -5901 END
START -5004 3980 15844 -17012 1534 -5831 END
START -4928 3916 15688 -17052 1526 -5814 END
START -4856 4036 15516 -17078 1447 -5742 END
START -4804 3940 15080 -17115 1381 -5706 END
START -4648 4012 14628 -17117 1290 -5632 END
START -4564 4156 14148 -17089 1236 -5559 END
START -4492 4136 13720 -17042 1144 -5482 END
START -4360 4192 13276 -16918 1108 -5412 END
START -4376 4276 12576 -16815 1010 -5305 END
START -4172 4004 12260 -16674 924 -5217 END
START -4188 3968 11756 -16484 801 -5131 END
START -4160 3912 11608 -16292 738 -5017 END
START -4168 3852 11180 -16075 567 -4977 END
START -4172 3860 10780 -15867 379 -4911 END
START -4216 3772 10540 -15578 157 -4837 END
START -4152 3612 9964 -15301 -48 -4764 END
START -4168 3680 9768 -15046 -184 -4694 END
START -4080 3532 9308 -14822 -384 -4664 END
START -4108 3512 9100 -14584 -573 -4608 END
START -3992 3408 8604 -14328 -798 -4579 END
START -3940 3140 8264 -14064 -927 -4560 END
START -3948 3144 7932 -13820 -1152 -4592 END
START -3936 3028 7516 -13541 -1318 -4646 END
START -3780 2896 7272 -13289 -1493 -4735 END
START -3824 2780 7192 -13032 -1679 -4775 END
START -3748 2756 6668 -12740 -1850 -4887 END
START -3568 2736 6344 -12523 -2029 -5020 END
START -3400 2664 6032 -12304 -2134 -5151 END
START -2996 2828 5740 -12085 -2211 -5274 END
START -2796 2636 5244 -11893 -2222 -5381 END
START -2584 2816 4964 -11745 -2136 -5455 END
START -2256 2992 4460 -11616 -2040 -5509 END
START -1996 3076 4280 -11550 -1875 -5535 END
START -1580 3220 3916 -11496 -1682 -5505 END
START -1276 3276 3500 -11431 -1454 -5457 END
START -992 3348 2988 -11366 -1158 -5407 END
START -600 3392 2724 -11315 -760 -5294 END
START -404 3492 2232 -11202 -359 -5201 END
START -228 3432 1920 -11177 22 -5098 END
START -256 3424 1668 -11073 360 -4987 END
START -88 3412 1596 -10956 684 -4858 END
START -124 3380 1524 -10823 994 -4757 END
START -216 3276 1320 -10658 1162 -4603 END
START -480 3216 1272 -10431 1266 -4487 END
START -588 2980 1052 -10129 1289 -4364 END
START -728 2836 928 -9779 1221 -4269 END
START -828 2756 692 -9375 1146 -4189 END
START -1032 2724 456 -8899 981 -4078 END
START -1200 2620 400 -8448 775 -4011 END
START -1136 2540 312 -7952 621 -3925 END
START -1292 2596 -204 -7430 455 -3844 END
START -1500 2464 -372 -6835 306 -3755 END
START -1424 2572 -600 -6280 165 -3686 END
START -1488 2404 -824 -5689 130 -3594 END
START -1412 2272 -972 -5080 45 -3534 END
START -1492 2356 -1112 -4543 39 -3442 END
START -1536 2492 -988 -3983 -29 -3345 END
START -1560 2528 -904 -3473 -120 -3222 END
START -1648 2492 -724 -3030 -256 -3098 END
START -1540 2432 -688 -2563 -435 -2970 END
START -1516 2444 -548 -2065 -540 -2853 END
START -1532 2348 -276 -1605 -696 -2707 END
START -1456 2456 -244 -1115 -891 -2588 END
START -1468 2480 -60 -672 -1011 -2420 END
START -1300 2532 -232 -276 -1196 -2288 END
START -1352 2580 -304 116 -1321 -2096 END
START -1232 2584 -336 507 -1424 -1917 END
START -888 2564 -360 891 -1433 -1729 END
START -824 2412 -388 1195 -1381 -1568 END
START -660 2404 -604 1555 -1295 -1405 END
START -608 2460 -596 1812 -1147 -1231 END
START -480 2292 -664 2126 -888 -1075 END
START -396 2272 -856 2358 -643 -941 END
START -396 2116 -872 2550 -378 -812 END
START -456 2016 -828 2751 -99 -655 END
START -696 1972 -748 2939 140 -538 END
START -856 1884 -628 3126 388 -438 END
START -936 1828 -500 3341 601 -315 END
START -1044 1740 -424 3595 771 -242 END
START -1352 1704 -216 3883 842 -187 END
START -1588 1520 -228 4169 951 -116 END
START -1788 1608 -56 4433 981 -74 END
START -2120 1560 144 4743 988 -56 END
START -2500 1472 208 5069 970 -79 END
START -2640 1384 264 5381 964 -72 END
START -2832 1392 420 5724 931 -95 END
START -2980 1444 396 6099 901 -148 END
START -2940 1304 392 6490 864 -173 END
START -3072 1264 312 6865 915 -193 END
START -3028 1292 480 7262 958 -239 END
START -3128 1408 512 7572 1014 -257 END
START -3096 1460 488 7915 1082 -274 END
START -3160 1516 636 8250 1161 -250 END
START -3228 1600 560 8564 1299 -268 END
START -3268 1652 596 8878 1347 -226 END
START -3108 1628 1060 9199 1456 -201 END
START -3296 1604 1316 9533 1481 -171 END
START -3404 1684 1736 9825 1492 -161 END
START -3508 1764 1764 10143 1537 -162 END
START -3608 1816 1964 10491 1416 -174 END
START -3600 1912 2496 10798 1364 -134 END
START -3780 2128 2544 11113 1336 -120 END
START -3636 2080 2656 11522 1292 -88 END
START -3532 2256 2532 11834 1309 -29 END
START -3648 2372 2752 12244 1310 50 END
START -3668 2508 2892 12220 1362 143 END
START -3772 2732 3144 12783 1372 265 END
START -3840 2792 3168 13050 1470 418 END
START -4044 2836 3316 13367 1523 537 END
START -4120 2780 3484 13664 1617 606 END
START -4536 2924 3836 13968 1686 666 END
START -4720 2840 4000 14232 1736 709 END
START -4932 2768 4236 14505 1808 707 END
START -5224 2724 4508 14720 1828 680 END
START -5368 2640 4656 14989 1845 656 END
START -5640 2760 4892 15237 1919 578 END
START -5828 2900 5028 15456 1942 472 END
START -5928 2888 5204 15725 1973 371 END
START -6076 2936 5468 15951 2059 282 END
START -6184 3068 5596 16188 2025 185 END
START -6320 3264 6004 16410 2074 114 END
START -6268 3348 6172 16596 2099 61 END
START -6240 3536 6388 16791 2122 14 END
START -6160 3560 6364 16969 2173 -31 END
START -6076 3720 6336 17126 2311 -59 END
START -6096 3804 6372 17275 2488 -92 END
START -5940 3872 6304 17433 2724 -87 END
START -5940 3912 6652 17614 3020 -153 END
START -6028 3872 6592 17712 3268 -170 END
START -6172 3916 6948 17831 3596 -269 END
START -6216 3880 7248 17973 3771 -342 END
START -6308 3964 7564 18083 3983 -411 END
START -6432 4064 7796 18210 4153 -498 END
START -6468 4064 8156 18315 4405 -555 END
START -6548 4336 8332 18406 4625 -630 END
START -6612 4260 8544 18532 4897 -697 END
START -6720 4444 8844 18550 5172 -763 END
START -6856 4436 9092 18558 5391 -827 END
START -7012 4756 9292 18552 5644 -890 END
START -7184 4828 9680 18591 5916 -983 END
START -7480 4976 10072 18664 6127 -1026 END
START -7952 5140 10728 18752 6242 -1077 END
START -8204 5156 11192 18867 6269 -1112 END
START -8572 5396 11908 19016 6209 -1175 END
START -8956 5488 12424 19131 5996 -1258 END
START -9080 5468 13056 19290 5771 -1369 END
START -9312 5668 13792 19479 5463 -1512 END
START -9604 5840 14344 19623 5010 -1650 END
START -9612 5960 15020 19821 4511 -1717 END
START -9504 5852 15372 19968 4007 -1786 END
START -9416 5696 15928 20147 3488 -1902 END
START -9200 5756 16128 20304 3000 -1951 END
START -9048 5932 16356 20452 2562 -1992 END
START -8828 6008 16500 20572 2174 -2048 END
START -8540 6080 16700 20614 1972 -2038 END
START -8224 6004 16884 20662 1809 -2072 END
START -7876 6056 16884 20628 1850 -2117 END
START -7660 6212 16992 20499 2047 -2140 END
START -7360 6368 16960 20410 2364 -2207 END
START -7204 6504 17388 20224 2747 -2188 END
START -7088 6640 17928 20096 3175 -2123 END
START -6964 6756 18532 19895 3530 -2040 END
START -7112 6852 19424 19715 3833 -1974 END
START -7340 7056 20536 19520 4035 -1848 END
START -7784 7216 21544 19325 4139 -1797 END
START -7976 7256 22384 19185 4112 -1729 END
START -8152 7488 23380 19043 4071 -1690 END
START -8428 7676 24188 18896 3998 -1656 END
START -8504 7816 24956 18665 3896 -1611 END
START -8616 8156 25716 18365 3819 -1558 END
START -8724 8176 26616 18051 3601 -1497 END
START -8892 8232 27328 17765 3377 -1395 END
START -8892 8280 28344 17446 3092 -1328 END
START -9228 8352 29092 17082 2752 -1260 END
START -9192 8284 29784 16709 2351 -1236 END
START -9244 8384 30628 16323 1914 -1209 END
START -9324 8452 31144 15863 1477 -1238 END
START -9488 8584 31768 15337 990 -1249 END
START -9428 8564 32284 14794 449 -1230 END
START -9452 8556 32672 14287 -87 -1207 END
START -9364 8592 32767 13774 -611 -1190 END
START -9232 8520 32767 13312 -1208 -1105 END
START -9320 8420 32767 12778 -1728 -1119 END
START -9392 8204 32767 12104 -2290 -1089 END
START -9320 7932 32767 11829 -2810 -1122 END
START -9156 7632 32767 11315 -3284 -1190 END
START -8960 7344 32767 10782 -3639 -1296 END
START -8796 7348 32767 10162 -3927 -1425 END
START -8552 7444 32767 9533 -4043 -1530 END
START -8396 7464 32767 8898 -4127 -1619 END
START -8252 7256 32767 8175 -4148 -1689 END
START -8128 7192 32664 7452 -4033 -1719 END
START -8008 7212 32288 6644 -3853 -1759 END
START -7784 7216 32156 5871 -3580 -1802 END
START -7948 7380 32032 4981 -3268 -1814 END
START -7848 7512 31900 4173 -2954 -1775 END
START -7980 7300 31880 3314 -2751 -1714 END
START -7968 7252 31556 2483 -2520 -1659 END
START -8272 7100 31424 1643 -2276 -1634 END
START -8372 6944 31472 820 -2175 -1597 END
START -8592 7012 31468 66 -2138 -1614 END
START -8800 6856 31224 -686 -2298 -1577 END
START -9020 6504 30956 -1335 -2326 -1560 END