START -2960 632 13760 -2650 -177 3369 END
START 2636 1004 8384 -2444 -443 3598 END
START -2104 -1696 9072 -2507 -465 3874 END
START -1832 -24 10740 -2513 -522 4182 END
START -1592 232 10828 -2419 -373 4335 END
START -2132 72 10812 -2327 -97 4400 END
START -2808 -192 11228 -2208 93 4349 END
START -2984 -828 11120 -2063 349 4295 END
START -3136 -944 11080 -1825 866 4178 END
START -2812 -1048 10720 -1516 1276 4064 END
START -2972 -1040 10856 -1181 1934 3895 END
START -3188 -1048 11104 -896 2482 3763 END
START -3452 -972 11156 -589 2957 3517 END
START -3856 -776 11328 -357 3353 3342 END
START -3988 -480 11744 -93 3680 3131 END
START -4148 -280 12196 118 3889 2926 END
START -4080 -156 12844 268 4070 2725 END
START -4320 16 13588 376 4061 2550 END
START -4492 -4 14044 484 3847 2423 END
START -4596 -104 14432 509 3544 2345 END
START -4500 -144 15044 558 3210 2284 END
START -4444 -336 15304 573 2833 2229 END
START -4320 -412 15564 605 2442 2205 END
START -4300 -432 15672 621 2026 2153 END
START -4312 -520 15756 641 1575 2118 END
START -4320 -284 16008 684 1122 2069 END
START -4124 -216 15948 729 744 2051 END
START -3980 88 15904 723 424 2066 END
START -4024 204 15868 692 70 2132 END
START -3884 376 15768 620 -196 2236 END
START -3776 532 15892 525 -451 2329 END
START -3664 548 15884 381 -628 2579 END
START -3472 644 15732 219 -763 2750 END
START -3348 904 15760 31 -796 2963 END
START -3188 1188 15520 -199 -797 3193 END
START -3104 1380 15684 -476 -727 3378 END
START -3056 1480 15480 -843 -640 3673 END
START -3012 1584 15492 -1243 -450 3939 END
START -3056 1360 15452 -1646 -232 4272 END
START -3148 1104 15516 -1996 -93 4627 END
START -3288 880 15720 -2240 58 4904 END
START -3528 428 15492 -2433 149 5141 END
START -3576 112 15484 -2486 245 5333 END
START -3672 -96 15548 -2393 349 5431 END
START -3980 -420 15592 -2205 418 5524 END
START -3984 -716 15444 -2010 474 5545 END
START -4276 -820 15348 -1817 527 5512 END
START -4756 -880 15424 -1701 563 5487 END
START -5204 -824 15484 -1596 545 5440 END
START -5372 -924 15372 -1501 534 5401 END
START -5544 -864 15504 -1366 515 5321 END
START -5740 -1116 15456 -1255 560 5178 END
START -5892 -1416 15288 -1140 538 5073 END
START -5972 -1668 15272 -1003 644 4860 END
START -6044 -1828 15364 -854 716 4628 END
START -6044 -2056 15432 -694 919 4373 END
START -5944 -2172 15496 -565 1072 4076 END
START -6052 -2320 15460 -482 1330 3818 END
START -5984 -2204 15604 -382 1551 3523 END
START -5900 -2248 15476 -327 1838 3306 END
START -5940 -2312 15728 -353 2128 3107 END
START -5876 -2240 15996 -365 2427 2932 END
START -5836 -2148 16016 -427 2748 2792 END
START -5804 -2076 16100 -577 3037 2736 END
START -5880 -1844 16416 -721 3274 2696 END
START -6236 -1560 16728 -907 3512 2693 END
START -6432 -1196 16936 -1123 3630 2736 END
START -6596 -1088 17180 -1337 3768 2765 END
START -6728 -1144 17280 -1551 3854 2884 END
START -6832 -1272 17480 -1746 3976 2993 END
START -7108 -1348 17652 -1927 4036 3163 END
START -7368 -1328 17776 -2085 4056 3309 END
START -7544 -1344 17784 -2246 4075 3425 END
START -7800 -1540 17888 -2436 4045 3543 END
START -8196 -1544 17900 -2537 4044 3589 END
START -8416 -1724 17776 -2704 3973 3678 END
START -8736 -1884 17908 -2830 3942 3709 END
START -8996 -1912 17940 -2978 3854 3702 END
START -9364 -2040 18116 -3115 3776 3657 END
START -9856 -2204 18080 -3225 3612 3567 END
START -10056 -2376 18132 -3383 3500 3492 END
START -10300 -2564 18096 -3531 3341 3349 END
START -10644 -2664 18152 -3668 3240 3174 END
START -10780 -2760 18056 -3771 3048 2989 END
START -11068 -2896 18104 -3923 2974 2779 END
START -11312 -2972 17972 -4051 2818 2511 END
START -11576 -3044 18268 -4141 2679 2286 END
START -11804 -3032 18272 -4263 2534 1989 END
START -12004 -3196 18184 -4316 2376 1692 END
START -12192 -3308 18156 -4338 2242 1372 END
START -12372 -3376 18052 -4349 2073 995 END
START -12440 -3432 17896 -4372 1962 617 END
START -12704 -3524 17936 -4417 1832 225 END
START -12924 -3504 17788 -4498 1696 -253 END
START -12944 -3500 17816 -4627 1567 -729 END
START -12856 -3492 17632 -4799 1441 -1156 END
START -12916 -3480 17372 -5000 1428 -1662 END
START -12804 -3324 17284 -5229 1426 -2146 END
START -12944 -3192 17172 -5467 1352 -2598 END
START -12772 -3184 17120 -5684 1385 -3044 END
START -12720 -3236 17096 -5883 1399 -3435 END
START -12728 -3132 17016 -6156 1351 -3819 END
START -12788 -3184 16836 -6390 1324 -4189 END
START -12660 -3060 16932 -6655 1251 -4594 END
START -12772 -2864 16580 -6922 1239 -4985 END
START -12688 -2744 16592 -7201 1148 -5375 END
START -12708 -2724 16384 -7483 1126 -5763 END
START -12664 -2548 16248 -7748 981 -6111 END
START -12752 -2816 16220 -7972 761 -6469 END
START -12832 -2744 16048 -8201 496 -6824 END
START -12768 -2720 16084 -8398 139 -7205 END
START -12676 -2736 15952 -8567 -210 -7592 END
START -12848 -2420 15824 -8706 -684 -7983 END
START -12720 -2384 15852 -8822 -1198 -8356 END
START -12536 -2176 15568 -8918 -1783 -8735 END
START -12436 -2276 15420 -8984 -2351 -9068 END
START -12436 -2084 15260 -8994 -3002 -9397 END
START -12416 -2036 15268 -9011 -3683 -9674 END
START -12348 -2024 15128 -8973 -4377 -9993 END
START -12412 -1956 15176 -8953 -5222 -10264 END
START -12224 -2076 15028 -8918 -5991 -10582 END
START -12252 -2048 14956 -8867 -6850 -10938 END
START -12076 -2084 14768 -8856 -7740 -11290 END
START -11816 -2016 14532 -8830 -8589 -11673 END
START -11352 -1840 13992 -8807 -9335 -12082 END
START -11176 -1632 13612 -8790 -9987 -12427 END
START -10796 -1504 13232 -8763 -10572 -12763 END
START -10412 -1308 12904 -8703 -11092 -13027 END
START -9872 -1056 12208 -8655 -11517 -13265 END
START -9308 -988 11760 -8625 -11888 -13407 END
START -9104 -476 11288 -8543 -12213 -13525 END
START -8776 -216 11020 -8464 -12445 -13571 END
START -8288 -120 10556 -8379 -12693 -13584 END
START -7972 -44 9896 -8298 -12848 -13621 END
START -7916 0 9504 -8173 -12828 -13589 END
START -7652 24 8868 -7990 -12782 -13575 END
START -7568 24 8620 -7790 -12720 -13607 END
START -7244 -276 8148 -7542 -12502 -13667 END
START -7248 -404 7708 -7283 -12238 -13764 END
START -7316 -248 7328 -6978 -11983 -13938 END
START -7212 -288 6788 -6667 -11648 -14090 END
START -7024 -276 6284 -6309 -11270 -14254 END
START -6964 -148 5920 -6014 -10701 -14432 END
START -6756 -208 5420 -5687 -10149 -14623 END
START -6436 -456 5072 -5367 -9488 -14868 END
START -6368 -372 4612 -5143 -8827 -15129 END
START -6124 -488 4252 -4843 -8031 -15460 END
START -5920 -656 4216 -4585 -7196 -15782 END
START -5624 -844 3896 -4334 -6299 -16191 END
START -5608 -720 3812 -4066 -5512 -16562 END
START -5380 -680 4040 -3786 -4761 -16963 END
START -5232 -592 3980 -3473 -4127 -17346 END
START -4860 -484 4192 -3184 -3595 -17679 END
START -4696 -532 4204 -2834 -3196 -17966 END
START -4364 -672 4488 -2483 -2868 -18235 END
START -4072 -444 4616 -2068 -2664 -18430 END
START -3624 -400 4648 -1612 -2559 -18675 END
START -3400 -296 4628 -1176 -2533 -18866 END
START -2808 -108 4796 -696 -2594 -19007 END
START -2416 120 4816 -207 -2701 -19116 END
START -1868 352 4828 276 -2977 -19139 END
START -1448 584 4800 744 -3250 -19129 END
START -800 840 4740 1248 -3557 -19076 END
START -16 824 4652 1791 -3921 -18990 END
START 776 924 4544 2285 -4186 -18899 END
START 1372 1140 4408 2795 -4461 -18740 END
START 1808 1364 4460 3315 -4781 -18627 END
START 2588 1516 4068 3917 -5071 -18422 END
START 3276 1824 3956 4457 -5353 -18216 END
START 3964 1924 4208 5031 -5562 -17946 END
START 4656 2136 3820 5615 -5785 -17641 END
START 5340 2308 3760 6162 -5951 -17343 END
START 6096 2436 3632 6737 -6076 -16957 END
START 6788 2596 3524 7280 -6144 -16609 END
START 7216 2776 3480 7843 -6226 -16226 END
START 7732 3096 3372 8331 -6241 -15840 END
START 8340 3372 3212 8893 -6219 -15508 END
START 8848 3600 3208 9405 -6167 -15105 END
START 9164 3900 3296 9979 -5958 -14680 END
START 9796 4016 3080 10502 -5781 -14243 END
START 10188 4400 3040 11065 -5431 -13812 END
START 10456 4636 2956 11697 -4950 -13306 END
START 10916 4600 2972 11910 -4347 -12860 END
START 11492 4840 3276 12472 -3713 -12374 END
START 11700 4892 3540 12985 -2942 -11854 END
START 12088 4960 3836 13348 -2298 -11362 END
START 12464 4936 3940 13677 -1568 -10859 END
START 12660 5124 4536 14028 -845 -10362 END
START 12888 5012 5056 14375 -88 -9875 END
START 12972 5128 5880 14758 514 -9402 END
START 12940 5152 6408 15185 961 -8946 END
START 13012 5096 7128 15612 1365 -8489 END
START 12876 4984 7876 16025 1535 -8030 END
START 12956 4948 8848 16449 1592 -7595 END
START 13080 4876 9636 16880 1580 -7158 END
START 13312 4972 10372 17282 1436 -6807 END
START 13360 4944 11228 17686 1206 -6383 END
START 13492 4980 12260 18023 781 -6023 END
START 13524 5116 13204 18331 255 -5561 END
START 13744 5156 14004 18609 -388 -5044 END
START 13924 5152 14724 18827 -1058 -4524 END
START 14128 5148 15400 19001 -1778 -3995 END
START 14284 5204 15920 19163 -2557 -3388 END
START 14500 5376 16464 19238 -3354 -2850 END
START 14848 5396 16800 19290 -4108 -2228 END
START 15104 5416 17220 19235 -4875 -1599 END
START 15432 5452 17692 19164 -5533 -937 END
START 15752 5372 17816 19020 -6007 -284 END
START 16044 5376 18304 18882 -6406 417 END
START 16408 5472 18448 18620 -6639 1064 END
START 16648 5524 18944 18275 -6749 1844 END
START 17008 5460 19252 17923 -6763 2549 END
START 17252 5476 19372 17472 -6715 3343 END
START 17364 5560 19512 16920 -6459 4055 END
START 17720 5564 19516 16313 -6059 4805 END
START 17672 5708 19716 15721 -5542 5549 END
START 17964 5672 19804 14968 -4906 6302 END
START 17496 5764 20096 14274 -4256 7124 END
START 17488 5432 20328 13626 -3667 7947 END
START 17276 5540 19840 12821 -2892 8625 END
START 17064 5808 19456 12065 -2006 9197 END
START 16688 5632 19852 10838 -1209 9813 END
START 16384 5348 19888 9946 -347 10324 END
START 15844 5120 19952 9168 408 10872 END
START 15328 4984 19860 8504 1129 11367 END
START 14880 4668 19872 8043 1813 11843 END
START 14268 4352 19944 7653 2413 12265 END
START 13560 4088 20132 7388 2892 12473 END
START 13016 4016 20248 7154 3181 12873 END
START 12264 3872 20144 6943 3441 12857 END
START 11920 3728 20476 6748 3619 13106 END
START 11472 3688 20528 6558 3767 13364 END
START 10988 3580 20620 6455 3859 13692 END
START 10460 3336 20996 6343 3970 14027 END
START 10164 3444 21192 6275 3981 14413 END
START 9644 3420 21404 6189 3999 14821 END
START 9052 3364 21592 6165 4043 15220 END
START 8644 3408 21840 6074 3992 15652 END
START 8084 3432 22136 5928 3961 16149 END
START 7336 3520 22524 5815 3861 16604 END
START 6648 3440 22856 5621 3668 17150 END
START 5868 3264 22976 5419 3453 17636 END
START 5120 2972 23208 5259 3240 18081 END
START 4408 2760 23352 5058 3016 18531 END
START 3608 2532 23420 4855 2749 18915 END
START 2836 2236 23516 4601 2533 19233 END
START 2032 2060 23564 4330 2298 19445 END
START 1260 1692 23544 4061 2164 19644 END
START 800 1716 23372 3778 2049 19778 END
START -64 1296 23380 3458 1887 19877 END
START -784 1204 23360 3116 1836 19952 END
START -1492 928 23104 2822 1803 20049 END
START -2372 676 22912 2576 1896 20104 END
START -3408 448 22664 2315 1986 20109 END
START -4216 92 22524 2066 2127 20050 END
START -5148 -116 22312 1871 2271 19971 END
START -6248 -556 22088 1677 2489 19859 END
START -7280 -812 22120 1498 2665 19696 END
START -8228 -1192 21952 1390 2880 19538 END
START -9248 -1444 21876 1276 3074 19286 END
START -10140 -1692 21768 1117 3306 19010 END
START -11048 -2080 21584 960 3493 18609 END
START -11944 -2360 21536 787 3748 18212 END
START -13080 -2856 21428 671 3988 17799 END
START -13860 -3348 21192 557 4253 17256 END
START -14772 -3592 20876 441 4555 16640 END
START -15172 -3912 20368 312 4855 15979 END
START -16120 -4304 19720 111 5300 15195 END
START -16904 -4960 19968 42 5784 14253 END
START -18056 -5280 19432 -64 6247 13229 END
START -18588 -5244 18844 -308 6766 12483 END
START -19316 -5468 18624 -610 7261 11493 END
START -19660 -5868 18188 -962 7804 10357 END
START -20060 -6340 17864 -1292 8356 9167 END
START -20568 -6952 17536 -1551 8939 7914 END
START -20776 -7268 17064 -1646 9561 6589 END
START -20960 -7760 16856 -1708 10246 5246 END
START -21156 -7852 16344 -1717 10905 3952 END
START -21524 -7876 16888 -1715 11516 2681 END
START -21720 -7848 17292 -1580 11870 1589 END
START -21860 -7400 17228 -1478 12121 491 END
START -21832 -6888 17356 -1453 12372 -507 END
START -21816 -6496 17320 -1542 12366 -1412 END
START -21676 -6120 17900 -1628 12271 -2201 END
START -21676 -6040 18244 -1712 12088 -2975 END
START -21660 -6056 18428 -1700 11775 -3610 END
START -21276 -5708 18576 -1645 11392 -4258 END
START -21120 -5504 18684 -1498 10999 -4794 END
START -21088 -5552 18788 -1312 10443 -5308 END
START -20720 -5128 18660 -1095 9956 -5755 END
START -20584 -4812 18548 -917 9377 -6179 END
START -20384 -4400 18720 -822 8742 -6566 END
START -19828 -4272 18364 -720 8185 -6942 END
START -19352 -4132 18296 -653 7574 -7253 END
START -19192 -3984 18480 -537 7095 -7581 END
START -18836 -3952 18496 -470 6549 -7846 END
START -18232 -3784 18464 -366 6056 -8169 END
START -17764 -3652 18460 -229 5515 -8429 END
START -17296 -3528 18352 -138 5041 -8751 END
START -16648 -3648 18192 -2 4671 -9076 END
START -15928 -3856 18192 145 4390 -9439 END
START -15240 -3896 18056 330 4155 -9905 END
START -14556 -3900 18040 468 3974 -10305 END
START -13820 -3724 17892 633 3857 -10787 END
START -12864 -3552 18008 740 3852 -11190 END
START -12136 -3412 17968 828 3912 -11597 END
START -11188 -3164 18040 872 4042 -11973 END
START -10172 -3032 18260 890 4241 -12248 END
START -9512 -2624 18508 858 4507 -12532 END
START -8712 -2400 18872 774 4711 -12771 END
START -7708 -2136 19092 617 4954 -12949 END
START -6980 -2076 19356 436 5211 -13114 END
START -6188 -2016 19668 184 5459 -13189 END
START -5332 -1844 20032 -74 5719 -13277 END
START -4744 -1820 20584 -328 5968 -13312 END
START -4040 -1684 20752 -637 6220 -13360 END
START -3240 -1708 21172 -888 6500 -13359 END
START -2712 -1468 21396 -1182 6772 -13311 END
START -2036 -1404 21696 -1491 7053 -13284 END
START -1480 -1196 21960 -1837 7308 -13213 END
START -892 -1008 22256 -2200 7540 -13065 END
START -396 -896 22776 -2527 7794 -12971 END
START 84 -336 23056 -2917 7952 -12823 END
START 420 12 23332 -3302 8061 -12571 END
START 876 452 23720 -3729 8130 -12341 END
START 1176 812 24132 -4199 8159 -11958 END
START 1516 1076 24268 -4691 8120 -11589 END
START 1868 1252 24664 -5223 8091 -11144 END
START 2004 1536 24632 -5717 7985 -10665 END
START 2272 1732 25008 -6178 7817 -10154 END
START 2416 1804 25192 -6635 7609 -9620 END
START 2572 1948 25208 -7025 7335 -9076 END
START 2572 1972 25412 -7392 7031 -8529 END
START 2672 2052 25348 -7706 6729 -7981 END
START 2780 2044 25108 -8014 6402 -7411 END
START 2856 2100 25136 -8223 6106 -6942 END
START 2720 2052 25120 -8495 5746 -6472 END
START 2756 1916 25056 -8688 5376 -6018 END
START 2660 1744 24832 -8953 4981 -5599 END
START 2420 1712 24708 -9159 4595 -5148 END
START 2260 1584 24600 -9427 4172 -4766 END
START 2092 1616 24356 -9655 3796 -4402 END
START 1676 1512 24176 -9879 3429 -4044 END
START 1560 1512 24172 -10108 2980 -3735 END
START 1072 1488 23900 -10318 2561 -3524 END
START 644 1456 23600 -10562 2078 -3243 END
START 584 1376 23348 -10793 1752 -3075 END
START 264 1208 22904 -11057 1388 -2930 END
START -204 1072 22540 -11306 1050 -2830 END
START -476 944 22296 -11498 718 -2749 END
START -932 680 21964 -11722 370 -2669 END
START -1200 516 21600 -11948 36 -2654 END
START -1436 232 21044 -12124 -227 -2646 END
START -1716 52 20564 -12357 -486 -2691 END
START -2148 -144 20196 -12543 -742 -2748 END
START -2576 -332 19616 -12775 -953 -2818 END
START -2996 -692 19276 -12982 -1162 -2987 END
START -3564 -920 18680 -13141 -1466 -3143 END
START -4080 -1092 18188 -13284 -1741 -3369 END
START -4512 -1256 17812 -13407 -2054 -3598 END
START -5096 -1424 17156 -13495 -2356 -3786 END
START -5640 -1528 16912 -13506 -2710 -4022 END
START -6248 -1544 16392 -13494 -3088 -4200 END
START -6840 -1668 16184 -13449 -3568 -4505 END
START -7372 -1848 15784 -13461 -4024 -4770 END
START -7956 -1972 15328 -13377 -4535 -5056 END
START -8396 -2204 15016 -13289 -5121 -5301 END
START -8920 -2324 14696 -13146 -5749 -5585 END
START -9368 -2376 14252 -13007 -6302 -5776 END
START -9732 -2584 14000 -12822 -6948 -6007 END
START -10340 -2728 13732 -12639 -7530 -6239 END
START -10740 -2968 13356 -12392 -8178 -6489 END
START -11560 -3436 12952 -12116 -8873 -6850 END
START -12012 -3584 12644 -11816 -9535 -7326 END
START -12572 -3524 12164 -11504 -10253 -7870 END
START -13012 -3660 11808 -11251 -10987 -8504 END
START -13276 -3716 11336 -10987 -11753 -9204 END
START -13684 -3680 10760 -10736 -12499 -9964 END
START -13824 -3616 10392 -10499 -13314 -10823 END
START -13800 -3512 9400 -10285 -13969 -11707 END
START -13836 -3272 8724 -10096 -14612 -12636 END
START -13584 -3080 7976 -9819 -15137 -13608 END
START -13176 -3020 7208 -9577 -15539 -14498 END
START -12692 -2848 6356 -9264 -15728 -15378 END
START -11884 -2412 4764 -8943 -15652 -16267 END
START -11152 -2272 3528 -8570 -15183 -17132 END
START -10176 -2132 2680 -8214 -14389 -18002 END
START -9736 -1812 1912 -7771 -13443 -18770 END
START -9016 -1688 1592 -7353 -12315 -19596 END
START -8368 -1340 1068 -6974 -11224 -20258 END
START -7772 -880 824 -6566 -9997 -20924 END
START -7244 -596 636 -6175 -8891 -21464 END
START -6724 -160 828 -5796 -7761 -21985 END
START -6508 148 876 -5472 -6906 -22400 END
START -5996 532 1052 -5102 -5989 -22836 END
START -5620 872 1248 -4759 -5290 -23180 END
START -5148 1232 1792 -4382 -4774 -23481 END
START -4708 1632 2428 -3993 -4476 -23736 END
START -4328 1712 2992 -3526 -4358 -23978 END
START -3800 1644 3528 -2984 -4492 -24163 END
START -3408 1668 4004 -2417 -4760 -24314 END
START -2696 1836 4332 -1703 -5177 -24460 END
START -2136 1820 4732 -891 -5696 -24560 END
START -1452 1812 5064 -92 -6391 -24608 END
START -684 1932 5384 795 -7242 -24619 END
START 288 2120 5844 1731 -8160 -24543 END
START 1160 2124 5828 2733 -9175 -24498 END
START 2144 2224 6264 3757 -10195 -24342 END
START 3168 2296 6180 4906 -11222 -24150 END
START 3972 2500 6204 6024 -12136 -23948 END
START 5196 2808 6356 7179 -12931 -23635 END
START 6632 3068 6580 8251 -13646 -23249 END
START 8056 3244 6452 9217 -14179 -22796 END
START 9500 3616 6152 10028 -14290 -22237 END
START 11000 3972 6100 10696 -14085 -21644 END
START 12416 4416 5916 11205 -13448 -20949 END
START 14384 5016 6304 11601 -12542 -20143 END
START 15292 5332 6648 11616 -11475 -19258 END
START 16180 5620 7084 11879 -10231 -18299 END
START 16848 6004 7792 11646 -8882 -17351 END
START 17492 6616 8456 11206 -7432 -16380 END
START 17900 6964 9572 10817 -5984 -15461 END
START 18180 7112 10456 10179 -4604 -14540 END
START 18344 7028 11656 9456 -3312 -13596 END
START 18364 6780 12864 8646 -2308 -12753 END
START 18308 6776 14216 7749 -1510 -11956 END
START 18504 6800 14912 6907 -854 -11191 END
START 18528 6916 15824 6080 -378 -10504 END
START 18764 6900 16856 5239 22 -9828 END
START 18908 6976 17600 4472 264 -9233 END
START 19284 6964 18252 3695 378 -8567 END
START 19468 6988 18652 2933 403 -7876 END
START 19844 7088 18812 2158 397 -7096 END
START 20268 7224 18920 1433 418 -6259 END
START 20648 7468 18832 719 523 -5357 END
START 21008 7524 18880 106 598 -4435 END
START 21284 7816 18552 -474 766 -3448 END
START 21524 8004 18308 -1079 947 -2418 END
START 21668 8124 18148 -1581 1151 -1312 END
START 21736 8216 17852 -2041 1287 -168 END
START 21744 8120 17544 -2489 1584 1079 END
START 21664 8256 17304 -2863 1809 2321 END
START 21536 8172 17104 -3220 2100 3558 END
START 21304 8096 16940 -3516 2336 4939 END
START 20940 7940 16772 -3755 2551 6282 END
START 20452 7720 16656 -4000 2746 7573 END
START 20096 7648 16508 -4204 2970 8894 END
START 19648 7484 16380 -4398 3139 10154 END
START 18996 7248 16000 -4578 3286 11472 END
START 18436 6956 15664 -4730 3453 12863 END
START 17728 6736 15452 -4866 3676 13829 END
START 17008 6348 14916 -4924 3926 15030 END
START 16208 6068 14444 -5028 4193 16071 END
START 15284 5776 14176 -5048 4477 17115 END
START 14280 5448 13952 -5010 4778 18067 END
START 13372 5176 13672 -4979 5086 19008 END
START 12224 4852 13260 -4984 5313 19947 END
START 11312 4756 13004 -4922 5534 20781 END
START 10520 4504 12764 -4868 5735 21580 END
START 9388 4188 12400 -4874 5878 22336 END
START 8464 4084 11924 -4861 6018 23023 END
START 7684 3700 11444 -4826 6208 23659 END
START 6644 3508 10888 -4785 6396 24268 END
START 5772 3164 10304 -4655 6709 24803 END
START 5004 3008 9856 -4521 7025 25320 END
START 4120 2800 9148 -4329 7450 25730 END
START 3348 2468 8496 -4097 7894 26095 END
START 2624 2300 8052 -3856 8369 26399 END
START 1704 2052 7736 -3547 8968 26731 END
START 896 1840 7420 -3271 9495 26990 END
START -68 1804 7052 -2955 9983 27236 END
START -852 1672 6680 -2615 10450 27439 END
START -1928 1684 6472 -2244 10969 27647 END
START -2840 1432 6244 -1839 11477 27768 END
START -3892 1148 6100 -1394 11880 27841 END
START -4852 772 6192 -918 12396 27899 END
START -5656 520 6180 -395 12740 27889 END
START -6600 220 6252 185 13113 27848 END
START -7808 -48 6568 789 13262 27722 END
START -8816 -96 6648 1377 13076 27515 END
START -9956 -276 7092 1989 13023 27205 END
START -10960 -412 7336 2557 12982 26763 END
START -12168 -672 8076 3153 12712 26278 END
START -13000 -1172 8512 3843 11999 25728 END
START -13988 -1404 8372 4479 11476 25172 END
START -14688 -1528 8520 4919 10904 24536 END
START -15116 -1660 8504 5162 10386 23812 END
START -15512 -1904 8600 5263 9910 23033 END
START -15708 -2356 8764 5273 9576 22138 END
START -16060 -2564 8404 5200 9312 21137 END
START -16268 -2600 8628 5145 9187 20093 END
START -16716 -2688 8776 5125 9128 18913 END
START -17000 -2880 8964 5040 8922 17685 END
START -17020 -3300 9004 4987 8787 16424 END
START -16856 -3628 9148 4899 8655 15173 END
START -16544 -3952 9232 4800 8484 13993 END
START -16204 -4260 9332 4668 8374 12953 END
START -15520 -4244 9360 4530 8197 11717 END
START -15088 -4228 9484 4366 7990 10581 END
START -14420 -4192 9592 4261 7754 9517 END
START -13900 -3996 9624 4202 7507 8554 END
START -13332 -3812 9460 4186 7253 7732 END
START -12748 -3480 9432 4235 6999 6934 END
START -12000 -3224 9020 4345 6738 6273 END
START -11208 -3156 8748 4573 6543 5776 END
START -10456 -2796 8708 4860 6373 5378 END
START -9728 -2640 8444 5215 6335 5057 END
START -9144 -2260 8264 5687 6299 4905 END
START -8836 -1896 8256 6114 6238 4767 END
START -8404 -1528 8364 6609 6083 4759 END
START -8172 -1400 8432 7119 5959 4854 END
START -7836 -1224 8488 7690 5804 4964 END
START -7660 -1176 8992 8312 5564 5151 END
START -7476 -1292 9040 8886 5329 5390 END
START -7444 -1312 8968 9507 5012 5652 END
START -7412 -1316 9008 10175 4693 5934 END
START -7312 -1380 9108 10931 4433 6217 END
START -7532 -1552 9392 11572 4189 6446 END
START -7888 -1712 9668 12401 3845 6712 END
START -8012 -1956 9904 13232 3488 6902 END
START -8452 -1920 10152 13994 3058 7086 END
START -8848 -2140 10588 14739 2639 7202 END
START -9184 -2180 10888 15534 2216 7216 END
START -9684 -2244 11368 16315 1670 7137 END
START -10200 -2324 11984 17051 1119 7001 END
START -10968 -2548 12500 17760 474 6845 END
START -11616 -2972 13168 18453 -413 6570 END
START -12164 -3324 13676 19110 -1293 6271 END
START -12552 -3632 13844 19733 -2164 5891 END
START -12892 -4020 14532 20374 -2992 5452 END
START -13320 -4588 14588 20998 -3796 4906 END
START -13488 -4880 15428 21603 -4525 4268 END
START -13732 -5160 15560 22083 -5118 3576 END
START -13996 -5312 15916 22479 -5575 2767 END
START -14216 -5440 16132 22700 -5930 1852 END
START -14320 -5864 16104 22816 -6117 982 END
START -14580 -5856 16452 22739 -6260 18 END
START -14568 -6020 16808 22590 -6251 -954 END
START -14424 -6104 17028 22345 -6106 -1990 END
START -14388 -6104 17408 22008 -5962 -3121 END
START -14332 -6360 18252 21643 -5748 -4171 END
START -14108 -6552 18504 21209 -5598 -5264 END
START -14012 -6672 19348 20746 -5435 -6350 END
START -13720 -6752 19868 20238 -5236 -7441 END
START -13468 -6524 20352 19702 -5080 -8487 END
START -13316 -6424 20664 19087 -4985 -9607 END
START -13048 -6284 21464 18500 -4935 -10628 END
START -12868 -6020 21736 17926 -4906 -11613 END
START -12500 -5752 22120 17306 -4916 -12617 END
START -12124 -5428 22228 16712 -4916 -13584 END
START -11844 -5220 22268 16186 -4824 -14489 END
START -11452 -4932 22092 15692 -4786 -15362 END
START -11060 -4604 21824 15202 -4612 -16243 END
START -10748 -4524 21872 14822 -4385 -17137 END
START -10312 -4360 21636 14484 -4177 -17982 END
START -9976 -4108 21460 14185 -3894 -18899 END
START -9536 -3720 21496 13989 -3604 -19756 END
START -8928 -3284 21460 13803 -3296 -20590 END
START -8712 -2632 21388 13602 -2994 -21377 END
START -8268 -1992 21300 13399 -2666 -22088 END
START -8064 -1348 21444 13135 -2377 -22708 END
START -7440 -760 21304 12882 -2079 -23289 END
START -7104 -84 21412 12678 -1781 -23826 END
START -6740 560 21728 12428 -1620 -24322 END
START -6280 956 22032 12043 -1467 -24794 END
START -5872 1504 22012 11944 -1363 -25244 END
START -5472 2048 22620 11566 -1345 -25533 END
START -4828 2772 22832 11406 -1442 -25746 END
START -3932 3420 22788 11154 -1509 -25968 END
START -3296 4084 22876 10808 -1557 -26233 END
START -2476 4720 23012 10480 -1569 -26391 END
START -1988 5360 23164 10150 -1570 -26463 END
START -1080 6224 23340 9801 -1598 -26372 END
START -348 6700 23260 9513 -1436 -26221 END
START 392 7064 23316 9193 -1344 -26074 END
START 984 7644 23316 8801 -1207 -25760 END
START 1676 8144 23092 8370 -1042 -25374 END
START 2232 8592 23112 7852 -821 -24904 END
START 2960 9048 23084 7333 -593 -24310 END
START 3204 9308 23060 6805 -339 -23705 END
START 3540 9632 22952 6269 -117 -23038 END
START 3828 9540 22920 5770 27 -22411 END
START 4228 9572 22924 5267 190 -21776 END