START -7292 -1824 15828 -1969 3554 -303 END
START -7364 -2028 15440 -2260 3322 -631 END
START -7540 -2260 14860 -2516 3251 -1019 END
START -7432 -2396 14492 -2775 3337 -1454 END
START -7640 -2588 14084 -3052 3454 -1904 END
START -7836 -2700 13696 -3244 3629 -2369 END
START -7784 -2724 13364 -3352 3884 -2796 END
START -7928 -2836 13300 -3436 4167 -3221 END
START -8064 -3044 12892 -3439 4485 -3594 END
START -8344 -2908 12748 -3306 4786 -3958 END
START -8568 -2844 12712 -3175 5031 -4297 END
START -8972 -2952 12732 -2942 5224 -4651 END
START -9028 -2908 12856 -2698 5311 -5027 END
START -9464 -3172 13232 -2368 5174 -5446 END
START -9668 -3252 13432 -2018 4951 -5896 END
START -10040 -3388 13524 -1639 4587 -6320 END
START -10232 -3308 13776 -1202 4184 -6759 END
START -10460 -3408 13912 -758 3670 -7246 END
START -10660 -3428 14248 -297 3066 -7699 END
START -10880 -3316 14416 149 2420 -8212 END
START -10928 -3200 14788 523 1725 -8664 END
START -10980 -3180 14868 820 1052 -9193 END
START -10748 -3256 14852 1068 314 -9693 END
START -10692 -3096 14912 1193 -279 -10150 END
START -10464 -3052 14820 1260 -940 -10615 END
START -10312 -2824 14688 1293 -1562 -11076 END
START -10364 -2528 14636 1285 -2148 -11493 END
START -10156 -2272 14264 1299 -2685 -11846 END
START -10084 -2080 13828 1262 -3231 -12188 END
START -9876 -2060 13500 1282 -3648 -12450 END
START -9568 -2000 13328 1349 -3932 -12693 END
START -9292 -1836 12800 1410 -4120 -12921 END
START -9232 -1760 12480 1500 -4242 -13102 END
START -9124 -1448 12224 1585 -4381 -13322 END
START -9100 -1324 12028 1716 -4485 -13487 END
START -9140 -1128 11616 1761 -4578 -13629 END
START -9084 -1080 11412 1894 -4647 -13814 END
START -8980 -1048 10984 1968 -4623 -14005 END
START -8876 -1076 10808 2060 -4570 -14182 END
START -8872 -1164 10648 2120 -4529 -14408 END
START -8948 -1192 10484 2293 -4551 -14692 END
START -9140 -1328 10444 2428 -4740 -14970 END
START -9308 -1336 10616 2597 -5020 -15289 END
START -9468 -1428 10320 2867 -5320 -15672 END
START -9412 -1484 10156 3166 -5560 -16090 END
START -9564 -1396 10064 3518 -5864 -16496 END
START -9660 -1228 10076 3932 -6168 -16996 END
START -9704 -1072 9976 4280 -6404 -17485 END
START -9760 -1056 9780 4669 -6707 -17983 END
START -9676 -1172 9424 5012 -7025 -18513 END
START -9388 -1264 9028 5398 -7295 -19052 END
START -9112 -1200 9148 5818 -7546 -19604 END
START -8972 -816 8764 6263 -7721 -20087 END
START -8836 -184 8672 6687 -7949 -20516 END
START -8604 380 8352 7159 -8094 -20985 END
START -8316 1068 8160 7579 -8239 -21329 END
START -7992 1780 8108 8010 -8425 -21656 END
START -7632 2476 8168 8393 -8642 -21880 END
START -7380 2932 8120 8826 -8869 -22138 END
START -6940 3248 8052 9195 -9156 -22281 END
START -6376 3488 7968 9511 -9349 -22340 END
START -5880 3900 8004 9849 -9551 -22419 END
START -5364 4240 8104 10143 -9777 -22410 END
START -5104 4384 8116 10429 -9985 -22415 END
START -4564 4680 8188 10698 -10191 -22351 END
START -4192 4768 8400 10922 -10351 -22209 END
START -3652 4972 8320 11144 -10521 -22022 END
START -3176 5236 8196 11371 -10630 -21809 END
START -2948 5428 8168 11445 -10623 -21540 END
START -2548 5528 8064 11511 -10475 -21325 END
START -2196 5616 7700 11588 -10200 -21094 END
START -1756 5796 7708 11675 -9839 -20953 END
START -1492 5984 7740 11777 -9406 -20779 END
START -1404 6324 7872 11693 -8952 -20620 END
START -1232 6640 8212 11561 -8553 -20466 END
START -1196 6952 8532 11433 -8135 -20248 END
START -1048 7184 8728 11274 -7874 -20017 END
START -920 7344 9000 11137 -7635 -19779 END
START -700 7220 9076 11039 -7427 -19527 END
START -388 6988 9052 11005 -7241 -19360 END
START -272 7100 9152 10990 -7032 -19212 END
START -16 7052 9316 11067 -6887 -19149 END
START -20 7016 9452 11153 -6791 -19100 END
START 176 7204 9456 11355 -6748 -19071 END
START 388 7328 9672 11545 -6756 -19068 END
START 500 7540 9708 11949 -6765 -19017 END
START 816 7828 9712 11854 -6854 -18912 END
START 976 8052 9660 12166 -6883 -18746 END
START 1404 8308 9664 12541 -6859 -18552 END
START 1940 8436 9336 12831 -6817 -18291 END
START 2556 8544 9188 13070 -6650 -18006 END
START 3072 8812 8856 13254 -6282 -17688 END
START 3608 9144 8896 13369 -5856 -17308 END
START 4220 9340 8604 13404 -5353 -16888 END
START 4516 9572 8628 13372 -4704 -16408 END
START 5200 9880 8800 13289 -4083 -15891 END
START 5432 10092 9028 13096 -3395 -15326 END
START 5760 10172 9256 12819 -2778 -14696 END
START 6020 10348 9584 12429 -2187 -13964 END
START 6516 10336 9664 12097 -1619 -13212 END
START 6880 10328 9848 11959 -1063 -12422 END
START 6996 10192 10164 11627 -546 -11632 END
START 7084 10200 10220 11313 -15 -10815 END
START 7296 9988 10588 11064 502 -10013 END
START 7368 9772 10744 10839 932 -9190 END
START 7480 9640 10996 10612 1358 -8368 END
START 7364 9412 11308 10455 1643 -7628 END
START 7360 9264 11300 10287 1965 -6862 END
START 7148 9116 11576 10141 2186 -6156 END
START 6940 8980 11720 10028 2393 -5481 END
START 6860 8916 11888 9901 2473 -4862 END
START 6880 8812 12176 9820 2604 -4221 END
START 6752 8644 12120 9726 2650 -3587 END
START 6780 8420 12396 9624 2793 -3016 END
START 6628 8296 12400 9545 2807 -2441 END
START 6412 8080 12540 9398 2870 -1948 END
START 6288 7896 12580 9295 2904 -1478 END
START 6044 7764 12488 9134 3010 -1077 END
START 6004 7516 12564 8946 3166 -740 END
START 5852 7364 12520 8764 3339 -459 END
START 5800 7208 12652 8557 3521 -164 END
START 5692 7196 12808 8306 3741 69 END
START 5580 7168 12536 8050 3983 289 END
START 5644 7236 12736 7756 4209 501 END
START 5504 7308 12884 7508 4456 729 END
START 5512 7356 12968 7222 4703 939 END
START 5644 7168 13044 6929 4892 1164 END
START 5688 7128 12984 6727 5182 1430 END
START 5720 7116 12884 6575 5406 1629 END
START 5768 7072 13032 6489 5634 1880 END
START 5828 7148 13132 6471 5897 2098 END
START 5976 7364 13008 6481 6150 2374 END
START 5944 7380 13196 6532 6432 2693 END
START 6060 7584 13248 6605 6648 3041 END
START 6116 7648 13352 6641 6814 3421 END
START 6184 7604 13568 6697 7007 3821 END
START 6272 7664 13732 6797 7079 4252 END
START 6348 7536 13904 6843 7207 4744 END
START 6548 7452 14056 6932 7313 5193 END
START 6452 7428 14352 6998 7339 5628 END
START 6444 7312 14572 7041 7377 6078 END
START 6380 7228 14736 7121 7339 6532 END
START 6208 7140 14916 7131 7259 6959 END
START 6216 7104 15220 7189 7103 7353 END
START 6108 6908 15636 7169 6948 7757 END
START 6104 6840 15756 7160 6751 8122 END
START 6056 6732 15740 7113 6558 8490 END
START 6020 6552 15744 7022 6368 8815 END
START 5932 6680 15888 6943 6264 9116 END
START 5916 6820 15780 6831 6154 9413 END
START 5912 6988 15716 6669 6145 9758 END
START 5860 7180 15816 6485 6186 10068 END
START 6020 7096 15740 6234 6289 10410 END
START 5984 7232 15732 6000 6459 10779 END
START 5848 7072 15732 5703 6660 11170 END
START 5744 7240 15808 5394 6920 11555 END
START 5548 7232 15868 5080 7209 11935 END
START 5544 7364 15740 4773 7553 12184 END
START 5308 7304 15652 4450 7976 12750 END
START 5260 7276 16004 4137 8399 12953 END
START 5104 7416 16036 3825 8755 13133 END
START 4732 7340 16448 3594 9042 13605 END
START 4488 7324 16700 3332 9328 14013 END
START 4148 7220 17196 3150 9485 14386 END
START 3856 6896 17540 2990 9598 14815 END
START 3656 6656 17856 2880 9734 15165 END
START 3372 6424 18124 2766 9754 15583 END
START 3108 6360 18336 2678 9814 15859 END
START 2844 6328 18576 2559 9732 16146 END
START 2504 6140 18844 2403 9599 16438 END
START 2252 5768 19112 2311 9398 16652 END
START 2092 5704 19324 2131 9172 16918 END
START 1928 5596 19204 2006 9014 17147 END
START 1636 5564 19400 1899 8878 17343 END
START 1284 5420 19568 1756 8782 17561 END
START 948 5216 19672 1660 8596 17718 END
START 668 5156 19652 1508 8485 17895 END
START 600 5088 19712 1336 8348 18027 END
START 280 4988 19492 1132 8223 18124 END
START 88 4844 19528 931 8163 18160 END
START -64 4792 19560 712 8114 18148 END
START -312 4536 19488 499 8045 18116 END
START -576 4512 19660 334 7923 18088 END
START -892 4556 19780 225 7832 18075 END
START -1044 4632 19732 99 7702 18040 END
START -1248 4500 19612 40 7626 17980 END
START -1340 4404 19708 -22 7512 17963 END
START -1516 4260 19852 -67 7379 17902 END
START -1592 4156 19512 -108 7280 17802 END
START -1728 3944 19680 -168 7247 17679 END
START -1724 3904 19832 -216 7128 17601 END
START -1700 3932 19540 -328 7082 17444 END
START -1708 4000 19840 -384 6933 17364 END
START -1792 3984 19828 -436 6836 17345 END
START -1620 4052 20056 -498 6752 17349 END
START -1740 3948 20128 -503 6570 17466 END
START -1888 4016 20348 -527 6414 17625 END
START -2076 4024 20332 -578 6211 17771 END
START -2084 4072 20300 -647 5998 17936 END
START -2200 3896 20500 -798 5846 18082 END
START -2200 3804 20444 -927 5748 18215 END
START -2352 3792 20552 -1139 5645 18342 END
START -2620 3944 20352 -1352 5526 18434 END
START -2904 3940 20488 -1648 5391 18480 END
START -2936 4012 20468 -1935 5336 18530 END
START -3240 3928 20332 -2191 5261 18610 END
START -3420 3964 20416 -2496 5150 18691 END
START -3792 3992 20412 -2757 4947 18739 END
START -4120 3824 20340 -3036 4708 18728 END
START -4512 3652 20320 -3242 4378 18697 END
START -4884 3472 20240 -3395 4031 18575 END
START -5112 3204 20016 -3526 3685 18412 END
START -5436 2972 19884 -3624 3306 18160 END
START -5836 2860 19784 -3665 3009 17896 END
START -6112 2752 19620 -3694 2567 17608 END
START -6556 2412 19660 -3782 2226 17230 END
START -6712 2136 19564 -3876 1872 16793 END
START -6828 1896 19396 -4043 1588 16331 END
START -7028 1804 19328 -4247 1342 15819 END
START -7472 1616 19308 -4475 1014 15267 END
START -7696 1604 19180 -4800 679 14688 END
START -7856 1384 18932 -5051 437 14135 END
START -7856 1284 18532 -5391 189 13570 END
START -7680 1240 17984 -5633 90 13052 END
START -7664 1156 17552 -5902 135 12433 END
START -7592 1148 17192 -6120 136 11654 END
START -7580 1180 16784 -6281 250 11083 END
START -7448 1340 16380 -6445 322 10553 END
START -7336 1652 16024 -6491 437 10080 END
START -7116 2028 15604 -6535 552 9737 END
START -7152 2300 15536 -6533 689 9446 END
START -7028 2568 15256 -6457 764 9215 END
START -6840 2440 14996 -6395 849 9098 END
START -6688 2328 14860 -6299 896 9030 END
START -6844 2308 14496 -6170 898 8992 END
START -6592 2564 14328 -5986 886 8951 END
START -6656 2668 14120 -5776 897 8923 END
START -6440 2720 13948 -5502 914 8887 END
START -6440 2832 13624 -5225 942 8896 END
START -6468 2892 13628 -4914 977 8949 END
START -6668 2820 13584 -4611 950 9010 END
START -6680 2748 13476 -4276 926 9113 END
START -6820 2760 13092 -3979 949 9208 END
START -6864 2796 13148 -3671 1106 9263 END
START -7076 2972 12780 -3379 1274 9285 END
START -7372 3012 12904 -3159 1453 9240 END
START -7804 2900 13044 -2954 1649 9192 END
START -8376 2464 13076 -2804 1851 9053 END
START -8868 2132 13156 -2699 1976 8810 END
START -9292 1968 13192 -2541 2079 8569 END
START -9476 1556 13300 -2410 2144 8246 END
START -9836 1460 13172 -2229 2195 7883 END
START -10148 1320 13280 -2053 2192 7446 END
START -10216 1176 13052 -1913 2149 6965 END
START -10268 1024 13120 -1744 2087 6480 END
START -10236 916 13100 -1620 2057 5951 END
START -10212 940 12816 -1502 2017 5443 END
START -10040 992 12472 -1388 1925 5029 END
START -10048 892 12532 -1303 1977 4579 END
START -9904 1148 12244 -1184 2044 4196 END
START -9720 1192 12144 -1086 2140 3816 END
START -9604 1272 11912 -980 2247 3500 END
START -9444 1380 11676 -881 2357 3238 END
START -9376 1660 11448 -731 2554 2968 END
START -9196 1920 11284 -606 2778 2813 END
START -9196 2208 11356 -455 3004 2642 END
START -9200 2368 11344 -316 3195 2516 END
START -9136 2456 11664 -178 3304 2387 END
START -9292 2376 11728 -4 3400 2340 END
START -9404 2508 11924 147 3408 2267 END
START -9420 2396 12100 357 3334 2159 END
START -9428 2276 12224 565 3219 2055 END
START -9708 2252 12256 816 3072 1871 END
START -9772 2116 12424 1097 2882 1681 END
START -9924 2040 12572 1398 2736 1441 END
START -9972 2120 12408 1702 2573 1189 END
START -9944 2056 12448 2013 2469 916 END
START -9992 2048 12528 2267 2337 674 END
START -9872 2044 12500 2482 2225 415 END
START -9760 2056 12360 2635 2167 177 END
START -9744 1992 12404 2797 2072 -48 END
START -9652 1988 12444 2886 2085 -314 END
START -9568 2008 12032 2996 2160 -592 END
START -9380 2040 12024 3102 2237 -866 END
START -9452 2092 12184 3216 2416 -1159 END
START -9268 2072 12092 3283 2561 -1371 END
START -9196 1880 12032 3379 2649 -1673 END
START -8912 1896 12112 3465 2846 -1870 END
START -8824 1924 11928 3512 3028 -2113 END
START -8724 2012 12044 3574 3266 -2321 END
START -8824 2064 12384 3612 3504 -2588 END
START -8772 2184 12320 3590 3627 -2824 END
START -8824 2232 12460 3614 3744 -3038 END
START -8768 2188 12696 3655 3879 -3266 END
START -8856 2256 12916 3702 3952 -3532 END
START -8976 2268 13140 3799 4002 -3801 END
START -9012 2252 13308 3896 4055 -4118 END
START -8996 2216 13544 4001 4086 -4425 END
START -8952 2432 13748 4166 4003 -4733 END
START -8744 2448 14220 4297 3975 -5062 END
START -8852 2588 14580 4437 3856 -5360 END
START -8816 2696 14732 4569 3731 -5641 END
START -8732 2744 15116 4703 3560 -5850 END
START -8656 2896 15424 4803 3425 -6105 END
START -8672 2860 15732 4892 3203 -6299 END
START -8472 2860 16060 4915 3011 -6568 END
START -8556 2768 16384 4912 2824 -6893 END
START -8296 2728 16712 4893 2607 -7198 END
START -8208 2784 16912 4868 2403 -7575 END
START -8040 2824 17160 4804 2228 -7918 END
START -7924 2916 17308 4737 2043 -8270 END
START -7752 2916 17584 4653 1891 -8602 END
START -7460 2880 17652 4573 1754 -8975 END
START -7184 2884 17812 4476 1728 -9302 END
START -6880 3028 18052 4319 1627 -9568 END
START -6644 3064 18288 4169 1573 -9857 END
START -6500 3260 18548 3900 1560 -10112 END
START -6128 3480 18724 3647 1556 -10369 END
START -5700 3512 18860 3319 1597 -10601 END
START -5300 3584 18932 2924 1703 -10820 END
START -4968 3620 18952 2535 1854 -11008 END
START -4440 3716 18900 2014 2104 -11196 END
START -3964 3816 18848 1539 2436 -11358 END
START -3564 4052 18840 1023 2729 -11466 END
START -3032 4176 18708 521 3090 -11492 END
START -2808 4008 18600 143 3437 -11457 END
START -2408 4036 18684 -213 3892 -11404 END
START -2072 4236 18580 -524 4335 -11391 END
START -2060 4308 18532 -746 4820 -11327 END
START -1784 4436 18648 -997 5278 -11301 END
START -1664 4508 18804 -1135 5804 -11251 END
START -1512 4500 19104 -1269 6248 -11188 END
START -1332 4672 19492 -1368 6663 -11087 END
START -1324 4844 19580 -1465 7047 -10960 END
START -1088 5128 19804 -1590 7426 -10807 END
START -808 5360 20328 -1702 7832 -10605 END
START -500 5528 20464 -1806 8239 -10430 END
START -444 5608 21140 -1981 8554 -10164 END
START -320 5736 21228 -2184 8833 -9857 END
START -348 5924 21588 -2388 9058 -9532 END
START -156 6080 21928 -2631 9233 -9199 END
START -92 6124 22384 -2860 9328 -8840 END
START -128 6108 22704 -3093 9375 -8453 END
START -32 5996 22844 -3362 9405 -8068 END
START 120 5976 23216 -3576 9362 -7654 END
START 16 5948 23552 -3801 9256 -7186 END
START -124 5784 23912 -4030 9022 -6753 END
START -120 5776 24060 -4249 8808 -6325 END
START -316 5652 24244 -4482 8461 -5965 END
START -332 5496 24384 -4720 8023 -5534 END
START -588 5412 24404 -4982 7534 -5158 END
START -664 5328 24528 -5177 7004 -4812 END
START -948 5308 24376 -5439 6408 -4459 END
START -1284 5320 24412 -5647 5901 -4160 END
START -1340 5180 24304 -5879 5319 -3914 END
START -1664 4916 23996 -6073 4785 -3740 END
START -2020 4736 23768 -6254 4239 -3532 END
START -2236 4504 23520 -6433 3809 -3397 END
START -2632 4532 23116 -6585 3465 -3308 END
START -2948 4384 22852 -6793 3174 -3275 END
START -3364 4316 22412 -6968 2938 -3306 END
START -3728 4040 22180 -7182 2769 -3369 END
START -4076 3840 21812 -7426 2632 -3493 END
START -4368 3676 21464 -7628 2563 -3624 END
START -4652 3588 21352 -7868 2525 -3844 END
START -4820 3588 21292 -8089 2485 -4086 END
START -5108 3416 21040 -8340 2375 -4353 END
START -5152 3300 20900 -8613 2255 -4617 END
START -5284 3256 20788 -8778 2032 -4853 END
START -5248 3100 20528 -9014 1773 -5093 END
START -5324 2984 20324 -9115 1537 -5276 END
START -5308 2980 20344 -9234 1206 -5396 END
START -5340 3056 19968 -9313 791 -5501 END
START -5212 3068 19672 -9404 436 -5550 END
START -4924 3096 19140 -9460 36 -5572 END
START -4840 3100 18596 -9521 -241 -5549 END
START -4768 3068 18124 -9568 -551 -5526 END
START -4500 3236 17640 -9605 -776 -5452 END
START -4576 3280 17204 -9646 -983 -5390 END
START -4424 3236 16596 -9695 -1105 -5249 END
START -4308 3260 16500 -9747 -1227 -5101 END
START -4344 3312 16092 -9742 -1375 -4942 END
START -4448 3104 15476 -9749 -1452 -4773 END
START -4724 2996 15280 -9710 -1578 -4594 END
START -4936 2840 14936 -9607 -1669 -4458 END
START -5264 2540 14596 -9499 -1676 -4355 END
START -5544 2252 14440 -9401 -1697 -4309 END
START -6056 2008 14312 -9229 -1682 -4336 END
START -6456 1772 14180 -9084 -1675 -4399 END
START -6796 1452 13992 -8942 -1598 -4553 END
START -7168 1096 13836 -8878 -1487 -4755 END
START -7640 664 13992 -8791 -1412 -5052 END
START -8164 152 13888 -8774 -1388 -5425 END
START -8384 36 14132 -8772 -1351 -5865 END
START -8896 -236 14100 -8789 -1390 -6366 END
START -9156 -288 14204 -8784 -1513 -6936 END
START -9464 -368 14084 -8829 -1608 -7540 END
START -9576 -348 14000 -8826 -1740 -8158 END
START -9760 -236 13908 -8759 -1940 -8783 END
START -9936 -276 13848 -8686 -2160 -9371 END
START -9880 -176 13680 -8547 -2431 -9996 END
START -9780 -64 13636 -8399 -2728 -10547 END
START -9700 220 13540 -8153 -3075 -11091 END
START -9504 576 13560 -7863 -3502 -11587 END
START -9132 640 13560 -7574 -3999 -12018 END
START -8840 852 13724 -7220 -4544 -12357 END
START -8308 908 13584 -6840 -5081 -12596 END
START -7848 1088 13496 -6518 -5625 -12779 END
START -7208 1544 13108 -6191 -6133 -12841 END
START -6780 1948 12784 -5919 -6491 -12842 END
START -6204 2368 12580 -5701 -6713 -12800 END
START -5524 2716 12420 -5486 -6845 -12643 END
START -5292 2940 12364 -5393 -6852 -12388 END
START -4940 2924 12072 -5274 -6930 -12066 END
START -4752 2728 12132 -5226 -6948 -11677 END
START -4576 2528 11984 -5160 -6881 -11284 END
START -4496 2364 11940 -5127 -6790 -10946 END
START -4624 2412 11648 -5090 -6656 -10704 END
START -4720 2160 11700 -5009 -6586 -10539 END
START -4952 1696 11756 -4975 -6561 -10411 END
START -5316 1600 11924 -4848 -6549 -10328 END
START -5700 1356 11964 -4793 -6558 -10262 END
START -6264 956 12012 -4678 -6641 -10294 END
START -6692 628 12296 -4572 -6808 -10377 END
START -7280 252 12640 -4491 -7082 -10575 END
START -7628 16 12644 -4421 -7463 -10863 END
START -7860 -292 12688 -4318 -7859 -11248 END
START -8220 -500 12544 -4203 -8310 -11685 END
START -8404 -872 12580 -4019 -8825 -12194 END
START -8508 -1068 12488 -3842 -9383 -12721 END
START -8736 -1136 12296 -3534 -10020 -13274 END
START -8812 -1052 12072 -3197 -10647 -13849 END
START -8752 -1012 11556 -2811 -11262 -14498 END
START -8824 -872 11232 -2340 -11780 -15114 END
START -8816 -912 10984 -1830 -12311 -15817 END
START -8712 -752 10628 -1291 -12756 -16447 END
START -8596 -484 10248 -705 -13292 -17060 END
START -8304 -188 9996 -140 -13747 -17595 END
START -7976 312 9576 437 -14191 -18063 END
START -7332 664 9308 1031 -14600 -18486 END
START -6736 1140 9068 1567 -14910 -18759 END
START -5980 1408 8364 2060 -15174 -18939 END
START -5192 1756 8200 2541 -15289 -19081 END
START -4404 2112 7976 2931 -15374 -19108 END
START -3888 2432 7484 3310 -15375 -19051 END
START -3280 2824 7212 3641 -15303 -18986 END
START -2660 3092 6912 3961 -15122 -18836 END
START -2056 3224 6780 4299 -14882 -18633 END
START -1624 3448 6556 4567 -14514 -18415 END
START -1284 3488 6664 4868 -14224 -18134 END
START -988 3420 6848 5170 -13923 -17873 END
START -764 3236 6988 5465 -13685 -17588 END
START -844 3032 7316 5791 -13517 -17348 END
START -956 3112 7768 6178 -13462 -17127 END
START -1320 3044 8084 6504 -13536 -16962 END
START -1464 2960 8252 6878 -13664 -16900 END
START -1580 2912 8496 7299 -13730 -16841 END
START -1700 2748 8612 7640 -13812 -16818 END
START -1828 2496 8804 7985 -13908 -16891 END
START -1908 2476 8632 8336 -13978 -16987 END
START -1844 2260 8648 8645 -13956 -17160 END
START -1824 2220 8464 8921 -13854 -17395 END
START -1604 2348 8400 9130 -13632 -17666 END
START -1272 2472 8260 9335 -13388 -17965 END
START -1140 2680 8316 9470 -13096 -18211 END
START -876 2816 8420 9578 -12914 -18398 END
START -616 3276 8592 9618 -12735 -18504 END
START -236 3912 8472 9614 -12561 -18597 END
START 192 4736 8216 9666 -12313 -18620 END
START 944 5532 7996 9658 -12027 -18572 END
START 1304 5780 7984 9676 -11686 -18345 END
START 2248 5892 8108 9620 -11236 -18000 END
START 3148 5828 8076 9625 -10766 -17467 END
START 4004 6036 8280 9584 -10277 -16826 END
START 4600 6296 8348 9523 -9803 -16109 END
START 5208 6644 8488 9487 -9226 -15371 END
START 5732 7008 8952 9373 -8646 -14572 END
START 5980 7364 9360 9270 -8113 -13726 END
START 6184 7180 9780 9121 -7689 -12870 END
START 6640 6856 10436 8973 -7304 -11997 END
START 6880 6548 10956 8763 -6969 -11166 END
START 6788 6424 11376 8611 -6717 -10312 END
START 6896 6580 11636 8391 -6454 -9493 END
START 6844 6848 12080 8173 -6231 -8792 END
START 6792 6668 12176 7967 -6019 -8087 END
START 6908 6564 12792 7755 -5794 -7336 END
START 7020 6560 12872 7503 -5594 -6636 END
START 6796 6452 13308 7198 -5369 -5943 END
START 6704 6404 13364 6922 -5187 -5268 END
START 6516 6284 13552 6653 -4990 -4658 END
START 6412 6108 13552 6374 -4736 -4055 END
START 6284 5980 13516 6145 -4449 -3591 END
START 5980 5664 13800 5887 -4149 -3097 END
START 5764 5576 13824 5663 -3822 -2725 END
START 5596 5580 13948 5464 -3523 -2370 END
START 5148 5304 14268 5244 -3174 -2006 END
START 4884 5252 14344 5063 -2945 -1735 END
START 4628 5108 14392 4893 -2618 -1488 END
START 4484 5036 14592 4732 -2355 -1312 END
START 4396 4808 14724 4550 -2056 -1145 END
START 4396 4784 14916 4384 -1712 -994 END
START 4468 4852 15032 4235 -1410 -850 END
START 4676 5044 15316 4032 -1037 -687 END
START 4656 5376 15384 3823 -710 -461 END
START 4776 5556 15576 3621 -391 -231 END
START 4944 5520 15900 3362 -27 78 END
START 5024 5440 16304 3034 296 364 END
START 5384 5408 16448 2681 694 718 END
START 5576 5416 16504 2319 1126 1074 END
START 5752 5524 17068 1912 1547 1395 END
START 5852 5592 17160 1431 2072 1741 END
START 5928 5592 17640 858 2446 2118 END
START 6060 5764 17844 281 2750 2523 END
START 6060 5828 18116 -351 3081 2921 END
START 6224 5796 18268 -1085 3407 3361 END
START 6220 5820 18164 -1768 3755 3733 END
START 6416 5768 17976 -2515 4204 4156 END
START 6664 5732 17796 -3252 4703 4557 END
START 6776 5720 17652 -3974 5293 4956 END
START 6920 5748 17328 -4699 5919 5388 END
START 7032 5732 17152 -5375 6584 5863 END
START 7108 5888 16928 -6098 7346 6333 END
START 7016 5824 16580 -6739 8085 6838 END
START 6832 5968 16576 -7428 8805 7316 END
START 6780 5848 16416 -8009 9452 7839 END
START 6692 5692 16448 -8603 10050 8414 END
START 6452 5552 16476 -9106 10545 8891 END
START 6224 5416 16544 -9553 10982 9471 END
START 5984 5184 16540 -9934 11206 9993 END
START 5768 4928 16760 -10198 11327 10479 END
START 5456 4668 16620 -10379 11251 10985 END
START 5116 4448 16676 -10397 11050 11494 END
START 4920 4372 16472 -10318 10791 11994 END
START 4656 4288 16452 -10152 10465 12555 END
START 4480 4228 16248 -9869 10101 12732 END
START 4108 4160 16092 -9599 9780 13478 END
START 3836 4168 16040 -9235 9468 13818 END
START 3572 4256 15800 -8934 9143 14302 END
START 3312 4276 15400 -8612 8933 14744 END
START 3028 4328 15132 -8376 8770 15163 END
START 2732 4072 14972 -8180 8705 15546 END
START 2448 3992 14384 -8078 8697 15819 END
START 2240 3880 14168 -7990 8832 16115 END
START 1880 3828 14084 -8012 9006 16321 END
START 1712 3524 13868 -8042 9305 16590 END
START 1464 3496 13884 -8155 9629 16744 END
START 1236 3180 13432 -8317 10053 16946 END
START 1128 3156 13060 -8514 10612 17102 END
START 1040 2944 12868 -8770 11280 17190 END
START 1064 2788 12364 -9039 12074 17226 END
START 804 2692 12056 -9376 12875 17276 END
START 392 2704 11940 -9710 13715 17312 END
START 88 2556 11732 -10075 14654 17298 END
START -148 2452 11536 -10509 15449 17387 END
START -336 2248 11268 -10864 16182 17377 END
START -540 1940 10976 -11263 16943 17407 END
START -696 1692 10752 -11535 17649 17393 END
START -1036 1668 10536 -11734 18250 17377 END
START -1316 1612 10400 -11848 18757 17390 END
START -1676 1412 10304 -11879 19004 17389 END
START -1996 1216 10536 -11726 19039 17402 END
START -2224 1044 10352 -11484 18849 17426 END
START -2460 872 10392 -11081 18543 17543 END
START -2784 712 10256 -10621 18093 17647 END
START -3020 636 10104 -10051 17561 17752 END
START -3372 584 9976 -9425 16894 17882 END
START -3516 484 9656 -8713 16176 17937 END
START -3544 404 9256 -7992 15543 18013 END
START -3576 572 8840 -7168 14941 18098 END
START -3624 724 8424 -6414 14442 18176 END
START -3688 1028 8000 -5608 14110 18282 END
START -3720 1136 7704 -4888 13872 18417 END
START -3940 1220 7400 -4181 13655 18644 END
START -4128 1624 7076 -3529 13707 18869 END
START -4216 1816 6912 -2945 13918 19132 END
START -4416 1980 6632 -2429 14133 19400 END
START -4608 2008 6716 -1989 14379 19640 END
START -5092 2092 6748 -1619 14679 19878 END
START -5304 2056 6688 -1284 14966 20077 END
START -5656 2180 6720 -1016 15357 20266 END
START -6072 2068 6852 -787 15687 20392 END
START -6516 1816 6808 -636 16063 20511 END
START -7064 1636 6676 -458 16462 20538 END
START -7600 1324 6928 -337 16771 20495 END
START -8064 1152 7344 -104 16897 20424 END
START -8752 772 7712 94 16882 20220 END
START -9268 420 8024 405 16684 19941 END
START -10004 256 8180 773 16316 19593 END
START -10384 -44 8484 1251 15944 19159 END
START -10780 -300 8656 1730 15419 18694 END
START -11052 -672 8932 2303 14871 18150 END
START -11444 -1032 9192 2821 14339 17545 END
START -11592 -1352 9620 3284 13712 16907 END
START -11696 -1276 9536 3688 12971 16227 END
START -11844 -1164 9820 4053 12732 15494 END
START -11808 -1172 9772 4351 11881 14731 END
START -11668 -1064 9816 4625 11337 14081 END
START -11428 -892 9760 4893 10865 13391 END
START -11232 -660 9704 5132 10446 12914 END
START -11036 -248 9776 5365 10141 12503 END
START -10708 -44 9484 5546 9888 11958 END
START -10376 256 9512 5708 9683 11623 END
START -10104 508 9484 5801 9517 11391 END
START -9924 596 9496 5839 9461 11195 END
START -9720 1032 9284 5878 9446 11028 END
START -9456 1260 9336 5860 9433 10896 END
START -9328 1408 9352 5860 9486 10807 END
START -9228 1632 9376 5866 9515 10746 END
START -9192 1884 9464 5863 9535 10705 END
START -9140 2116 9448 5857 9551 10725 END
START -9048 2376 9656 5880 9594 10717 END
START -9208 2488 9624 5920 9536 10778 END
START -9332 2528 9660 5975 9536 10836 END
START -9372 2408 9804 6000 9438 10906 END
START -9460 2160 9996 6112 9246 10925 END
START -9864 2088 10408 6225 8929 10889 END
START -10256 1836 10768 6379 8460 10824 END
START -10744 1552 11016 6602 7927 10692 END
START -11032 1248 10940 6849 7363 10491 END
START -11364 1044 11120 7096 6776 10154 END
START -11608 736 11428 7374 6157 9795 END
START -11968 512 11284 7610 5563 9396 END
START -12024 308 11288 7821 5066 8984 END
START -12284 112 11340 8027 4514 8521 END
START -12304 56 11316 8219 4066 8043 END
START -12492 -132 11012 8363 3663 7564 END
START -12632 -136 10728 8431 3378 7028 END
START -12704 20 10572 8538 3186 6480 END
START -12892 28 10392 8575 3035 5878 END
START -12852 64 10132 8635 2995 5280 END
START -12916 168 9908 8679 2957 4703 END
START -12876 156 10128 8703 3057 4166 END
START -12808 380 9984 8718 3121 3642 END
START -13012 628 10172 8710 3298 3175 END
START -13164 832 10296 8697 3367 2674 END
START -13280 1004 10380 8717 3514 2249 END
START -13456 968 10716 8653 3523 1734 END
START -13512 908 11216 8645 3496 1326 END
START -13700 772 11564 8597 3388 825 END
START -13892 840 11968 8581 3204 360 END
START -14192 880 12452 8498 2945 -132 END
START -14292 872 12860 8475 2614 -621 END
START -14540 780 13260 8410 2199 -1108 END
START -14816 752 13800 8356 1675 -1607 END
START -14872 828 14292 8312 1121 -2095 END
START -15084 776 14420 8287 445 -2603 END
START -15180 832 14796 8281 -170 -3091 END
START -15220 624 14896 8244 -869 -3590 END
START -15428 392 15056 8268 -1663 -4141 END
START -15592 204 15368 8210 -2453 -4743 END
START -15636 -144 15552 8239 -3242 -5417 END
START -15580 -328 15372 8255 -4027 -6104 END
START -15756 -416 15360 8285 -4825 -6845 END
START -15600 -436 15532 8299 -5694 -7617 END
START -15660 -496 15436 8375 -6535 -8318 END
START -15524 -472 15620 8434 -7480 -9047 END
START -15248 -492 15412 8578 -8317 -9719 END
START -15080 -448 15136 8749 -9204 -10378 END
START -14940 -300 15048 9011 -9960 -10994 END
START -14544 -244 14748 9269 -10659 -11543 END
START -14180 0 14652 9550 -11172 -12060 END
START -13672 220 14120 9842 -11589 -12544 END
START -13408 512 13852 10119 -11799 -13013 END
START -12792 832 13636 10294 -11924 -13455 END
START -12420 944 13592 10419 -11921 -13895 END
START -11956 1096 13480 10512 -11853 -14268 END
START -11536 1276 13704 10488 -11700 -14651 END
START -11272 1676 13776 10431 -11526 -14918 END
START -11268 2104 14156 10314 -11390 -15250 END
START -11144 2616 14500 10181 -11249 -15517 END
START -11060 2984 15068 10058 -11173 -15809 END
START -11076 3268 15464 9931 -11199 -16061 END
START -10852 3216 15888 9810 -11299 -16343 END
START -10832 3156 16468 9695 -11563 -16592 END
START -10872 3208 17056 9605 -12021 -16825 END
START -10608 3220 17496 9580 -12690 -17136 END
START -10412 3248 17660 9553 -13409 -17399 END
START -10024 3192 17868 9609 -14260 -17681 END
START -9656 3044 17912 9634 -15177 -17893 END
START -9220 2912 17748 9699 -16010 -18102 END
START -8816 3124 17480 9751 -16888 -18291 END
START -8216 3504 17228 9746 -17630 -18467 END
START -7768 3872 16904 9754 -18251 -18662 END
START -7116 4108 16444 9729 -18764 -18754 END
START -6564 4448 15808 9683 -19057 -18828 END
START -5732 4796 15312 9621 -19122 -18810 END
START -4896 5288 14836 9516 -19012 -18697 END
START -4132 5608 14500 9360 -18698 -18503 END
START -3324 6144 14096 9171 -18277 -18194 END
START -2808 6540 14024 8902 -17637 -17788 END
START -2068 6868 14032 8661 -16951 -17270 END
START -1588 7140 14276 8392 -16135 -16660 END
START -1312 7280 14552 8072 -15301 -16042 END
START -1056 7460 15016 7748 -14427 -15336 END
START -876 7260 15352 7339 -13616 -14663 END
START -756 7264 15932 6966 -12869 -14019 END
START -776 7068 16352 6567 -12297 -13440 END
START -912 6972 16976 6175 -11842 -12928 END
START -1040 6716 17552 5768 -11481 -12445 END
START -1160 6684 18052 5426 -11186 -11952 END
START -1356 6488 18484 5117 -11060 -11502 END
START -1508 6228 18756 4817 -10973 -11126 END
START -1716 6132 18968 4521 -10942 -10814 END
START -1872 5988 19332 4220 -10954 -10560 END
START -1836 5844 19600 3920 -10995 -10438 END
START -1960 5788 19500 3533 -11001 -10357 END
START -1744 5732 19440 3144 -11020 -10349 END
START -1800 5704 19260 2691 -11000 -10331 END
START -1532 5808 18992 2240 -10869 -10351 END
START -1544 5856 18740 1808 -10677 -10384 END
START -1500 6108 18464 1394 -10424 -10446 END
START -1484 6356 18268 1035 -10198 -10482 END
START -1528 6684 18128 740 -9875 -10478 END
START -1484 6804 18032 508 -9649 -10468 END
START -1416 6756 17936 328 -9402 -10482 END
START -1212 6868 18000 181 -9239 -10417 END
START -1212 6864 17908 103 -9015 -10357 END
START -1040 6824 18028 65 -8837 -10307 END
START -872 6924 18052 19 -8631 -10171 END
START -888 7124 18064 -15 -8576 -10095 END
START -648 7120 18276 -5 -8465 -9961 END
START -564 7388 18360 -3 -8433 -9842 END
START -504 7508 18468 -36 -8381 -9674 END
START -336 7628 18792 -30 -8454 -9428 END
START -232 7680 18600 -58 -8465 -9218 END
START -76 7588 18784 -67 -8470 -8921 END
START 224 7592 18764 -85 -8514 -8634 END
START 560 7528 18624 -103 -8482 -8291 END
START 960 7344 18780 -118 -8436 -7945 END
START 1172 7180 18752 -226 -8348 -7528 END
START 1476 7152 18908 -375 -8171 -7123 END
START 1588 7060 18920 -558 -8069 -6700 END
START 1628 7000 18940 -754 -7901 -6283 END
START 1840 6976 18908 -1047 -7740 -5826 END
START 1980 6884 18836 -1348 -7538 -5381 END