START -1824 3040 8928 -1361 4522 5718 END
START 636 3876 3040 -1325 3434 6007 END
START -892 2048 7352 -838 3923 6348 END
START -2324 1804 8948 -451 3805 6587 END
START -4256 1716 10568 -59 3564 6714 END
START -5416 1256 11596 321 2990 6761 END
START -6000 724 11860 649 2405 6681 END
START -6576 -160 12204 881 1868 6449 END
START -7104 -1044 12120 989 1481 6008 END
START -7596 -1524 11996 978 1248 5339 END
START -7964 -1964 11748 913 1170 4489 END
START -8044 -2108 11552 799 1348 3460 END
START -7780 -2164 11084 653 1822 2363 END
START -7568 -2024 10804 439 2617 1100 END
START -7020 -1776 10664 134 3596 89 END
START -6636 -992 10600 -237 4707 -893 END
START -6232 -412 10512 -732 5927 -1680 END
START -5540 292 10712 -1239 7147 -2269 END
START -5120 684 10896 -1836 8393 -2695 END
START -4776 1140 11252 -2395 9449 -2888 END
START -4388 1408 11696 -2867 10466 -2991 END
START -4232 1692 12428 -3380 11218 -2926 END
START -4144 1856 13036 -3806 11764 -2823 END
START -4340 2140 13756 -4134 12169 -2617 END
START -4608 2172 14400 -4327 12208 -2318 END
START -4940 2164 14984 -4381 11847 -2017 END
START -5480 2084 15520 -4262 11243 -1571 END
START -5904 1896 15888 -4026 10370 -1171 END
START -6300 1708 16188 -3615 9239 -737 END
START -6592 1540 16464 -3140 7964 -328 END
START -6868 1388 16592 -2600 6623 22 END
START -6912 1220 16500 -2002 5203 394 END
START -6856 1100 16580 -1393 3807 742 END
START -6820 1236 16348 -856 2423 1096 END
START -6788 1172 16288 -407 1201 1425 END
START -6704 1272 15848 -8 107 1718 END
START -6556 1160 15568 311 -723 2044 END
START -6384 1108 15172 497 -1347 2279 END
START -6396 956 14908 570 -1818 2463 END
START -6352 648 14544 545 -2189 2585 END
START -6288 180 14072 411 -2383 2631 END
START -6332 -68 13788 372 -2451 2552 END
START -6364 -164 13372 259 -2420 2439 END
START -6628 -560 13016 195 -2305 2202 END
START -7016 -708 12764 139 -2207 1970 END
START -7172 -724 12580 78 -2005 1641 END
START -7332 -576 11936 72 -1772 1243 END
START -7360 -736 11776 76 -1398 833 END
START -7576 -988 11388 182 -1056 425 END
START -7696 -1212 10952 311 -715 -1 END
START -7700 -1192 10728 466 -378 -441 END
START -7716 -1212 10664 676 0 -908 END
START -7736 -1236 10564 852 278 -1355 END
START -7868 -1380 10784 1078 530 -1828 END
START -7832 -1112 11008 1266 645 -2283 END
START -7624 -752 10896 1476 769 -2639 END
START -7352 -488 11032 1683 860 -3022 END
START -6908 -472 11104 1893 941 -3266 END
START -6912 -412 11048 2069 961 -3450 END
START -6616 -176 11116 2256 996 -3551 END
START -6408 128 11128 2457 1022 -3632 END
START -6060 248 11260 2560 1073 -3655 END
START -6060 512 11440 2657 1018 -3699 END
START -5976 612 11724 2713 887 -3660 END
START -5904 764 11860 2789 689 -3593 END
START -6052 868 12248 2862 331 -3533 END
START -5968 952 12432 2941 -53 -3481 END
START -6028 1156 12420 3000 -491 -3370 END
START -5916 1164 12360 3029 -922 -3264 END
START -5800 1312 12240 3046 -1363 -3148 END
START -5504 1496 12064 2982 -1733 -2990 END
START -5492 1684 11736 2931 -2045 -2887 END
START -5384 1732 11360 2861 -2234 -2775 END
START -5332 1908 10920 2757 -2400 -2671 END
START -5264 1996 10384 2626 -2468 -2551 END
START -5224 2076 10108 2510 -2438 -2543 END
START -5248 2044 9556 2482 -2326 -2485 END
START -5216 2168 9096 2463 -2152 -2483 END
START -5356 2036 9104 2529 -2054 -2480 END
START -5536 1980 9072 2554 -1969 -2530 END
START -5752 2128 8652 2648 -1934 -2592 END
START -5844 2184 8536 2780 -1846 -2698 END
START -5720 2112 8424 2943 -1826 -2833 END
START -5656 2020 8312 3107 -1753 -2988 END
START -5480 2108 8088 3234 -1696 -3112 END
START -5552 2096 7948 3397 -1629 -3234 END
START -5328 2260 7652 3503 -1528 -3363 END
START -5092 2184 7580 3640 -1434 -3421 END
START -5064 2204 7340 3797 -1307 -3551 END
START -4928 2256 7228 3920 -1206 -3627 END
START -4920 2308 7116 4065 -1125 -3744 END
START -4876 2460 6924 4250 -1029 -3873 END
START -4700 2424 6892 4519 -1014 -3961 END
START -4600 2548 6780 4821 -952 -4039 END
START -4648 2688 6752 5113 -1020 -4084 END
START -4508 2808 6824 5430 -1064 -4121 END
START -4516 3012 6728 5718 -1177 -4128 END
START -4376 3060 6624 6028 -1279 -4146 END
START -4188 3152 6616 6348 -1530 -4150 END
START -4140 3172 6612 6630 -1654 -4113 END
START -4084 3216 6664 7012 -1834 -4064 END
START -4080 3232 6876 7340 -2061 -4005 END
START -3948 3288 6964 7679 -2311 -3974 END
START -4020 3120 7144 8000 -2575 -3912 END
START -4024 3152 7260 8262 -2889 -3892 END
START -3816 2916 7328 8538 -3143 -3850 END
START -3636 2812 7348 8781 -3442 -3835 END
START -3464 2872 7188 9017 -3600 -3825 END
START -3212 2720 7168 9189 -3717 -3829 END
START -2968 2700 7112 9269 -3720 -3823 END
START -2880 2984 7132 9320 -3694 -3797 END
START -2896 3068 7132 9310 -3613 -3770 END
START -2544 3072 7120 9281 -3442 -3688 END
START -2380 3144 7140 9272 -3217 -3627 END
START -2080 3112 7028 9266 -2959 -3564 END
START -2216 3328 7260 9294 -2727 -3492 END
START -2168 3356 7464 9372 -2490 -3404 END
START -2260 3644 7652 9464 -2385 -3322 END
START -2216 3704 7712 9612 -2293 -3144 END
START -2508 3756 7844 9862 -2317 -3040 END
START -2612 3628 8052 10162 -2334 -2889 END
START -2532 3740 7980 10550 -2388 -2799 END
START -2588 3672 8236 10944 -2488 -2683 END
START -2584 3580 8404 11441 -2586 -2620 END
START -2744 3656 8976 11890 -2805 -2558 END
START -2748 3692 9128 12280 -3010 -2424 END
START -2712 3576 9712 12669 -3301 -2390 END
START -2536 3396 10120 13095 -3559 -2218 END
START -2476 3168 10572 13496 -3892 -2102 END
START -2284 3008 11108 13855 -4259 -2021 END
START -2144 2744 11560 14157 -4580 -1996 END
START -1784 2380 11756 14465 -4894 -2009 END
START -1396 2324 12304 14662 -5059 -2108 END
START -1056 2224 12640 14743 -5120 -2248 END
START -568 2092 13052 14738 -5181 -2368 END
START -324 2308 13448 14609 -5206 -2473 END
START 104 2336 13740 14495 -5125 -2598 END
START 484 2624 13852 14410 -5054 -2694 END
START 952 2892 14292 14386 -4888 -2756 END
START 1220 3356 14292 14427 -4687 -2802 END
START 1416 3684 14416 14440 -4425 -2749 END
START 1700 4104 15040 14633 -4167 -2690 END
START 1920 4428 15280 14739 -3801 -2592 END
START 2028 4848 15804 14862 -3465 -2447 END
START 2104 5116 16288 14874 -3051 -2360 END
START 2332 5348 16744 14821 -2470 -2276 END
START 2424 5488 17304 14755 -1912 -2157 END
START 2280 5680 17796 14583 -1218 -2042 END
START 2284 5764 18400 14404 -480 -1916 END
START 2316 5648 18904 14173 313 -1817 END
START 2272 5500 19224 13895 1191 -1698 END
START 2064 5516 19932 13638 2182 -1607 END
START 1888 5372 20980 13230 3067 -1507 END
START 1584 5536 22000 12859 3923 -1435 END
START 1108 5580 23256 12433 4650 -1292 END
START 492 5392 24740 11846 5275 -1228 END
START -468 5316 26164 11144 5617 -1093 END
START -1248 5100 27528 10450 5774 -997 END
START -2196 4708 29008 9787 5667 -966 END
START -2948 4240 30408 9142 5308 -1059 END
START -3860 3876 31296 8537 4749 -1186 END
START -4520 3892 32028 7983 4037 -1336 END
START -5076 3792 32704 7531 3188 -1580 END
START -5440 3832 32767 7181 2348 -1692 END
START -5740 4008 32767 6896 1492 -1798 END
START -6052 4184 32767 6656 730 -1834 END
START -6160 4128 32767 6471 -95 -1817 END
START -6156 4148 32767 6238 -766 -1815 END
START -6132 3932 32767 5972 -1414 -1809 END
START -6220 3988 32767 5634 -1955 -1809 END
START -5944 3888 32767 5201 -2364 -1821 END
START -5984 3900 32767 4756 -2603 -1848 END
START -5724 3996 32767 4221 -2775 -1836 END
START -5644 3976 32767 3740 -2786 -1824 END
START -5576 4016 32767 3121 -2735 -1760 END
START -5624 3932 32767 2570 -2670 -1678 END
START -5632 3880 32696 1993 -2573 -1585 END
START -5480 3652 32608 1375 -2402 -1470 END
START -5768 3752 32480 828 -2357 -1410 END
START -5816 3548 32392 241 -2197 -1313 END
START -5824 3340 32236 -241 -2109 -1241 END
START -5924 3296 32008 -788 -1993 -1189 END
START -6152 3192 31752 -1301 -1843 -1129 END
START -6252 3256 31444 -1858 -1705 -1115 END
START -6364 3260 31152 -2396 -1535 -1127 END
START -6624 3144 30864 -2966 -1404 -1082 END
START -6820 3132 30316 -3474 -1195 -1106 END
START -7144 3032 30056 -4031 -1036 -1109 END
START -7176 3004 29704 -4505 -890 -1152 END
START -7500 2676 29144 -4925 -774 -1222 END
START -7756 2404 28776 -5263 -611 -1311 END
START -7864 2316 28456 -5538 -552 -1456 END
START -7960 2096 27860 -5727 -464 -1585 END
START -8284 1988 27648 -5901 -447 -1733 END
START -8616 1892 27128 -6059 -443 -1913 END
START -8664 1696 26964 -6182 -479 -2076 END
START -8776 1604 26664 -6316 -484 -2310 END
START -8908 1404 26412 -6420 -528 -2556 END
START -8824 1384 26180 -6549 -569 -2869 END
START -8856 1372 25892 -6663 -631 -3148 END
START -8872 1288 25512 -6828 -660 -3393 END
START -8892 1280 25180 -7006 -634 -3686 END
START -8812 1504 24664 -7171 -667 -3899 END
START -8832 1556 24396 -7350 -602 -4057 END
START -8832 1564 24048 -7584 -605 -4217 END
START -8692 1744 23544 -7741 -533 -4336 END
START -8664 1836 23264 -7940 -449 -4437 END
START -8756 1816 23092 -8073 -471 -4491 END
START -8720 1732 22716 -8182 -398 -4575 END
START -8696 1600 22572 -8278 -376 -4671 END
START -8816 1700 22252 -8367 -435 -4738 END
START -8776 1708 22108 -8435 -439 -4848 END
START -9060 1560 21836 -8568 -498 -4965 END
START -9040 1576 21516 -8660 -601 -5050 END
START -9036 1468 21288 -8715 -758 -5186 END
START -9048 1360 20916 -8837 -858 -5372 END
START -8996 1320 20596 -8818 -962 -5563 END
START -9028 1332 20312 -8864 -1089 -5748 END
START -8920 1280 20100 -8854 -1220 -5915 END
START -8892 1412 19824 -8861 -1355 -6023 END
START -8876 1516 19352 -8854 -1485 -6149 END
START -8660 1248 19316 -8891 -1594 -6272 END
START -8612 1176 18980 -8901 -1725 -6425 END
START -8372 1080 18596 -8900 -1856 -6588 END
START -8212 1120 18328 -8934 -1885 -6766 END
START -7936 1128 18196 -8947 -1953 -6924 END
START -7920 1192 18044 -8967 -1983 -7111 END
START -7864 1308 17932 -9073 -2043 -7204 END
START -7612 1328 17580 -9173 -2125 -7385 END
START -7460 1508 17276 -9279 -2158 -7508 END
START -6908 1552 17028 -9427 -2136 -7641 END
START -6568 1672 16600 -9543 -2082 -7748 END
START -6444 1852 16396 -9696 -1996 -7791 END
START -6264 1948 15984 -9836 -1853 -7851 END
START -6148 1936 15824 -9918 -1772 -7836 END
START -6080 1932 15304 -9976 -1576 -7852 END
START -6152 1888 14912 -9980 -1435 -7926 END
START -6232 1660 14736 -9940 -1325 -7955 END
START -6336 1628 14348 -9812 -1206 -8016 END
START -6304 1488 14112 -9651 -1089 -8136 END
START -6316 1224 13808 -9471 -1003 -8255 END
START -6388 1160 13692 -9247 -951 -8349 END
START -6588 1076 13600 -9089 -901 -8514 END
START -6560 1080 13504 -8887 -902 -8627 END
START -6416 948 13380 -8728 -899 -8753 END
START -6484 984 13420 -8502 -955 -8885 END
START -6496 756 13292 -8333 -1020 -9023 END
START -6516 488 13480 -8095 -1165 -9218 END
START -6528 480 13444 -7878 -1365 -9374 END
START -6504 452 13536 -7662 -1588 -9552 END
START -6396 492 13596 -7439 -1802 -9704 END
START -6324 660 13524 -7275 -2122 -9863 END
START -6064 784 13320 -7133 -2402 -10003 END
START -5812 712 13260 -6997 -2669 -10161 END
START -5536 836 13056 -6832 -2886 -10276 END
START -5160 936 12636 -6710 -3102 -10330 END
START -4932 952 12496 -6538 -3262 -10387 END
START -4704 1128 12104 -6467 -3372 -10401 END
START -4396 1136 11788 -6349 -3454 -10393 END
START -4100 1192 11496 -6276 -3500 -10363 END
START -3860 1092 11084 -6190 -3505 -10357 END
START -3592 1116 10848 -6101 -3441 -10372 END
START -3284 1104 10548 -6045 -3350 -10429 END
START -3016 1120 10112 -6002 -3246 -10471 END
START -2872 1156 9940 -5928 -3192 -10510 END
START -2680 1272 9596 -5845 -3121 -10538 END
START -2320 1260 9276 -5750 -2979 -10549 END
START -2076 1144 8992 -5615 -2884 -10586 END
START -1940 1356 8464 -5398 -2813 -10616 END
START -1596 1100 8272 -5214 -2772 -10716 END
START -1468 1084 7944 -4913 -2669 -10722 END
START -1124 1100 7648 -4624 -2667 -10752 END
START -684 1280 7288 -4271 -2629 -10819 END
START -456 1356 7396 -3939 -2576 -10849 END
START -52 1536 7008 -3580 -2529 -10868 END
START 252 1776 6988 -3232 -2543 -10792 END
START 672 2124 6808 -2866 -2473 -10685 END
START 1332 2328 6608 -2558 -2447 -10538 END
START 1832 2520 6380 -2220 -2355 -10345 END
START 2264 2644 6364 -1939 -2279 -10146 END
START 2760 2740 6012 -1634 -2177 -9911 END
START 3172 2940 5780 -1348 -2074 -9658 END
START 3624 3140 5508 -1062 -1917 -9369 END
START 3980 3248 5496 -762 -1800 -9105 END
START 4076 3476 5324 -462 -1651 -8800 END
START 4432 3592 5084 -141 -1492 -8428 END
START 4596 3644 4568 169 -1291 -8074 END
START 4960 3644 4324 521 -1126 -7663 END
START 5064 3380 4176 897 -983 -7331 END
START 5320 3456 4220 1329 -840 -7016 END
START 5428 3280 4036 1828 -707 -6711 END
START 5724 3180 4012 2331 -561 -6481 END
START 6108 3404 4284 2837 -458 -6257 END
START 6348 3648 4300 3246 -292 -6018 END
START 6660 4032 4748 3613 -197 -5690 END
START 6976 4300 5000 3947 -33 -5319 END
START 7248 4508 5044 4211 108 -4852 END
START 7364 4604 5380 4396 286 -4356 END
START 7632 4536 5604 4559 472 -3863 END
START 7960 4528 5832 4656 749 -3430 END
START 8076 4556 6284 4735 1026 -2981 END
START 8072 4588 6612 4782 1321 -2602 END
START 7908 4612 7120 4760 1628 -2267 END
START 7772 4708 7628 4738 1874 -1929 END
START 7608 4788 8168 4625 2107 -1721 END
START 7560 4892 8664 4507 2278 -1505 END
START 7512 4760 9128 4311 2531 -1326 END
START 7416 4904 9508 4038 2812 -1196 END
START 7324 5000 9896 3727 3074 -1088 END
START 7172 5108 10388 3410 3406 -1055 END
START 7264 5344 10712 3030 3779 -994 END
START 7224 5548 11232 2713 4126 -972 END
START 7368 5868 11536 2309 4488 -870 END
START 7132 6120 12044 1946 4818 -744 END
START 6952 6256 12424 1586 5090 -611 END
START 6780 6396 12868 1221 5213 -393 END
START 6580 6440 13564 879 5250 -179 END
START 6476 6476 14028 662 5194 -43 END
START 6276 6608 14332 449 5011 132 END
START 6116 6860 14616 366 4823 305 END
START 6012 7092 15076 330 4566 483 END
START 5912 7336 15528 353 4209 746 END
START 5768 7700 15720 402 3762 1018 END
START 5584 7864 16280 376 3302 1338 END
START 5744 8068 16604 410 2764 1688 END
START 5772 8392 16712 389 2221 2124 END
START 5792 8556 16868 417 1739 2551 END
START 5900 8668 17020 367 1307 3044 END
START 6128 8848 16852 304 972 3567 END
START 6300 8940 16876 209 700 4115 END
START 6300 8904 16804 38 583 4725 END
START 6456 8872 16592 -140 500 5346 END
START 6376 8756 16452 -364 536 5961 END
START 6204 8752 16424 -567 555 6552 END
START 6040 8580 16416 -840 640 7163 END
START 5832 8436 16292 -1093 674 7732 END
START 5520 8152 16224 -1309 791 8276 END
START 5348 7716 16288 -1559 803 8803 END
START 4856 7408 16220 -1742 825 9250 END
START 4416 6908 16148 -1918 808 9706 END
START 4132 6592 15860 -2046 763 10057 END
START 3784 6292 15932 -2138 657 10396 END
START 3632 6108 15732 -2234 596 10702 END
START 3104 5868 15504 -2292 494 10957 END
START 2772 5512 15208 -2302 386 11172 END
START 2296 5212 14888 -2239 384 11363 END
START 1768 4924 14740 -2208 321 11505 END
START 1416 4700 14408 -2110 381 11659 END
START 1016 4460 14160 -2033 409 11809 END
START 576 4268 14068 -2005 478 11841 END
START 156 3920 14200 -1989 596 11900 END
START -524 3764 13716 -1937 721 11903 END
START -812 3364 13648 -1942 904 11951 END
START -1152 3168 13588 -1922 1023 11811 END
START -1664 2808 13516 -1880 1208 11693 END
START -2160 2532 13516 -1849 1416 11542 END
START -2616 2204 13552 -1806 1587 11374 END
START -3104 2040 13436 -1756 1728 11111 END
START -3412 1812 13384 -1738 1930 10830 END
START -3704 1596 13268 -1658 2034 10551 END
START -3848 1484 13312 -1625 2268 10283 END
START -3932 1424 13104 -1586 2430 10033 END
START -4132 1272 13000 -1567 2665 9806 END
START -4280 1344 13120 -1571 2865 9617 END
START -4420 1264 13172 -1573 3047 9497 END
START -4436 1140 13288 -1611 3222 9372 END
START -4544 968 13312 -1607 3350 9248 END
START -4684 832 13424 -1643 3412 9205 END
START -4712 588 13612 -1696 3440 9139 END
START -4972 452 13716 -1704 3393 9151 END
START -5180 292 13780 -1662 3231 9159 END
START -5336 128 13880 -1625 3023 9145 END
START -5500 -60 13852 -1510 2753 9158 END
START -5788 -260 13908 -1342 2416 9157 END
START -6128 -468 13988 -1159 2066 9193 END
START -6380 -668 13968 -954 1699 9223 END
START -6616 -696 13768 -724 1344 9281 END
START -6868 -1072 13744 -516 1005 9310 END
START -7356 -1308 13296 -266 629 9315 END
START -7736 -1472 13492 -14 273 9317 END
START -8096 -1684 13200 268 -40 9270 END
START -8560 -1900 13336 510 -317 9143 END
START -8896 -2140 13392 799 -614 8998 END
START -9352 -2516 13392 1026 -892 8773 END
START -9580 -2732 13484 1255 -1168 8513 END
START -9884 -2932 13432 1421 -1498 8170 END
START -10156 -3016 13340 1611 -1742 7833 END
START -10204 -3140 13188 1717 -1937 7458 END
START -10356 -3104 12928 1894 -2095 7056 END
START -10364 -3148 12684 1998 -2177 6687 END
START -10504 -3128 12300 2154 -2174 6281 END
START -10488 -2972 12116 2285 -2091 5943 END
START -10712 -2988 11864 2402 -1993 5525 END
START -10572 -2888 11568 2461 -1784 5188 END
START -10608 -2848 11544 2516 -1624 4758 END
START -10588 -2684 11404 2554 -1319 4321 END
START -10516 -2432 11472 2554 -995 3908 END
START -10320 -2080 11524 2488 -622 3459 END
START -10204 -1752 11384 2394 -253 3062 END
START -9936 -1560 11464 2265 181 2731 END
START -9992 -1428 11508 2099 586 2437 END
START -9732 -1136 11272 1937 1054 2193 END
START -9596 -900 11036 1680 1536 1904 END
START -9548 -672 11016 1506 2041 1633 END
START -9656 -532 10952 1246 2471 1301 END
START -9736 -532 11044 1019 2833 983 END
START -9728 -280 11248 833 3149 672 END
START -9896 -256 11308 687 3329 373 END
START -9972 -120 11432 585 3373 40 END
START -10020 64 11640 542 3291 -216 END
START -10160 32 11540 555 3100 -492 END
START -10144 72 11676 642 2800 -758 END
START -10116 392 11708 802 2418 -1013 END
START -10012 500 11680 998 1926 -1248 END
START -9748 628 11424 1295 1398 -1471 END
START -9616 856 11416 1574 791 -1656 END
START -9132 1124 11220 1929 209 -1813 END
START -8960 1416 11020 2273 -363 -1922 END
START -8468 1652 10848 2645 -978 -2004 END
START -8004 1948 10512 2982 -1545 -2012 END
START -7616 2064 10120 3336 -2177 -2028 END
START -6964 2224 9920 3675 -2648 -2020 END
START -6552 2348 9412 4038 -3109 -1995 END
START -5988 2496 8988 4393 -3483 -2028 END
START -5572 2788 8964 4789 -3707 -1992 END
START -5284 3040 8512 5165 -3860 -1910 END
START -4884 3292 8064 5504 -3933 -1796 END
START -4348 3400 7908 5816 -3915 -1686 END
START -3880 3572 7520 6079 -3784 -1548 END
START -3272 3776 7244 6290 -3554 -1430 END
START -2772 3800 7004 6443 -3157 -1322 END
START -2308 4100 6984 6573 -2650 -1188 END
START -2196 4428 6804 6633 -2093 -1061 END
START -1940 4960 7020 6677 -1523 -878 END
START -1932 5124 7180 6686 -878 -669 END
START -1828 5168 7296 6694 -281 -435 END
START -1812 5308 7488 6682 255 -205 END
START -1792 5452 7840 6643 816 45 END
START -2028 5520 8184 6625 1287 232 END
START -2232 5528 8200 6567 1739 422 END
START -2256 5452 8448 6529 2199 617 END
START -2524 5464 8676 6525 2593 706 END
START -2820 5412 9020 6544 2984 846 END
START -3228 5544 9624 6571 3216 907 END
START -3712 5384 10036 6599 3309 962 END
START -4104 5292 10644 6695 3335 964 END
START -4504 5136 11288 6794 3192 942 END
START -4756 5084 11752 6923 2937 839 END
START -4908 4884 12148 7116 2577 731 END
START -4984 4632 12700 7318 2065 582 END
START -4912 4620 12896 7577 1525 413 END
START -4756 4568 13260 7817 998 291 END
START -4576 4448 13660 8035 366 213 END
START -4168 4472 13800 8256 -236 171 END
START -3736 4616 13756 8421 -756 105 END
START -3476 4792 14040 8571 -1205 105 END
START -2956 4888 14000 8709 -1580 130 END
START -2508 5156 13836 8813 -1835 193 END
START -2208 5300 13748 8933 -1944 327 END
START -1624 5500 13684 8956 -1921 441 END
START -1352 5664 13880 9004 -1742 660 END
START -1208 5840 13844 8969 -1472 888 END
START -1060 5880 14044 8905 -1222 1161 END
START -912 5908 14072 8877 -819 1407 END
START -984 5912 14532 8800 -464 1671 END
START -1208 5696 14700 8749 -122 1970 END
START -1540 5680 15156 8672 129 2203 END
START -1824 5512 15492 8619 347 2411 END
START -2292 5264 15852 8535 584 2567 END
START -2784 4948 16464 8489 661 2678 END
START -3172 4664 16924 8423 717 2735 END
START -3616 4700 17244 8358 816 2754 END
START -3952 4640 17408 8303 822 2763 END
START -4408 4488 17892 8158 818 2682 END
START -4660 4312 18340 8015 815 2574 END
START -4976 4208 18472 7804 814 2400 END
START -5128 3940 18732 7535 881 2211 END
START -5336 3580 18744 7288 951 1966 END
START -5360 3464 19044 7006 1083 1706 END
START -5224 3440 19008 6745 1273 1456 END
START -5284 3264 19096 6548 1538 1164 END
START -5084 3096 19256 6316 1857 911 END
START -5160 2948 19420 6128 2092 649 END
START -5136 2808 19756 5908 2355 399 END
START -5040 2760 19912 5694 2530 104 END
START -5004 2748 20516 5463 2652 -108 END
START -4944 2768 20712 5234 2724 -328 END
START -4676 2920 21044 4995 2783 -475 END
START -4660 2856 21240 4757 2760 -628 END
START -4544 3084 21640 4543 2744 -690 END
START -4532 3028 21932 4352 2657 -766 END
START -4472 3064 22332 4137 2479 -810 END
START -4480 3128 22796 3995 2245 -782 END
START -4360 3148 23164 3808 1906 -763 END
START -4356 3220 23128 3648 1516 -703 END
START -4108 3372 23332 3495 1197 -615 END
START -4036 3416 23344 3382 880 -495 END
START -3924 3388 23136 3207 588 -311 END
START -3840 3580 22964 3037 310 -158 END
START -3916 3664 22952 2851 122 27 END
START -3840 3600 22556 2683 -34 205 END
START -4068 3704 22544 2483 -130 395 END
START -4004 3612 22624 2280 -217 538 END
START -4088 3552 22420 2026 -247 681 END
START -4208 3444 22328 1756 -245 815 END
START -4268 3476 22300 1433 -224 870 END
START -4444 3488 22252 1104 -167 972 END
START -4592 3384 22208 788 -91 1009 END
START -4720 3188 22032 470 4 1026 END
START -4860 3232 21892 127 91 1095 END
START -5056 3060 21784 -186 172 1076 END
START -5024 2904 21644 -469 306 1039 END
START -5184 2932 21696 -734 395 1000 END
START -5396 2864 21300 -996 485 944 END
START -5640 2872 21376 -1228 519 928 END
START -5652 2716 21184 -1437 555 860 END
START -5732 2684 21004 -1688 618 782 END
START -5864 2444 20828 -1904 651 720 END
START -5836 2288 20624 -2123 684 539 END
START -6068 2228 20352 -2237 771 471 END
START -6124 2168 20180 -2320 857 314 END
START -6260 2172 19844 -2418 879 206 END
START -6152 2092 19760 -2481 882 95 END
START -5852 2092 19308 -2611 1006 -50 END
START -5772 2048 19184 -2782 1158 -186 END
START -5376 2280 18780 -2988 1391 -300 END
START -5104 2276 18568 -3198 1685 -380 END
START -5044 2500 18308 -3427 1985 -429 END
START -5092 2656 18220 -3703 2345 -378 END
START -4988 2796 18024 -3938 2733 -353 END
START -4844 3024 18004 -4165 3037 -281 END
START -4768 3192 17704 -4422 3374 -170 END
START -4692 3336 17684 -4706 3743 -60 END
START -4468 3128 17652 -4890 4037 60 END
START -4432 3080 17432 -5164 4293 175 END
START -4460 3308 17476 -5339 4591 283 END