START -5792 5192 6540 -3774 3065 479 END
START -6744 4896 6348 -3643 2942 424 END
START -7292 4364 5972 -3437 2847 227 END
START -7432 4112 5328 -3139 2741 -54 END
START -7592 3852 4968 -2780 2875 -395 END
START -7912 3788 4276 -2415 3062 -815 END
START -8060 3780 3824 -1998 3328 -1302 END
START -8344 3640 3700 -1620 3651 -1737 END
START -8380 3264 3292 -1163 3906 -2172 END
START -8524 2788 3336 -788 4109 -2556 END
START -8552 2648 3532 -383 4295 -2897 END
START -8276 2604 3752 20 4383 -3263 END
START -8404 2588 3680 420 4604 -3604 END
START -8416 2680 4100 720 4719 -3966 END
START -8772 2748 4396 941 4662 -4362 END
START -8988 2916 4664 1091 4489 -4764 END
START -8788 3000 4860 1204 4269 -5160 END
START -8860 3540 5080 1306 3974 -5494 END
START -8720 3948 5052 1377 3666 -5863 END
START -8444 4052 5308 1464 3290 -6173 END
START -8108 4040 5368 1544 2923 -6435 END
START -7888 4024 5232 1623 2546 -6568 END
START -7396 4164 5124 1703 2205 -6644 END
START -7000 4064 4916 1786 1875 -6642 END
START -6716 3920 4672 1927 1620 -6568 END
START -6480 3848 4508 2183 1453 -6512 END
START -5908 3712 4344 2429 1403 -6419 END
START -5716 3716 4392 2733 1255 -6320 END
START -5420 3620 4480 2979 1164 -6226 END
START -5108 3512 4440 3254 973 -6103 END
START -5016 3616 4496 3424 744 -5953 END
START -4940 3748 4684 3622 428 -5792 END
START -4848 3912 4800 3824 72 -5605 END
START -4628 3844 4840 4015 -226 -5388 END
START -4280 3784 4800 4177 -584 -5111 END
START -4152 3908 4672 4347 -960 -4858 END
START -4248 3984 4580 4496 -1371 -4547 END
START -4380 3760 4196 4734 -1798 -4288 END
START -4716 3700 3708 5121 -2324 -4066 END
START -4396 3288 2512 5681 -2567 -3941 END
START -4580 3144 2808 6365 -2819 -3827 END
START -4724 3092 2012 7161 -2943 -3764 END
START -4948 3136 1500 8010 -3111 -3797 END
START -4920 3136 1560 8941 -3216 -3886 END
START -4616 3292 1252 9902 -3191 -4016 END
START -4016 3280 1596 10788 -3105 -4151 END
START -3432 3420 1504 11686 -2908 -4289 END
START -2844 3844 1744 12251 -2487 -4333 END
START -2572 4572 1828 12937 -2033 -4338 END
START -2032 4956 1876 13327 -1365 -4310 END
START -1692 5408 2288 13608 -646 -4169 END
START -1484 5828 2700 13864 113 -3964 END
START -1332 6216 3276 14076 808 -3778 END
START -1452 6300 4140 14286 1414 -3524 END
START -1520 6240 5228 14507 1869 -3273 END
START -1664 6048 5980 14681 2041 -2933 END
START -1956 5936 6960 14842 1957 -2620 END
START -1892 5820 8072 15029 1651 -2331 END
START -1868 5324 8876 15205 1159 -2045 END
START -1924 4864 9612 15402 460 -1779 END
START -1640 4116 9916 15647 -217 -1581 END
START -1260 3544 9864 15982 -689 -1352 END
START -1056 2984 9720 16386 -1010 -1166 END
START -988 2964 10040 16720 -1264 -1032 END
START -1044 2968 10468 16984 -1488 -871 END
START -836 3216 10788 17212 -1655 -760 END
START -848 3460 11408 17369 -1726 -635 END
START -896 3456 11884 17503 -1763 -564 END
START -568 3792 12088 17662 -1623 -500 END
START -580 3940 12500 17749 -1286 -508 END
START -592 3976 12760 17837 -901 -539 END
START -660 4384 13308 17802 -392 -658 END
START -836 4716 13716 17692 228 -796 END
START -852 5080 14580 17443 830 -965 END
START -1252 5388 15424 17180 1364 -1146 END
START -1508 5756 16400 16803 1885 -1332 END
START -1736 6080 17472 16394 2366 -1484 END
START -1840 6124 18620 16013 2587 -1592 END
START -1724 6284 19456 15670 2846 -1671 END
START -1648 6480 20448 15381 3137 -1709 END
START -1568 7028 21088 15047 3370 -1749 END
START -1388 7268 21984 14657 3622 -1744 END
START -1236 7672 22692 14220 3868 -1639 END
START -972 7912 23528 13653 4050 -1526 END
START -864 8272 24380 13046 4222 -1347 END
START -532 8236 24864 12412 4339 -1150 END
START -424 8296 25312 11966 4519 -958 END
START -268 8308 25696 11323 4607 -695 END
START -212 8324 25840 10810 4702 -461 END
START -340 8576 26476 10231 4771 -97 END
START -552 8540 26936 9718 4706 279 END
START -880 8684 27240 9247 4541 697 END
START -1240 8544 27644 8834 4271 1141 END
START -1628 8180 27996 8449 3869 1596 END
START -2112 7772 28180 8209 3415 1992 END
START -2744 7308 28068 8095 2901 2320 END
START -3364 6740 28060 8035 2432 2521 END
START -3780 6228 27912 8124 1992 2617 END
START -4244 5752 28020 8193 1618 2632 END
START -4664 5472 28140 8230 1193 2565 END
START -5120 5412 28496 8186 797 2437 END
START -5608 5020 28756 8063 409 2250 END
START -5584 4832 28916 7861 99 2049 END
START -6148 4664 29180 7616 -126 1830 END
START -6320 4580 29436 7256 -303 1541 END
START -6536 4372 29500 6912 -429 1195 END
START -6660 4332 29436 6462 -505 864 END
START -6900 4276 29532 6045 -505 509 END
START -7032 4396 29672 5635 -554 175 END
START -7232 4324 29872 5258 -665 -164 END
START -7480 4388 30000 4861 -719 -446 END
START -7468 4392 29956 4497 -818 -706 END
START -7348 4504 29992 4087 -857 -978 END
START -7512 4612 30048 3674 -903 -1244 END
START -7368 4964 30228 3166 -914 -1429 END
START -7236 5240 30296 2699 -1021 -1574 END
START -7188 5288 30460 2138 -1105 -1647 END
START -6652 5224 30528 1632 -1141 -1632 END
START -6344 5156 30612 1030 -1147 -1545 END
START -6284 5176 30360 414 -1237 -1456 END
START -6364 5288 30380 -184 -1250 -1413 END
START -6364 5336 30288 -724 -1260 -1343 END
START -6576 5288 29940 -1283 -1302 -1307 END
START -6816 5152 29780 -1757 -1414 -1266 END
START -6896 5076 29748 -2174 -1525 -1290 END
START -6940 5208 29400 -2542 -1616 -1279 END
START -6928 4996 28804 -2861 -1717 -1319 END
START -7140 5160 28596 -3197 -1725 -1332 END
START -7068 4776 28256 -3545 -1745 -1347 END
START -7272 4688 27928 -3923 -1737 -1382 END
START -7280 4644 27724 -4285 -1772 -1446 END
START -7356 4588 27308 -4628 -1740 -1532 END
START -7500 4656 26876 -4944 -1672 -1598 END
START -7572 4548 26768 -5210 -1562 -1689 END
START -7748 4516 26424 -5466 -1521 -1778 END
START -7732 4268 26192 -5690 -1445 -1909 END
START -7820 4068 25836 -5930 -1275 -1988 END
START -7896 4076 25392 -6199 -1190 -2075 END
START -7968 4140 24876 -6516 -964 -2160 END
START -8096 4228 24472 -6759 -730 -2257 END
START -8120 4080 24160 -6984 -479 -2318 END
START -8032 3944 23664 -7131 -153 -2408 END
START -8352 3828 23432 -7249 126 -2494 END
START -8484 3772 23588 -7349 387 -2581 END
START -8764 3588 23452 -7465 569 -2721 END
START -8932 3448 23664 -7572 655 -2850 END
START -9348 3136 23452 -7668 627 -3022 END
START -9860 2852 23552 -7777 586 -3239 END
START -10348 2740 23416 -7842 431 -3494 END
START -10752 2524 23196 -7819 287 -3751 END
START -11108 2260 23180 -7772 41 -4036 END
START -11452 2136 23032 -7716 -163 -4278 END
START -11820 2004 22824 -7654 -381 -4530 END
START -11988 1852 22844 -7611 -637 -4786 END
START -12328 1748 22460 -7633 -870 -5064 END
START -12520 1720 22236 -7619 -998 -5375 END
START -12740 1904 22076 -7655 -1106 -5648 END
START -12716 1856 21924 -7684 -1190 -5901 END
START -12872 1748 21952 -7743 -1228 -6173 END
START -13012 1716 21900 -7863 -1322 -6436 END
START -12968 1648 22124 -7957 -1421 -6689 END
START -13148 1672 22084 -8182 -1581 -6934 END
START -13256 1560 22028 -8444 -1793 -7198 END
START -13168 1580 22200 -8726 -1979 -7433 END
START -13148 1628 21740 -9050 -2149 -7666 END
START -13172 1520 21596 -9429 -2378 -7924 END
START -13032 1540 21284 -9716 -2603 -8177 END
START -12808 1432 20840 -9994 -2745 -8448 END
START -12876 1468 20620 -10197 -2841 -8736 END
START -12788 1416 20240 -10393 -2949 -9096 END
START -12940 1408 20000 -10580 -3117 -9407 END
START -12960 1452 19576 -10774 -3203 -9787 END
START -12804 1380 19200 -10898 -3366 -10124 END
START -12708 1336 18640 -10968 -3471 -10439 END
START -12440 1416 18072 -11002 -3537 -10810 END
START -12556 1304 17884 -10969 -3568 -11175 END
START -12528 1284 17604 -10940 -3653 -11582 END
START -12600 1280 17460 -10955 -3823 -12037 END
START -12336 1264 17156 -10941 -3976 -12469 END
START -12220 1312 17076 -10986 -4229 -12925 END
START -11808 1632 16736 -11075 -4456 -13353 END
START -11304 1776 16356 -11121 -4678 -13762 END
START -10716 2100 16072 -11123 -4852 -14065 END
START -10144 2240 15280 -11167 -4892 -14337 END
START -9476 2340 15004 -11205 -4876 -14536 END
START -8772 2392 14484 -11237 -4820 -14737 END
START -8440 2428 14048 -11284 -4785 -14913 END
START -8004 2468 13728 -11337 -4718 -15108 END
START -7432 2472 13144 -11358 -4672 -15284 END
START -6932 2780 12788 -11348 -4606 -15421 END
START -6528 2896 12740 -11345 -4647 -15522 END
START -6056 3148 12408 -11273 -4761 -15572 END
START -5484 3280 12180 -11181 -4915 -15553 END
START -5040 3428 11560 -11003 -5166 -15529 END
START -4460 3540 11244 -10784 -5334 -15464 END
START -3956 3644 10816 -10527 -5573 -15383 END
START -3560 3832 10472 -10221 -5722 -15261 END
START -3292 4036 9920 -9886 -5924 -15069 END
START -2924 4212 9436 -9515 -6032 -14873 END
START -2436 4404 9044 -9136 -6078 -14681 END
START -2128 4372 8684 -8765 -6111 -14471 END
START -1612 4316 8276 -8433 -6101 -14252 END
START -1460 4244 8276 -8101 -6095 -14096 END
START -1084 4252 8280 -7766 -6108 -13952 END
START -720 4256 8088 -7485 -6060 -13808 END
START -516 4300 7896 -7249 -6015 -13706 END
START -84 4304 7816 -6979 -5967 -13579 END
START 232 4400 7712 -6746 -5869 -13466 END
START 472 4440 7460 -6547 -5829 -13312 END
START 836 4536 7372 -6314 -5772 -13177 END
START 1276 4736 7004 -6077 -5718 -12937 END
START 1660 4904 7028 -5848 -5688 -12726 END
START 1980 5140 6848 -5652 -5620 -12470 END
START 2372 5128 6636 -5396 -5561 -12201 END
START 2612 5224 6364 -5169 -5424 -11932 END
START 3016 5204 6192 -4945 -5293 -11684 END
START 3184 5416 6052 -4776 -5184 -11493 END
START 3668 5664 5868 -4663 -5107 -11315 END
START 3924 5916 5844 -4499 -5004 -11112 END
START 4384 6096 5632 -4330 -4869 -10850 END
START 4592 6240 5388 -4108 -4739 -10542 END
START 5156 6340 5360 -3870 -4557 -10131 END
START 5384 6444 5412 -3658 -4425 -9764 END
START 5704 6540 5396 -3412 -4304 -9343 END
START 5884 6688 5480 -3180 -4302 -8928 END
START 6324 6732 5400 -2931 -4266 -8500 END
START 6452 6640 5444 -2665 -4290 -8080 END
START 6676 6536 5348 -2424 -4256 -7682 END
START 6852 6696 5272 -2209 -4329 -7244 END
START 7016 7020 5208 -2051 -4312 -6839 END
START 7292 7072 4832 -1900 -4327 -6441 END
START 7568 7072 4660 -1762 -4247 -6038 END
START 7872 7052 4552 -1631 -4071 -5632 END
START 8052 6960 4204 -1407 -3822 -5161 END
START 8176 6996 3944 -1129 -3611 -4703 END
START 8252 7020 4008 -829 -3431 -4302 END
START 8344 7112 3812 -534 -3252 -3896 END
START 8084 7188 4044 -220 -3160 -3524 END
START 7964 7192 4060 109 -3138 -3178 END
START 8044 7288 4080 420 -3150 -2836 END
START 8000 7248 4108 683 -3179 -2522 END
START 7984 7228 4136 1014 -3158 -2225 END
START 8120 7060 4136 1337 -3062 -1891 END
START 8092 6956 4192 1585 -2944 -1639 END
START 8248 7116 4132 1792 -2775 -1401 END
START 8436 7180 4280 1930 -2573 -1175 END
START 8580 7392 4220 2012 -2289 -976 END
START 8760 7512 4352 2023 -1944 -808 END
START 8868 7624 4472 2039 -1540 -579 END
START 8972 7684 4392 1994 -1127 -418 END
START 9248 7856 4428 1972 -614 -157 END
START 9400 8052 4352 1933 -55 71 END
START 9560 8136 4740 1906 422 316 END
START 9832 8376 4940 1860 849 601 END
START 9808 8428 5028 1823 1267 911 END
START 9792 8680 5468 1779 1579 1283 END
START 9836 8932 5680 1801 1765 1717 END
START 9912 9116 6000 1861 1925 2165 END
START 10180 9352 5980 1956 2071 2653 END
START 10088 9448 6068 2058 2204 3239 END
START 10120 9680 6184 2156 2249 3849 END
START 10120 9888 6224 2309 2328 4469 END
START 10088 10036 6260 2449 2359 5086 END
START 9860 10052 6372 2684 2344 5742 END
START 9668 9956 6432 2952 2371 6348 END
START 9508 9752 6388 3252 2338 6930 END
START 9288 9556 6564 3558 2369 7458 END
START 8996 9372 6796 3876 2369 7964 END
START 8852 9208 7148 4096 2277 8473 END
START 8608 9212 7620 4311 2174 8880 END
START 8328 9216 7972 4448 2039 9293 END
START 8280 9128 8092 4606 1889 9730 END
START 8144 9092 8084 4767 1734 10152 END
START 8020 8852 7996 4965 1713 10531 END
START 7728 8740 7904 5156 1765 10924 END
START 7320 8572 7836 5335 1848 11247 END
START 7096 8444 7828 5524 2018 11500 END
START 6900 8244 7792 5722 2231 11727 END
START 6580 8128 8000 5844 2430 11897 END
START 6280 8048 8032 6000 2718 12102 END
START 6164 8144 8348 6103 3028 12268 END
START 5892 8192 8600 6204 3318 12518 END
START 5560 8392 8876 6247 3621 12727 END
START 5384 8592 9396 6280 3890 12983 END
START 5012 8720 9656 6287 4132 13125 END
START 4640 8712 10196 6268 4358 13517 END
START 4504 8508 10564 6215 4595 13875 END
START 4140 8432 11228 6195 4728 14258 END
START 3672 8328 11952 6092 4694 14610 END
START 3176 8216 12580 6023 4514 14935 END
START 2532 8056 13288 5983 4243 15238 END
START 1956 7968 13272 5972 3824 15547 END
START 1396 7840 13408 6055 3451 15871 END
START 792 7636 13164 6227 3132 16164 END
START 68 7356 13276 6461 2813 16382 END
START -612 6936 13308 6727 2552 16601 END
START -1248 6644 13116 7001 2322 16694 END
START -1932 6280 13288 7300 2117 16756 END
START -2460 5900 13424 7559 1987 16768 END
START -2956 5508 13532 7807 1924 16671 END
START -3512 5148 13924 8087 1848 16566 END
START -3920 4796 14396 8277 1783 16416 END
START -4196 4256 14860 8408 1782 16308 END
START -4504 3964 15480 8428 1718 16152 END
START -4620 3756 15884 8434 1775 15973 END
START -4836 3432 16292 8304 1857 15796 END
START -5064 3272 16516 8108 1961 15564 END
START -5356 3144 16956 7831 2050 15328 END
START -5648 2992 17404 7520 2256 15145 END
START -6040 2860 17852 7144 2370 14984 END
START -6564 2908 18208 6818 2524 14804 END
START -6992 2700 18292 6480 2612 14688 END
START -7444 2212 18624 6222 2684 14572 END
START -8044 2112 18776 5987 2678 14415 END
START -8456 1772 19168 5834 2643 14289 END
START -9036 1608 19412 5744 2565 14199 END
START -9664 1140 19424 5732 2486 14111 END
START -10440 788 19700 5744 2345 14058 END
START -11104 404 19860 5841 2225 13992 END
START -11916 -172 20260 5975 2039 13866 END
START -12980 -824 20616 6104 1815 13673 END
START -13992 -1396 20892 6235 1522 13365 END
START -14724 -2028 21344 6325 1237 12915 END
START -15336 -2756 21884 6416 965 12460 END
START -15824 -3292 22244 6374 725 11803 END
START -16216 -3840 22672 6249 521 11071 END
START -16352 -3824 22712 5991 406 10339 END
START -16160 -3864 22880 5595 455 9568 END
START -16128 -3868 22960 5075 502 8812 END
START -15896 -3892 22872 4485 669 8092 END
START -15788 -3584 22684 3859 818 7372 END
START -15676 -3444 22120 3312 1019 6681 END
START -15472 -3360 21836 2862 1211 6043 END
START -15364 -3436 21436 2440 1476 5403 END
START -15116 -3384 20972 2148 1682 4786 END
START -14968 -3104 20536 1931 1947 4184 END
START -14672 -2740 20136 1762 2199 3645 END
START -14392 -2256 19528 1638 2510 3150 END
START -14168 -1672 19416 1524 2770 2794 END
START -14128 -1096 19192 1462 2972 2511 END
START -14104 -660 19120 1502 3103 2346 END
START -14008 -460 19128 1590 3256 2293 END
START -14192 -344 19516 1726 3277 2249 END
START -14360 -280 19968 1869 3223 2230 END
START -14584 -336 20248 1962 3024 2148 END
START -14920 -240 20720 2002 2708 2060 END
START -15244 -164 20948 1977 2296 1948 END
START -15292 -8 21400 1900 1754 1838 END
START -15476 36 21748 1769 1179 1702 END
START -15380 136 21636 1596 615 1528 END
START -15300 192 21428 1420 29 1310 END
START -15248 232 21164 1245 -456 1085 END
START -15068 276 20716 1045 -999 797 END
START -14716 444 20288 902 -1450 473 END
START -14504 300 19600 796 -1830 127 END
START -14192 380 19092 665 -2139 -273 END
START -14036 564 18704 532 -2400 -713 END
START -13456 740 18016 399 -2636 -1156 END
START -12976 988 17512 270 -2793 -1621 END
START -12500 1180 16940 163 -2894 -2048 END
START -11948 1444 15988 79 -2900 -2504 END
START -11360 1704 15568 14 -2913 -2916 END
START -10888 2120 15120 -41 -2877 -3306 END
START -10412 2288 14608 -80 -2848 -3717 END
START -9760 2436 14044 -115 -2897 -4103 END
START -9328 2740 13604 -109 -2834 -4518 END
START -8752 2796 12888 -89 -2836 -4902 END
START -8268 3080 12556 -72 -2789 -5253 END
START -7728 3288 11828 -24 -2721 -5640 END
START -7040 3480 11172 56 -2612 -6009 END
START -6344 3828 10652 168 -2419 -6342 END
START -5424 4148 10060 358 -2227 -6631 END
START -4536 4684 9620 506 -1956 -6847 END
START -3844 5016 9244 653 -1646 -6973 END
START -3120 5612 8896 690 -1317 -7030 END
START -2424 6240 8744 688 -1052 -6983 END
START -1936 6724 8452 679 -823 -6900 END
START -1084 7028 8292 637 -477 -6714 END
START -540 7296 8088 595 -195 -6522 END
START -52 7416 7856 601 153 -6267 END
START 532 7688 7652 557 378 -6013 END
START 668 7804 7560 531 586 -5755 END
START 1012 7940 7416 555 744 -5435 END
START 1080 8032 7280 614 832 -5153 END
START 1260 8124 7136 741 800 -4802 END
START 1212 8244 6716 942 719 -4445 END
START 1332 8364 6648 1157 490 -4071 END
START 1404 8504 6572 1452 233 -3706 END
START 1244 8420 6552 1798 -228 -3287 END
START 1548 8580 6276 2189 -632 -2921 END
START 1552 8660 6060 2627 -1165 -2481 END
START 1764 8716 5584 3148 -1605 -2077 END
START 1768 8920 5136 3684 -1996 -1609 END
START 1548 8932 4836 4190 -2351 -1185 END
START 1504 8984 4312 4783 -2649 -780 END
START 1428 8776 4012 5268 -2882 -499 END
START 996 8612 3872 5764 -3093 -244 END
START 664 8440 3556 6201 -3248 -136 END
START 440 8200 3328 6637 -3309 -98 END
START 388 8216 3140 7077 -3353 -143 END
START 428 8372 2904 7463 -3266 -220 END
START 460 8684 2976 7840 -3173 -310 END
START 544 8836 3244 8152 -3126 -340 END
START 732 9004 3512 8399 -3055 -343 END
START 856 9196 3424 8636 -2980 -284 END
START 1136 9512 3504 8893 -2897 -227 END
START 1116 9576 3784 9095 -2829 -191 END
START 1208 9652 3556 9361 -2727 -159 END
START 1628 9568 3704 9629 -2578 -146 END
START 1796 9696 3876 9838 -2348 -121 END
START 1968 9996 4232 10028 -2172 -114 END
START 2264 10388 4212 10099 -1959 -2 END
START 2460 10740 4576 10165 -1746 147 END
START 2768 10824 4540 10160 -1471 343 END
START 3096 10916 4520 10130 -1120 599 END
START 3148 10952 4464 10120 -738 807 END
START 3224 10908 4196 10175 -235 1040 END
START 3264 10704 4400 10240 314 1188 END
START 3292 10444 4448 10338 1020 1323 END
START 2924 10304 4760 10433 1666 1479 END
START 2864 10204 5232 10514 2272 1555 END
START 2648 10240 5800 10575 2758 1644 END
START 2252 10272 6272 10660 3236 1765 END
START 2016 10276 6884 10687 3667 1834 END
START 1608 10316 7416 10748 4089 1945 END
START 1456 10392 7968 10844 4509 1991 END
START 1140 10452 8504 10869 4897 2009 END
START 832 10724 9248 10900 5276 2039 END
START 840 10940 10164 10895 5617 2048 END
START 664 11272 10832 10832 5925 2150 END
START 548 11388 11840 10731 6064 2265 END
START 500 11572 12372 10718 6140 2430 END
START 368 11744 13160 10754 6119 2582 END
START 628 11832 13608 10902 6048 2857 END
START 632 12172 14264 11102 6019 3173 END
START 672 12592 14872 11337 5989 3463 END
START 616 13428 15524 11438 5973 3793 END
START 616 13860 16436 11511 5995 4194 END
START 456 14200 17296 11515 6021 4669 END
START 396 14040 17896 11492 6019 5193 END
START 24 13696 18872 11487 5989 5789 END
START -376 13440 19632 11517 6048 6304 END
START -1120 13076 20720 11574 6073 6721 END
START -2332 12580 21748 11674 5978 7058 END
START -3272 12000 22740 11625 5801 7344 END
START -4316 11536 23944 11490 5582 7502 END
START -5312 10920 24572 11372 5468 7654 END
START -6300 10136 25476 11271 5405 7699 END
START -7212 9304 25992 11005 5492 7665 END
START -8148 8660 26824 10541 5509 7509 END
START -9348 7996 27480 9938 5605 7259 END
START -10088 7280 27888 9187 5724 6908 END
START -10612 6396 28336 8437 5935 6539 END
START -11224 5688 28560 7693 6199 6110 END
START -11596 5112 29060 6942 6506 5639 END
START -12056 4560 29488 6189 6742 5171 END
START -12440 4048 29828 5375 6885 4648 END
START -12908 3568 30072 4567 6781 4074 END
START -13212 2996 30248 3816 6631 3509 END
START -13420 2448 30380 3123 6284 2925 END
START -13360 1896 30396 2549 5934 2325 END
START -13232 1700 30140 2069 5419 1757 END
START -13240 1316 30356 1685 4811 1177 END
START -12972 1128 30328 1382 4109 737 END
START -12564 1072 30308 1083 3341 260 END
START -12100 1064 29928 852 2608 -102 END
START -11420 900 29520 639 1870 -500 END
START -10764 928 29016 412 1278 -847 END
START -10416 876 28640 282 780 -1154 END
START -9856 1100 28092 100 376 -1455 END
START -9308 1396 27508 -2 10 -1689 END
START -8696 1536 27020 -97 -275 -1899 END
START -8116 1696 26680 -156 -494 -2058 END
START -7684 1864 26372 -212 -646 -2146 END
START -7264 2128 26360 -250 -822 -2249 END
START -7088 2208 26180 -312 -952 -2289 END
START -6920 2416 26184 -396 -1155 -2311 END
START -6592 2704 25900 -498 -1280 -2318 END
START -6292 2908 25996 -624 -1444 -2352 END
START -6120 3240 25576 -771 -1555 -2340 END
START -6012 3364 25592 -928 -1693 -2294 END
START -5756 3620 25624 -1071 -1818 -2257 END
START -5524 3840 25624 -1254 -1918 -2189 END
START -5348 4096 25732 -1417 -2023 -2087 END