START -1860 52 7472 -1797 2111 -825 END
START 2804 376 1148 -1781 2257 -827 END
START 440 -216 3228 -1674 2941 -889 END
START -100 -368 5132 -1638 3405 -876 END
START -640 200 5664 -1359 4045 -860 END
START -1580 252 6272 -1197 4620 -791 END
START -2384 296 6984 -956 4878 -733 END
START -2316 -124 7332 -690 5086 -641 END
START -1948 -228 6972 -373 5434 -491 END
START -2068 -492 7452 -29 5795 -312 END
START -2392 -424 8140 246 5993 -188 END
START -2616 -536 8748 507 6105 -58 END
START -2876 -556 9072 714 5971 47 END
START -3212 -584 9808 982 5736 85 END
START -3540 -740 10412 1219 5383 92 END
START -3616 -988 10900 1444 4964 19 END
START -3636 -1356 11232 1702 4444 -77 END
START -3544 -1608 11332 1896 4043 -208 END
START -3360 -1840 11584 2108 3600 -372 END
START -3088 -2212 11476 2300 3278 -458 END
START -3036 -2336 11804 2437 3100 -607 END
START -2952 -2268 12020 2622 2855 -647 END
START -2784 -2288 12316 2695 2632 -712 END
START -2456 -2108 12560 2692 2560 -701 END
START -2572 -2004 12936 2626 2527 -684 END
START -2672 -1872 13136 2454 2475 -593 END
START -2716 -1928 13260 2224 2470 -533 END
START -3020 -1880 13572 1960 2471 -416 END
START -3176 -1936 13788 1714 2409 -354 END
START -3596 -1872 14084 1517 2303 -288 END
START -3864 -1872 14184 1340 2130 -194 END
START -4268 -1868 14376 1216 1855 -131 END
START -4536 -1828 14396 1189 1592 -76 END
START -4768 -1664 14160 1144 1401 2 END
START -5020 -1444 13876 1164 1197 26 END
START -5380 -1484 13764 1106 1022 55 END
START -5376 -1592 13508 1170 929 85 END
START -5584 -1692 13400 1205 895 59 END
START -5660 -1860 13488 1274 965 33 END
START -5888 -2008 13404 1305 989 -28 END
START -6040 -1904 13500 1311 1048 -47 END
START -6236 -2032 13720 1270 1054 -114 END
START -6396 -1888 14120 1186 1039 -165 END
START -6432 -1900 14516 1079 993 -211 END
START -6608 -1896 14580 979 855 -267 END
START -6656 -2000 14768 847 670 -358 END
START -6596 -2044 15044 699 399 -466 END
START -6680 -2084 14984 581 101 -523 END
START -6568 -2288 15068 495 -110 -640 END
START -6260 -2364 14952 398 -317 -751 END
START -6008 -2600 14836 324 -468 -777 END
START -5744 -2592 14508 253 -557 -808 END
START -5552 -2748 14340 192 -629 -726 END
START -5240 -2880 14076 198 -616 -667 END
START -5244 -2808 13632 223 -546 -617 END
START -5264 -3012 13116 313 -508 -567 END
START -5192 -3172 12776 448 -409 -550 END
START -5128 -3268 12652 653 -333 -582 END
START -5280 -3172 12404 881 -209 -610 END
START -5216 -3100 12208 1123 -157 -607 END
START -5404 -3156 12368 1385 -172 -705 END
START -5324 -3064 12272 1612 -190 -713 END
START -5156 -2956 12368 1748 -248 -750 END
START -5076 -2720 12304 1886 -291 -770 END
START -4836 -2508 12284 1915 -296 -771 END
START -4872 -2416 12088 1893 -319 -781 END
START -4520 -2332 12132 1813 -341 -766 END
START -4340 -2324 11888 1723 -288 -712 END
START -4060 -2272 11656 1684 -182 -642 END
START -3904 -2104 11580 1675 -102 -573 END
START -3844 -2020 11340 1655 2 -562 END
START -3652 -1860 11120 1646 40 -521 END
START -3564 -1752 10956 1604 134 -458 END
START -3580 -1556 10772 1557 158 -396 END
START -3364 -1600 10584 1524 286 -351 END
START -3228 -1628 10192 1439 319 -317 END
START -3100 -1540 9860 1436 378 -304 END
START -3124 -1468 9764 1443 462 -234 END
START -2924 -1556 9272 1482 531 -247 END
START -3032 -1180 9124 1581 654 -244 END
START -2896 -1212 8900 1703 665 -198 END
START -2936 -1172 8644 1853 719 -214 END
START -3012 -1024 8636 2029 705 -174 END
START -3020 -892 8376 2175 655 -156 END
START -3064 -656 8312 2324 592 -143 END
START -3012 -576 8288 2498 547 -143 END
START -3100 -460 8064 2640 373 -133 END
START -3004 -248 7728 2818 325 -53 END
START -3016 -92 7532 2947 249 -60 END
START -2924 -32 7388 3091 166 18 END
START -2964 -52 7064 3239 109 73 END
START -2904 64 6940 3396 44 66 END
START -3008 236 6844 3588 40 103 END
START -2996 252 6620 3797 -12 128 END
START -3116 300 6084 4050 -41 160 END
START -3096 456 5916 4309 -40 171 END
START -3208 560 5524 4633 -20 191 END
START -3156 680 5460 4913 -80 212 END
START -3304 548 5372 5239 -115 287 END
START -3308 392 5308 5603 -169 307 END
START -3416 340 5148 5983 -315 340 END
START -3384 196 5048 6377 -347 375 END
START -3072 48 4796 6812 -437 322 END
START -3084 220 4600 7213 -401 314 END
START -2928 320 4756 7580 -329 280 END
START -2984 440 5004 7936 -320 327 END
START -2804 592 4988 8208 -281 371 END
START -2776 620 5068 8401 -272 495 END
START -2688 688 5216 8598 -250 581 END
START -2712 800 5316 8726 -257 737 END
START -2652 788 5412 8822 -243 870 END
START -2704 652 5596 8977 -301 990 END
START -2812 656 5644 9091 -283 1114 END
START -2916 504 5648 9254 -327 1228 END
START -3036 548 5632 9452 -365 1314 END
START -3224 624 5544 9677 -386 1384 END
START -3420 712 5688 9905 -418 1487 END
START -3668 716 5680 10144 -486 1525 END
START -3888 860 5588 10452 -576 1593 END
START -4004 716 5772 10714 -681 1574 END
START -4204 584 5656 11048 -731 1575 END
START -4236 560 5712 11409 -867 1520 END
START -4448 712 5764 11853 -903 1476 END
START -4536 888 5980 11833 -980 1432 END
START -4604 1012 6432 12221 -1048 1401 END
START -4600 928 6788 12798 -1152 1362 END
START -4680 924 6952 13081 -1347 1297 END
START -4520 832 7572 13403 -1407 1258 END
START -4404 796 8088 13645 -1547 1131 END
START -4140 824 8388 13890 -1630 1017 END
START -4012 848 8756 14121 -1680 866 END
START -3908 1040 9088 14331 -1680 773 END
START -3636 1072 9728 14540 -1631 761 END
START -3552 1216 10296 14734 -1640 734 END
START -3472 1476 10952 14909 -1609 750 END
START -3348 1656 11644 15032 -1554 818 END
START -3320 1864 12212 15125 -1587 882 END
START -3396 1960 12960 15215 -1666 953 END
START -3344 2136 13500 15267 -1732 1038 END
START -3308 2408 13968 15312 -1765 1183 END
START -3424 2508 14672 15328 -1891 1280 END
START -3592 2484 15156 15439 -2009 1492 END
START -3612 2500 15824 15487 -2159 1660 END
START -3652 2508 16140 15533 -2230 1790 END
START -3924 2472 16800 15589 -2274 1896 END
START -4268 2340 17164 15567 -2263 1924 END
START -4500 2120 17936 15543 -2250 1979 END
START -4932 1928 18696 15542 -2261 1974 END
START -5032 1784 19340 15522 -2304 1890 END
START -5180 1464 20104 15516 -2234 1725 END
START -5256 1056 20812 15471 -2207 1509 END
START -5348 768 21640 15340 -2088 1235 END
START -5300 580 22304 15188 -1961 975 END
START -5352 504 23160 14980 -1835 691 END
START -5108 352 23932 14683 -1647 434 END
START -5104 300 24628 14375 -1442 199 END
START -4932 260 25632 13973 -1226 -13 END
START -4972 220 26352 13508 -1056 -95 END
START -4832 220 27152 13030 -844 -174 END
START -4992 88 28048 12429 -641 -185 END
START -5060 -52 28464 11785 -463 -161 END
START -5276 -172 29336 11457 -400 -141 END
START -5564 -392 29856 10744 -404 -40 END
START -5816 -504 30464 10187 -426 4 END
START -6064 -576 30896 9591 -506 82 END
START -6704 -628 31280 9090 -623 195 END
START -7072 -728 31820 8578 -821 342 END
START -7352 -880 32108 8123 -1025 426 END
START -7736 -1228 32128 7673 -1200 598 END
START -8028 -1716 32168 7198 -1367 708 END
START -8272 -2168 32480 6806 -1512 793 END
START -8772 -2456 32548 6369 -1592 861 END
START -8988 -2704 32728 6009 -1692 876 END
START -9160 -3028 32752 5629 -1678 862 END
START -9388 -3352 32767 5207 -1595 873 END
START -9840 -3576 32767 4793 -1563 805 END
START -10264 -3808 32767 4286 -1525 738 END
START -10660 -3888 32767 3763 -1447 585 END
START -10816 -3996 32767 3152 -1310 483 END
START -11068 -4312 32767 2535 -1165 312 END
START -11412 -4376 32767 1941 -935 178 END
START -11808 -4588 32624 1356 -771 -4 END
START -12204 -4732 32428 862 -543 -204 END
START -12532 -4824 32248 289 -329 -447 END
START -12808 -4960 32004 -233 -107 -716 END
START -13268 -4964 31732 -733 83 -988 END
START -13504 -4876 31356 -1292 310 -1261 END
START -13848 -4924 30824 -1842 501 -1573 END
START -14256 -4928 30524 -2331 638 -1878 END
START -14488 -5008 30256 -2768 806 -2224 END
START -14744 -5280 29884 -3135 893 -2622 END
START -14840 -5312 29808 -3459 944 -3029 END
START -14828 -5392 29452 -3717 990 -3446 END
START -14912 -5432 29188 -3965 966 -3885 END
START -14820 -5320 29008 -4207 1012 -4340 END
START -14700 -5320 28768 -4471 952 -4787 END
START -14532 -4988 28424 -4740 919 -5218 END
START -14260 -4876 28280 -5021 865 -5628 END
START -14192 -4580 28052 -5313 772 -6031 END
START -13832 -4196 27732 -5654 700 -6450 END
START -13472 -3984 27436 -5945 665 -6797 END
START -12972 -3512 27344 -6271 603 -7118 END
START -12424 -3300 26768 -6621 541 -7380 END
START -11932 -3152 26588 -6926 502 -7598 END
START -11404 -2912 26172 -7254 506 -7816 END
START -10812 -2700 25788 -7583 545 -7962 END
START -10476 -2424 25388 -7871 618 -8073 END
START -9992 -2160 24932 -8143 691 -8179 END
START -9624 -2012 24684 -8426 727 -8214 END
START -9308 -1640 24356 -8691 735 -8276 END
START -9128 -1488 23920 -8960 701 -8270 END
START -8860 -1288 23492 -9212 638 -8316 END
START -8568 -1044 22472 -9462 558 -8321 END
START -8292 -1112 22012 -9683 486 -8389 END
START -8080 -1104 21520 -9805 506 -8472 END
START -8060 -1248 20924 -9806 454 -8567 END
START -7736 -1292 20220 -9811 416 -8683 END
START -7696 -1112 19604 -9746 401 -8809 END
START -7340 -892 18740 -9710 365 -8905 END
START -6972 -768 18100 -9641 388 -9018 END
START -6820 -488 17476 -9637 426 -9143 END
START -6560 -384 17044 -9602 454 -9240 END
START -6120 -340 16684 -9522 423 -9332 END
START -5832 -32 16348 -9455 396 -9427 END
START -5720 80 16144 -9364 349 -9452 END
START -5448 260 15896 -9320 258 -9508 END
START -5180 460 15592 -9218 137 -9566 END
START -4828 636 15516 -9190 -50 -9552 END
START -4448 856 15120 -9087 -181 -9628 END
START -4208 1168 14676 -9070 -348 -9610 END
START -3744 1336 14292 -9022 -423 -9650 END
START -3308 1700 13844 -8931 -533 -9623 END
START -3100 2024 13540 -8841 -640 -9579 END
START -2892 2220 13360 -8777 -721 -9532 END
START -2588 2636 13180 -8648 -777 -9426 END
START -2316 3052 12972 -8559 -805 -9328 END
START -2020 3304 12620 -8430 -758 -9211 END
START -1656 3600 12296 -8333 -622 -9104 END
START -1436 3932 12036 -8260 -435 -8991 END
START -1072 4144 11972 -8234 -221 -8898 END
START -912 4368 12288 -8260 48 -8840 END
START -828 4408 12268 -8320 151 -8766 END
START -644 4556 12276 -8375 264 -8741 END
START -464 4576 12396 -8505 329 -8659 END
START -212 4700 12384 -8608 358 -8641 END
START -156 4840 12436 -8701 345 -8529 END
START 148 5008 12340 -8820 287 -8428 END
START 352 5088 12008 -8959 207 -8344 END
START 596 5216 12000 -9050 162 -8234 END
START 788 5384 11420 -9082 101 -8113 END
START 1136 5408 11104 -9110 107 -7976 END
START 1332 5472 10852 -9117 64 -7774 END
START 1524 5588 10720 -9054 105 -7569 END
START 1784 5828 10340 -8977 80 -7312 END
START 1960 5896 10108 -8901 107 -7048 END
START 2196 5924 9904 -8828 25 -6723 END
START 2336 5816 9816 -8714 -16 -6390 END
START 2528 5712 9920 -8644 -190 -6044 END
START 2564 5824 9472 -8529 -312 -5674 END
START 2624 5768 9404 -8474 -450 -5358 END
START 2648 5832 8772 -8333 -541 -5020 END
START 2852 5740 8388 -8203 -626 -4711 END
START 2816 5636 7684 -8051 -653 -4388 END
START 2844 5424 7252 -7764 -616 -4098 END
START 2972 5192 6840 -7457 -623 -3837 END
START 3004 5156 6628 -7091 -589 -3578 END
START 3128 4912 6464 -6724 -528 -3375 END
START 3004 4996 6252 -6324 -543 -3064 END
START 3044 4892 6248 -5943 -536 -2780 END
START 3040 4920 6160 -5600 -568 -2502 END
START 2960 4880 6040 -5270 -586 -2204 END
START 2936 4860 6020 -4986 -645 -1869 END
START 2980 4908 5876 -4726 -712 -1563 END
START 2904 4852 5928 -4520 -699 -1231 END
START 2908 4696 5896 -4333 -772 -938 END
START 2720 4484 5752 -4169 -804 -622 END
START 2720 4236 5484 -3992 -815 -372 END
START 2532 4108 5224 -3776 -805 -107 END
START 2548 4024 5308 -3556 -779 73 END
START 2252 3804 5452 -3316 -831 292 END
START 2040 3740 5300 -3072 -842 435 END
START 1948 3560 5088 -2892 -837 610 END
START 1692 3472 5168 -2628 -959 729 END
START 1680 3404 4916 -2465 -1008 843 END
START 1716 3244 4828 -2306 -1081 930 END
START 1484 3100 4332 -2049 -1086 958 END
START 1436 3036 4396 -1887 -1071 998 END
START 1496 2892 4256 -1633 -1029 1028 END
START 1380 2892 4164 -1412 -973 1042 END
START 1216 2844 4060 -1121 -957 1073 END
START 1188 2932 4068 -899 -914 1109 END
START 1252 2920 3860 -567 -884 1167 END
START 1432 2984 3756 -307 -882 1211 END
START 1428 2948 3756 -8 -778 1287 END
START 1552 3044 3764 217 -694 1374 END
START 1544 3228 3540 459 -575 1506 END
START 1624 3212 3748 688 -520 1655 END
START 1672 3220 3640 935 -415 1795 END
START 1712 3176 3756 1164 -313 1969 END
START 1728 3140 3864 1430 -197 2112 END
START 1860 3252 3932 1678 -140 2268 END
START 1964 3248 4100 1955 -48 2438 END
START 1920 3244 4052 2219 18 2661 END
START 2044 3272 4168 2447 135 2823 END
START 1956 3252 4200 2696 219 3094 END
START 2020 3228 4304 2906 364 3333 END
START 2020 3144 4604 3079 416 3610 END
START 2076 3068 4932 3308 433 3875 END
START 1912 2880 5008 3533 440 4167 END
START 1760 2876 5248 3814 372 4434 END
START 1748 2720 5256 4078 307 4753 END
START 1504 2732 5436 4470 160 5086 END
START 1416 2692 5724 4815 38 5385 END
START 1176 2632 5840 5195 -105 5713 END
START 908 2500 5916 5586 -288 6098 END
START 892 2440 5924 5980 -420 6393 END
START 476 2376 6016 6305 -552 6693 END
START 0 2312 6356 6671 -685 6944 END
START -296 2172 6328 7024 -811 7164 END
START -952 2148 6512 7349 -976 7347 END
START -1176 2104 6580 7669 -1072 7453 END
START -1756 1928 6792 7992 -1190 7507 END
START -2120 1916 7044 8287 -1284 7504 END
START -2528 1848 7172 8604 -1257 7469 END
START -2820 1796 7436 8827 -1239 7369 END
START -3104 1772 7516 9025 -1142 7237 END
START -3340 1868 7496 9169 -1038 7109 END
START -3604 1924 7864 9334 -860 6955 END
START -4020 2048 7884 9480 -644 6763 END
START -4148 2140 8076 9581 -479 6570 END
START -4436 2264 8528 9714 -330 6381 END
START -4552 2272 8880 9854 -201 6121 END
START -4760 2352 9208 9975 -82 5873 END
START -5016 2556 9500 10116 29 5622 END
START -5152 2796 9892 10214 126 5373 END
START -5236 3116 9920 10267 292 5110 END
START -5212 3148 10180 10317 431 4845 END
START -5164 3280 10264 10335 627 4597 END
START -5000 3472 10336 10336 865 4362 END
START -4752 3604 10468 10293 1155 4143 END
START -4504 3776 10868 10278 1442 3916 END
START -4204 3960 10512 10194 1856 3753 END
START -4388 3940 11380 10199 2282 3703 END
START -4080 4036 11396 10209 2562 3729 END
START -3824 4508 11032 10056 2979 3649 END
START -3864 4612 11456 9804 3377 3546 END
START -3752 4328 11752 9570 3691 3518 END
START -3624 4268 11872 9412 3939 3480 END
START -3488 4144 12104 9374 4083 3442 END
START -3440 4044 12176 9410 4228 3462 END
START -3268 4020 12304 9509 4371 3486 END
START -3152 4136 12356 9590 4382 3501 END
START -3052 4192 12532 9672 4346 3544 END
START -2864 4260 12668 9758 4149 3711 END
START -2732 4344 12896 9878 3831 3905 END
START -2440 4452 13072 9989 3381 4173 END
START -2440 4372 13180 10206 2948 4480 END
START -2360 4296 13248 10442 2352 4830 END
START -2156 4124 13188 10804 1762 5275 END
START -2016 4056 13192 11195 1140 5702 END
START -1712 3956 13300 11652 511 6172 END
START -1524 3780 13100 12302 -62 6684 END
START -1532 3740 13108 12358 -608 7153 END
START -1484 3556 12992 13088 -1105 7681 END
START -1636 3364 13012 13556 -1599 8190 END
START -1804 3180 13048 14164 -2015 8695 END
START -2112 2932 13348 14759 -2380 9203 END
START -2464 2792 13676 15388 -2693 9636 END
START -3168 2616 14420 15996 -3104 9983 END
START -3844 2436 15232 16535 -3554 10298 END
START -4772 2372 15748 16982 -4105 10483 END
START -5524 2208 16756 17370 -4673 10564 END
START -6292 1920 17360 17708 -5289 10507 END
START -6776 1784 17948 17953 -5839 10270 END
START -7168 1784 18384 18143 -6263 9883 END
START -7116 1920 18804 18225 -6428 9398 END
START -7000 1816 19236 18151 -6440 8918 END
START -6188 2232 18432 17789 -6067 8226 END
START -6956 1904 20504 17450 -5486 7854 END
START -6180 1592 20836 17470 -5031 7767 END
START -5464 1944 21068 17385 -4364 7594 END
START -5148 2456 21048 17033 -3556 7141 END
START -4604 2504 21564 16404 -2564 6649 END
START -4340 2324 22092 15586 -1509 6109 END
START -4104 2244 22904 14603 -430 5567 END
START -3992 2416 23972 13597 576 5151 END
START -3524 2612 25048 12712 1467 4861 END
START -3360 2796 26120 11886 2241 4689 END
START -3304 3044 27184 11348 2864 4551 END
START -2780 3504 27064 10773 3415 4461 END
START -2840 3564 28328 10361 3576 4543 END
START -2440 4056 28928 9909 3646 4602 END
START -2020 4556 29224 9412 3620 4697 END
START -1692 4704 29452 8882 3614 4793 END
START -1520 4832 29644 8294 3519 4943 END
START -1268 4860 29820 7745 3331 5183 END
START -1052 5080 30332 7277 3149 5576 END
START -996 5092 30576 6878 2909 6037 END
START -844 5196 30564 6497 2651 6470 END
START -676 5328 30584 6182 2424 6976 END
START -748 5320 31028 5847 2078 7467 END
START -776 5140 30956 5502 1743 7946 END
START -900 4996 31184 5215 1424 8434 END
START -1148 4904 31124 4849 1055 8901 END
START -1192 4736 31180 4508 670 9294 END
START -1292 4308 31032 4113 348 9629 END
START -1416 4080 31224 3761 68 9959 END
START -1572 3860 31156 3389 -228 10173 END
START -1552 3840 31076 2980 -455 10326 END
START -1740 3764 30964 2512 -598 10539 END
START -1752 3676 30628 1972 -730 10579 END
START -1744 3536 30512 1429 -743 10712 END
START -1656 3456 30076 776 -612 10825 END
START -1652 3400 29660 133 -410 10876 END
START -1512 3216 29236 -568 -139 10863 END
START -1480 3060 28604 -1280 294 10859 END
START -1400 2976 28000 -2042 742 10803 END
START -1340 2968 27660 -2796 1267 10682 END
START -1500 3064 26896 -3528 1920 10586 END
START -1452 2968 26384 -4237 2599 10491 END
START -1552 3160 25800 -4966 3323 10439 END
START -1556 3220 25332 -5707 3979 10320 END
START -1536 3392 24660 -6549 4667 10230 END
START -1852 3184 24684 -7245 5278 10154 END
START -2164 3012 24232 -7860 5689 10197 END
START -2512 3052 24248 -8279 5966 10268 END
START -2908 3196 23956 -8644 6039 10421 END
START -2944 3176 23352 -9019 5991 10569 END
START -3296 2936 23204 -9276 5812 10660 END
START -3672 2728 22744 -9490 5476 10774 END
START -3832 2848 21988 -9653 5106 10913 END
START -3992 2596 21392 -9807 4706 11065 END
START -4304 2292 20984 -9823 4293 11181 END
START -4448 2284 20592 -9787 3886 11369 END
START -4684 2144 20056 -9662 3462 11610 END
START -5084 2024 19520 -9542 3047 11820 END
START -5348 1852 19016 -9416 2553 12003 END
START -5736 1768 18592 -9244 2161 12152 END
START -6040 1524 18060 -9116 1706 12255 END
START -6528 1384 17644 -8964 1277 12650 END
START -7280 1128 17268 -8806 840 12360 END
START -7728 920 16796 -8626 414 12695 END
START -8528 680 16732 -8409 -40 12620 END
START -9124 384 16284 -8193 -604 12302 END
START -9564 100 16260 -7975 -1100 12407 END
START -10008 -264 16004 -7742 -1623 12135 END
START -10636 -456 15480 -7522 -2112 11754 END
START -10900 -712 15304 -7385 -2635 11375 END
START -11264 -848 15212 -7176 -3113 10975 END
START -11596 -1044 14940 -7017 -3577 10478 END
START -11952 -1152 14596 -6860 -3949 9931 END
START -12316 -1104 14112 -6784 -4311 9389 END
START -12484 -1260 13932 -6686 -4574 8743 END
START -12736 -1260 13732 -6570 -4830 8117 END
START -12744 -1132 13276 -6515 -4981 7440 END
START -12720 -1084 13028 -6507 -4991 6763 END
START -12676 -892 12736 -6520 -4995 6057 END
START -12628 -712 12392 -6554 -4832 5383 END
START -12340 -276 12032 -6712 -4553 4680 END
START -12064 16 11696 -6889 -4170 4020 END
START -12076 148 11668 -7045 -3760 3356 END
START -11880 392 11736 -7208 -3305 2817 END
START -11620 512 11452 -7280 -2847 2219 END
START -11732 628 11888 -7265 -2425 1728 END
START -11700 1188 11484 -7280 -2107 1313 END
START -11564 1476 11792 -7392 -1890 896 END
START -11280 1840 12012 -7435 -1700 472 END
START -11484 2044 12308 -7570 -1703 98 END
START -11380 2224 12212 -7686 -1740 -196 END
START -11036 2748 12212 -7800 -1899 -427 END
START -10828 2980 12248 -7911 -2048 -631 END
START -10388 3348 12176 -7952 -2149 -769 END
START -10220 3504 11904 -8011 -2285 -875 END
START -9856 3688 12272 -7908 -2409 -917 END
START -9652 3744 12216 -7791 -2557 -1011 END
START -9464 3904 12348 -7639 -2683 -1018 END
START -9248 4016 12244 -7482 -2869 -1061 END
START -8916 3948 12400 -7246 -2950 -1132 END
START -8924 4148 12444 -7019 -3209 -1152 END
START -8864 4320 12424 -6763 -3378 -1166 END
START -8704 4544 12416 -6530 -3600 -1179 END
START -8484 4764 12476 -6351 -3770 -1128 END
START -8260 5016 12612 -6229 -3958 -1080 END
START -8052 5320 12508 -6096 -4118 -1029 END
START -7688 5456 12444 -6029 -4212 -956 END