START -1444 576 6128 558 2350 -4573 END
START 2068 1592 -2492 441 1409 -4906 END
START 1232 -352 988 883 4156 -5081 END
START 572 -192 2360 1168 5891 -5276 END
START 72 728 3068 1361 7576 -5494 END
START 296 1116 3616 1463 8755 -5729 END
START 404 1184 3936 1467 9932 -5945 END
START 436 1144 5020 1353 11006 -6156 END
START 388 1168 6012 1138 11814 -6264 END
START 476 1124 6948 878 12350 -6317 END
START 340 1376 8188 573 12352 -6289 END
START 136 1344 9376 362 12052 -6233 END
START -4 1544 10308 192 11442 -6175 END
START -124 1488 10832 133 10612 -6030 END
START -64 1328 11396 213 9496 -5901 END
START 132 1468 11864 333 8398 -5699 END
START 296 1700 12004 552 7082 -5374 END
START 344 2328 12188 766 5607 -4986 END
START 484 2816 11848 1016 4133 -4460 END
START 1008 3140 11540 1352 2718 -3902 END
START 1368 3424 10860 1736 1401 -3177 END
START 1612 3540 10176 2162 297 -2374 END
START 2412 3732 9476 2673 -562 -1516 END
START 2856 3980 8528 3208 -1123 -574 END
START 2972 4160 7696 3681 -1483 367 END
START 3080 4168 7048 4088 -1660 1366 END
START 2892 4092 6808 4394 -1791 2332 END
START 2692 3884 6544 4678 -1970 3277 END
START 2484 3604 6616 4923 -2106 4156 END
START 2184 3276 6596 5126 -2209 4931 END
START 1752 2792 6600 5397 -2324 5625 END
START 1300 2528 6852 5638 -2451 6189 END
START 668 1824 6936 5889 -2649 6654 END
START -12 1280 7196 6123 -2963 6959 END
START -696 760 7104 6382 -3249 7133 END
START -1232 308 6968 6629 -3524 7228 END
START -1508 56 6684 6968 -3733 7137 END
START -1888 -356 6244 7321 -3872 6999 END
START -2436 -768 5932 7731 -3885 6761 END
START -2764 -1044 5872 8193 -3843 6412 END
START -3064 -1348 5648 8582 -3760 5993 END
START -3300 -1596 5656 8933 -3635 5548 END
START -3560 -1760 5808 9248 -3379 5068 END
START -3524 -1840 5896 9426 -3078 4529 END
START -3404 -1872 5780 9599 -2680 3895 END
START -3220 -1856 5716 9663 -2138 3310 END
START -3224 -1824 5788 9673 -1588 2769 END
START -3084 -1512 5868 9638 -907 2195 END
START -2884 -1336 6188 9622 -273 1702 END
START -2980 -992 6468 9507 410 1302 END
START -2916 -824 7008 9451 879 895 END
START -2764 -652 7376 9393 1403 587 END
START -2936 -228 8008 9341 1757 378 END
START -2976 -68 8336 9345 2042 183 END
START -2788 64 8452 9365 2216 27 END
START -2920 324 9112 9495 2299 -46 END
START -2756 508 9248 9584 2360 -66 END
START -2808 656 9448 9693 2322 -63 END
START -2736 936 9940 9830 2248 50 END
START -2712 1240 10228 9962 2078 191 END
START -2516 1420 10492 10122 1881 378 END
START -2668 1420 10824 10329 1646 695 END
START -2724 1672 10844 10562 1320 940 END
START -2904 1828 11216 10825 977 1255 END
START -3112 1852 11588 11072 591 1557 END
START -3272 1844 11736 11411 106 1871 END
START -3536 1776 11824 11739 -350 2163 END
START -3756 1852 12008 12254 -806 2428 END
START -3992 1808 11864 12225 -1242 2658 END
START -4300 1828 11992 12822 -1621 2890 END
START -4388 1760 12288 13153 -1936 3067 END
START -4564 1672 12156 13507 -2223 3244 END
START -4744 1404 12368 13823 -2481 3390 END
START -4828 1208 12276 14092 -2670 3454 END
START -4944 1208 12400 14411 -2847 3474 END
START -5064 1252 12576 14711 -2906 3408 END
START -5320 1060 13044 14993 -2926 3385 END
START -5516 828 13632 15278 -3048 3275 END
START -5768 704 14104 15459 -3191 3162 END
START -6144 636 14576 15598 -3318 2998 END
START -6288 444 15292 15703 -3428 2796 END
START -6336 296 15640 15726 -3594 2545 END
START -6428 200 15932 15649 -3650 2200 END
START -6324 92 16088 15532 -3694 1860 END
START -6492 116 16464 15328 -3666 1487 END
START -6644 264 16820 15141 -3589 1132 END
START -6824 344 17212 14906 -3570 848 END
START -7092 464 17504 14703 -3459 556 END
START -7316 444 17804 14444 -3329 307 END
START -7624 324 18048 14262 -3113 -5 END
START -7864 116 18308 14107 -2901 -280 END
START -8068 -132 18540 13959 -2669 -665 END
START -8068 -328 18756 13780 -2378 -1090 END
START -8172 -248 19076 13556 -2036 -1501 END
START -8156 -236 19384 13265 -1742 -1952 END
START -8360 -164 19856 12942 -1414 -2362 END
START -8424 -268 20364 12692 -1139 -2697 END
START -8412 -208 21008 12218 -883 -3009 END
START -8396 -176 21592 12350 -640 -3336 END
START -8384 -332 22216 11967 -476 -3572 END
START -8484 -344 22576 11814 -382 -3846 END
START -8436 -348 22968 11438 -399 -4072 END
START -8412 -416 23644 11139 -433 -4290 END
START -8568 -156 24124 10842 -574 -4460 END
START -8588 -260 24416 10550 -738 -4625 END
START -8556 -228 24740 10281 -940 -4738 END
START -8384 -400 25156 10049 -1160 -4853 END
START -8512 -532 25492 9873 -1375 -4920 END
START -8520 -628 25656 9727 -1653 -4976 END
START -8676 -720 26060 9618 -1965 -5068 END
START -8612 -892 26048 9538 -2264 -5115 END
START -8728 -1128 26260 9485 -2558 -5195 END
START -8500 -1120 26376 9396 -2856 -5254 END
START -8412 -1296 26484 9292 -3079 -5370 END
START -8156 -1344 26552 9149 -3226 -5472 END
START -7776 -1752 26672 8954 -3323 -5569 END
START -7476 -1736 26800 8679 -3346 -5637 END
START -7256 -1736 26972 8386 -3326 -5736 END
START -6840 -1816 27284 8034 -3233 -5772 END
START -6736 -1952 27232 7686 -3228 -5837 END
START -6456 -1732 27272 7334 -3128 -5930 END
START -6280 -1856 27460 6977 -2966 -6053 END
START -5928 -1800 27492 6562 -2815 -6173 END
START -5808 -1768 27652 6098 -2611 -6316 END
START -5776 -1688 27784 5656 -2397 -6439 END
START -5608 -1612 28048 5178 -2133 -6543 END
START -5360 -1484 28384 4699 -1878 -6647 END
START -5376 -1536 28456 4207 -1671 -6781 END
START -5180 -1540 28724 3673 -1390 -6900 END
START -4928 -1524 28848 3137 -1116 -7052 END
START -4704 -1412 28948 2522 -870 -7199 END
START -4528 -1400 29216 1967 -589 -7308 END
START -4320 -1416 29084 1383 -372 -7424 END
START -4088 -1512 29244 858 -149 -7476 END
START -3880 -1524 29336 343 81 -7519 END
START -3484 -1492 29332 -125 342 -7542 END
START -3432 -1612 29264 -566 540 -7572 END
START -3340 -1596 29452 -989 726 -7646 END
START -2856 -1524 29528 -1439 956 -7719 END
START -2596 -1504 29488 -1851 1150 -7826 END
START -2308 -1328 29732 -2292 1299 -7838 END
START -2136 -1156 29896 -2809 1444 -7893 END
START -1676 -1032 30024 -3307 1604 -7829 END
START -1412 -912 30132 -3788 1699 -7778 END
START -1032 -752 30136 -4366 1787 -7745 END
START -756 -704 30168 -4891 1915 -7617 END
START -388 -504 30276 -5429 1957 -7497 END
START -16 -336 30312 -5923 1901 -7392 END
START 268 -16 30268 -6396 1892 -7239 END
START 344 152 30216 -6896 1782 -7102 END
START 544 368 30040 -7324 1686 -6905 END
START 848 596 29828 -7729 1526 -6658 END
START 1068 864 29556 -8113 1398 -6394 END
START 1444 1044 29396 -8471 1256 -6087 END
START 1704 1176 29000 -8783 1195 -5770 END
START 1812 1440 28868 -9126 1128 -5449 END
START 1884 1428 28392 -9480 1046 -5101 END
START 2136 1660 28216 -9818 986 -4755 END
START 2180 1664 27976 -10176 924 -4413 END
START 2128 1760 27716 -10541 895 -4083 END
START 2168 1700 27304 -10901 764 -3741 END
START 2064 1812 27048 -11323 720 -3424 END
START 2048 1848 26580 -11634 667 -3119 END
START 2156 1820 26052 -12042 613 -2889 END
START 2088 1760 25596 -12344 610 -2675 END
START 2064 1776 25208 -12713 560 -2461 END
START 2008 1708 24780 -12996 555 -2320 END
START 1932 1696 24292 -13295 614 -2169 END
START 1944 1672 23856 -13584 605 -2020 END
START 1896 1680 23280 -13826 715 -1890 END
START 1932 1700 23108 -14127 775 -1748 END
START 1808 1712 22608 -14397 820 -1588 END
START 1652 1648 21924 -14693 901 -1495 END
START 1476 1552 21728 -15007 907 -1391 END
START 1356 1344 21296 -15208 945 -1307 END
START 1068 1248 20784 -15379 1054 -1289 END
START 900 1200 20580 -15470 1023 -1265 END
START 652 1132 20000 -15564 1027 -1230 END
START 600 1120 19552 -15613 1041 -1170 END
START 332 1088 19044 -15663 1007 -1103 END
START 168 984 18636 -15698 987 -1072 END
START 52 924 18128 -15712 955 -1024 END
START -32 888 17664 -15701 924 -998 END
START -232 644 17300 -15709 912 -994 END
START -208 464 17048 -15646 932 -974 END
START -432 428 16644 -15587 863 -971 END
START -504 292 16444 -15528 772 -991 END
START -480 276 15968 -15416 704 -982 END
START -524 324 15560 -15370 640 -986 END
START -732 296 15256 -15279 517 -960 END
START -816 240 14748 -15219 331 -966 END
START -796 196 14524 -15142 153 -983 END
START -800 104 14108 -15047 33 -1010 END
START -928 8 13560 -14904 -102 -992 END
START -964 -52 13176 -14813 -217 -993 END
START -980 20 12616 -14596 -339 -954 END
START -1112 -12 12284 -14454 -426 -954 END
START -1180 -36 12004 -14234 -573 -987 END
START -1160 -124 11728 -13955 -651 -987 END
START -1272 -180 11288 -13701 -722 -1002 END
START -1332 -80 11156 -13399 -889 -1036 END
START -1416 -116 10620 -13113 -994 -974 END
START -1340 -184 10400 -12809 -1128 -966 END
START -1504 -240 10088 -12498 -1293 -921 END
START -1672 -264 9604 -12217 -1382 -837 END
START -1708 -292 9392 -11929 -1536 -819 END
START -1920 -420 9132 -11628 -1682 -832 END
START -1888 -392 8792 -11356 -1778 -856 END
START -1912 -448 8432 -11008 -1834 -970 END
START -1944 -556 7972 -10699 -1823 -1052 END
START -2044 -688 7600 -10329 -1776 -1138 END
START -2012 -768 7312 -9999 -1659 -1224 END
START -1944 -768 7036 -9727 -1573 -1291 END
START -2116 -672 6928 -9465 -1511 -1366 END
START -2120 -668 6624 -9249 -1408 -1508 END
START -2008 -668 6416 -9082 -1332 -1596 END
START -1936 -744 6160 -8938 -1188 -1722 END
START -1876 -652 5948 -8742 -1084 -1829 END
START -2004 -672 5968 -8604 -955 -1942 END
START -1856 -400 5892 -8415 -900 -2013 END
START -1816 -460 5612 -8233 -868 -2078 END
START -1764 -196 5620 -7991 -879 -2088 END
START -1740 -140 5424 -7763 -915 -2065 END
START -1612 20 5424 -7493 -971 -2021 END
START -1556 84 4892 -7217 -1033 -1943 END
START -1504 128 4944 -6936 -1019 -1879 END
START -1352 132 4620 -6628 -1054 -1794 END
START -1280 228 4472 -6303 -1069 -1716 END
START -1264 352 4172 -5999 -1143 -1587 END
START -1136 380 3708 -5711 -1168 -1552 END
START -988 452 3564 -5413 -1155 -1441 END
START -988 532 3316 -5071 -1157 -1355 END
START -840 580 3032 -4743 -1086 -1258 END
START -956 652 2988 -4439 -1054 -1178 END
START -836 688 2612 -4100 -1044 -1063 END
START -932 736 2472 -3733 -1000 -1009 END
START -884 788 2428 -3347 -1012 -946 END
START -784 832 2272 -2911 -1029 -864 END
START -864 908 2188 -2505 -1000 -846 END
START -800 992 2144 -2049 -1020 -822 END
START -828 1068 2064 -1531 -1091 -749 END
START -872 1152 2052 -1061 -1086 -721 END
START -804 1208 2128 -614 -1123 -671 END
START -788 1208 2116 -112 -1180 -579 END
START -684 1376 1912 276 -1153 -587 END
START -692 1436 2032 668 -1153 -510 END
START -764 1672 2188 1000 -1118 -496 END
START -712 1556 1920 1387 -1106 -453 END
START -640 1680 1864 1725 -1065 -439 END
START -864 1852 1840 2071 -989 -443 END
START -888 1868 1980 2431 -960 -462 END
START -872 1992 1920 2793 -906 -460 END
START -804 1860 1788 3171 -754 -506 END
START -772 1936 1912 3547 -607 -529 END
START -752 2184 1908 3897 -512 -561 END
START -756 2384 2136 4172 -436 -565 END
START -588 2628 2108 4495 -313 -530 END
START -412 2660 2204 4730 -149 -527 END
START -224 2928 2276 5000 -20 -463 END
START -228 2916 2444 5292 140 -376 END
START -40 3012 2468 5488 280 -257 END
START -8 3188 2768 5828 415 -175 END
START 252 3140 2648 6030 540 -18 END
START 236 3264 2804 6306 645 77 END
START 364 3384 2820 6549 774 240 END
START 304 3576 2960 6826 952 352 END
START 476 3576 3096 7079 1057 494 END
START 528 3728 3304 7332 1187 629 END
START 516 3892 3368 7603 1294 802 END
START 532 3984 3520 7868 1429 1006 END
START 576 4080 3852 8136 1557 1208 END
START 576 4104 4052 8387 1630 1390 END
START 484 4224 4100 8614 1741 1603 END
START 564 4256 4312 8838 1784 1821 END
START 396 4364 4252 9068 1815 2040 END
START 348 4424 4472 9265 1879 2242 END
START 452 4312 4320 9497 1985 2445 END
START 384 4352 4588 9729 2033 2660 END
START 88 4244 4640 10019 2079 2856 END
START -52 4392 4712 10279 2120 3069 END
START -328 4244 4684 10681 2177 3306 END
START -488 4240 4812 11034 2217 3543 END
START -836 4232 5076 11520 2278 3757 END
START -1276 4204 5364 12022 2271 3851 END
START -1416 4092 5660 12285 2240 3998 END
START -1824 4116 5916 12825 2125 4066 END
START -2096 4076 6316 13222 1990 4106 END
START -2428 3980 6688 13659 1876 4161 END
START -2612 3952 6764 14116 1687 4139 END
START -2700 3964 6988 14500 1599 4107 END
START -2624 4008 7188 14886 1503 4051 END
START -2720 3952 7380 15222 1470 4015 END
START -2656 4140 7520 15521 1515 3917 END
START -2680 4340 7708 15827 1578 3854 END
START -2840 4592 7932 16117 1715 3772 END
START -2824 4792 8532 16361 1929 3667 END
START -2896 5136 8836 16549 2193 3574 END
START -3120 5260 9264 16796 2486 3530 END
START -3080 5528 9780 16980 2767 3432 END
START -3036 5868 10216 17044 3121 3306 END
START -3132 5992 10800 16982 3405 3210 END
START -3000 6004 11520 16873 3768 3126 END
START -2952 6228 12220 16741 4070 3042 END
START -2904 6424 12744 16550 4343 3065 END
START -3024 6484 13308 16358 4617 3112 END
START -3128 6684 13896 16153 4812 3181 END
START -3028 6776 14208 15929 4941 3256 END
START -2992 6756 14864 15723 5067 3404 END
START -3060 6604 14892 15494 5158 3531 END
START -3132 6432 15516 15323 5126 3651 END
START -3116 6300 15764 15137 5122 3772 END
START -3304 6060 16132 15040 4920 3948 END
START -3440 6032 16324 15028 4735 4057 END
START -3524 5788 16584 15051 4453 4175 END
START -3680 5596 16744 15106 4172 4260 END
START -3724 5420 16892 15258 3801 4308 END
START -3848 5412 17244 15387 3419 4391 END
START -3840 5236 17344 15561 3068 4390 END
START -3808 5040 17432 15777 2640 4334 END
START -3600 5068 17384 15953 2336 4321 END
START -3588 5036 17376 16121 2048 4196 END
START -3316 5116 17388 16291 1806 4089 END
START -3232 5264 17388 16423 1562 4022 END
START -3056 5308 17496 16553 1380 3967 END
START -2944 5708 17680 16670 1261 3954 END
START -2984 5924 17948 16774 1174 3895 END
START -2940 6088 18100 16935 1133 3833 END
START -2884 6316 18588 17014 1095 3814 END
START -2916 6280 18804 17112 988 3733 END
START -2756 6340 19052 17171 1010 3639 END
START -2596 6572 19488 17176 980 3538 END
START -2392 6736 19764 17148 1032 3428 END
START -2088 6672 20360 17055 1067 3362 END
START -1892 6740 20308 16923 1108 3389 END
START -1956 6648 21320 16755 1197 3364 END
START -1568 6876 20300 16377 1470 3114 END
START -1448 6980 21604 16075 1562 3366 END
START -1180 6648 22888 16084 1644 3697 END
START -1172 6896 22788 16199 1601 3964 END
START -572 6888 22988 16147 1566 4074 END
START -328 7012 22748 15746 1633 3957 END
START -116 6708 23192 15137 1674 3841 END
START 392 6664 23536 14483 1744 3866 END
START 556 6600 23892 13906 1826 3833 END
START 568 6640 24172 13407 1984 4000 END
START 720 6756 24360 13189 2154 4146 END
START 844 6900 24264 12975 2387 4250 END
START 900 6984 24256 12645 2570 4371 END
START 1136 6880 24372 12400 2763 4466 END
START 1100 6708 24396 11953 2883 4553 END
START 1192 6712 24540 11926 2978 4606 END
START 1140 6668 24792 11442 2993 4607 END
START 1052 6736 25212 11290 3005 4616 END
START 1436 6816 25428 10982 2941 4593 END
START 1352 6728 25896 10668 2812 4600 END
START 1568 6716 26160 10427 2738 4654 END
START 1816 6616 26416 10254 2594 4792 END
START 2272 6596 26848 10147 2557 4957 END
START 2844 6504 26640 9884 2561 5101 END
START 3420 6516 26964 9561 2583 5272 END
START 3764 6496 27012 9113 2737 5508 END
START 4228 6476 27116 8594 2944 5734 END
START 4640 6488 26996 7886 3188 6012 END
START 4864 6580 27440 7169 3466 6354 END
START 4940 6400 27488 6403 3807 6779 END
START 4852 6308 28052 5800 4062 7397 END
START 4952 6312 28152 5235 4298 7907 END
START 4820 6212 28132 4570 4474 8405 END
START 4652 5904 28384 3869 4585 8845 END
START 4888 5936 28136 3010 4754 9159 END
START 4708 5376 28372 2148 4876 9401 END
START 4200 5064 28212 1605 5000 9785 END
START 3804 5120 28184 1221 5089 10215 END
START 3200 5256 28324 981 5127 10671 END
START 2784 5208 28396 805 5034 11214 END
START 2216 5012 28360 569 4916 11675 END
START 1728 4776 28612 373 4679 12256 END
START 1292 4468 28628 78 4326 12534 END
START 736 4208 28836 -242 3950 12904 END
START 96 3800 29280 -558 3548 13477 END
START -536 3436 29448 -859 3101 13753 END
START -1316 3220 29740 -1173 2622 14108 END
START -2192 2912 30352 -1462 2049 14505 END
START -2980 2784 30484 -1755 1444 14856 END
START -3684 2436 30780 -2030 777 15216 END
START -4440 2260 30956 -2372 15 15528 END
START -5104 1964 30792 -2721 -708 15745 END
START -5660 1624 30840 -3104 -1471 15836 END
START -6112 1252 30392 -3523 -2187 15878 END
START -6448 896 30036 -4085 -2762 15783 END
START -6736 816 29612 -4545 -3237 15666 END
START -7252 704 29228 -5087 -3635 15489 END
START -7480 560 28676 -5620 -3947 15331 END
START -7640 344 28344 -6157 -4161 15079 END
START -8108 40 27956 -6533 -4354 14867 END
START -8184 -40 26852 -6932 -4418 14645 END
START -8332 -12 26400 -7410 -4476 14342 END
START -8424 -124 26180 -7883 -4511 13978 END
START -8696 -360 25672 -8335 -4460 13590 END
START -9096 -432 25212 -8743 -4312 13314 END
START -9492 -316 24832 -9180 -4270 12713 END
START -9996 -416 24588 -9577 -4176 12595 END
START -10292 -524 24204 -10081 -4158 12484 END
START -10688 -536 23928 -10779 -4113 11877 END
START -10888 -808 23932 -11457 -4043 11418 END
START -11220 -1252 23768 -11950 -3959 11001 END
START -11692 -1384 23516 -12316 -3867 10567 END
START -12080 -1408 22956 -12594 -3820 10114 END
START -12616 -1496 22756 -12854 -3831 9676 END
START -12988 -1416 22232 -13126 -3914 9144 END
START -13308 -1536 21860 -13467 -3990 8587 END
START -13488 -1716 21412 -13790 -4078 7970 END
START -13616 -1716 20692 -14111 -4164 7391 END
START -13944 -1640 20104 -14500 -4307 6739 END
START -13960 -1832 19508 -14794 -4424 5997 END
START -14096 -1944 18920 -15062 -4520 5316 END
START -14028 -2036 18424 -15150 -4584 4635 END
START -13948 -2124 17840 -15154 -4623 3947 END
START -13708 -1888 17424 -15092 -4688 3289 END
START -13524 -1912 16988 -15000 -4635 2658 END