START -2460 1728 11224 -5274 6411 4335 END
START 1508 1440 1292 -4944 5518 4709 END
START -324 380 5828 -4551 5979 5110 END
START -2280 760 9092 -4099 6434 5401 END
START -3596 848 10204 -3486 6773 5572 END
START -4272 484 10872 -2867 6973 5701 END
START -4712 252 11220 -2354 6898 5647 END
START -5660 -20 11596 -1901 6531 5488 END
START -5856 -628 11912 -1597 5976 5271 END
START -6064 -1232 12316 -1376 5630 4890 END
START -6200 -1488 12416 -1130 5306 4423 END
START -6420 -1544 12620 -925 5022 3903 END
START -6588 -1448 12780 -696 4786 3307 END
START -6932 -1396 12932 -498 4574 2826 END
START -7232 -1364 13076 -339 4357 2316 END
START -7452 -892 12924 -258 4306 1857 END
START -7124 -732 12660 -222 4417 1386 END
START -7012 -592 12224 -312 4732 918 END
START -6956 -472 12136 -429 5141 442 END
START -6948 -496 12152 -647 5593 32 END
START -6836 -340 12156 -880 6033 -324 END
START -6576 -348 12048 -1096 6481 -677 END
START -6196 -340 12296 -1362 6998 -975 END
START -6056 -440 12348 -1577 7353 -1274 END
START -5784 -492 12648 -1885 7735 -1526 END
START -5756 -396 12968 -2162 7945 -1736 END
START -5860 -256 13560 -2423 8038 -1833 END
START -5988 76 13944 -2632 7973 -1883 END
START -5980 136 14144 -2784 7795 -1852 END
START -6052 112 14168 -2855 7500 -1775 END
START -6128 -12 14208 -2877 7111 -1652 END
START -5980 -340 14232 -2841 6718 -1567 END
START -5880 -588 14236 -2687 6298 -1517 END
START -5924 -580 14160 -2538 5765 -1463 END
START -5880 -420 14376 -2306 5250 -1412 END
START -5976 -472 14268 -2109 4665 -1333 END
START -6016 -256 14276 -1943 4055 -1200 END
START -5984 -36 14344 -1795 3417 -1069 END
START -5888 116 14428 -1719 2789 -861 END
START -5636 40 14168 -1579 2275 -674 END
START -5580 84 14228 -1490 1769 -441 END
START -5588 24 14264 -1344 1321 -230 END
START -5696 -12 13952 -1285 919 -21 END
START -5656 -144 14024 -1208 597 136 END
START -5732 -160 13984 -1169 230 238 END
START -6016 -324 13968 -1152 -51 357 END
START -6108 -460 13932 -1128 -325 321 END
START -6148 -620 13592 -1139 -543 320 END
START -6060 -684 13680 -1082 -674 218 END
START -6060 -860 13208 -1019 -715 73 END
START -6028 -1112 12868 -900 -715 -53 END
START -6016 -1140 12692 -843 -620 -227 END
START -6104 -1220 12412 -753 -534 -415 END
START -6012 -1112 12424 -732 -382 -600 END
START -5944 -1024 12248 -741 -236 -779 END
START -5912 -1016 12476 -739 -8 -958 END
START -5892 -860 12184 -773 118 -1136 END
START -5756 -840 12108 -765 230 -1297 END
START -5548 -1052 12080 -710 319 -1423 END
START -5132 -1144 11920 -608 423 -1570 END
START -4900 -1144 11776 -415 636 -1717 END
START -4772 -932 11888 -189 854 -1861 END
START -4828 -564 11652 4 998 -1931 END
START -4784 -52 11788 49 1094 -1972 END
START -4820 368 12004 83 1058 -1924 END
START -4856 592 11948 51 1017 -1848 END
START -4640 664 11912 12 995 -1752 END
START -4548 708 11876 -37 873 -1658 END
START -4512 604 11908 -87 767 -1567 END
START -4668 700 11908 -77 585 -1494 END
START -4688 712 11708 -77 391 -1402 END
START -4800 684 11676 1 150 -1308 END
START -4920 676 11396 90 -113 -1202 END
START -5120 872 11120 210 -387 -1151 END
START -5124 928 10772 369 -680 -1067 END
START -5204 960 10488 503 -871 -983 END
START -5252 824 10268 608 -1084 -930 END
START -5224 916 9960 759 -1306 -892 END
START -5256 936 9848 824 -1507 -853 END
START -5256 848 9824 937 -1673 -812 END
START -5312 988 9516 978 -1803 -799 END
START -5428 968 9152 1040 -1990 -775 END
START -5404 1044 8968 1107 -2113 -775 END
START -5444 1104 8612 1217 -2266 -774 END
START -5392 1024 8288 1308 -2363 -814 END
START -5336 912 7712 1482 -2387 -827 END
START -5132 616 7272 1551 -2355 -903 END
START -5176 728 7020 1675 -2334 -971 END
START -5200 560 6872 1798 -2247 -1042 END
START -5420 572 6588 1947 -2261 -1115 END
START -5500 648 6576 2155 -2264 -1229 END
START -5544 656 6304 2359 -2255 -1288 END
START -5376 324 5840 2628 -2241 -1399 END
START -5360 208 5564 2861 -2233 -1586 END
START -5112 128 5332 3125 -2167 -1725 END
START -5068 52 5328 3395 -2015 -1863 END
START -4932 44 5188 3655 -1826 -2043 END
START -4956 92 5016 3933 -1688 -2190 END
START -4800 180 5012 4160 -1519 -2340 END
START -4692 152 4740 4406 -1318 -2420 END
START -4612 108 4744 4658 -1122 -2498 END
START -4472 304 4736 4875 -932 -2580 END
START -4644 436 4596 5144 -748 -2627 END
START -4724 612 4624 5343 -599 -2700 END
START -4904 880 4812 5595 -534 -2729 END
START -5216 956 4904 5834 -553 -2734 END
START -5440 1096 5028 6143 -602 -2772 END
START -5636 1244 5104 6447 -670 -2748 END
START -5648 1324 5300 6811 -823 -2753 END
START -5680 1292 5160 7192 -964 -2737 END
START -5672 1304 5440 7480 -1158 -2724 END
START -5828 1420 5548 7849 -1412 -2686 END
START -5752 1500 5816 8158 -1693 -2662 END
START -5696 1608 5744 8420 -2028 -2594 END
START -5668 1540 6184 8698 -2327 -2512 END
START -5572 1476 6192 8985 -2630 -2430 END
START -5184 1388 6056 9354 -2857 -2376 END
START -4920 1168 5968 9674 -3021 -2320 END
START -4860 1008 5956 9970 -3094 -2296 END
START -4680 940 5976 10246 -3129 -2296 END
START -4640 792 5960 10546 -3141 -2334 END
START -4484 836 5872 10790 -3175 -2367 END
START -4460 816 6316 11023 -3148 -2375 END
START -4444 952 6328 11286 -3145 -2422 END
START -4356 980 6416 11457 -3070 -2454 END
START -4196 1180 6752 11710 -3025 -2579 END
START -4288 1176 6820 12046 -2956 -2701 END
START -4132 1312 7032 12178 -2859 -2785 END
START -4208 1340 7076 12146 -2769 -2875 END
START -4128 1380 7312 12404 -2602 -2964 END
START -4092 1480 7540 12501 -2373 -3080 END
START -4128 1632 7712 12816 -2149 -3238 END
START -4140 1996 7960 12944 -1898 -3407 END
START -4416 2304 8084 13128 -1524 -3538 END
START -4404 2716 8400 13319 -1203 -3769 END
START -4488 3120 8704 13398 -823 -3917 END
START -4400 3240 9296 13455 -536 -3981 END
START -4364 3588 9636 13451 -278 -4034 END
START -4308 3880 10300 13456 -46 -4080 END
START -4412 4148 11112 13396 86 -4157 END
START -4580 4460 11592 13373 105 -4197 END
START -4524 4676 12080 13375 -23 -4222 END
START -4628 4808 12796 13402 -225 -4219 END
START -4724 4932 13464 13557 -637 -4192 END
START -4680 4896 14228 13717 -1106 -4211 END
START -4512 4700 15020 13950 -1792 -4211 END
START -4660 4608 15708 14233 -2612 -4201 END
START -4716 4672 16700 14595 -3596 -4248 END
START -4404 4704 17380 14994 -4628 -4317 END
START -4184 4632 18252 15475 -5836 -4416 END
START -3748 4548 19092 15905 -7141 -4564 END
START -3248 4624 19860 16374 -8443 -4687 END
START -2500 4520 20380 16773 -9838 -4807 END
START -1836 4460 21196 17228 -11024 -4881 END
START -764 4588 21572 17636 -12214 -4977 END
START 108 4752 22024 18002 -13076 -5063 END
START 896 5188 22500 18384 -13735 -5037 END
START 1512 5648 22752 18673 -14196 -5062 END
START 2284 6176 23024 18815 -14378 -4924 END
START 3144 6612 23608 18818 -14294 -4803 END
START 3780 6960 24064 18599 -13928 -4550 END
START 4484 7288 24668 18164 -13240 -4306 END
START 5060 7500 25552 17547 -12383 -4029 END
START 5320 7372 26088 16672 -11335 -3770 END
START 5536 7364 26888 15655 -10165 -3536 END
START 5560 7088 27548 14482 -8902 -3336 END
START 5584 6924 28436 13277 -7615 -3189 END
START 5416 6756 29104 11806 -6290 -3131 END
START 5124 6520 29820 10713 -4981 -3097 END
START 4780 6388 30352 9213 -3687 -3076 END
START 4544 6388 30652 7859 -2516 -3086 END
START 4024 6252 31172 6481 -1408 -3053 END
START 3508 6076 31728 5241 -420 -3074 END
START 2908 6036 32064 3987 491 -3043 END
START 2624 6020 32288 2850 1240 -3002 END
START 2128 5792 32184 1868 1965 -2953 END
START 1648 5476 31896 942 2662 -2849 END
START 1340 5132 31800 219 3367 -2711 END
START 904 4884 31916 -489 3935 -2522 END
START 248 4704 31808 -1074 4382 -2331 END
START -76 4412 31932 -1579 4717 -2053 END
START -780 3984 32008 -1956 4795 -1809 END
START -1536 3440 32040 -2267 4750 -1517 END
START -2000 2872 32448 -2453 4554 -1300 END
START -2740 2460 32380 -2528 4153 -1063 END
START -3320 1984 32612 -2445 3631 -860 END
START -3872 1624 32376 -2409 3021 -683 END
START -4448 1192 32696 -2278 2351 -492 END
START -5008 804 32500 -2185 1614 -339 END
START -5404 404 32276 -2063 967 -249 END
START -5556 156 32176 -1970 256 -246 END
START -5840 -56 32088 -1887 -369 -243 END
START -6052 -288 31772 -1831 -939 -319 END
START -6376 -440 31640 -1787 -1482 -365 END
START -6520 -548 31396 -1760 -1883 -428 END
START -6764 -484 31152 -1819 -2172 -520 END
START -7044 -624 31120 -1939 -2456 -663 END
START -7200 -728 31016 -2103 -2705 -780 END
START -7332 -740 31084 -2302 -2853 -950 END
START -7516 -892 30884 -2569 -2992 -1133 END
START -7552 -1000 30880 -2874 -3043 -1349 END
START -7752 -960 30820 -3219 -3114 -1588 END
START -7772 -780 30504 -3546 -3090 -1808 END
START -7788 -756 30148 -3973 -3000 -2024 END
START -7900 -712 29904 -4371 -2857 -2204 END
START -7936 -572 29488 -4814 -2702 -2445 END
START -7928 -536 29276 -5254 -2557 -2665 END
START -7924 -424 29056 -5705 -2288 -2896 END
START -7752 -492 28456 -6131 -2047 -3118 END
START -7696 -364 28184 -6652 -1749 -3336 END
START -7604 -284 28044 -7115 -1472 -3520 END
START -7468 -260 27780 -7648 -1166 -3727 END
START -7332 -288 27316 -8159 -868 -3905 END
START -7208 -88 27020 -8631 -562 -4089 END
START -7212 -20 26824 -9086 -301 -4249 END
START -7324 124 26520 -9488 -36 -4436 END
START -7332 248 26144 -9862 93 -4561 END
START -7256 200 25784 -10182 176 -4671 END
START -7304 216 25516 -10429 228 -4790 END
START -7340 196 25144 -10647 269 -4917 END
START -7504 220 24860 -10801 214 -4995 END
START -7556 280 24564 -10930 180 -5100 END
START -7552 528 24244 -11011 69 -5143 END
START -7516 508 24040 -11105 -51 -5163 END
START -7616 468 24012 -11181 -174 -5245 END
START -7608 444 23428 -11230 -323 -5284 END
START -7688 396 23100 -11299 -538 -5346 END
START -7752 388 22644 -11353 -666 -5412 END
START -7680 204 22288 -11385 -816 -5499 END
START -7684 160 21924 -11402 -878 -5608 END
START -7792 128 21536 -11425 -966 -5719 END
START -7696 128 21124 -11471 -988 -5810 END
START -7692 84 20708 -11500 -967 -5907 END
START -7796 64 20328 -11578 -978 -6040 END
START -7840 -92 19980 -11610 -971 -6135 END
START -7904 -144 19988 -11696 -1017 -6327 END
START -8112 -384 19836 -11711 -1066 -6507 END
START -8292 -592 19592 -11746 -1143 -6697 END
START -8428 -540 19304 -11721 -1267 -6975 END
START -8324 -576 18676 -11711 -1351 -7274 END
START -8248 -600 18320 -11692 -1413 -7536 END
START -8324 -592 18012 -11645 -1459 -7816 END
START -8208 -440 17516 -11611 -1536 -8058 END
START -8024 -424 17020 -11527 -1580 -8260 END
START -7988 -528 16824 -11393 -1625 -8454 END
START -7780 -556 16520 -11267 -1671 -8736 END
START -7580 -508 16272 -11119 -1657 -8916 END
START -7576 -460 16008 -11035 -1730 -9137 END
START -7520 -412 15996 -10942 -1803 -9350 END
START -7524 -408 15768 -10888 -1875 -9573 END
START -7348 -352 15504 -10832 -2055 -9788 END
START -7260 -284 15444 -10774 -2188 -9960 END
START -7000 -120 15072 -10748 -2334 -10163 END
START -6920 -68 14876 -10683 -2504 -10333 END
START -6632 -104 14808 -10640 -2634 -10509 END
START -6312 -16 14264 -10581 -2761 -10651 END
START -5976 132 13944 -10550 -2847 -10797 END
START -5680 120 13540 -10521 -2955 -10931 END
START -5660 276 13308 -10537 -2995 -11074 END
START -5336 544 13036 -10475 -3097 -11159 END
START -5096 656 12692 -10399 -3138 -11252 END
START -4736 620 12488 -10366 -3112 -11312 END
START -4316 716 12052 -10351 -3113 -11380 END
START -3968 732 11688 -10318 -3071 -11450 END
START -3864 748 11476 -10332 -3142 -11543 END
START -3568 876 11112 -10271 -3242 -11619 END
START -3440 988 10924 -10150 -3346 -11701 END
START -3276 1056 10652 -10016 -3474 -11784 END
START -3156 1120 10356 -9846 -3702 -11853 END
START -2820 1208 9840 -9618 -3949 -11933 END
START -2472 1388 9524 -9352 -4169 -12004 END
START -2136 1608 9100 -9059 -4380 -12044 END
START -1616 1928 8516 -8777 -4579 -12085 END
START -1096 2160 8072 -8452 -4714 -12050 END
START -764 2280 7672 -8092 -4902 -12008 END
START -316 2388 7360 -7757 -4998 -11914 END
START 68 2524 6980 -7400 -5107 -11819 END
START 424 2588 6928 -7097 -5193 -11729 END
START 796 2692 6532 -6789 -5213 -11661 END
START 1224 2908 6188 -6485 -5158 -11604 END
START 1628 3092 6028 -6240 -5161 -11540 END
START 1952 3172 5592 -6018 -5073 -11507 END
START 2464 3384 5276 -5782 -4930 -11417 END
START 3116 3492 5172 -5568 -4748 -11345 END
START 3516 3612 4708 -5314 -4508 -11234 END
START 4032 3860 4652 -5101 -4214 -11146 END
START 4720 4056 4188 -4958 -3869 -11030 END
START 5360 4080 3988 -4805 -3459 -10872 END
START 5788 4088 3480 -4693 -3023 -10710 END
START 6368 4300 3516 -4606 -2519 -10548 END
START 6832 4524 3336 -4508 -2036 -10356 END
START 7300 4696 3180 -4377 -1507 -10130 END
START 7548 5020 3344 -4258 -1011 -9873 END
START 8108 5224 3324 -4098 -613 -9554 END
START 8460 5332 3268 -3944 -213 -9177 END
START 8680 5484 3432 -3742 95 -8806 END
START 9020 5660 3564 -3573 337 -8368 END
START 9240 5696 3508 -3357 484 -7923 END
START 9276 5788 3724 -3095 597 -7457 END
START 9500 5816 3780 -2770 627 -6982 END
START 9488 5820 3976 -2398 612 -6516 END
START 9644 5912 4148 -1985 489 -6038 END
START 9672 6172 4220 -1547 362 -5557 END
START 9516 6292 4556 -1096 162 -5076 END
START 9544 6412 4676 -725 -130 -4585 END
START 9688 6464 4676 -327 -322 -4109 END
START 9760 6696 4872 19 -608 -3622 END
START 9768 6684 4812 330 -803 -3122 END
START 10024 6784 4712 672 -910 -2596 END
START 10004 6832 4772 981 -948 -2115 END
START 10068 6944 4756 1279 -904 -1585 END
START 10184 6896 4496 1536 -802 -1117 END
START 10232 6904 4508 1779 -564 -604 END
START 10200 6812 4816 1932 -354 -123 END
START 10148 6732 4780 2070 -129 262 END
START 9952 6668 5108 2243 94 652 END
START 10072 6564 5128 2351 307 1016 END
START 10192 6476 5372 2495 526 1364 END
START 10032 6428 5440 2645 769 1729 END
START 10016 6468 5540 2779 1002 2058 END
START 9968 6508 5780 2894 1153 2439 END
START 9996 6600 5952 3065 1384 2817 END
START 10028 6664 6168 3237 1548 3185 END
START 9836 6728 6352 3415 1726 3565 END
START 9764 6628 6640 3545 1888 3949 END
START 9808 6716 6756 3725 2064 4308 END
START 9880 6560 6908 3862 2200 4635 END
START 9812 6532 7144 3951 2394 4958 END
START 9740 6652 7512 4055 2569 5273 END
START 9780 6576 7628 4140 2787 5597 END
START 9792 6692 7968 4186 3033 5920 END
START 9688 6940 7992 4160 3252 6318 END
START 9744 7068 8404 4112 3529 6690 END
START 9788 7168 8544 4042 3747 7104 END
START 9644 7280 8908 3956 3997 7563 END
START 9752 7328 9344 3951 4174 7956 END
START 9568 7344 9424 3936 4358 8433 END
START 9580 7440 9700 3952 4494 8923 END
START 9380 7264 10152 3949 4582 9410 END
START 9264 7200 10520 3940 4620 9930 END
START 9172 7116 10684 3926 4658 10433 END
START 8912 7116 11068 3877 4681 10959 END
START 8760 7096 11448 3900 4653 11486 END
START 8372 7168 11808 3932 4664 11987 END
START 8124 7088 11904 3921 4613 12383 END
START 7988 7000 12120 3893 4542 12974 END
START 7684 6876 12304 3885 4496 13578 END
START 7380 6648 12496 3891 4433 14038 END
START 6896 6552 12824 3878 4409 14534 END
START 6460 6224 12740 3911 4325 14935 END
START 6204 6096 13060 3960 4319 15338 END
START 5880 5736 13096 3977 4318 15696 END
START 5424 5552 13208 3962 4340 16017 END
START 4980 5364 13300 3922 4399 16276 END
START 4472 5304 13308 3912 4496 16457 END
START 3996 5272 13292 3806 4637 16677 END
START 3708 5164 13076 3743 4775 16838 END
START 3500 4952 13272 3612 5009 17004 END
START 3004 4704 13140 3491 5308 17130 END
START 2732 4536 13204 3397 5638 17180 END
START 2268 4532 13068 3313 6006 17315 END
START 1888 4376 13200 3251 6413 17409 END
START 1284 4360 13280 3179 6777 17496 END
START 684 4288 13352 3117 7099 17711 END
START -240 4104 13688 3147 7467 17881 END
START -900 3816 14108 3133 7749 18142 END
START -1684 3408 14468 3181 7972 18379 END
START -2932 2856 15056 3275 8089 18628 END
START -3632 2372 15584 3396 8081 18748 END
START -4908 1724 16128 3526 7889 18882 END
START -6092 1080 16900 3697 7617 18902 END
START -7408 416 17624 3900 7047 18818 END
START -8388 -296 18516 4086 6418 18695 END
START -9432 -976 19324 4237 5622 18487 END
START -10708 -1684 20104 4370 4684 18247 END
START -11884 -2292 20920 4475 3715 17980 END
START -13016 -3020 21256 4575 2727 17626 END
START -13892 -3656 21636 4617 1776 17175 END
START -14944 -4352 21748 4664 962 16611 END
START -15620 -5140 21728 4674 357 15994 END
START -16276 -5772 21524 4685 -90 15324 END
START -16868 -6252 21072 4654 -368 14612 END
START -17384 -6756 21100 4611 -520 13780 END
START -17904 -7156 21284 4518 -609 12950 END
START -18588 -7260 21552 4379 -659 12374 END
START -19008 -7364 21884 4243 -651 11489 END
START -19160 -7552 22092 4035 -652 10790 END
START -19524 -7784 22464 3789 -631 10069 END
START -19800 -7996 22960 3559 -779 9348 END
START -20116 -8176 23168 3217 -906 8590 END
START -20444 -8480 23628 2934 -1147 7869 END
START -20664 -8556 23824 2617 -1417 7093 END
START -20716 -8668 23900 2307 -1751 6274 END
START -20652 -8784 23664 2055 -2035 5430 END
START -20532 -8736 23272 1765 -2347 4600 END
START -20216 -8544 23044 1530 -2479 3777 END
START -19876 -8396 22556 1297 -2547 2995 END
START -19576 -8020 22116 989 -2532 2249 END
START -19004 -7548 21736 635 -2453 1566 END
START -18452 -7192 21384 282 -2275 886 END
START -17836 -6884 20956 -79 -2077 259 END
START -17028 -6548 20728 -507 -1841 -352 END
START -16584 -6356 20404 -860 -1549 -899 END
START -16020 -5944 20160 -1265 -1308 -1506 END
START -15200 -5572 19828 -1661 -1062 -2042 END
START -14672 -4996 19708 -2063 -891 -2540 END
START -13836 -4588 19352 -2401 -852 -3011 END
START -13380 -4072 19108 -2677 -972 -3408 END
START -12596 -3556 18688 -2826 -1174 -3759 END
START -11804 -3288 18416 -2936 -1561 -4075 END
START -10940 -2868 17832 -2865 -1972 -4342 END
START -9864 -2360 16916 -2711 -2331 -4590 END
START -8820 -1912 16064 -2462 -2673 -4765 END
START -7848 -1396 15500 -2106 -2957 -4880 END
START -6848 -752 14680 -1710 -3210 -4899 END
START -5852 -124 13960 -1275 -3395 -4863 END
START -4900 656 13192 -855 -3451 -4707 END
START -4040 1320 12536 -449 -3391 -4480 END
START -3112 1872 12008 -86 -3281 -4263 END
START -2376 2356 11416 228 -3054 -3982 END
START -1628 2672 11068 495 -2786 -3687 END
START -1012 2968 10760 715 -2410 -3337 END
START -536 3240 10700 915 -1986 -2998 END
START -112 3484 10412 1078 -1652 -2663 END
START 24 3680 10460 1215 -1183 -2335 END
START 144 3756 10116 1266 -752 -1984 END
START 112 4080 10192 1327 -280 -1685 END
START 0 4128 9984 1376 155 -1401 END
START -64 4156 9932 1407 533 -1087 END
START -600 3988 10120 1420 901 -858 END
START -760 4020 10156 1423 1215 -629 END
START -1280 3888 10156 1510 1479 -413 END
START -1724 3700 10048 1528 1716 -263 END
START -2132 3616 9912 1573 1903 -171 END
START -2564 3388 9792 1567 2059 -167 END
START -3040 3148 9664 1479 2295 -206 END
START -3356 2972 9560 1421 2405 -293 END
START -3692 2832 9452 1332 2604 -416 END
START -4072 2488 9172 1323 2701 -630 END
START -4104 2380 8848 1301 2844 -850 END
START -4400 2264 8556 1319 2939 -1133 END
START -4560 2204 8340 1361 2968 -1412 END
START -4592 2324 8100 1444 2958 -1660 END
START -4744 2272 8044 1512 2868 -1932 END
START -4744 2392 7708 1642 2719 -2119 END
START -4732 2384 7580 1877 2543 -2359 END
START -4616 2412 7540 2089 2294 -2588 END
START -4560 2328 7552 2327 1954 -2763 END
START -4264 2340 7456 2645 1561 -2937 END
START -4128 2488 7336 2975 1123 -3078 END
START -3540 2548 7224 3320 664 -3231 END
START -3328 2592 7224 3708 111 -3325 END
START -2736 2644 7032 4113 -422 -3410 END
START -1992 2628 6840 4565 -887 -3429 END
START -1664 2732 6644 5012 -1309 -3412 END
START -1004 3176 6484 5451 -1699 -3314 END
START -372 3560 6284 5863 -1905 -3112 END
START 136 3884 6000 6240 -2102 -2892 END
START 780 4112 5752 6573 -2170 -2589 END
START 1292 4436 5540 6861 -2153 -2274 END
START 1568 4580 5408 7163 -2008 -1938 END
START 1996 4596 5128 7471 -1715 -1533 END
START 2188 4696 5076 7713 -1402 -1154 END
START 2452 4684 5188 7945 -984 -776 END
START 2384 4748 5340 8200 -618 -422 END
START 2132 4756 5436 8409 -258 -73 END
START 1768 4804 5880 8626 96 205 END
START 1464 4740 6320 8836 403 422 END
START 1184 4664 6604 9032 664 649 END
START 1040 4416 6972 9232 886 732 END
START 644 4320 7452 9418 1092 799 END
START 576 4176 7904 9579 1308 865 END
START 176 3996 8576 9768 1447 888 END
START -132 4012 8980 9901 1531 903 END
START -384 4084 9748 10089 1594 887 END
START -544 4000 10156 10238 1586 900 END
START -448 3904 10372 10410 1662 875 END
START -344 3804 10868 10550 1756 929 END
START -472 3608 11368 10683 1885 934 END
START -236 3560 11508 10814 2116 970 END
START -52 3652 12116 10931 2303 1039 END
START -148 3772 12732 11082 2603 1163 END
START -88 3940 13440 11167 2874 1287 END
START -136 4056 14372 11199 3085 1436 END
START -244 4492 15212 11257 3360 1742 END
START -356 4772 16156 11200 3534 2074 END
START -572 5052 17068 11075 3664 2464 END
START -876 5264 17900 10909 3714 2909 END
START -1052 5300 19052 10710 3716 3400 END
START -1412 5368 19752 10470 3666 3858 END
START -1844 5360 20560 10217 3512 4334 END
START -2344 5236 21384 9934 3294 4771 END
START -2708 5264 22072 9689 2955 5200 END
START -3528 5228 22996 9453 2441 5575 END
START -4516 5152 24048 9250 1825 5924 END
START -5052 5136 24840 9098 1088 6211 END
START -5900 4532 25788 8873 142 6462 END
START -6444 3820 26372 8780 -852 6565 END
START -7020 3008 26800 8670 -1838 6449 END
START -7416 2396 26996 8629 -2854 6273 END
START -7636 1948 27208 8505 -3758 5979 END
START -7932 1740 27284 8496 -4602 5701 END
START -7944 1516 27204 8483 -5286 5362 END
START -8044 1440 27312 8596 -5806 5160 END
START -8116 1468 27284 8662 -6328 4941 END
START -8072 1520 27124 8727 -6570 4695 END
START -7896 1336 27164 8717 -6740 4416 END
START -7656 1148 27140 8593 -6775 4059 END
START -7580 1208 27480 8391 -6684 3748 END
START -7440 1372 27912 8110 -6603 3453 END
START -7276 1520 28652 7812 -6456 3155 END
START -7192 1544 29136 7428 -6348 2887 END
START -7084 1716 29560 7033 -6306 2651 END
START -6876 1828 29964 6546 -6253 2406 END
START -6736 1856 30232 6004 -6183 2176 END
START -6600 1952 30748 5418 -6153 1991 END
START -6176 1996 30900 4788 -6068 1794 END
START -5948 2052 30992 4178 -6033 1592 END
START -5656 2080 30828 3591 -5932 1423 END
START -5320 1988 30844 2971 -5839 1233 END
START -5052 1984 30524 2388 -5674 1081 END
START -4884 1968 30400 1773 -5456 888 END
START -4720 1984 29856 1204 -5150 733 END