START -5228 500 11544 -580 2475 -185 END
START -3648 928 3616 -335 2250 -436 END
START -3416 -836 7564 -375 2451 -606 END
START -3584 -80 9980 -530 2874 -913 END
START -4276 376 11164 -848 3193 -1115 END
START -4972 468 12340 -1256 3538 -1302 END
START -5184 660 12660 -1698 3740 -1432 END
START -5056 536 12612 -2051 3743 -1519 END
START -4696 152 12612 -2286 3873 -1620 END
START -4204 -88 12560 -2381 4064 -1661 END
START -3856 -108 12772 -2388 4297 -1656 END
START -3580 -24 12724 -2415 4515 -1658 END
START -3596 196 12776 -2475 4685 -1627 END
START -3576 532 12896 -2655 4844 -1546 END
START -3536 788 12936 -2848 4866 -1355 END
START -3480 692 12980 -2954 4881 -1199 END
START -3504 336 13132 -3039 4926 -965 END
START -3620 -152 13240 -2976 4867 -835 END
START -3860 -356 13384 -2813 4727 -765 END
START -4140 -536 13360 -2498 4497 -714 END
START -4388 -424 13428 -2144 4213 -692 END
START -4624 -464 13596 -1817 3862 -656 END
START -4832 -552 13532 -1512 3465 -619 END
START -4900 -700 13384 -1251 3035 -642 END
START -4996 -728 13504 -1041 2687 -632 END
START -4988 -692 13460 -805 2388 -659 END
START -5044 -828 13496 -628 2112 -694 END
START -5072 -756 13660 -396 1876 -756 END
START -5116 -952 13920 -275 1665 -773 END
START -5172 -908 13968 -216 1501 -866 END
START -5136 -668 14204 -208 1325 -960 END
START -4944 -592 14268 -296 1187 -1059 END
START -4920 -372 14436 -470 1050 -1135 END
START -4788 -252 14528 -661 978 -1175 END
START -4504 -176 14676 -825 897 -1178 END
START -4376 -512 14740 -992 803 -1128 END
START -4312 -740 14552 -1087 729 -1062 END
START -4240 -700 14400 -1198 702 -1014 END
START -4240 -776 14176 -1265 639 -985 END
START -4196 -748 14264 -1312 681 -933 END
START -4228 -632 14080 -1370 765 -870 END
START -4352 -652 14072 -1402 777 -867 END
START -4640 -540 14068 -1458 762 -820 END
START -4824 -564 14140 -1496 721 -783 END
START -5188 -668 14144 -1487 660 -758 END
START -5344 -496 14216 -1467 535 -804 END
START -5500 -716 14216 -1451 316 -774 END
START -5556 -908 13868 -1366 138 -836 END
START -5580 -1040 13736 -1309 -33 -875 END
START -5428 -1048 13584 -1191 -164 -958 END
START -5440 -1000 13248 -1054 -204 -1045 END
START -5164 -1164 12772 -869 -140 -1162 END
START -5300 -1152 12516 -670 -37 -1250 END
START -5340 -1116 12612 -491 -22 -1331 END
START -5320 -1208 12560 -287 34 -1419 END
START -5620 -1304 12448 -77 125 -1525 END
START -5580 -1336 12340 146 32 -1623 END
START -5904 -1272 12120 297 33 -1792 END
START -5828 -1544 11860 498 -31 -1950 END
START -6048 -1456 11576 668 34 -2164 END
START -6248 -1548 11384 894 59 -2375 END
START -6276 -1392 11036 1112 158 -2630 END
START -6456 -1224 11080 1264 249 -2870 END
START -6608 -1048 10884 1372 270 -3040 END
START -6636 -840 10640 1438 345 -3276 END
START -6816 -524 10616 1474 448 -3439 END
START -6796 -492 10436 1485 481 -3620 END
START -6716 -464 10116 1503 567 -3743 END
START -6588 -272 9748 1536 700 -3882 END
START -6392 -32 9588 1608 792 -3997 END
START -6416 312 9284 1655 865 -4071 END
START -6140 576 9104 1657 958 -4122 END
START -5976 612 8876 1662 1058 -4062 END
START -5892 680 8796 1646 1094 -3967 END
START -5732 748 8600 1667 1063 -3810 END
START -5652 804 8540 1704 977 -3683 END
START -5452 836 8360 1790 887 -3535 END
START -5116 776 8012 1867 709 -3378 END
START -4976 592 7904 1990 503 -3221 END
START -4984 612 7720 2110 284 -2979 END
START -4736 508 7620 2308 -15 -2770 END
START -4688 564 7472 2546 -352 -2559 END
START -4720 440 7328 2812 -696 -2376 END
START -4816 388 7120 3163 -1068 -2189 END
START -4660 344 6828 3528 -1489 -2020 END
START -4712 336 6432 3840 -1846 -1846 END
START -4616 92 6004 4186 -2086 -1712 END
START -4440 -136 5436 4556 -2239 -1581 END
START -4180 -224 4820 4977 -2233 -1499 END
START -4164 -264 4272 5426 -2134 -1508 END
START -4424 -176 4112 5911 -1949 -1526 END
START -4560 -176 4152 6370 -1766 -1572 END
START -4756 -420 4136 6846 -1675 -1699 END
START -4796 -504 4224 7284 -1503 -1851 END
START -4852 -780 4320 7731 -1407 -2046 END
START -4948 -1000 4516 8198 -1278 -2310 END
START -5076 -1092 4704 8641 -1175 -2555 END
START -4944 -1000 4940 9078 -1053 -2845 END
START -4940 -1020 5080 9502 -930 -3117 END
START -4908 -836 5136 9859 -829 -3372 END
START -4804 -572 5680 10180 -699 -3625 END
START -4412 -592 5760 10498 -541 -3825 END
START -4288 -604 5976 10772 -327 -4016 END
START -3860 -592 6284 11033 -87 -4203 END
START -3552 -488 6540 11299 178 -4365 END
START -3168 -308 6816 11466 465 -4523 END
START -3088 -24 7192 11668 763 -4652 END
START -3160 544 7836 11908 1027 -4704 END
START -2896 812 8284 11709 1303 -4771 END
START -2752 944 8624 12001 1580 -4740 END
START -2656 1164 9000 12050 1788 -4722 END
START -2540 1284 9532 12059 1998 -4626 END
START -2540 1440 10084 12132 2175 -4535 END
START -2564 1696 10752 12160 2320 -4457 END
START -2748 1840 11292 12140 2337 -4370 END
START -2952 1980 11996 12102 2327 -4271 END
START -3052 1780 12592 12102 2228 -4245 END
START -3124 1900 13148 12101 2141 -4212 END
START -3180 2156 13692 12161 2025 -4225 END
START -3352 2324 14312 12616 1974 -4263 END
START -3432 2420 14880 12329 1888 -4351 END
START -3416 2708 15532 12374 1832 -4376 END
START -3444 2848 16212 12585 1807 -4434 END
START -3140 3132 16668 12623 1835 -4480 END
START -3056 3300 17180 12475 1951 -4525 END
START -2772 3412 17844 12152 2046 -4636 END
START -2664 3540 18380 12033 2157 -4678 END
START -2464 3708 18960 11984 2311 -4780 END
START -2416 4008 19720 12004 2559 -4850 END
START -2368 4108 20496 11924 2646 -4864 END
START -2380 4284 21384 11527 2705 -4877 END
START -2404 4524 21972 11388 2702 -4859 END
START -2408 4568 22672 11108 2607 -4874 END
START -2344 4748 23300 10825 2606 -4870 END
START -2292 4904 23772 10549 2534 -4872 END
START -2156 4908 24308 10290 2438 -4842 END
START -2104 4972 24808 10066 2390 -4714 END
START -1988 5140 25284 9835 2361 -4628 END
START -1960 5236 25788 9521 2227 -4493 END
START -2108 5548 26420 9219 2040 -4354 END
START -2092 5472 26700 8900 1866 -4194 END
START -1944 5364 27228 8512 1691 -4013 END
START -1704 5484 27788 8143 1446 -3825 END
START -1584 5456 28012 7712 1301 -3643 END
START -1528 5532 28484 7313 1036 -3448 END
START -1604 5520 28820 6798 816 -3243 END
START -1716 5436 28940 6368 609 -3030 END
START -1500 5444 29100 5913 329 -2821 END
START -1388 5388 29264 5449 66 -2599 END
START -1288 5032 29236 4980 -98 -2359 END
START -1364 5076 29404 4494 -246 -2133 END
START -1232 4996 29292 4082 -420 -1898 END
START -1408 4824 29108 3649 -543 -1668 END
START -1540 4604 29176 3294 -636 -1398 END
START -1712 4484 29096 2915 -722 -1200 END
START -2044 4168 28980 2630 -859 -993 END
START -2432 3948 28988 2248 -934 -832 END
START -2788 3672 28960 1967 -1074 -707 END
START -3080 3484 28952 1702 -1184 -603 END
START -3316 3224 29112 1396 -1231 -542 END
START -3716 2868 29004 1149 -1261 -494 END
START -3636 2696 28952 881 -1349 -506 END
START -4044 2400 28984 593 -1341 -406 END
START -4476 2296 28884 283 -1309 -350 END
START -4952 2256 28756 -73 -1341 -268 END
START -5520 2220 28688 -400 -1324 -228 END
START -6044 1800 28808 -785 -1354 -172 END
START -6536 1436 29012 -1174 -1473 -217 END
START -7080 852 28976 -1506 -1561 -298 END
START -7484 532 28964 -1879 -1700 -415 END
START -8112 216 28748 -2202 -1876 -593 END
START -8584 -64 28484 -2545 -2023 -830 END
START -9240 -332 28376 -2847 -2217 -1100 END
START -9500 -552 28152 -3149 -2382 -1379 END
START -9828 -824 28152 -3464 -2556 -1719 END
START -10168 -1144 27972 -3742 -2682 -2013 END
START -10428 -1540 27832 -4045 -2859 -2377 END
START -10740 -1776 27512 -4359 -3030 -2748 END
START -10904 -1860 27204 -4643 -3226 -3171 END
START -11004 -2136 27124 -4995 -3450 -3576 END
START -11016 -2208 26656 -5231 -3661 -3988 END
START -11168 -2204 26316 -5533 -3927 -4436 END
START -11284 -2120 25808 -5746 -4157 -4852 END
START -11096 -2172 25532 -5957 -4360 -5293 END
START -10908 -2160 24948 -6159 -4502 -5690 END
START -10780 -2148 24492 -6259 -4592 -6063 END
START -10656 -2000 24012 -6424 -4710 -6469 END
START -10596 -1892 23528 -6596 -4720 -6747 END
START -10432 -1776 23164 -6694 -4783 -7045 END
START -10404 -1772 23172 -6831 -4843 -7353 END
START -10448 -1700 22624 -6918 -5006 -7607 END
START -10340 -1648 22416 -6947 -5195 -7908 END
START -10260 -1688 22032 -6950 -5390 -8233 END
START -10368 -1660 21740 -6988 -5625 -8519 END
START -10208 -1540 21640 -7015 -5974 -8793 END
START -9900 -1412 21288 -7074 -6285 -9069 END
START -9808 -1212 21036 -7145 -6597 -9299 END
START -9612 -1188 20716 -7221 -6924 -9496 END
START -9348 -1164 20148 -7277 -7224 -9715 END
START -9068 -1112 19700 -7364 -7471 -9889 END
START -8848 -968 19120 -7382 -7696 -10082 END
START -8516 -840 18540 -7397 -7904 -10283 END
START -8332 -896 17908 -7425 -7985 -10485 END
START -7964 -916 17356 -7405 -8079 -10677 END
START -7784 -680 16972 -7317 -8073 -10885 END
START -7592 -552 16376 -7241 -8026 -11067 END
START -7420 -576 15972 -7133 -8032 -11262 END
START -7248 -288 15524 -7029 -7979 -11449 END
START -7016 -148 15108 -6913 -7894 -11655 END
START -6716 -96 14652 -6855 -7781 -11906 END
START -6384 -104 14636 -6869 -7653 -12198 END
START -6016 24 14216 -6897 -7420 -12400 END
START -5552 88 13968 -6977 -7218 -12627 END
START -5052 72 13512 -7078 -6938 -12841 END
START -4672 116 13224 -7161 -6645 -13103 END
START -4148 180 12980 -7275 -6331 -13326 END
START -3944 308 12876 -7431 -6004 -13532 END
START -3504 348 12544 -7530 -5570 -13797 END
START -3168 428 12388 -7712 -5275 -13989 END
START -2880 456 12076 -7852 -4887 -14234 END
START -2628 408 11696 -7939 -4503 -14441 END
START -2276 516 11604 -8054 -4206 -14675 END
START -1996 764 11372 -8107 -3880 -14847 END
START -1756 924 11016 -8201 -3579 -15029 END
START -1436 1216 10580 -8214 -3325 -15211 END
START -872 1488 10284 -8226 -3140 -15333 END
START -228 1600 10164 -8186 -2955 -15391 END
START 200 1828 9908 -8118 -2755 -15351 END
START 828 1972 9720 -7939 -2683 -15270 END
START 1264 1892 9604 -7754 -2651 -15128 END
START 1772 1940 9360 -7432 -2666 -14896 END
START 2240 2192 9320 -7058 -2730 -14628 END
START 2588 2332 9064 -6705 -2861 -14362 END
START 2856 2532 9060 -6268 -3049 -14055 END
START 3312 2572 8768 -5821 -3240 -13695 END
START 3596 2564 8832 -5351 -3508 -13325 END
START 4080 2692 8696 -4829 -3779 -12898 END
START 4424 2784 8660 -4388 -4031 -12500 END
START 4864 3040 8540 -3945 -4224 -12127 END
START 5356 3240 8388 -3538 -4449 -11661 END
START 5852 3472 8160 -3209 -4526 -11229 END
START 6428 3808 8008 -2959 -4528 -10746 END
START 7032 4040 7760 -2783 -4478 -10252 END
START 7612 4196 7628 -2631 -4281 -9693 END
START 7944 4376 7520 -2519 -4123 -9141 END
START 8252 4520 7280 -2467 -3897 -8597 END
START 8664 4616 7060 -2374 -3591 -8100 END
START 8944 4752 6996 -2296 -3230 -7571 END
START 9180 4900 6912 -2220 -2851 -7138 END
START 9328 4780 6588 -2069 -2520 -6691 END
START 9632 4896 6688 -1922 -2098 -6210 END
START 9660 5180 6612 -1762 -1694 -5783 END
START 9756 5268 6780 -1641 -1332 -5316 END
START 9716 5456 6636 -1477 -978 -4892 END
START 9616 5488 6792 -1378 -647 -4453 END
START 9472 5404 6980 -1254 -383 -4042 END
START 9376 5392 7092 -1065 -150 -3653 END
START 9124 5412 7556 -879 46 -3338 END
START 8944 5348 7748 -723 180 -3095 END
START 8828 5304 7784 -582 252 -2851 END
START 8744 5444 8136 -431 339 -2702 END
START 8684 5512 8444 -305 396 -2548 END
START 8796 5672 8504 -192 402 -2419 END
START 8912 5952 8548 -111 512 -2267 END
START 9108 6032 8616 -82 594 -2057 END
START 9204 6360 8496 -79 802 -1848 END
START 9584 6748 8472 -115 1009 -1573 END
START 9756 6964 8612 -135 1277 -1246 END
START 10028 7264 8696 -187 1532 -882 END
START 10184 7512 8772 -237 1799 -481 END
START 10340 7660 8908 -304 2104 -54 END
START 10468 7900 9004 -349 2331 356 END
START 10372 8012 9204 -426 2526 810 END
START 10448 8204 9436 -447 2712 1328 END
START 10412 8372 9692 -455 2830 1847 END
START 10484 8464 9688 -419 2932 2416 END
START 10480 8600 9976 -352 3003 3006 END
START 10236 8604 10028 -252 3066 3574 END
START 10252 8664 10068 -168 3056 4254 END
START 10212 8768 10328 -49 3109 4887 END
START 10012 8692 10500 78 3033 5578 END
START 9912 8424 10396 198 3015 6173 END
START 9792 8424 10372 351 3007 6828 END
START 9600 8216 10336 501 3059 7450 END
START 9312 8108 10696 631 3085 8025 END
START 9120 7896 10560 745 3075 8550 END
START 9000 7936 10768 809 3083 9087 END
START 8700 7744 10824 793 3137 9619 END
START 8428 7644 11236 772 3120 10114 END
START 8264 7592 11288 731 3171 10615 END
START 8032 7376 11568 682 3298 11055 END
START 7888 7256 11500 555 3392 11506 END
START 7396 7060 11384 491 3537 11859 END
START 7284 7160 11404 335 3714 12244 END
START 6872 6980 11424 232 3914 12354 END
START 6640 6736 11292 100 4174 12844 END
START 6400 6468 11348 19 4361 12875 END
START 5956 6192 11452 10 4631 13281 END
START 5444 6052 11504 4 4859 13539 END
START 4864 5776 11484 102 5068 13758 END
START 4432 5340 11724 151 5241 14001 END
START 3816 5140 11780 254 5393 14170 END
START 3152 4816 11972 319 5504 14332 END
START 2728 4384 12200 361 5674 14462 END
START 1984 4176 12360 370 5704 14564 END
START 1684 3864 12484 372 5756 14642 END
START 1204 3508 12688 343 5783 14698 END
START 628 3136 12996 319 5769 14743 END
START 292 2844 13028 297 5795 14791 END
START -80 2620 13228 305 5717 14768 END
START -480 2136 13112 316 5748 14744 END
START -724 1820 13100 343 5748 14671 END
START -896 1404 13204 347 5801 14588 END
START -1104 1192 13084 391 5904 14559 END
START -1456 960 13472 370 6007 14439 END
START -1856 764 13636 362 5995 14382 END
START -2148 484 13712 348 6073 14335 END
START -2600 176 13956 352 6094 14246 END
START -2840 -108 14104 365 6118 14281 END
START -3548 -160 14436 439 6134 14282 END
START -4416 -412 14700 546 6082 14408 END
START -5296 -620 15156 674 5935 14539 END
START -5976 -868 15368 834 5737 14692 END
START -7068 -1404 15772 1017 5426 14829 END
START -8296 -1988 16308 1279 5057 14877 END
START -9540 -2696 16704 1511 4655 14903 END
START -10816 -3412 17060 1789 4158 14757 END
START -11976 -4168 17420 2071 3608 14555 END
START -13196 -4828 17692 2364 3004 14246 END
START -14300 -5440 18020 2667 2422 13880 END
START -15484 -6132 18360 2937 1831 13362 END
START -16532 -6792 18776 3198 1186 12948 END
START -17428 -7416 19048 3448 658 12348 END
START -18424 -7824 19248 3645 92 11513 END
START -19108 -8292 19668 3793 -418 10653 END
START -19496 -8856 19948 3765 -962 9720 END
START -19620 -9240 20168 3711 -1336 8721 END
START -19780 -9480 20336 3566 -1736 7690 END
START -19672 -9460 20476 3351 -2085 6582 END
START -19512 -9428 20672 3058 -2327 5482 END
START -19144 -9352 20780 2740 -2488 4445 END
START -18712 -9164 20524 2293 -2506 3425 END
START -18196 -8820 20460 1838 -2473 2463 END
START -17664 -8356 20044 1272 -2302 1554 END
START -17108 -7976 19944 673 -2172 662 END
START -16560 -7544 19728 130 -1970 -113 END
START -15740 -7220 19312 -374 -1804 -885 END
START -14944 -6832 18844 -806 -1523 -1591 END
START -14112 -6308 18404 -1228 -1202 -2255 END
START -13388 -5936 18124 -1601 -844 -2827 END
START -12308 -5352 17832 -1989 -519 -3360 END
START -11496 -4880 17436 -2404 -206 -3798 END
START -10648 -4204 17180 -2790 77 -4143 END
START -9792 -3764 16840 -3110 295 -4393 END
START -8952 -3192 16684 -3408 407 -4548 END
START -8212 -2760 16456 -3616 433 -4683 END
START -7652 -2416 16388 -3729 364 -4702 END
START -6948 -1868 16180 -3749 158 -4701 END
START -6228 -1428 15900 -3692 -74 -4666 END
START -5444 -840 15592 -3540 -345 -4551 END
START -4608 -248 15260 -3344 -679 -4342 END
START -3980 268 14896 -3130 -1023 -4075 END
START -3316 832 14600 -2867 -1452 -3726 END
START -2688 1384 14328 -2568 -1846 -3348 END
START -2156 1672 13852 -2235 -2194 -2867 END
START -1540 2060 13492 -1823 -2522 -2375 END
START -1276 2280 13120 -1398 -2834 -1858 END
START -1008 2432 12744 -993 -3033 -1309 END
START -912 2556 12328 -547 -3141 -805 END
START -888 2588 11936 -113 -3224 -346 END
START -940 2656 11524 257 -3180 96 END
START -1024 2612 11448 498 -3066 496 END
START -1212 2616 11148 731 -2934 890 END
START -1532 2376 11092 859 -2730 1163 END
START -2092 2328 10980 910 -2561 1397 END
START -2524 2396 10960 959 -2367 1597 END
START -2936 2184 10816 999 -2226 1658 END
START -3180 2016 10800 1001 -2041 1663 END
START -3652 1776 10884 1031 -1842 1560 END
START -3892 1528 10844 1014 -1746 1395 END
START -4148 1404 10888 999 -1648 1150 END
START -4288 1376 10648 927 -1520 891 END
START -4424 1560 10552 728 -1438 627 END
START -4384 1624 10492 570 -1386 371 END
START -4300 1568 10344 344 -1261 140 END
START -4244 1664 9920 141 -1151 -138 END
START -4016 1844 9708 -19 -977 -348 END
START -3760 2032 9352 -124 -827 -551 END
START -3540 2196 8968 -211 -600 -725 END
START -3276 2492 8452 -340 -397 -868 END
START -3000 2556 8336 -484 -239 -956 END
START -2796 2696 7988 -578 -92 -993 END
START -2668 2720 7632 -725 46 -981 END
START -2580 2840 7436 -735 162 -990 END
START -2476 2684 7104 -665 229 -1036 END
START -2352 2504 6820 -599 222 -1055 END
START -2152 2276 6364 -405 258 -1102 END
START -1972 2164 5672 -107 352 -1177 END
START -1764 2176 5376 140 414 -1235 END
START -1652 2232 4804 425 549 -1250 END
START -1592 2244 4472 788 617 -1281 END
START -1404 2212 4196 1184 698 -1254 END
START -1208 2284 3992 1671 734 -1204 END
START -1100 2260 3812 2202 704 -1102 END
START -952 2308 3944 2810 614 -991 END
START -868 2400 4012 3473 402 -839 END
START -444 2236 4180 4182 167 -680 END
START -528 2188 4436 4895 -167 -419 END
START -336 2212 4740 5663 -554 -193 END
START -148 2360 4848 6322 -983 83 END
START 288 2400 4928 6934 -1405 312 END
START 296 2360 4824 7532 -1679 634 END
START 536 2288 4748 8194 -1893 904 END
START 668 2156 4532 8762 -2005 1125 END
START 888 2072 4620 9402 -1913 1363 END
START 860 2348 4572 9979 -1831 1509 END
START 1004 2340 4660 10465 -1585 1701 END
START 872 2268 4792 10974 -1352 1874 END
START 776 2196 4900 11354 -1027 2039 END
START 904 2128 5164 11657 -575 2142 END
START 768 2112 5424 12224 -34 2188 END
START 552 2132 5664 12180 566 2165 END
START 404 2184 6288 12717 1269 2090 END
START 192 2144 6652 12791 1958 2034 END
START 52 2124 7256 12886 2601 2026 END
START -268 2444 7916 12995 3328 1894 END
START -360 2560 7788 13073 4167 1805 END
START -1060 2604 9544 13206 4720 1684 END
START -1512 2488 10748 13371 5177 1651 END
START -1944 2736 11520 13483 5666 1565 END
START -2256 2912 12484 13575 6001 1424 END
START -2712 3340 13536 13697 6279 1312 END
START -3056 3700 14876 13729 6471 1226 END
START -3572 4136 15876 13804 6543 1195 END
START -3768 4508 16932 13784 6571 1200 END
START -3832 4656 17808 13735 6551 1245 END
START -4060 4636 18944 13671 6549 1324 END
START -4428 4624 20052 13594 6427 1418 END
START -4888 4540 21172 13527 6237 1533 END
START -5160 4536 22344 13443 5944 1598 END
START -5508 4508 23216 13330 5531 1705 END
START -5776 4504 23768 13165 5047 1768 END
START -6104 4464 24688 13009 4509 1828 END
START -6240 4280 25488 12790 3951 1888 END
START -6528 4032 25724 12635 3397 1895 END
START -6752 3824 26528 12489 2928 1915 END
START -6932 3628 26812 12241 2444 1875 END
START -7236 3428 27400 12532 2009 1802 END
START -7432 3504 27824 12022 1579 1673 END
START -7708 3248 28292 12040 1131 1583 END
START -7868 3216 28704 11983 700 1450 END
START -8020 3320 29216 11867 214 1312 END
START -8144 3292 29452 11548 -247 1129 END
START -8380 3512 29764 11395 -722 1014 END
START -8316 3464 30036 11219 -1273 843 END
START -8152 3560 30272 11088 -1709 717 END
START -8024 3440 30400 10941 -2159 546 END
START -7708 3216 30540 10752 -2572 390 END
START -7456 2788 30696 10569 -2977 253 END
START -7140 2480 30852 10402 -3372 119 END
START -6580 1772 30604 10257 -3829 -120 END
START -5632 920 30596 10095 -4099 -469 END
START -4592 636 30180 9886 -4128 -914 END
START -3932 844 29732 9605 -3911 -1332 END
START -3808 1680 30016 9249 -3727 -1705 END
START -3956 2572 30200 8817 -3577 -1976 END
START -4060 3140 30456 8347 -3637 -1985 END
START -4300 3592 30816 7934 -3814 -1895 END
START -4320 3564 30928 7495 -4127 -1771 END
START -3852 3504 30852 7153 -4419 -1638 END
START -3388 3424 30604 6766 -4676 -1633 END
START -2900 2988 30068 6411 -4813 -1577 END
START -2652 2840 29964 5964 -4999 -1503 END
START -2348 2848 29480 5500 -5070 -1469 END
START -2052 3288 28848 5053 -5062 -1431 END
START -2084 3296 28568 4610 -4929 -1322 END
START -2024 3284 28216 4107 -4710 -1197 END
START -1800 3104 27640 3590 -4516 -1101 END
START -1796 2716 27180 3115 -4227 -1019 END
START -1612 2480 26492 2670 -3906 -941 END