START -9944 2776 1296 -6075 -2550 15623 END
START -9880 3028 652 -5860 -991 14587 END
START -10200 3164 680 -5676 302 13708 END
START -10748 3344 600 -5463 1531 12958 END
START -10980 3356 548 -5302 2758 12232 END
START -11308 3256 388 -5086 3863 11602 END
START -11616 3244 208 -4775 4959 10998 END
START -11868 3360 184 -4321 6147 10477 END
START -12164 3204 148 -3775 7258 9917 END
START -12884 3076 520 -3151 8174 9359 END
START -13492 3220 1256 -2368 8877 8761 END
START -14168 3152 1876 -1629 9227 8217 END
START -14504 3176 2704 -788 9272 7741 END
START -15008 3036 3440 89 9141 7229 END
START -15304 2852 4332 961 8712 6768 END
START -15856 2476 4980 1819 8158 6368 END
START -16140 2308 5712 2687 7401 5875 END
START -16720 2012 6328 3655 6519 5249 END
START -17336 1632 6808 4609 5546 4657 END
START -17700 1372 7200 5624 4482 3935 END
START -18184 1024 7512 6535 3473 3154 END
START -18660 844 8016 7478 2468 2325 END
START -18860 296 8188 8245 1489 1442 END
START -18920 44 8396 8878 671 574 END
START -19224 -248 8604 9501 -87 -423 END
START -19420 -364 8540 9981 -777 -1418 END
START -19668 -372 8636 10464 -1429 -2592 END
START -19764 -272 8652 10827 -2067 -3631 END
START -19868 -172 8788 11207 -2633 -4815 END
START -19884 216 8876 11530 -3057 -5882 END
START -19812 664 9096 12079 -3393 -6845 END
START -19100 1132 9344 12281 -3538 -7670 END
START -18556 1644 9600 12096 -3510 -8388 END
START -17956 2004 9960 12054 -3312 -8935 END
START -17428 2364 10480 11924 -2968 -9409 END
START -16912 2780 11032 11248 -2576 -9811 END
START -16644 2648 11520 10524 -2086 -10119 END
START -16280 2400 11936 9734 -1613 -10329 END
START -16020 2180 12848 8935 -1136 -10501 END
START -16176 2004 13568 8102 -631 -10708 END
START -16288 2144 14064 7372 -323 -10946 END
START -16460 2296 14192 6651 -100 -11184 END
START -16576 2172 14672 6018 57 -11486 END
START -16688 2364 14680 5401 197 -11786 END
START -16928 2476 14760 4815 276 -12135 END
START -16832 2520 14616 4256 421 -12455 END
START -16924 2476 14352 3829 496 -12812 END
START -16608 2124 13924 3454 597 -13175 END
START -16476 1892 13624 3208 733 -13644 END
START -16332 1708 13480 3023 944 -14181 END
START -16056 1568 13388 2925 982 -14738 END
START -16080 1308 13524 2929 922 -15331 END
START -15760 1168 13432 2941 846 -15937 END
START -15456 1136 13404 2992 780 -16487 END
START -15172 1008 13172 3068 666 -17027 END
START -14656 1048 13380 3133 508 -17517 END
START -14380 1108 13256 3200 403 -18032 END
START -13240 1292 11064 3079 648 -18616 END
START -13272 1104 12584 3386 -59 -19093 END
START -13440 1360 12716 3477 -235 -19709 END
START -13336 1632 12968 3658 -605 -20329 END
START -13052 1636 13008 3876 -971 -20964 END
START -12692 1748 13116 4091 -1369 -21558 END
START -12188 1700 12944 4317 -1774 -22214 END
START -11484 1744 12584 4505 -2133 -22834 END
START -10876 1916 12424 4737 -2364 -23489 END
START -10188 2432 12104 4896 -2568 -24112 END
START -9520 2816 11976 5079 -2694 -24751 END
START -8740 3152 11872 5223 -2797 -25267 END
START -7892 3776 11796 5367 -2775 -25732 END
START -7152 4460 11524 5453 -2683 -26125 END
START -6324 5204 11412 5526 -2468 -26481 END
START -5364 5860 11584 5553 -2157 -26721 END
START -4460 6300 11508 5526 -1755 -26891 END
START -3548 6876 11696 5393 -1218 -27013 END
START -2820 7592 12080 5282 -742 -27102 END
START -1972 8112 12552 5030 -225 -27065 END
START -1272 8408 13176 4720 255 -26961 END
START -460 8684 13796 4407 702 -26775 END
START 192 8864 14380 4032 1077 -26555 END
START 960 8896 14960 3592 1375 -26257 END
START 1468 8952 15348 3179 1744 -25993 END
START 2196 9108 15816 2705 2030 -25689 END
START 2848 9320 16060 2227 2403 -25322 END
START 3560 9584 16280 1715 2773 -24972 END
START 4032 9892 16612 1223 3182 -24588 END
START 4444 10476 16880 713 3474 -24161 END
START 4768 10952 17200 173 3785 -23681 END
START 5012 11444 17328 -304 4028 -23177 END
START 5440 11884 17476 -828 4302 -22630 END
START 5876 12240 17552 -1283 4364 -22107 END
START 6024 12240 17664 -1721 4468 -21512 END
START 6412 12232 17860 -2067 4400 -20983 END
START 6652 12440 17904 -2436 4241 -20433 END
START 6968 12636 17768 -2702 4014 -19916 END
START 7440 12984 17728 -2934 3740 -19386 END
START 7992 13040 17388 -3206 3449 -18710 END
START 8796 13044 17240 -3467 3240 -18014 END
START 9384 12948 16712 -3689 3114 -17272 END
START 10120 13044 16160 -3929 3104 -16517 END
START 10676 13088 15508 -4178 3056 -15747 END
START 11464 13184 14664 -4420 3172 -14919 END
START 11952 13164 14152 -4648 3447 -14097 END
START 12620 13044 13616 -4811 3704 -13243 END
START 13076 13188 12996 -4888 4076 -12344 END
START 13460 13136 12552 -4931 4511 -11451 END
START 13840 12932 12084 -4894 5008 -10543 END
START 14176 13020 11604 -4818 5524 -9634 END
START 14452 13048 11448 -4706 6047 -8735 END
START 14820 13256 11344 -4603 6571 -7830 END
START 15052 13380 11056 -4466 7103 -6863 END
START 15076 13348 11324 -4336 7558 -5895 END
START 15216 13540 11428 -4191 7987 -4899 END
START 15336 13480 11556 -4063 8326 -3866 END
START 15184 13492 11984 -3912 8525 -2845 END
START 15128 13448 12252 -3733 8624 -1768 END
START 15028 13224 12644 -3556 8627 -671 END
START 15028 13228 13036 -3379 8414 455 END
START 14732 12900 13448 -3244 8065 1586 END
START 14540 12568 13660 -3056 7604 2662 END
START 14392 12432 13764 -2938 7018 3696 END
START 14196 12316 13904 -2686 6422 4731 END
START 13952 12084 13820 -2535 5766 5722 END
START 13736 11904 13552 -2341 5163 6724 END
START 13592 11556 13448 -2155 4489 7668 END
START 13468 11496 13192 -1947 3982 8626 END
START 13360 11444 12624 -1781 3574 9539 END
START 13252 11400 12032 -1647 3324 10468 END
START 13028 11280 11540 -1469 3229 11409 END
START 12876 11172 10956 -1369 3240 12244 END
START 12572 11236 10528 -1265 3410 13124 END
START 12332 11084 10320 -1174 3648 14001 END
START 12116 11008 9816 -1088 3930 14749 END
START 11776 10952 9708 -1001 4265 15477 END
START 11444 10896 9592 -934 4675 16154 END
START 11332 10772 9392 -870 4996 16782 END
START 10952 10576 9796 -814 5389 17431 END
START 10744 10644 9872 -754 5684 18006 END
START 10488 10764 10088 -701 5928 18595 END
START 10052 10872 10384 -690 6097 19219 END
START 9744 11084 10800 -646 6231 19846 END
START 9360 11156 11108 -690 6161 20500 END
START 9108 11276 11424 -744 6062 21137 END
START 8900 11272 11432 -829 5914 21737 END
START 8752 11248 11548 -893 5834 22255 END
START 8612 11216 11748 -973 5639 22872 END
START 8328 11120 11860 -1002 5434 23454 END
START 8136 11144 12088 -1047 5189 24059 END
START 7796 11336 12252 -1035 4819 24715 END
START 7632 11284 12140 -1020 4394 25386 END
START 7156 11004 12388 -986 3994 26025 END
START 6800 10932 12416 -863 3529 26639 END
START 6488 10744 12472 -663 3118 27243 END
START 5992 10924 12364 -471 2648 27766 END
START 5544 10880 12572 -186 2135 28341 END
START 4940 11076 12708 30 1618 28854 END
START 4480 11024 12892 273 950 29420 END
START 4216 10948 13152 524 300 29922 END
START 3780 10848 13384 792 -422 30402 END
START 3380 10548 13600 1118 -1142 30892 END
START 3060 10332 13832 1449 -1989 31298 END
START 2664 10128 14096 1794 -2809 31694 END
START 2296 10208 14280 2226 -3619 32108 END
START 1828 10080 14556 2678 -4481 32469 END
START 1344 10084 14604 3147 -5281 32767 END
START 836 10076 14696 3640 -5998 32767 END
START 552 10112 14816 4024 -6620 32767 END
START 264 10120 14916 4358 -7059 32767 END
START -96 10064 15040 4588 -7418 32767 END
START -132 9880 14928 4752 -7713 32767 END
START -680 9816 15208 4784 -7868 32767 END
START -912 9856 15664 4736 -8015 32767 END
START -1388 9580 15936 4624 -8136 32767 END
START -1828 9432 16384 4464 -8303 32767 END
START -2408 9260 16820 4231 -8419 32767 END
START -3120 9040 17428 4006 -8699 32767 END
START -3952 8628 17696 3718 -8963 32767 END
START -4552 8228 18148 3489 -9317 32767 END
START -5200 7948 18280 3255 -9556 32767 END
START -5620 7728 18212 3000 -9779 32767 END
START -6112 7328 17940 2792 -9941 32767 END
START -6408 6940 17600 2538 -9990 32767 END
START -6704 6512 17612 2312 -9904 32280 END
START -7048 6312 17304 1988 -9769 31714 END
START -7380 6188 16936 1705 -9520 31098 END
START -7568 6020 16656 1438 -9235 30454 END
START -7844 6016 16660 1168 -8832 29767 END
START -8136 5744 16304 963 -8489 29102 END
START -8260 5512 16156 882 -8101 28418 END
START -8676 5336 16204 857 -7744 27743 END
START -9216 5328 16168 959 -7416 27057 END
START -9692 5364 16284 1163 -7040 26420 END
START -9936 5344 16224 1390 -6706 25707 END
START -10520 5272 16188 1718 -6424 25049 END
START -10660 5056 16328 1957 -6182 24370 END
START -10940 4808 16560 2198 -5906 23654 END
START -11340 4568 16532 2356 -5607 22913 END
START -11372 4224 16732 2460 -5314 22198 END
START -11624 4196 16860 2528 -4995 21437 END
START -12036 4176 17376 2542 -4708 20730 END
START -12352 4252 18024 2503 -4522 19943 END
START -12764 3756 18568 2446 -4524 19193 END
START -13012 3708 18992 2349 -4648 18513 END
START -13444 3608 19288 2189 -4787 17833 END
START -13560 3544 19432 2015 -5075 17108 END
START -13812 3428 19660 1832 -5342 16426 END
START -14152 3472 19736 1690 -5632 15760 END
START -14352 3460 19804 1466 -5942 15083 END
START -14640 3296 19956 1366 -6224 14453 END
START -15036 3176 19836 1210 -6548 13791 END
START -15284 3168 19624 1153 -6828 13116 END
START -15592 3088 19584 1079 -7078 12614 END
START -15816 3056 19304 1044 -7289 11763 END
START -15980 2960 19128 1032 -7453 11027 END
START -16292 2900 18796 988 -7564 10255 END
START -16608 2820 18380 978 -7589 9422 END
START -16932 2560 18140 920 -7630 8566 END
START -17248 2444 17996 889 -7637 7694 END
START -17600 2144 17908 886 -7594 6715 END
START -17804 1940 17812 937 -7604 5727 END
START -18104 1988 17684 964 -7644 4638 END
START -18112 2040 17384 1024 -7643 3572 END
START -18032 2148 17260 1057 -7592 2572 END
START -17820 2440 16948 1073 -7521 1544 END
START -17652 2668 16692 1074 -7414 584 END
START -17204 2972 16288 1095 -7232 -288 END
START -16756 3212 15976 1101 -6974 -1025 END
START -16376 3560 15704 1100 -6604 -1737 END
START -15916 3888 15524 1137 -6218 -2344 END
START -15708 4252 15288 1170 -5754 -2858 END
START -15296 4612 14992 1297 -5221 -3270 END
START -14860 4820 14652 1387 -4572 -3620 END
START -14744 4912 14552 1498 -3929 -3929 END
START -14508 4952 14668 1606 -3236 -4196 END
START -14432 5160 14780 1675 -2622 -4481 END
START -14712 5184 14904 1775 -2162 -4771 END
START -14828 5264 15148 1823 -1780 -5069 END
START -15112 5160 15480 1890 -1518 -5421 END
START -15272 5112 15896 2041 -1347 -5817 END
START -15828 4976 16416 2191 -1374 -6211 END
START -16048 4840 16728 2415 -1552 -6714 END
START -16356 4712 16976 2662 -1796 -7202 END
START -16608 4640 17352 2931 -2218 -7811 END
START -17044 4424 17596 3182 -2671 -8470 END
START -17132 4308 17544 3360 -3256 -9143 END
START -17244 4324 17652 3555 -3733 -9880 END
START -17292 4452 17364 3641 -4232 -10656 END
START -17296 4568 16820 3735 -4611 -11468 END
START -17056 4700 16252 3859 -4891 -12299 END
START -16944 4804 15524 4025 -5027 -13111 END
START -16680 4724 15144 4300 -5090 -13914 END
START -16616 4596 14800 4597 -5078 -14767 END
START -16472 4328 14632 4981 -5112 -15610 END
START -16244 4184 14628 5347 -5134 -16487 END
START -16052 4324 14516 5691 -5240 -17387 END
START -15548 4540 14624 6043 -5236 -18322 END
START -15016 4888 14552 6295 -5200 -19165 END
START -14388 5496 14812 6438 -5079 -19858 END
START -13932 6248 14972 6428 -4995 -20451 END
START -13220 6936 15468 6321 -4954 -20894 END
START -12496 7360 15916 6061 -4877 -21207 END
START -11796 7884 16428 5783 -4868 -21374 END
START -11376 8152 16688 5445 -4933 -21459 END
START -10944 8784 16956 5064 -5079 -21494 END
START -10556 8952 17252 4801 -5216 -21513 END
START -10184 9140 17412 4509 -5438 -21505 END
START -9756 9200 17708 4273 -5766 -21447 END
START -9404 9196 17416 4051 -6157 -21439 END
START -9072 9160 17276 3920 -6491 -21460 END
START -8728 9236 16888 3868 -6731 -21483 END
START -8412 9324 16212 3923 -6882 -21600 END
START -8240 9316 15912 4068 -6950 -21750 END
START -8124 9100 15428 4258 -6929 -21993 END
START -8060 8924 14976 4483 -6746 -22298 END
START -8000 8812 14696 4727 -6452 -22738 END
START -7904 8780 14616 4904 -6097 -23279 END
START -7988 8496 14704 5052 -5629 -23928 END
START -8104 7996 15156 5135 -5168 -24724 END
START -8000 7440 15800 5038 -4799 -25615 END
START -7728 7016 16264 4870 -4415 -26598 END
START -7548 6868 16692 4531 -4028 -27620 END
START -7260 6984 17264 4052 -3620 -28654 END
START -6912 7168 17664 3482 -3247 -29650 END
START -6516 7360 17948 2826 -2897 -30584 END
START -6072 8020 18288 2179 -2538 -31406 END
START -5528 8604 18380 1484 -2219 -32149 END
START -5124 9232 18496 829 -1940 -32721 END
START -4508 9412 18580 187 -1761 -32768 END
START -3944 9604 18352 -289 -1487 -32768 END
START -3284 10508 17968 -749 -1206 -32768 END
START -2508 11580 17616 -1149 -850 -32768 END
START -1684 12432 17352 -1585 -508 -32768 END
START -832 12852 17004 -2013 -79 -32768 END
START 236 12856 16728 -2522 442 -32768 END
START 1232 12896 16540 -3031 1002 -32768 END
START 1924 13044 16320 -3516 1650 -32768 END
START 2716 13340 16024 -3983 2342 -32768 END
START 3332 13540 15796 -4368 3013 -32768 END
START 4040 13816 15700 -4679 3786 -32768 END
START 4616 13992 15504 -5039 4656 -32768 END
START 5332 14368 15560 -5417 5579 -32464 END
START 6048 14604 15448 -5886 6550 -32039 END
START 6668 14564 15988 -6462 7597 -31603 END
START 7268 14548 15924 -7105 8596 -31066 END
START 7616 14440 16216 -7907 9598 -30465 END
START 7956 14304 16284 -8696 10599 -29866 END
START 7992 14152 16332 -9537 11582 -29326 END
START 7904 14036 16496 -10321 12426 -28774 END
START 7740 13712 16700 -11139 13376 -28272 END
START 7400 13368 16668 -11838 13992 -27866 END
START 7092 13248 16844 -12504 14595 -27480 END
START 7044 13056 16588 -13173 15198 -27223 END
START 7100 12940 16100 -13827 15805 -26910 END
START 7208 12732 15716 -14348 16483 -26655 END
START 7160 12548 15308 -14915 17255 -26394 END
START 7368 12500 14864 -15461 18065 -26115 END
START 7444 12428 14304 -15939 18963 -25810 END
START 7656 12204 13768 -16364 19807 -25549 END
START 7884 12016 13160 -16758 20722 -25279 END
START 7956 12168 12496 -17124 21872 -24986 END
START 8256 12364 12052 -17461 23007 -24655 END
START 8604 12608 11788 -17804 24222 -24269 END
START 8792 12608 11388 -18203 25445 -23851 END
START 9036 12648 11096 -18560 26683 -23372 END
START 9412 12616 11056 -18954 27887 -22773 END
START 9580 12584 10972 -19325 29070 -22145 END
START 9764 12552 10960 -19611 30098 -21452 END
START 9924 12660 11076 -19779 30966 -20709 END
START 9988 12952 11344 -19888 31695 -19845 END
START 10132 13252 11572 -19838 32237 -18875 END
START 10348 13484 11908 -19671 32550 -17792 END
START 10448 13620 11928 -19470 32765 -16546 END
START 10792 13760 11704 -19238 32767 -15187 END
START 11124 13804 11760 -18963 32767 -13673 END
START 11508 13960 11572 -18738 32767 -12107 END
START 11728 14100 11272 -18478 32767 -10471 END
START 11972 14184 11044 -18236 32767 -8696 END
START 11960 14220 10604 -17981 32767 -7051 END
START 11948 14012 10396 -17758 32767 -5257 END
START 11924 13932 9992 -17554 32767 -3402 END
START 11696 13976 9908 -17413 32767 -1658 END
START 11500 14028 9432 -17307 32767 68 END
START 11152 13932 9336 -17232 32767 1719 END
START 10740 14032 9104 -17210 32767 3364 END
START 10236 13988 8692 -17135 32767 5068 END
START 9764 14020 8452 -17102 32767 6718 END
START 9592 13952 8060 -16991 32767 8369 END
START 9256 13884 7632 -16839 32767 10083 END
START 8876 13828 7492 -16570 32767 11820 END
START 8460 13752 7180 -16246 32767 13514 END
START 7912 13532 7140 -15747 32767 15132 END
START 7476 13404 7320 -15182 32767 16885 END
START 6932 13304 7592 -14450 32767 18507 END
START 6300 13380 7804 -13656 32767 20198 END
START 5688 13452 7916 -12748 32767 21784 END
START 5072 14152 8096 -11700 32767 23422 END
START 4676 14488 8016 -10712 32767 25032 END
START 4136 14552 8464 -9710 31636 26594 END
START 3540 14792 8708 -8771 30297 28138 END
START 3092 15148 8904 -7804 28851 29637 END
START 2692 15668 9044 -6911 27392 31149 END
START 2216 15976 8992 -5981 25949 32661 END
START 2024 16184 9192 -5089 24558 32767 END
START 1792 16412 9320 -4185 23320 32767 END
START 1596 16568 9392 -3359 22258 32767 END
START 1180 16868 9808 -2677 21257 32767 END
START 568 17416 10320 -2139 20288 32767 END
START -136 18100 10816 -1743 19351 32767 END
START -548 18724 11392 -1489 18469 32767 END
START -1384 19172 11944 -1454 17719 32767 END
START -2184 18960 12716 -1541 16975 32767 END
START -3316 18644 13536 -1851 16179 32767 END
START -4760 18108 14404 -2188 15360 32767 END
START -6048 17440 15072 -2651 14447 32767 END
START -7276 16676 15800 -3077 13619 32767 END
START -8660 15936 16612 -3519 12652 32767 END
START -9796 15252 17024 -3932 11529 32767 END
START -10948 14728 17424 -4403 10477 32767 END
START -11972 14384 17528 -4823 9379 32767 END
START -12796 13868 17768 -5348 8352 32767 END
START -13492 13352 17988 -5806 7270 32767 END
START -13932 12968 18060 -6267 6329 32767 END
START -14228 12800 18020 -6734 5410 32767 END
START -14600 12612 18068 -7133 4519 32767 END
START -14720 12608 18096 -7501 3632 32767 END
START -14772 12756 18152 -7888 2724 32767 END
START -14740 13084 18232 -8251 1875 32767 END
START -14564 13292 18492 -8562 986 32767 END
START -14488 13456 18780 -8967 73 32767 END
START -14328 13696 19012 -9358 -791 32767 END
START -14316 13892 19060 -9768 -1728 32767 END
START -14200 14268 19036 -10193 -2625 32767 END
START -14352 14732 18800 -10600 -3614 32767 END
START -14380 14912 18756 -10946 -4567 32767 END
START -14428 14876 18932 -11225 -5598 32767 END
START -14676 14628 19444 -11434 -6629 32767 END
START -14824 14600 19660 -11697 -7658 32767 END
START -14784 14660 19796 -11949 -8673 32767 END
START -15036 14664 20156 -12360 -9585 32767 END
START -15204 14736 20264 -12834 -10466 32767 END
START -15548 15056 20524 -13489 -11304 32767 END
START -15884 15184 20340 -14220 -12061 32767 END
START -16020 15116 20240 -15068 -12640 32767 END
START -16276 14840 19972 -15987 -13054 32767 END
START -16728 14584 19836 -16916 -13488 32767 END
START -17084 14112 19668 -17812 -13804 32767 END
START -17736 13528 19628 -18652 -14090 32767 END
START -18516 12672 19612 -19448 -14443 32767 END
START -19468 11848 20084 -20121 -14828 32767 END
START -20632 11076 20200 -20743 -15394 32767 END
START -21660 10696 20560 -21365 -16128 32767 END
START -22608 10216 20844 -21998 -17043 32767 END
START -23312 9872 20572 -22672 -18204 32767 END
START -24124 9440 20212 -23247 -19335 32767 END
START -24980 9252 19408 -23681 -20388 32767 END
START -25556 8952 18696 -24048 -21476 31488 END
START -26272 8736 17656 -24240 -22545 29816 END
START -27424 8052 16300 -24207 -23509 28095 END
START -28064 7496 15328 -23977 -24501 26258 END
START -28760 6848 14472 -23577 -25358 24308 END
START -29336 6136 13448 -23019 -26136 22234 END
START -29948 5396 12668 -22336 -26829 20034 END
START -30116 4804 11896 -21668 -27258 17779 END
START -30156 4228 10992 -20960 -27557 15442 END
START -30140 3728 10184 -20346 -27654 13172 END
START -29924 3456 9532 -19759 -27616 10865 END
START -29320 3572 8608 -19236 -27363 8488 END
START -28804 3892 8212 -18825 -26991 6287 END
START -28000 4496 7744 -18436 -26613 4207 END
START -26956 5244 7388 -18023 -26184 2304 END
START -25880 6100 7264 -17669 -25752 594 END
START -24792 6808 6872 -17199 -25253 -911 END
START -23704 7548 6776 -16801 -24721 -2175 END
START -22644 8316 6548 -16315 -24307 -3365 END
START -21740 8644 6628 -15812 -23899 -4244 END
START -20840 8688 6736 -15228 -23520 -5051 END
START -20092 8712 7116 -14605 -23203 -5787 END
START -19740 8820 7664 -14004 -23005 -6515 END
START -19156 8908 8564 -13497 -23079 -7170 END
START -19040 8840 9416 -13032 -23482 -7869 END
START -18860 9176 10144 -12669 -24082 -8517 END
START -18656 9288 10180 -12447 -24835 -9200 END
START -18444 9320 10316 -12179 -25593 -9813 END
START -18400 9168 10296 -12000 -26390 -10495 END
START -18364 9076 10168 -11820 -27147 -11191 END
START -18548 8472 9656 -11598 -27890 -11953 END
START -18528 8140 9044 -11302 -28483 -12843 END
START -18784 7632 8336 -11028 -28948 -13741 END
START -19164 7156 7496 -10701 -29342 -14795 END
START -19436 6344 6908 -10296 -29545 -15872 END
START -19628 5908 6140 -9813 -29696 -17202 END
START -20068 6276 5436 -9330 -29731 -18636 END
START -20588 6880 4804 -8840 -29849 -20229 END
START -20728 7184 4056 -8426 -29977 -21802 END
START -20336 7260 3268 -7972 -29919 -23351 END
START -20128 7496 2340 -7522 -29706 -24843 END
START -19764 7880 1396 -7057 -29227 -26320 END
START -19400 8656 940 -6488 -28772 -27794 END
START -18816 9408 204 -5957 -28242 -29156 END
START -18072 9812 -164 -5411 -27553 -30439 END
START -17312 10516 -664 -4877 -26755 -31625 END
START -16432 10948 -936 -4309 -25903 -32671 END
START -15804 10668 -1152 -3782 -25040 -32768 END
START -15280 10492 -900 -3189 -24169 -32768 END
START -14792 10368 -704 -2518 -23488 -32768 END
START -14444 10348 -700 -1830 -22975 -32768 END
START -13768 10272 -236 -944 -22517 -32768 END
START -13172 10364 12 -28 -22276 -32768 END
START -12544 10536 448 876 -22064 -32768 END
START -11884 10740 512 1814 -21907 -32768 END
START -11036 10936 752 2698 -21742 -32768 END
START -10300 10964 976 3556 -21663 -32768 END
START -9948 10884 1240 4444 -21644 -32768 END
START -9604 10848 1356 5441 -21635 -32768 END
START -9288 10836 1240 6403 -21745 -32768 END
START -9228 10828 1220 7389 -21705 -32768 END
START -9256 11236 1504 8406 -21717 -32768 END
START -9356 11256 1628 9324 -21815 -32768 END
START -9272 10712 1428 10234 -21918 -32768 END
START -9008 10244 1596 11223 -21881 -32768 END
START -8916 10272 1492 12258 -21738 -32768 END
START -9136 10812 1464 12854 -21579 -32768 END
START -8924 11808 1508 13672 -21482 -32768 END
START -8396 13200 1868 14339 -21242 -32768 END
START -7816 13824 1960 14798 -20908 -32768 END
START -7028 14508 2552 15122 -20454 -32768 END
START -6308 15152 2888 15276 -19999 -32768 END
START -5376 15932 3072 15330 -19551 -32768 END
START -4496 17168 3276 15202 -18977 -32768 END
START -3480 18840 3552 14924 -18391 -32768 END
START -2404 20784 3728 14513 -17680 -32768 END
START -984 21896 4064 13963 -16878 -32768 END
START 416 22064 4072 13226 -15842 -32768 END
START 2148 21716 4352 12631 -14542 -32768 END
START 3260 21840 4888 11864 -13082 -32768 END
START 4124 22244 5612 11339 -11676 -32768 END
START 4956 22056 6668 10876 -10626 -32768 END
START 6064 21928 8132 10478 -9791 -32768 END
START 6996 21652 9020 10165 -9158 -32768 END
START 7812 21384 9932 9928 -8706 -32768 END
START 8512 21000 10316 9770 -8350 -32768 END
START 9136 20836 11068 9691 -8176 -32768 END
START 9596 20596 11572 9706 -8159 -32768 END
START 9920 20420 12416 9829 -8176 -32768 END
START 10176 20044 12796 9942 -8482 -32768 END
START 10108 19904 13268 10160 -8840 -32768 END
START 10124 19872 13596 10425 -9279 -32768 END
START 10264 19892 13812 10624 -9734 -32768 END
START 10632 19920 13924 10877 -10177 -32123 END
START 10648 19936 14052 11110 -10579 -31147 END
START 10696 20108 14032 11245 -10792 -30187 END
START 10804 20168 13896 11310 -10870 -29321 END
START 10896 20452 13728 11337 -10719 -28535 END
START 11100 20484 13592 11188 -10345 -27812 END
START 11420 20500 13404 10926 -9703 -27107 END
START 11692 20180 13144 10523 -8783 -26487 END
START 12100 20032 13340 10012 -7625 -25912 END
START 12256 19844 13432 9401 -6157 -25407 END
START 12592 19872 13928 8707 -4758 -24984 END
START 12784 19840 14872 7964 -3240 -24612 END
START 12772 19740 15568 7201 -1848 -24209 END
START 12924 19764 16720 6392 -637 -23859 END