START -7256 4792 15396 -5880 1387 3009 END
START -4000 3112 12956 -6458 896 3007 END
START -3952 2748 11904 -6494 1797 2834 END
START -4240 2832 10368 -6421 2403 2538 END
START -5152 3108 10784 -6249 2773 2043 END
START -5268 3012 10920 -5927 3054 1448 END
START -5200 2712 10524 -5572 3531 948 END
START -5260 2644 10592 -5272 4044 581 END
START -5416 2484 10388 -5208 4413 305 END
START -5396 2796 10316 -5226 4815 52 END
START -5608 3056 10428 -5327 5128 -197 END
START -5560 2960 10328 -5462 5443 -375 END
START -5612 2772 10316 -5479 5712 -581 END
START -5496 2596 10288 -5290 5993 -833 END
START -5264 2184 10428 -4770 6406 -1067 END
START -5152 2124 10684 -4066 6573 -1266 END
START -5072 2284 10528 -3229 6957 -1417 END
START -4804 2396 10688 -2345 7205 -1466 END
START -4620 2456 11416 -1610 7357 -1509 END
START -4416 2880 11748 -986 7417 -1435 END
START -4228 3340 12424 -580 7405 -1354 END
START -3956 3440 12776 -358 7284 -1186 END
START -3520 3720 13012 -237 7181 -997 END
START -3316 3892 13536 -207 7045 -757 END
START -3144 4076 14072 -198 6942 -520 END
START -3192 4184 14396 -183 6758 -263 END
START -3340 4380 14832 -255 6447 93 END
START -3584 4320 15248 -339 6178 442 END
START -3700 4304 15728 -483 5706 843 END
START -3800 4208 15944 -651 5203 1170 END
START -4156 3988 16124 -847 4585 1469 END
START -4572 3828 16292 -1022 3860 1688 END
START -4832 3244 16400 -1092 3023 1854 END
START -5076 2864 16188 -1098 2245 1907 END
START -5244 2780 15844 -1006 1510 1930 END
START -5572 2604 15564 -876 809 1940 END
START -5792 2544 15112 -733 235 1880 END
START -6148 2504 14536 -659 -268 1831 END
START -6332 2436 14032 -557 -595 1778 END
START -6332 2076 13488 -413 -813 1640 END
START -6252 1740 13016 -306 -873 1447 END
START -6556 1600 12520 -178 -867 1192 END
START -6504 1528 12328 -81 -728 899 END
START -6672 1472 12140 -7 -627 621 END
START -6748 1400 12012 101 -425 355 END
START -6764 1384 12024 122 -213 112 END
START -6648 1372 11892 125 96 -146 END
START -6632 1384 11748 114 373 -350 END
START -6416 1412 11488 20 723 -598 END
START -6256 1416 11344 -139 1132 -809 END
START -6356 1344 11072 -284 1593 -1017 END
START -6440 1412 11144 -415 2008 -1199 END
START -6500 1216 11300 -446 2403 -1320 END
START -6552 1148 11832 -368 2668 -1399 END
START -6632 1052 12168 -284 2838 -1438 END
START -6656 1016 12520 -164 2824 -1486 END
START -6456 1144 12700 -95 2796 -1500 END
START -6568 1324 12780 -16 2656 -1481 END
START -6452 1572 13228 71 2526 -1428 END
START -6376 1492 13340 114 2341 -1273 END
START -6244 1776 13576 216 2131 -1086 END
START -6036 2044 13652 268 1940 -824 END
START -5928 2100 13984 291 1746 -546 END
START -6020 2160 14028 242 1522 -261 END
START -6056 2216 14032 159 1264 25 END
START -6192 1980 13876 95 1047 267 END
START -6100 1656 14052 -7 817 510 END
START -6296 1504 14088 -77 611 659 END
START -6340 1512 13972 -178 410 766 END
START -6660 1440 14124 -277 180 885 END
START -6796 1264 14328 -312 -3 979 END
START -7256 936 14204 -373 -301 1034 END
START -7300 880 14360 -353 -545 1061 END
START -7488 708 14368 -310 -831 1001 END
START -7720 408 14176 -243 -1061 941 END
START -7924 228 14140 -122 -1325 806 END
START -8212 -12 13924 23 -1515 623 END
START -8112 -112 13728 157 -1685 406 END
START -8240 -232 13564 265 -1827 156 END
START -8416 -316 13492 407 -1853 -114 END
START -8288 -296 13164 494 -1874 -420 END
START -8320 -188 13028 591 -1752 -749 END
START -8328 -184 12688 621 -1681 -1064 END
START -8364 -168 12592 677 -1450 -1402 END
START -8216 -168 12684 760 -1203 -1675 END
START -8128 -60 12672 840 -945 -1948 END
START -8188 76 12876 883 -686 -2213 END
START -8316 348 13120 888 -503 -2380 END
START -8140 404 13300 907 -385 -2553 END
START -8144 588 13540 848 -263 -2697 END
START -7988 788 13668 791 -162 -2761 END
START -7988 804 13804 773 -59 -2820 END
START -7808 980 13812 731 43 -2872 END
START -7768 884 14040 749 191 -2895 END
START -7704 948 13936 711 259 -2929 END
START -7848 1040 14096 730 314 -2985 END
START -7808 1028 14224 710 371 -2997 END
START -7852 1008 14408 657 397 -3019 END
START -7876 1184 14556 574 389 -3077 END
START -7900 1288 14668 435 376 -3122 END
START -7776 1260 14576 279 331 -3133 END
START -7788 1380 14576 167 356 -3164 END
START -7796 1384 14632 116 351 -3138 END
START -7824 1388 14708 47 339 -3109 END
START -7976 1408 14528 30 319 -3072 END
START -8040 1340 14624 29 272 -3074 END
START -8072 1228 14428 65 280 -3044 END
START -8184 1108 14528 85 228 -3074 END
START -8184 1008 14636 125 204 -3101 END
START -8204 924 14612 168 136 -3207 END
START -8208 736 14648 211 67 -3216 END
START -8244 808 14596 212 109 -3292 END
START -8148 788 14732 179 53 -3373 END
START -8168 940 14636 114 65 -3394 END
START -8292 904 14712 84 22 -3483 END
START -8276 816 14712 6 76 -3520 END
START -8224 864 14824 -66 61 -3573 END
START -8332 836 14800 -93 83 -3654 END
START -8364 720 14524 -138 112 -3751 END
START -8352 680 14644 -152 207 -3832 END
START -8220 648 14656 -175 256 -3958 END
START -8208 644 14712 -190 315 -4062 END
START -8228 640 14684 -253 400 -4181 END
START -8144 644 14720 -308 465 -4263 END
START -8188 692 14628 -366 495 -4335 END
START -8156 652 14768 -372 550 -4407 END
START -8160 620 14716 -407 578 -4474 END
START -8072 600 14628 -407 648 -4505 END
START -8072 404 14628 -388 651 -4576 END
START -8148 492 14684 -425 696 -4684 END
START -8176 296 14672 -405 759 -4738 END
START -8136 312 14704 -417 788 -4844 END
START -8172 196 14616 -385 877 -4949 END
START -8236 120 14416 -404 880 -5054 END
START -8296 116 14500 -378 915 -5155 END
START -8296 -24 14580 -315 994 -5267 END
START -8392 -80 14532 -257 1048 -5356 END
START -8568 -208 14764 -214 1086 -5490 END
START -8628 -192 14760 -109 1057 -5596 END
START -8488 -220 14736 -14 1089 -5755 END
START -8620 -120 14832 71 1067 -5837 END
START -8476 16 14864 197 1070 -5950 END
START -8336 -28 14832 314 1092 -6048 END
START -8380 32 14860 418 1093 -6112 END
START -8264 44 14836 478 1092 -6181 END
START -7988 8 14952 551 1123 -6242 END
START -8020 60 14932 588 1159 -6348 END
START -7908 120 15000 690 1149 -6419 END
START -7692 52 14944 711 1231 -6485 END
START -7712 136 14968 722 1233 -6645 END
START -7652 124 15060 693 1226 -6694 END
START -7512 240 15140 643 1271 -6832 END
START -7304 224 14936 611 1356 -6889 END
START -7344 276 15016 601 1427 -6973 END
START -7156 268 15204 534 1460 -7039 END
START -7084 348 15100 485 1559 -7103 END
START -7016 228 15252 408 1550 -7170 END
START -7188 284 15000 377 1591 -7229 END
START -7108 208 14952 351 1571 -7341 END
START -6924 64 14804 314 1601 -7451 END
START -6860 32 14860 372 1591 -7618 END
START -6824 -40 14812 445 1627 -7721 END
START -6628 -84 14732 563 1645 -7873 END
START -6432 -52 14588 646 1660 -7998 END
START -6444 -80 14608 762 1714 -8094 END
START -6544 88 14540 905 1723 -8195 END
START -6272 116 14604 1031 1701 -8318 END
START -6104 252 14564 1174 1724 -8380 END
START -5852 260 14728 1292 1658 -8458 END
START -5768 404 14884 1421 1619 -8525 END
START -5520 488 14884 1508 1592 -8570 END
START -5356 744 15108 1577 1474 -8569 END
START -5064 824 15196 1641 1437 -8556 END
START -4868 932 15208 1594 1358 -8527 END
START -4568 1128 15204 1630 1295 -8460 END
START -4292 1272 15168 1626 1288 -8442 END
START -4128 1292 15056 1629 1317 -8351 END
START -3768 1192 14992 1620 1373 -8331 END
START -3764 1204 15052 1605 1515 -8321 END
START -3464 1268 15056 1501 1642 -8299 END
START -3300 1380 14888 1442 1795 -8308 END
START -3336 1408 15032 1360 1942 -8309 END
START -3172 1464 15060 1249 2091 -8287 END
START -3216 1392 15148 1199 2201 -8279 END
START -3004 1348 15088 1128 2328 -8302 END
START -2856 1332 15188 1118 2487 -8287 END
START -2748 1372 15044 1082 2552 -8318 END
START -2684 1316 15284 1084 2582 -8347 END
START -2580 1464 15308 1111 2579 -8391 END
START -2452 1500 15348 1122 2613 -8395 END
START -2308 1544 15300 1147 2551 -8405 END
START -2060 1668 15272 1167 2543 -8433 END
START -1876 1732 15232 1219 2531 -8424 END
START -1748 1784 15320 1268 2512 -8413 END
START -1596 1868 15244 1404 2445 -8377 END
START -1376 1892 15192 1496 2424 -8353 END
START -1160 1988 15324 1607 2367 -8290 END
START -1072 2060 15464 1671 2351 -8257 END
START -760 2092 15436 1785 2232 -8191 END
START -664 2140 15440 1884 2172 -8127 END
START -404 2344 15592 1945 2050 -8083 END
START -308 2268 15584 1987 1972 -8000 END
START 24 2484 15552 2009 1875 -7951 END
START 208 2532 15532 2045 1817 -7846 END
START 496 2596 15612 2072 1734 -7806 END
START 836 2632 15604 2116 1678 -7702 END
START 920 2760 15516 2115 1623 -7620 END
START 1080 2916 15452 2171 1534 -7510 END
START 1412 2948 15560 2216 1454 -7423 END
START 1648 3204 15632 2225 1494 -7300 END
START 2076 3268 15568 2287 1429 -7200 END
START 2348 3472 15508 2281 1402 -7047 END
START 2604 3664 15460 2267 1419 -6918 END
START 2844 3848 15620 2220 1367 -6724 END
START 2980 4020 15664 2164 1367 -6555 END
START 3128 4064 15888 2095 1390 -6340 END
START 3308 4000 15972 2021 1338 -6140 END
START 3480 4124 16072 1943 1319 -5920 END
START 3696 4204 15900 1851 1312 -5736 END
START 3868 4296 16152 1745 1271 -5533 END
START 3740 4176 16208 1707 1276 -5406 END
START 3788 4108 16244 1621 1278 -5263 END
START 3708 4080 16372 1545 1250 -5175 END
START 3652 3956 16424 1480 1246 -5164 END
START 3640 4028 16536 1402 1223 -5121 END
START 3780 3856 16448 1324 1239 -5166 END
START 3924 3884 16356 1232 1256 -5131 END
START 4096 3880 16364 1135 1311 -5138 END
START 4224 4044 16112 1036 1404 -5111 END
START 4420 4144 16152 879 1521 -5109 END
START 4684 4424 16040 694 1700 -4962 END
START 4956 4412 15928 563 1879 -4892 END
START 5124 4540 16132 323 2023 -4739 END
START 5080 4724 16012 125 2210 -4582 END
START 5324 4748 16096 -84 2331 -4390 END
START 5268 4692 16084 -254 2457 -4211 END
START 5272 4708 16232 -443 2500 -4041 END
START 5252 4748 16236 -569 2512 -3820 END
START 5296 4752 16240 -697 2480 -3648 END
START 5384 4608 16148 -741 2431 -3452 END
START 5368 4640 16348 -740 2424 -3215 END
START 5252 4632 16472 -700 2330 -2966 END
START 5416 4748 16560 -655 2177 -2720 END
START 5284 4664 16376 -677 2042 -2421 END
START 5264 4696 16332 -652 1846 -2188 END
START 5360 4620 16416 -629 1654 -1916 END
START 5392 4508 16336 -671 1447 -1691 END
START 5348 4440 16176 -645 1253 -1472 END
START 5460 4348 16040 -658 1116 -1229 END
START 5380 4396 15856 -619 989 -1018 END
START 5360 4436 15788 -612 878 -785 END
START 5356 4276 15656 -582 817 -589 END
START 5556 4300 15480 -578 802 -362 END
START 5480 4344 15620 -580 765 -194 END
START 5428 4196 15348 -640 818 -12 END
START 5364 4308 15280 -704 800 119 END
START 5312 4236 15300 -770 831 290 END
START 5256 4176 15168 -833 886 425 END
START 5320 4100 15180 -922 910 539 END
START 5288 4128 15080 -984 985 644 END
START 5164 4244 14936 -1113 1056 718 END
START 5256 4172 14960 -1166 1124 791 END
START 5148 4236 14844 -1244 1195 844 END
START 4984 4384 14788 -1311 1285 943 END
START 4984 4520 14740 -1361 1359 1024 END
START 5068 4656 14732 -1471 1384 1108 END
START 4968 4692 14652 -1507 1457 1211 END
START 5060 4940 14436 -1604 1488 1328 END
START 5088 5176 14472 -1681 1567 1482 END
START 4976 5276 14272 -1689 1648 1636 END
START 4956 5568 14100 -1732 1746 1840 END
START 5048 5592 13916 -1728 1836 2070 END
START 4888 5788 13672 -1751 1910 2275 END
START 4676 5956 13868 -1731 1976 2518 END
START 4632 5960 13704 -1751 2053 2704 END
START 4416 6052 13664 -1727 2121 2926 END
START 4444 6052 13604 -1730 2166 3126 END
START 4360 6092 13600 -1752 2229 3318 END
START 4276 6200 13556 -1762 2268 3503 END
START 4088 6296 13408 -1799 2360 3730 END
START 3988 6384 13420 -1873 2453 3947 END
START 4000 6532 13080 -1930 2577 4154 END
START 3772 6400 12936 -2005 2706 4344 END
START 3712 6312 12952 -2057 2844 4558 END
START 3476 6116 12804 -2090 2892 4736 END
START 3296 5940 12848 -2105 2936 4881 END
START 3040 5828 12936 -2091 2951 5007 END
START 2956 5624 12912 -2063 2908 5104 END
START 2420 5556 13004 -2029 2730 5251 END
START 2180 5412 13116 -1915 2482 5386 END
START 2036 5328 13092 -1823 2269 5537 END
START 1956 5356 12948 -1616 1997 5662 END
START 1804 5156 12784 -1469 1770 5792 END
START 1644 5248 12972 -1254 1442 5906 END
START 1552 5264 12788 -1116 1164 6036 END
START 1508 5204 12868 -981 917 6186 END
START 1400 5224 12912 -891 655 6381 END
START 1292 5280 12676 -778 430 6586 END
START 1268 5164 12816 -737 278 6797 END
START 1120 5256 12604 -705 135 7021 END
START 948 5300 12580 -677 -28 7249 END
START 796 5068 12476 -651 -93 7417 END
START 604 4752 12408 -648 -223 7570 END
START 312 4564 12200 -587 -226 7644 END
START 156 4428 12296 -551 -261 7689 END
START 104 4256 12132 -517 -206 7649 END
START 44 4068 11928 -476 -171 7701 END
START 12 4128 11912 -400 -77 7694 END
START -88 3996 12152 -365 29 7756 END
START -196 4112 11892 -311 193 7815 END
START -216 4016 11872 -300 382 7922 END
START -200 4132 11860 -287 574 8056 END
START -296 3968 11776 -223 862 8181 END
START -388 3996 11768 -229 1125 8279 END
START -604 3800 11844 -237 1501 8399 END
START -652 3900 11852 -290 1789 8533 END
START -884 3780 12144 -399 2031 8623 END
START -1108 3536 12248 -443 2198 8723 END
START -1264 3624 12744 -510 2314 8782 END
START -1644 3504 13088 -524 2342 8916 END
START -1788 3392 13228 -471 2254 9073 END
START -1960 3244 13484 -408 2096 9208 END
START -2296 3384 13784 -252 1837 9353 END
START -2308 3312 14012 -66 1477 9563 END
START -2580 3360 14156 173 1010 9772 END
START -2824 3172 14428 400 500 9972 END
START -3124 3080 14516 710 -68 10204 END
START -3308 2932 14512 1018 -609 10412 END
START -3524 2804 14292 1320 -1173 10627 END
START -3832 2728 14604 1735 -1744 10816 END
START -4008 2648 14684 2100 -2246 11025 END
START -4424 2364 14928 2468 -2810 11139 END
START -4628 2272 14964 2790 -3297 11271 END
START -4864 2160 15076 3034 -3806 11285 END
START -5028 2008 15032 3215 -4239 11302 END
START -5044 2096 15324 3385 -4563 11284 END
START -5112 2108 15072 3413 -4849 11263 END
START -5044 2216 15124 3424 -4979 11277 END
START -5016 2384 14892 3347 -5049 11293 END
START -4964 2436 14888 3239 -5024 11325 END
START -5000 2616 14932 3018 -4910 11392 END
START -4940 2716 14696 2812 -4620 11400 END
START -4976 2720 14520 2540 -4289 11404 END
START -5144 2788 14436 2283 -3882 11399 END
START -5288 2652 14384 2008 -3460 11408 END
START -5460 2416 14260 1840 -2905 11297 END
START -5708 2424 14236 1620 -2377 11221 END
START -5928 2324 14288 1487 -1788 11129 END
START -6052 2184 14368 1290 -1208 11027 END
START -6188 2176 14444 1075 -660 10906 END
START -6412 2172 14540 863 -171 10804 END
START -6620 2012 14812 612 356 10690 END
START -6924 2088 15008 312 737 10596 END
START -7164 1964 15476 75 1123 10558 END
START -7564 2064 15708 -168 1380 10492 END
START -7964 1892 16232 -411 1503 10462 END
START -8512 1820 16676 -559 1415 10411 END
START -8968 1664 17016 -713 1230 10386 END
START -9424 1584 17288 -768 840 10373 END
START -9712 1392 17608 -700 349 10342 END
START -10008 1344 17984 -546 -187 10282 END
START -10232 1116 18136 -302 -805 10266 END
START -10620 1184 18260 -48 -1439 10230 END
START -10860 1180 18284 265 -2216 10214 END
START -11188 1216 18092 597 -2904 10208 END
START -11188 1156 17948 956 -3553 10201 END
START -11300 1196 17828 1372 -4195 10211 END
START -11404 1256 17632 1767 -4758 10246 END
START -11368 1220 17340 2202 -5193 10306 END
START -11456 1168 17192 2585 -5557 10301 END
START -11440 1160 16880 2918 -5813 10413 END
START -11352 988 16580 3252 -5951 10423 END
START -11340 784 16388 3458 -5970 10398 END
START -11532 724 16140 3686 -5853 10389 END
START -11576 668 15960 3813 -5675 10321 END
START -11776 636 15860 3911 -5399 10220 END
START -11860 500 16008 3953 -5095 10117 END
START -12244 260 16080 3939 -4825 9979 END
START -12456 164 16252 3937 -4490 9806 END
START -12696 -112 16400 3860 -4159 9549 END
START -12752 -196 16336 3767 -3904 9282 END
START -12960 -536 16484 3592 -3596 8950 END
START -13028 -656 16608 3426 -3322 8564 END
START -13108 -648 16592 3202 -3014 8261 END
START -13144 -708 16164 3057 -2691 7906 END
START -13216 -632 16212 2826 -2270 7549 END
START -13200 -684 15852 2607 -1783 7184 END
START -13188 -772 15932 2394 -1248 6860 END
START -13232 -720 15696 2094 -658 6535 END
START -13284 -676 15644 1773 -73 6177 END
START -13516 -656 15756 1430 431 5882 END
START -13568 -724 15960 1095 948 5554 END
START -13892 -796 16132 779 1387 5257 END
START -14060 -912 16236 474 1705 4912 END
START -14188 -936 16580 275 1908 4642 END
START -14428 -780 16900 81 1989 4334 END
START -14496 -884 16996 12 2016 4065 END
START -14736 -724 17292 -71 1896 3815 END
START -14728 -752 17348 -84 1704 3637 END
START -14872 -728 17476 -44 1459 3439 END
START -14868 -664 17696 -1 1095 3285 END
START -14880 -780 17696 127 721 3126 END
START -14832 -876 17676 248 292 2978 END
START -14980 -852 17664 501 -120 2838 END
START -15080 -632 17868 730 -586 2698 END
START -14972 -1084 17624 1052 -1091 2586 END
START -14828 -844 17380 1306 -1535 2493 END
START -14720 -628 17128 1572 -1987 2346 END
START -14760 -504 16852 1781 -2338 2248 END
START -14504 -312 16684 1947 -2611 2115 END
START -14332 -80 16312 2152 -2779 2017 END
START -13968 -40 16068 2295 -2818 1923 END
START -13976 212 15980 2343 -2763 1808 END
START -13764 312 15768 2368 -2574 1717 END
START -13660 552 15768 2254 -2383 1651 END
START -13464 524 15724 2051 -2144 1564 END
START -13424 524 15812 1852 -1836 1453 END
START -13500 680 15836 1592 -1510 1288 END
START -13468 764 15740 1346 -1219 1128 END
START -13324 816 15664 1086 -872 959 END
START -13272 980 15520 909 -554 759 END
START -13288 924 15404 745 -141 585 END
START -13328 780 15528 588 167 373 END
START -13428 928 15624 446 502 140 END
START -13520 864 15856 286 752 -45 END
START -13688 808 15804 167 984 -312 END
START -13812 868 15840 46 1196 -493 END
START -13568 784 15768 -56 1427 -761 END
START -13632 760 15784 -82 1583 -1013 END
START -13624 820 15824 -131 1837 -1310 END
START -13596 816 15744 -161 1954 -1650 END
START -13568 772 15764 -137 2093 -1924 END
START -13484 812 15828 -109 2202 -2194 END
START -13380 836 15672 -84 2248 -2490 END
START -13276 996 15700 5 2286 -2735 END
START -13212 1140 15868 48 2257 -2935 END
START -13012 1428 16008 121 2145 -3108 END
START -13044 1552 16152 184 1958 -3288 END
START -12892 1728 16632 229 1705 -3392 END
START -12952 1732 16652 318 1359 -3501 END
START -12840 1972 16736 373 929 -3583 END
START -12592 1864 16900 495 492 -3637 END
START -12528 2060 16964 607 30 -3680 END
START -12312 2208 16968 729 -427 -3722 END
START -12244 2252 16972 840 -858 -3733 END
START -12148 2336 16680 880 -1296 -3755 END
START -11864 2564 16352 909 -1620 -3815 END
START -11520 2784 16148 873 -1895 -3860 END
START -11196 3016 15824 804 -2010 -3901 END
START -10832 3180 15684 706 -2058 -3905 END
START -10732 3328 15588 551 -2046 -3843 END
START -10612 3328 15452 329 -1979 -3792 END
START -10408 3508 15216 132 -1921 -3772 END
START -10148 3424 14980 -165 -1784 -3734 END
START -10040 3460 14832 -370 -1602 -3763 END
START -9884 3380 14396 -646 -1380 -3778 END
START -9772 3356 13924 -866 -1102 -3799 END
START -9672 3472 13612 -1038 -797 -3796 END
START -9584 3432 13200 -1163 -447 -3786 END
START -9556 3396 12732 -1213 -35 -3797 END
START -9592 3204 12312 -1207 376 -3803 END
START -9448 3096 12148 -1125 817 -3876 END
START -9220 3000 11708 -1003 1299 -3924 END
START -9112 2952 11236 -851 1807 -4025 END
START -8828 3008 10676 -646 2364 -4104 END
START -8696 3116 10544 -429 2869 -4200 END
START -8756 3180 10612 -186 3415 -4277 END
START -8500 3220 10660 96 3915 -4327 END
START -8488 3364 10740 352 4375 -4352 END
START -8388 3680 10796 612 4677 -4308 END
START -8324 3784 10992 917 4921 -4262 END
START -8284 3648 11312 1198 5047 -4246 END
START -8380 3472 11736 1526 5077 -4165 END
START -8316 3440 12216 1895 4970 -4168 END
START -8540 3328 12784 2207 4607 -4159 END
START -8636 3316 13404 2533 4166 -4156 END
START -8696 3332 13664 2903 3547 -4186 END
START -8772 3368 14028 3243 2854 -4203 END
START -8764 3276 14244 3605 2154 -4232 END
START -8660 3284 14332 3929 1436 -4273 END
START -8528 3232 14636 4245 774 -4306 END
START -8312 3356 14620 4513 180 -4369 END
START -7924 3460 14624 4620 -369 -4442 END
START -7492 3640 14620 4631 -744 -4505 END
START -7284 4084 14684 4517 -1115 -4582 END
START -6920 4444 14704 4255 -1446 -4591 END
START -6736 4768 14564 3951 -1614 -4561 END
START -6376 5044 14156 3621 -1727 -4430 END
START -5884 5124 13596 3266 -1716 -4317 END
START -5472 5292 13140 2911 -1471 -4155 END
START -5164 5160 12824 2582 -1131 -3929 END
START -4872 5088 12412 2287 -741 -3731 END
START -4736 4820 12084 1997 -327 -3577 END
START -4404 4592 11600 1798 179 -3449 END
START -4300 4252 11200 1644 714 -3341 END
START -4320 3948 10924 1593 1347 -3292 END
START -4588 3456 10700 1608 1882 -3312 END
START -4820 3032 11120 1679 2368 -3370 END
START -5320 2472 10808 1784 2817 -3554 END
START -5464 1856 11180 1968 3175 -3878 END
START -5808 1348 11324 2161 3494 -4306 END
START -6004 1112 11440 2421 3805 -4859 END
START -6028 944 11920 2634 4031 -5435 END
START -5964 816 12052 2823 4249 -6013 END
START -5928 816 12296 2963 4365 -6539 END
START -5916 928 12664 3004 4441 -7031 END
START -5668 1140 12988 3077 4423 -7510 END
START -5448 1264 13372 3115 4355 -7934 END
START -5236 1404 13892 3132 4184 -8267 END
START -4992 1596 14360 3221 3940 -8594 END
START -4696 1832 14676 3291 3652 -8852 END
START -4400 2120 15116 3418 3253 -9062 END
START -4056 2364 15556 3503 2848 -9223 END
START -3804 2684 15696 3524 2466 -9293 END
START -3620 3056 16052 3541 1962 -9330 END
START -3340 3516 16272 3508 1530 -9303 END
START -3028 3888 16268 3441 1025 -9216 END
START -2772 4112 16276 3356 639 -9074 END
START -2404 4428 16432 3207 329 -8936 END
START -2292 4640 15948 3057 2 -8711 END
START -2040 4788 15988 2926 -166 -8509 END
START -1696 4904 15736 2757 -357 -8274 END
START -1636 5148 15520 2540 -451 -8041 END
START -1488 5216 15444 2361 -516 -7788 END
START -1384 5288 15244 2177 -533 -7533 END
START -1272 5304 15096 2043 -541 -7287 END
START -1264 5212 14884 1923 -531 -7089 END
START -1152 5028 14728 1877 -513 -6887 END
START -1172 5096 14704 1804 -467 -6740 END
START -1272 4936 14608 1821 -504 -6586 END
START -1036 4848 14440 1847 -455 -6492 END
START -932 5080 14320 1878 -409 -6363 END
START -876 5052 14136 1910 -367 -6199 END
START -832 5004 13992 2028 -322 -6081 END
START -864 5064 14008 2081 -235 -5926 END
START -724 5052 14060 2140 -160 -5780 END
START -640 5012 13816 2245 -38 -5685 END
START -528 5120 13988 2317 28 -5543 END
START -572 5152 13900 2385 175 -5419 END
START -452 5064 13996 2420 274 -5281 END
START -440 5080 14200 2462 365 -5158 END
START -396 4976 14160 2496 398 -4978 END
START -356 5020 14252 2515 505 -4865 END
START -364 4880 14292 2466 547 -4745 END
START -420 4784 14288 2428 561 -4668 END
START -396 4652 14348 2407 652 -4638 END
START -428 4648 14508 2376 666 -4607 END
START -500 4440 14544 2312 675 -4589 END
START -436 4520 14608 2212 670 -4585 END
START -472 4384 14536 2145 612 -4534 END
START -432 4412 14728 2045 535 -4541 END
START -372 4296 14668 2019 502 -4492 END
START -236 4208 14668 1962 432 -4446 END
START -288 4140 14660 1979 385 -4452 END
START -116 4024 14724 2011 324 -4435 END
START -120 4092 14704 2028 313 -4408 END
START -120 4128 14732 2092 262 -4368 END
START -124 4156 15052 2114 237 -4310 END
START -268 4132 15088 2190 169 -4278 END
START -324 4100 15176 2220 25 -4204 END
START -372 3948 15108 2272 -30 -4200 END
START -404 3908 15592 2267 -127 -4232 END
START -372 3952 15636 2314 -216 -4263 END
START -284 3908 16076 2332 -284 -4316 END
START -364 3988 16244 2338 -337 -4386 END
START -476 4012 16728 2289 -455 -4471 END
START -504 4176 16796 2210 -554 -4532 END
START -548 4204 17072 2111 -626 -4598 END
START -532 4220 17228 2014 -668 -4637 END
START -612 4376 17508 1887 -773 -4685 END
START -604 4452 17304 1729 -788 -4730 END
START -484 4544 17440 1614 -809 -4757 END
START -408 4516 17600 1504 -740 -4809 END
START -312 4600 17432 1407 -746 -4858 END