START 2896 6932 12296 -1103 2389 -2387 END
START 3448 6956 12536 -1502 2886 -2385 END
START 3712 7064 12584 -1959 3534 -2303 END
START 4152 7316 12872 -2423 4188 -2100 END
START 4280 7628 13232 -2897 4762 -1924 END
START 4200 7648 13540 -3349 5272 -1648 END
START 4428 7848 13856 -3843 5592 -1304 END
START 4568 7844 14316 -4268 5787 -969 END
START 4648 7852 14692 -4620 5790 -554 END
START 4564 7800 15096 -4933 5703 -157 END
START 4544 7832 15488 -5141 5386 279 END
START 4420 7916 15428 -5319 4936 757 END
START 4468 7932 15660 -5364 4314 1247 END
START 4540 7808 15452 -5378 3619 1737 END
START 4828 7704 15412 -5236 2893 2281 END
START 5016 7420 14776 -5008 2326 2828 END
START 5196 7248 14472 -4719 1781 3342 END
START 5288 7120 13980 -4342 1367 3867 END
START 5252 7124 13520 -3931 1026 4288 END
START 5248 7152 13124 -3492 841 4708 END
START 5220 7396 12604 -3061 708 5026 END
START 5372 7620 12088 -2675 748 5336 END
START 5352 7908 11952 -2326 948 5556 END
START 5348 7908 11860 -2020 1219 5830 END
START 5072 8208 11836 -1757 1586 6065 END
START 4928 8244 11864 -1606 1942 6235 END
START 4764 8288 11740 -1483 2409 6362 END
START 4668 8328 12120 -1429 2913 6418 END
START 4372 8288 12176 -1396 3410 6388 END
START 4436 8188 12520 -1384 3850 6318 END
START 4360 8080 12872 -1455 4261 6214 END
START 4556 7980 13040 -1447 4680 6112 END
START 4508 7932 13368 -1496 5088 5983 END
START 4484 8020 13840 -1502 5437 5903 END
START 4624 8164 14340 -1562 5730 5803 END
START 4768 8268 14660 -1618 5846 5761 END
START 4912 8228 14924 -1711 6001 5745 END
START 5252 8460 15068 -1836 6095 5787 END
START 5356 8520 15424 -1983 6196 5886 END
START 5664 8688 15884 -2141 6197 6022 END
START 5760 9064 15924 -2334 6112 6220 END
START 5928 9468 16224 -2501 6013 6414 END
START 6124 9644 16460 -2683 5837 6771 END
START 6488 9692 16540 -2790 5630 7173 END
START 6756 9840 16416 -2905 5468 7636 END
START 6776 9884 16408 -2952 5312 8175 END
START 6792 10064 16304 -3002 5207 8734 END
START 6676 10068 16176 -3034 5114 9300 END
START 6592 10220 16316 -3037 5004 9842 END
START 6596 10372 16232 -3066 4873 10372 END
START 6368 10428 16476 -3128 4751 10944 END
START 6104 10400 16480 -3237 4619 11539 END
START 5856 10404 16516 -3384 4452 12065 END
START 5484 10384 16544 -3509 4298 12832 END
START 5044 10248 16412 -3660 4129 13032 END
START 4516 10076 16192 -3772 4018 13614 END
START 4148 9776 16040 -3995 4010 13924 END
START 3872 9500 15720 -4180 4047 14197 END
START 3480 9360 15516 -4446 4229 14331 END
START 3092 9248 14996 -4661 4388 14426 END
START 2788 9124 14812 -4963 4653 14503 END
START 2448 9260 14720 -5226 4973 14597 END
START 1920 9264 14712 -5469 5201 14713 END
START 1352 9372 14968 -5647 5318 14854 END
START 948 9348 14944 -5799 5323 15066 END
START 516 9252 15104 -5831 5249 15267 END
START -84 9148 14936 -5793 5103 15480 END
START -404 8832 14820 -5694 4905 15713 END
START -1000 8548 14836 -5462 4710 15926 END
START -1596 8480 15056 -5218 4394 16166 END
START -2380 8212 15036 -4930 4093 16419 END
START -2900 7852 15148 -4621 3724 16576 END
START -3632 7348 15244 -4288 3269 16733 END
START -4364 6836 15460 -3992 2790 16776 END
START -5076 6272 15608 -3765 2311 16810 END
START -5660 5772 15712 -3540 1760 16720 END
START -6316 5300 15468 -3371 1293 16599 END
START -6684 4832 15208 -3260 875 16351 END
START -7244 4368 14988 -3179 548 16038 END
START -7512 4148 14900 -3115 208 15703 END
START -7996 3956 14636 -3037 29 15336 END
START -8156 3956 14312 -3017 -102 14983 END
START -8436 3708 14244 -2998 -185 14629 END
START -8660 3604 14008 -3005 -206 14320 END
START -8956 3500 14096 -3046 -210 14028 END
START -9116 3424 13788 -3060 -143 13819 END
START -9160 3348 13608 -3106 -29 13514 END
START -9344 3276 13576 -3176 88 13361 END
START -9436 3140 13536 -3231 290 12910 END
START -9492 2916 13340 -3311 513 12985 END
START -9860 2568 13100 -3454 775 12606 END
START -9992 2600 13168 -3585 1039 12072 END
START -10132 2392 13164 -3753 1265 11803 END
START -10288 2392 13228 -3891 1461 11398 END
START -10464 2380 13336 -3993 1564 11027 END
START -10536 2232 13360 -4090 1595 10677 END
START -10776 2288 13392 -4146 1538 10338 END
START -10804 2200 13352 -4124 1366 10029 END
START -10932 2152 13504 -4032 1194 9771 END
START -10916 2104 13428 -3892 849 9542 END
START -10812 2052 13424 -3740 548 9367 END
START -10772 2000 13472 -3537 234 9253 END
START -10864 1912 13448 -3354 -248 9094 END
START -10776 1720 13612 -3120 -720 8976 END
START -10792 1608 13360 -2815 -1173 8795 END
START -10768 1508 13592 -2486 -1626 8690 END
START -10788 1380 13248 -2128 -2091 8562 END
START -10632 1292 13228 -1787 -2512 8397 END
START -10732 1152 13036 -1456 -2931 8269 END
START -10588 1320 12976 -1162 -3308 8086 END
START -10708 1460 12764 -900 -3602 7963 END
START -10496 1344 12552 -602 -3877 7818 END
START -10264 1104 12492 -444 -4068 7662 END
START -10200 1044 12364 -233 -4171 7523 END
START -10172 1024 12164 -62 -4244 7346 END
START -10120 1012 12400 129 -4274 7166 END
START -10156 1088 12308 305 -4329 6961 END
START -10232 968 12456 490 -4357 6750 END
START -10212 932 12356 684 -4313 6544 END
START -10316 808 12288 851 -4170 6309 END
START -10248 696 12412 1009 -4028 6035 END
START -10316 704 12340 1151 -3848 5742 END
START -10372 732 12584 1263 -3618 5458 END
START -10340 548 12672 1331 -3414 5163 END
START -10340 688 13104 1411 -3226 4808 END
START -10288 588 13296 1457 -3039 4495 END
START -10292 744 13652 1488 -2892 4182 END
START -10144 820 13724 1539 -2693 3837 END
START -10016 800 13908 1489 -2544 3528 END
START -9760 712 13896 1423 -2371 3130 END
START -9608 752 14252 1298 -2172 2799 END
START -9388 740 14244 1123 -1948 2442 END
START -9256 768 14496 962 -1784 2070 END
START -9124 880 14696 790 -1634 1763 END
START -8984 948 14704 652 -1544 1447 END
START -8760 1152 14924 531 -1426 1166 END
START -8632 1292 14928 422 -1368 935 END
START -8468 1488 15180 362 -1318 700 END
START -8156 1644 15028 298 -1223 487 END
START -7828 1832 14908 255 -1136 324 END
START -7412 1828 14684 246 -952 127 END
START -7124 1884 14708 213 -749 17 END
START -6716 2084 14652 157 -501 -127 END
START -6324 2224 14740 103 -193 -196 END
START -5968 2488 14880 3 147 -275 END
START -5876 2636 15308 -105 450 -330 END
START -5764 2808 15552 -287 759 -366 END
START -5768 2880 15824 -451 965 -363 END
START -5736 3056 16184 -651 1110 -353 END
START -5644 3024 16332 -812 1237 -374 END
START -5448 3084 16780 -951 1267 -372 END
START -5380 3056 16912 -1005 1295 -361 END
START -5276 3032 17176 -1087 1306 -341 END
START -5268 3224 17172 -1097 1269 -265 END
START -5280 3340 17492 -1112 1244 -241 END
START -5244 3300 17576 -1086 1177 -139 END
START -5348 3296 17748 -1116 1106 -100 END
START -5196 3276 17856 -1145 1088 -22 END
START -5228 3108 17724 -1146 1143 6 END
START -5196 2776 17796 -1218 1160 40 END
START -5132 2596 18000 -1266 1250 24 END
START -5176 2464 18164 -1325 1405 -12 END
START -5444 2376 18184 -1365 1557 -85 END
START -5712 2184 18584 -1448 1642 -110 END
START -5892 2168 18692 -1492 1697 -180 END
START -5968 1792 18920 -1561 1717 -236 END
START -6116 1532 19236 -1580 1698 -390 END
START -6336 1316 19392 -1655 1733 -538 END
START -6556 1164 19556 -1735 1723 -709 END
START -6648 1036 19804 -1833 1712 -942 END
START -6948 800 19960 -1950 1696 -1177 END
START -6944 568 20136 -2109 1689 -1394 END
START -6976 360 20368 -2251 1683 -1635 END
START -7192 212 20524 -2410 1715 -1877 END
START -7300 76 20616 -2522 1655 -2107 END
START -7364 -176 20720 -2679 1666 -2321 END
START -7504 -168 20728 -2834 1631 -2596 END
START -7552 -408 21152 -2973 1601 -2878 END
START -7696 -704 21196 -3146 1507 -3153 END
START -7724 -804 21456 -3297 1358 -3412 END
START -7828 -988 21688 -3501 1194 -3752 END
START -8000 -1152 21840 -3676 947 -4065 END
START -8140 -1272 22160 -3825 661 -4385 END
START -8324 -1388 22284 -3936 368 -4721 END
START -8424 -1580 22240 -3997 109 -5032 END
START -8588 -1816 22508 -4028 -235 -5374 END
START -8808 -2080 22620 -4023 -515 -5776 END
START -9012 -2336 22704 -4053 -797 -6176 END
START -9108 -2520 22780 -4116 -1019 -6675 END
START -9100 -2616 22836 -4259 -1244 -7220 END
START -9020 -2568 22784 -4485 -1408 -7797 END
START -9044 -2504 22816 -4782 -1602 -8374 END
START -8868 -2300 22620 -5145 -1637 -8931 END
START -8532 -2176 22196 -5559 -1622 -9516 END
START -8252 -2024 21884 -5987 -1533 -10008 END
START -7776 -1916 21568 -6383 -1376 -10519 END
START -7388 -1888 21172 -6821 -1125 -11001 END
START -6896 -1764 20692 -7207 -803 -11494 END
START -6548 -1636 20380 -7561 -488 -11921 END
START -6140 -1428 20128 -7958 -200 -12361 END
START -5916 -1252 19696 -8333 43 -12673 END
START -5648 -1016 19428 -8667 232 -12978 END
START -5236 -636 19124 -8901 312 -13268 END
START -5056 -436 18816 -9070 370 -13500 END
START -4872 -284 18712 -9212 305 -13653 END
START -4732 -76 18368 -9261 180 -13801 END
START -4568 220 18004 -9208 52 -13832 END
START -4440 536 17576 -9090 -240 -13884 END
START -4328 732 17148 -8931 -490 -13907 END
START -4156 992 16428 -8692 -793 -13899 END
START -4240 1184 16140 -8392 -1057 -13916 END
START -4024 1412 15600 -8086 -1352 -13958 END
START -3912 1744 15052 -7778 -1582 -13976 END
START -3832 2084 14764 -7412 -1797 -14071 END
START -3692 2380 14340 -7094 -2026 -14153 END
START -3568 2496 13832 -6782 -2193 -14294 END
START -3488 2780 13532 -6538 -2417 -14458 END
START -3360 3004 13072 -6267 -2572 -14644 END
START -3280 3192 12632 -6091 -2741 -14867 END
START -3024 3400 12060 -5886 -2788 -15121 END
START -2412 3624 11424 -5737 -2718 -15398 END
START -2044 3828 10936 -5583 -2511 -15669 END
START -1608 4056 10548 -5412 -2297 -15923 END
START -1320 4480 10064 -5282 -1993 -16147 END
START -700 5028 9576 -5210 -1597 -16302 END
START -116 5412 9208 -5058 -1154 -16408 END
START 516 5784 8700 -5006 -610 -16472 END
START 1124 6104 8616 -4927 -74 -16463 END
START 1624 6436 8604 -4895 394 -16408 END
START 2232 6880 8580 -4852 804 -16318 END
START 2812 7244 8384 -4800 1147 -16124 END
START 3076 7500 8628 -4790 1440 -15814 END
START 3680 7912 8336 -4711 1663 -15442 END
START 4296 8196 8160 -4599 1796 -14953 END
START 4676 8512 8148 -4458 1949 -14345 END
START 5100 8780 8360 -4282 1969 -13744 END
START 5756 8904 8072 -4106 1959 -12994 END
START 5996 9084 8100 -3887 1852 -12251 END
START 6380 9084 7916 -3640 1759 -11447 END
START 6572 9340 7680 -3394 1636 -10650 END
START 6768 9540 7408 -3114 1450 -9840 END
START 7080 9704 7344 -2803 1224 -8999 END
START 7080 9832 7040 -2437 1019 -8090 END
START 7160 9880 6872 -2051 819 -7216 END
START 7284 10120 6464 -1632 623 -6371 END
START 7132 10196 6268 -1154 417 -5476 END
START 7156 10244 6040 -665 298 -4621 END
START 7280 10344 5708 -154 182 -3806 END
START 7104 10260 5620 403 98 -3028 END
START 6892 10440 5684 913 11 -2260 END
START 6620 10456 5564 1455 -68 -1580 END
START 6396 10384 5952 1930 -211 -879 END
START 6228 10248 6080 2377 -386 -283 END
START 6144 10208 6296 2809 -595 324 END
START 6040 9888 6208 3157 -820 876 END
START 5900 9880 6148 3382 -985 1372 END
START 5944 10020 5988 3640 -1060 1831 END
START 5868 10052 5804 3824 -1032 2265 END
START 5924 10132 5396 3959 -895 2656 END
START 5888 10232 5244 4078 -647 3013 END
START 6020 10140 4900 4125 -349 3359 END
START 6072 10104 4656 4161 137 3643 END
START 6136 10108 4424 4228 731 3972 END
START 6396 9984 4260 4171 1462 4293 END
START 6496 9984 4164 4085 2247 4627 END
START 6652 10028 4156 3962 3016 4957 END
START 6564 10156 4292 3856 3828 5296 END
START 6660 10284 4372 3709 4500 5708 END
START 6472 10244 4756 3687 5116 6156 END
START 6340 10188 5480 3683 5595 6603 END
START 6120 10108 6024 3776 5881 7092 END
START 5960 10068 6368 3945 5979 7522 END
START 5824 9908 6924 4216 5870 8079 END
START 5716 9772 7408 4581 5688 8568 END
START 5512 9480 7816 4886 5429 9063 END
START 5580 9200 8320 5210 5105 9601 END
START 5592 9024 8392 5542 4826 10111 END
START 5688 8872 8652 5824 4579 10666 END
START 5648 8840 8768 5990 4397 11291 END
START 5640 8748 9048 6085 4319 11914 END
START 5584 8792 9024 6135 4200 12619 END
START 5644 8820 9028 6136 4224 13094 END
START 5552 8920 9172 6110 4279 13794 END
START 5432 9152 9404 6102 4378 14486 END
START 5340 9220 9804 6076 4468 15221 END
START 5288 9100 9992 6060 4543 15973 END
START 5084 8960 10204 6023 4610 16755 END
START 4908 9032 10612 6072 4710 17582 END
START 4672 9012 10936 6142 4715 18445 END
START 4272 9140 11332 6244 4686 19261 END
START 3992 9004 11500 6478 4627 20080 END
START 3656 8944 11880 6715 4551 20981 END
START 3176 8868 12564 6944 4475 21757 END
START 2776 8900 13028 7201 4274 22568 END
START 2280 8676 13724 7527 4033 23349 END
START 1784 8700 14112 7752 3716 24075 END
START 1232 8684 14616 8030 3413 24820 END
START 976 8684 15156 8282 3118 25553 END
START 484 8668 15632 8503 2751 26200 END
START 64 8732 16096 8647 2415 26790 END
START -272 8576 16480 8798 2087 27368 END
START -652 8564 16712 8883 1797 27938 END
START -920 8444 17132 8971 1638 28513 END
START -1268 8352 17656 9011 1456 28988 END
START -1692 8288 18204 9067 1264 29481 END
START -2200 8156 18564 9015 1130 29943 END
START -2436 8116 18864 8890 962 30364 END
START -2664 8116 19052 8733 814 30788 END
START -2888 8092 19476 8497 739 31153 END
START -3340 8008 19996 8184 673 31551 END
START -3628 8004 20272 7842 657 31879 END
START -4072 7900 20636 7433 612 32149 END
START -4616 7656 20768 6983 571 32417 END
START -4892 7332 20868 6580 545 32579 END
START -5192 7120 20932 6101 567 32697 END
START -5620 6972 21096 5727 695 32767 END
START -6284 6904 21240 5369 845 32763 END
START -7084 6604 21516 4978 958 32681 END
START -8148 6204 22052 4602 983 32485 END
START -9176 5804 22248 4252 940 32247 END
START -10060 5336 22512 3841 959 31779 END
START -11092 4720 22964 3470 954 31216 END
START -12160 3976 23120 3054 877 30441 END
START -13092 3176 23356 2681 794 29506 END
START -14028 2240 23516 2210 689 28334 END
START -14796 1280 23440 1789 669 27098 END
START -15536 496 23788 1326 592 25657 END
START -16140 -80 23640 910 531 24109 END
START -16532 -416 23608 491 444 22563 END
START -16696 -856 23272 7 355 20842 END
START -16708 -1168 23136 -453 360 19202 END
START -16588 -1400 22816 -961 368 17432 END
START -16408 -1620 22492 -1445 461 15751 END
START -16140 -1592 21960 -1879 584 14116 END
START -15640 -1576 21668 -2241 704 12503 END
START -15516 -1384 21260 -2582 874 11207 END
START -15032 -1020 20864 -2790 1026 9955 END
START -14652 -684 20764 -3018 1155 8856 END
START -14312 -364 20468 -3110 1180 7947 END
START -13796 -36 20288 -3202 1201 7076 END
START -13320 172 19956 -3282 1113 6364 END
START -13104 400 19840 -3291 981 5730 END
START -12648 740 19560 -3291 751 5177 END
START -12388 920 19356 -3271 498 4704 END
START -12288 1256 19116 -3182 113 4321 END
START -11936 1520 18656 -3056 -289 4026 END
START -11836 1612 18400 -2926 -609 3700 END
START -11736 1648 17916 -2745 -1047 3428 END
START -11756 1800 17432 -2536 -1445 3145 END
START -11964 1928 17144 -2383 -1774 2849 END
START -12100 1936 16840 -2135 -2221 2540 END
START -12296 1800 16536 -1954 -2550 2206 END
START -12500 1632 16276 -1795 -2968 1857 END
START -12772 1500 15936 -1645 -3327 1420 END
START -13112 1372 15520 -1565 -3674 943 END
START -13312 1396 14976 -1463 -3961 418 END
START -13632 1440 14440 -1397 -4197 -197 END
START -13824 1264 13796 -1348 -4368 -919 END
START -14232 1052 13012 -1223 -4482 -1706 END
START -14416 856 12264 -1060 -4546 -2555 END
START -14668 556 11380 -813 -4452 -3490 END
START -14772 408 10940 -512 -4338 -4528 END
START -15124 396 10064 -76 -4157 -5643 END
START -15240 252 9380 429 -3997 -6789 END
START -15300 284 8784 961 -3787 -7940 END
START -15460 276 8328 1572 -3652 -9128 END
START -15588 344 8028 2225 -3431 -10386 END
START -15452 696 7684 2826 -3268 -11706 END
START -15148 1116 7356 3352 -3142 -12974 END
START -14692 1592 6988 3825 -2985 -14175 END
START -14144 2312 6996 4189 -2794 -15290 END
START -13376 2992 7044 4471 -2591 -16265 END
START -12500 3808 7016 4644 -2370 -17065 END
START -11816 4852 6876 4747 -2135 -17792 END
START -11120 5804 7028 4775 -2050 -18329 END
START -10504 6920 7088 4734 -2036 -18646 END
START -9904 6960 7032 4666 -2142 -18840 END
START -9232 7032 6996 4682 -2325 -18920 END
START -8528 7176 6756 4769 -2492 -18957 END
START -7744 7584 6424 4966 -2734 -18996 END
START -7244 7908 6460 5286 -2996 -19040 END
START -6916 8280 5852 5700 -3234 -18969 END
START -6688 8520 5488 6164 -3397 -18828 END
START -6572 8816 4992 6671 -3632 -18631 END
START -6760 9088 4800 7224 -3889 -18482 END
START -7008 9140 4152 7770 -4123 -18353 END
START -7292 9000 3656 8344 -4450 -18299 END
START -7444 8732 3416 8974 -4643 -18367 END
START -7628 7880 3100 9735 -4877 -18610 END
START -8008 7152 3048 10631 -5064 -19039 END
START -8468 6504 3072 11610 -5288 -19571 END
START -8624 6072 3044 12561 -5565 -20184 END
START -8992 5844 3076 13306 -5790 -20832 END
START -9252 5956 3036 14149 -5990 -21535 END
START -9452 6452 2408 14858 -6088 -22251 END
START -9692 6712 2156 15486 -6070 -22979 END
START -10100 6572 2132 16183 -6077 -23782 END
START -10496 6160 2116 16885 -6045 -24629 END
START -10872 5608 2672 17752 -6126 -25672 END
START -10788 5716 3444 18521 -6319 -26771 END
START -10300 6100 4248 19196 -6459 -27979 END
START -9448 6612 5292 19649 -6599 -29006 END
START -8416 7180 6124 19712 -6787 -29760 END
START -6904 7800 6948 19477 -6888 -30207 END
START -5396 8440 7480 18970 -6888 -30357 END
START -3956 9508 7440 18244 -6747 -30224 END
START -2136 10608 7580 17396 -6311 -29952 END
START -532 11268 7580 16599 -5690 -29412 END
START 952 11216 7704 15798 -4903 -28737 END
START 2284 11188 8332 15104 -4051 -27863 END
START 3288 11264 8520 14472 -3205 -26846 END
START 3908 11368 9180 13888 -2509 -25638 END
START 4440 11600 10052 13412 -1993 -24391 END
START 4828 11764 10808 13093 -1784 -23109 END
START 5064 11836 11592 12810 -1826 -21727 END
START 5084 11980 12004 12780 -2107 -20364 END
START 5208 12212 12600 12773 -2561 -19056 END
START 5372 12360 12756 12890 -3082 -17705 END
START 5444 12488 13016 13195 -3692 -16446 END
START 5444 12476 13268 13524 -4402 -15204 END
START 5408 12324 13404 13940 -5132 -14068 END
START 5432 12204 13304 14472 -5832 -12879 END
START 5524 12384 13404 15006 -6414 -11899 END
START 5244 12940 13016 15517 -6812 -10951 END
START 5268 13248 12712 16007 -6963 -10018 END
START 5104 13376 12544 16408 -6907 -9081 END
START 4872 13480 12656 16717 -6678 -8207 END
START 4692 13596 12748 17050 -6375 -7437 END
START 4432 13284 13512 17285 -6014 -6833 END
START 4004 13028 14520 17481 -5784 -6331 END
START 3796 12708 15364 17608 -5547 -6001 END
START 3680 12532 16660 17631 -5461 -5743 END
START 3728 12540 17780 17483 -5358 -5573 END
START 3980 12368 18476 17130 -5207 -5386 END
START 4312 12228 19208 16542 -4956 -5239 END
START 4532 12352 19736 15742 -4592 -5020 END
START 4968 12588 20296 14866 -4044 -4789 END
START 5364 12820 20748 13808 -3372 -4567 END
START 5772 13084 21284 12715 -2590 -4292 END
START 5972 13320 21784 11649 -1861 -4036 END
START 5988 13488 22332 10377 -1138 -3666 END
START 5892 13672 23080 9248 -626 -3325 END
START 5776 13732 23676 8125 -226 -2968 END
START 5664 13668 24004 7131 -21 -2598 END
START 5608 13864 24132 6142 80 -2201 END
START 5528 14004 24432 5222 180 -1826 END
START 5328 14092 24220 4421 166 -1411 END
START 5276 14188 23828 3696 193 -949 END
START 5160 14396 23372 3054 261 -454 END
START 4860 14652 23008 2534 350 82 END
START 4656 14844 22340 2127 434 598 END
START 4312 14832 22176 1838 511 1150 END
START 4156 14644 21844 1600 514 1645 END
START 3944 14348 21744 1455 438 2122 END
START 3608 13992 21500 1356 302 2560 END
START 3544 13864 21368 1266 194 2968 END
START 3496 13672 20892 1202 47 3327 END
START 3444 13524 20784 1154 -11 3664 END
START 3424 13204 20520 1092 -134 3960 END
START 3388 12872 20296 1053 -173 4217 END
START 3244 12568 20380 1042 -211 4460 END
START 3100 12408 20008 973 -228 4656 END
START 2960 12240 19920 901 -236 4839 END
START 2876 12088 19820 826 -124 4998 END
START 2716 11920 19672 710 -71 5122 END
START 2532 11824 19660 514 43 5252 END
START 2376 11704 19484 274 174 5334 END
START 2080 11544 19392 14 332 5367 END
START 1896 11400 19340 -295 517 5414 END
START 1396 11172 19304 -631 665 5422 END
START 1088 10960 19108 -963 786 5363 END
START 616 10760 19140 -1337 867 5264 END
START 60 10500 18904 -1660 952 5106 END
START -376 10276 18892 -2021 1041 4934 END
START -540 9952 18736 -2325 1185 4652 END
START -756 9864 18532 -2597 1256 4407 END
START -1232 9696 18588 -2832 1362 4123 END