START -2684 4564 11244 3645 3385 195 END
START -3260 4444 11976 3709 3361 -456 END
START -3600 4284 12468 3747 3181 -1139 END
START -3696 4196 13032 3765 2916 -1918 END
START -3480 4468 13440 3783 2659 -2654 END
START -2908 4864 13388 3799 2454 -3428 END
START -2252 5368 13320 3759 2435 -4049 END
START -1384 5992 13596 3700 2516 -4564 END
START -544 6760 13756 3534 2691 -4903 END
START 388 7556 13868 3320 2984 -5121 END
START 1204 8292 14032 3033 3431 -5208 END
START 1952 9316 14212 2707 4059 -5194 END
START 2572 10412 14624 2339 4821 -5145 END
START 3128 10828 14992 2014 5565 -5005 END
START 3960 11356 15636 1585 6341 -4653 END
START 4284 11832 16764 1088 6861 -4182 END
START 4568 12344 17932 570 7130 -3532 END
START 4524 12660 19028 31 7095 -2792 END
START 4556 12712 19784 -388 6816 -2012 END
START 4340 12704 20544 -764 6178 -1220 END
START 4192 13040 21044 -1045 5391 -436 END
START 4076 13208 21000 -1124 4485 371 END
START 4256 13580 20740 -1122 3497 1206 END
START 4556 13664 20540 -993 2622 2074 END
START 4768 13676 19912 -776 1875 2953 END
START 4640 13924 19364 -552 1272 3832 END
START 4268 14012 19120 -298 712 4638 END
START 4148 13824 18820 -62 260 5310 END
START 3816 13736 18612 136 -24 5804 END
START 3384 13604 18492 308 -275 6195 END
START 2992 13568 18364 416 -452 6490 END
START 2744 13480 18312 415 -535 6686 END
START 2508 13672 17940 460 -478 6791 END
START 2152 13772 17788 448 -268 6866 END
START 2308 13808 17712 463 -28 6955 END
START 2212 13476 17880 411 283 7041 END
START 2216 13444 18340 240 586 7139 END
START 2240 13388 18772 18 830 7198 END
START 2004 13200 19092 -243 1003 7332 END
START 1996 13008 19576 -602 1053 7371 END
START 1816 12668 19992 -906 1061 7501 END
START 1600 12232 20280 -1249 917 7602 END
START 1480 11980 20292 -1564 744 7739 END
START 1576 11804 19984 -1875 675 7801 END
START 1596 11720 19516 -2219 677 7859 END
START 1692 11876 18744 -2559 926 7879 END
START 1760 12104 18064 -2922 1267 7952 END
START 2100 11804 17568 -3315 1806 8070 END
START 2372 11268 17292 -3719 2339 8322 END
START 2440 10936 17432 -4202 2869 8555 END
START 2316 10620 17604 -4671 3260 8750 END
START 2108 10456 17888 -5152 3558 8934 END
START 1932 10368 18004 -5558 3591 9166 END
START 2100 10340 18020 -5958 3495 9476 END
START 2152 10208 18220 -6370 3194 9903 END
START 2160 10356 18132 -6754 2751 10447 END
START 2148 10400 17608 -6984 2332 11023 END
START 2132 10340 16980 -7123 1782 11624 END
START 1980 10096 16232 -6997 1348 12334 END
START 1720 9824 15312 -6698 898 12618 END
START 1184 9712 14688 -6305 383 13276 END
START 696 9472 14476 -5846 -165 13853 END
START 280 9144 14144 -5356 -856 14399 END
START -268 8584 13796 -4852 -1548 14880 END
START -812 8284 13556 -4302 -2186 15296 END
START -1488 8008 13360 -3741 -2839 15682 END
START -1956 7764 13016 -3218 -3428 15984 END
START -2288 7620 12732 -2829 -3797 16240 END
START -2512 7544 12276 -2573 -4040 16455 END
START -2616 7352 11920 -2383 -4068 16630 END
START -2884 7148 11644 -2246 -4057 16830 END
START -3240 7000 11660 -2039 -3884 16972 END
START -3796 6744 11848 -1846 -3755 17081 END
START -4536 6492 12100 -1651 -3734 17159 END
START -5168 5980 12472 -1500 -3789 17082 END
START -5828 5728 12836 -1423 -3987 17022 END
START -6228 5380 12804 -1263 -4219 16802 END
START -6076 4824 12644 -1167 -4308 16515 END
START -5968 4500 12408 -1083 -4283 16169 END
START -5884 4364 12056 -1064 -4083 15774 END
START -5852 4328 11908 -1178 -3751 15447 END
START -5936 4512 11800 -1372 -3342 15068 END
START -5764 4492 11852 -1608 -2920 14694 END
START -5772 4452 12116 -1840 -2471 14281 END
START -5796 4444 12336 -2087 -2089 13882 END
START -5756 4808 12256 -2335 -1797 13591 END
START -5572 5252 12420 -2579 -1494 13315 END
START -5192 5496 12344 -2873 -1119 13095 END
START -4688 5728 12424 -3161 -729 12864 END
START -4488 6072 12592 -3504 -390 12805 END
START -4336 6508 12760 -3872 -95 13081 END
START -4272 6708 13064 -4193 43 13096 END
START -4584 6708 13408 -4435 17 13528 END
START -5048 6720 13296 -4578 -297 13958 END
START -5544 6444 13100 -4613 -697 14368 END
START -5752 5884 12720 -4474 -1150 14730 END
START -6052 5388 12032 -4186 -1594 15028 END
START -6224 5088 11424 -3815 -2067 15356 END
START -6444 4996 11080 -3293 -2450 15685 END
START -6740 4792 10764 -2753 -2814 16011 END
START -6908 4472 10464 -2198 -3152 16292 END
START -7108 4100 10460 -1639 -3367 16474 END
START -7144 3608 10664 -1147 -3556 16627 END
START -7528 3236 10972 -747 -3680 16686 END
START -7760 3004 11324 -436 -3836 16659 END
START -8040 2688 11472 -177 -3960 16591 END
START -8332 2724 11676 -17 -4032 16532 END
START -8504 2568 11684 113 -4039 16432 END
START -8708 2360 11704 194 -3948 16276 END
START -8972 2100 11520 197 -3701 16156 END
START -9328 1768 11364 111 -3387 15907 END
START -9768 1352 11172 47 -3017 15716 END
START -10208 1136 11256 -45 -2524 15465 END
START -10800 920 11300 -173 -2079 15233 END
START -11452 656 11496 -257 -1741 15013 END
START -12052 320 11772 -376 -1438 14755 END
START -12692 8 11852 -483 -1207 14557 END
START -13280 -508 12040 -504 -992 14280 END
START -13884 -944 12248 -584 -840 13923 END
START -14264 -1488 12096 -599 -622 13625 END
START -14764 -1900 12132 -603 -399 13244 END
START -15164 -2332 12060 -618 5 12576 END
START -15556 -2664 12248 -669 331 12499 END
START -16012 -2876 12556 -817 707 11913 END
START -16484 -3272 12564 -973 1094 11426 END
START -17116 -3600 12948 -1129 1488 10907 END
START -17796 -3960 13200 -1292 1776 10359 END
START -18528 -4284 13432 -1464 2115 9792 END
START -18896 -4592 14100 -1573 2335 9194 END
START -19324 -4848 14264 -1717 2511 8638 END
START -20012 -4808 14796 -1782 2544 8113 END
START -20564 -4944 15452 -1832 2426 7642 END
START -21188 -5156 15880 -1813 2130 7233 END
START -21632 -5320 16336 -1744 1796 6846 END
START -22056 -5568 16476 -1649 1330 6492 END
START -22484 -5748 16608 -1480 838 6133 END
START -22724 -5988 16512 -1231 341 5762 END
START -23116 -6036 16548 -903 -99 5422 END
START -23392 -6216 16592 -565 -553 5106 END
START -23668 -6136 16792 -176 -988 4779 END
START -23772 -6196 16808 245 -1381 4509 END
START -23804 -6216 17196 610 -1793 4234 END
START -23852 -6240 17368 982 -2078 3991 END
START -23932 -6284 17924 1242 -2364 3698 END
START -23988 -6208 18340 1392 -2609 3385 END
START -23856 -6256 18864 1441 -2793 3065 END
START -23732 -6344 19452 1415 -2880 2619 END
START -23692 -6412 19788 1236 -2890 2229 END
START -23812 -6152 20080 987 -2890 1703 END
START -23596 -6036 20292 629 -2798 1170 END
START -23392 -6148 20584 265 -2653 671 END
START -22980 -6088 20624 -143 -2426 119 END
START -22704 -5908 20608 -533 -2085 -434 END
START -22480 -5816 20524 -961 -1780 -1046 END
START -22260 -5776 20596 -1338 -1459 -1647 END
START -22044 -5752 20552 -1704 -1152 -2252 END
START -21748 -5760 20600 -1985 -956 -2846 END
START -21236 -5708 20736 -2206 -769 -3455 END
START -20904 -5572 20768 -2422 -597 -3996 END
START -20352 -5412 20800 -2653 -361 -4524 END
START -19776 -5392 20676 -2901 -176 -4945 END
START -19084 -5340 20492 -3159 43 -5329 END
START -18480 -5172 20716 -3408 411 -5726 END
START -18024 -4892 20856 -3669 725 -6084 END
START -17680 -4692 20972 -3956 916 -6374 END
START -17228 -4468 20980 -4291 1110 -6592 END
START -16828 -4364 21064 -4565 1290 -6803 END
START -16396 -4368 21164 -4836 1428 -6962 END
START -16012 -4372 21184 -5075 1583 -7150 END
START -15632 -4300 20892 -5284 1665 -7266 END
START -15524 -4340 20712 -5477 1759 -7353 END
START -15256 -4360 20348 -5604 1760 -7390 END
START -15088 -4452 20084 -5683 1849 -7480 END
START -14852 -4624 19724 -5665 1928 -7599 END
START -14756 -4812 19656 -5624 1988 -7758 END
START -14664 -4976 19432 -5527 2026 -7944 END
START -14460 -4996 19288 -5517 2016 -8164 END
START -14312 -4924 19196 -5437 2002 -8377 END
START -13772 -4916 19092 -5397 1977 -8580 END
START -13472 -4940 19044 -5363 1999 -8788 END
START -13172 -4872 18724 -5376 2039 -8985 END
START -12656 -4964 18572 -5379 2103 -9231 END
START -12132 -4756 18448 -5392 2237 -9464 END
START -11840 -4628 18212 -5411 2379 -9721 END
START -11440 -4464 17848 -5409 2515 -9917 END
START -11048 -4352 17960 -5351 2573 -10085 END
START -10720 -4368 18032 -5273 2636 -10308 END
START -10468 -4176 17848 -5197 2666 -10535 END
START -10148 -4040 17812 -5093 2634 -10703 END
START -9960 -3768 17672 -4934 2543 -10919 END
START -9612 -3220 17628 -4794 2390 -11029 END
START -9204 -2808 17508 -4579 2257 -11193 END
START -8752 -2404 17224 -4345 2060 -11225 END
START -8052 -1980 17000 -4114 1940 -11266 END
START -7640 -1516 17004 -3915 1780 -11250 END
START -7272 -828 17264 -3782 1651 -11181 END
START -6744 -332 17280 -3692 1457 -11047 END
START -6276 88 17168 -3618 1272 -10884 END
START -5840 276 17268 -3536 1038 -10668 END
START -5460 428 17288 -3455 796 -10482 END
START -5272 664 17112 -3387 456 -10302 END
START -4876 780 16692 -3333 218 -10155 END
START -4508 960 16204 -3249 -26 -9999 END
START -4216 1224 15984 -3197 -161 -9892 END
START -3828 1296 15508 -3123 -265 -9782 END
START -3656 1488 15168 -3042 -384 -9663 END
START -3500 1488 14824 -2965 -454 -9620 END
START -3292 1564 14508 -2889 -465 -9576 END
START -3164 1492 14208 -2855 -410 -9673 END
START -2848 1440 13776 -2824 -299 -9827 END
START -2488 1624 13484 -2873 -65 -10039 END
START -1960 1936 13136 -2972 253 -10335 END
START -1544 2348 12928 -3113 696 -10647 END
START -1204 2680 12744 -3339 1132 -10912 END
START -648 2912 12516 -3629 1683 -11177 END
START -116 3324 12248 -3907 2238 -11518 END
START 392 3624 12104 -4240 2830 -11778 END
START 736 4132 12016 -4583 3393 -12059 END
START 1188 4508 11924 -4894 3852 -12277 END
START 1896 4912 11788 -5204 4314 -12405 END
START 2268 5372 11592 -5401 4715 -12433 END
START 2696 5928 11244 -5556 4965 -12414 END
START 3024 6360 10844 -5599 5110 -12251 END
START 3440 6672 10504 -5589 5232 -12032 END
START 3636 7088 10248 -5399 5128 -11720 END
START 3564 7364 9708 -5128 5010 -11379 END
START 3828 7484 9380 -4725 4753 -10986 END
START 3872 7668 9140 -4239 4483 -10595 END
START 3888 7928 9016 -3706 4116 -10194 END
START 3992 8348 8880 -3116 3683 -9710 END
START 4152 8628 8600 -2568 3285 -9203 END
START 4160 8744 8456 -2085 2946 -8750 END
START 4324 8876 8296 -1618 2683 -8343 END
START 4296 9332 8324 -1199 2433 -7874 END
START 4148 9704 8524 -755 2166 -7457 END
START 4284 9944 8672 -457 1888 -7056 END
START 4124 10236 8860 -168 1581 -6604 END
START 4184 10484 9000 117 1233 -6193 END
START 4268 10780 8988 357 909 -5768 END
START 4324 10944 9120 554 541 -5359 END
START 4408 11388 8820 832 319 -4920 END
START 4632 11820 8780 1032 136 -4489 END
START 4716 12192 8664 1217 -4 -4033 END
START 4992 12596 8532 1380 -64 -3612 END
START 5164 12888 8124 1478 -24 -3172 END
START 5060 13044 8220 1513 142 -2806 END
START 4924 13132 8016 1570 384 -2500 END
START 4868 13124 8136 1503 624 -2252 END
START 4820 13256 8240 1343 975 -2032 END
START 4596 13348 8472 1208 1259 -1893 END
START 4380 13488 8632 937 1533 -1746 END
START 4012 13536 8928 644 1801 -1657 END
START 3768 13568 8948 372 2076 -1585 END
START 3772 13692 9164 30 2301 -1575 END
START 3572 13676 9088 -213 2469 -1580 END
START 3372 13656 9120 -391 2553 -1587 END
START 3392 13788 9256 -574 2595 -1580 END
START 3436 14028 9368 -658 2538 -1507 END
START 3604 14276 9072 -701 2399 -1361 END
START 3868 14712 9188 -698 2318 -1070 END
START 4100 15072 8876 -639 2213 -749 END
START 4296 15256 9120 -608 2122 -374 END
START 4476 15300 9104 -568 2008 36 END
START 4412 15396 9064 -490 1839 456 END
START 4420 15436 9204 -457 1605 937 END
START 4284 15428 9152 -365 1303 1387 END
START 4300 15556 9272 -292 1006 1896 END
START 4180 15528 9304 -120 642 2375 END
START 4320 15520 9280 25 286 2918 END
START 4380 15576 9276 239 -60 3427 END
START 4420 15528 9072 444 -348 4000 END
START 4316 15568 9160 677 -704 4584 END
START 4200 15540 9116 842 -972 5143 END
START 4164 15348 9060 1005 -1279 5718 END
START 4132 15140 8972 1154 -1429 6331 END
START 3976 15152 8972 1341 -1633 6843 END
START 3728 14892 8964 1508 -1773 7431 END
START 3484 14532 8948 1660 -1833 7906 END
START 3364 14176 8856 1769 -1853 8325 END
START 3344 13628 8856 1843 -1795 8629 END
START 3472 13300 9056 1886 -1629 8896 END
START 3560 12888 9244 1875 -1424 9077 END
START 3484 12804 9316 1762 -1105 9249 END
START 3488 12672 9680 1571 -788 9480 END
START 3452 12412 10144 1400 -492 9661 END
START 3308 12192 10364 1166 -157 9827 END
START 3300 11788 10700 930 161 9982 END
START 3236 11512 10848 691 506 10094 END
START 3400 11100 10996 401 946 10231 END
START 3184 10900 11320 111 1309 10376 END
START 2848 10716 11416 -189 1617 10593 END
START 2432 10524 11840 -443 1858 10790 END
START 1876 10000 12012 -657 2006 10990 END
START 1324 9816 12388 -773 2042 11232 END
START 780 9296 12596 -808 1985 11447 END
START 420 9008 12748 -732 1916 11718 END
START 140 8816 12844 -703 1719 11990 END
START -308 8564 12856 -575 1555 12290 END
START -604 8044 12904 -422 1388 12845 END
START -1192 7416 13024 -227 1156 12912 END
START -1544 6840 13192 26 918 13419 END
START -2116 6212 13760 225 598 13607 END
START -2748 5528 14080 476 233 13899 END
START -3156 4872 14280 744 -167 14098 END
START -3548 4120 14188 1029 -587 14297 END
START -3928 3432 14352 1270 -871 14464 END
START -4152 2948 14384 1529 -1079 14573 END
START -4412 2336 14560 1683 -1161 14625 END
START -4408 1932 14700 1752 -1192 14653 END
START -4612 1260 14820 1751 -1125 14623 END
START -4904 736 14916 1684 -1000 14541 END
START -5172 236 15000 1541 -707 14441 END
START -5476 -296 15068 1408 -390 14283 END
START -5804 -896 15492 1223 -40 14105 END
START -6276 -1412 15812 971 216 13924 END
START -6784 -1592 16168 712 413 13778 END
START -7488 -1864 16300 439 568 13635 END
START -7944 -2176 16444 199 619 13492 END
START -8684 -2768 16384 -8 664 13407 END
START -9252 -3260 16212 -92 631 13293 END
START -9812 -3580 16120 -113 539 13055 END
START -10584 -4092 15936 -58 372 12997 END
START -11444 -4608 15804 122 148 12692 END
START -12336 -5132 15728 394 -221 12650 END
START -13160 -5808 15912 717 -649 12645 END
START -14244 -6416 15968 1096 -1175 12528 END
START -14960 -6968 16144 1560 -1845 12075 END
START -15600 -7560 16092 1972 -2533 11682 END
START -16032 -8152 16112 2460 -3238 11273 END
START -16212 -8484 15836 2925 -3838 10783 END
START -16456 -8700 15640 3369 -4313 10261 END
START -16620 -8900 15412 3757 -4604 9716 END
START -16528 -8964 15180 4076 -4746 9247 END
START -16352 -9060 15000 4314 -4794 8716 END
START -16508 -9192 14976 4459 -4683 8169 END
START -16600 -9280 15028 4514 -4585 7565 END
START -16620 -9320 15136 4477 -4353 6925 END
START -16616 -9324 15124 4407 -4105 6231 END
START -16556 -9136 14996 4209 -3722 5474 END
START -16396 -9000 14936 3936 -3257 4770 END
START -16256 -8992 14816 3596 -2723 4018 END
START -16188 -8896 14600 3213 -2174 3222 END
START -16096 -8752 14544 2847 -1682 2467 END
START -16144 -8704 14312 2504 -1227 1695 END
START -16332 -8764 14100 2215 -791 872 END
START -16268 -8656 14028 1954 -430 119 END
START -15952 -8684 13908 1677 -184 -672 END
START -15568 -8404 13640 1447 47 -1458 END
START -15088 -7860 13256 1301 214 -2124 END
START -14588 -7492 13140 1193 377 -2671 END
START -14264 -6888 12464 1151 418 -3153 END
START -13644 -6292 12024 1160 417 -3491 END
START -13184 -5712 11572 1340 429 -3741 END
START -13052 -5184 11128 1527 382 -3942 END
START -12876 -4560 10856 1896 290 -4082 END
START -12744 -4176 10412 2334 107 -4203 END
START -12704 -3800 10164 2825 -131 -4266 END
START -12584 -3404 9992 3395 -390 -4347 END
START -12448 -3008 9700 4041 -670 -4373 END
START -12296 -2448 9920 4615 -1009 -4393 END
START -12372 -1756 10108 5266 -1397 -4288 END
START -12056 -1192 10208 5912 -1869 -4115 END
START -12188 -372 10328 6496 -2359 -3842 END
START -12212 112 10480 7148 -3007 -3546 END
START -12380 448 10632 7746 -3605 -3254 END
START -12496 732 10704 8395 -4257 -2952 END
START -12452 1068 10668 9043 -4894 -2699 END
START -12276 1816 10388 9638 -5384 -2489 END
START -12364 2360 10196 10131 -5649 -2271 END
START -12408 2904 9816 10509 -5742 -2099 END
START -12404 3312 9768 10797 -5648 -1948 END
START -12676 3528 9964 10908 -5427 -1949 END
START -12904 3612 10164 10914 -5094 -1986 END
START -13508 3892 10392 10785 -4692 -2169 END
START -13844 3992 10660 10553 -4241 -2478 END
START -14392 4304 11140 10283 -3782 -2876 END
START -14404 4460 11564 9904 -3310 -3302 END
START -14368 4656 11868 9462 -2857 -3820 END
START -14416 4772 11900 8932 -2395 -4300 END
START -14520 5124 11764 8363 -2015 -4736 END
START -14388 5276 11644 7896 -1665 -5165 END
START -14304 5432 11128 7491 -1233 -5537 END
START -14184 5404 10804 7189 -798 -5931 END
START -14092 5412 10216 6973 -439 -6286 END
START -13988 5428 9932 6819 -71 -6626 END
START -13832 5496 9352 6724 285 -6991 END
START -13612 5584 9252 6703 624 -7312 END
START -13640 5808 9164 6781 751 -7546 END
START -13556 5652 9080 6932 726 -7705 END
START -13456 5708 9020 7207 600 -7869 END
START -13272 5768 8904 7535 284 -7963 END
START -13084 5776 8952 7937 3 -8035 END
START -12716 5648 8504 8378 -324 -8042 END
START -12356 5736 8500 8842 -669 -8045 END
START -12100 5812 8252 9357 -991 -7952 END
START -11768 5912 8084 9908 -1322 -7877 END
START -11532 5912 7924 10389 -1581 -7780 END
START -11336 5948 7596 10921 -1821 -7656 END
START -11080 5888 7484 11359 -1939 -7534 END
START -10920 5752 7328 11770 -2035 -7448 END
START -10840 5520 7508 12253 -1996 -7399 END
START -11028 5404 7440 12208 -1989 -7425 END
START -11032 5200 7464 12655 -1866 -7580 END
START -11256 4980 7140 12856 -1667 -7797 END
START -11164 4736 6964 13188 -1335 -8122 END
START -11168 4672 6976 13531 -962 -8555 END
START -11292 4736 7380 13852 -531 -9037 END
START -11616 4908 7864 14100 -182 -9551 END
START -11536 5108 8724 14243 102 -10014 END
START -11372 5328 9404 14279 345 -10481 END
START -11152 5528 10020 14244 565 -10936 END
START -10836 5876 10580 14147 853 -11462 END
START -10232 6236 11172 13999 1249 -11956 END
START -9860 6732 11568 13695 1702 -12362 END
START -9124 6956 11964 13350 2236 -12698 END
START -8552 7252 12228 12904 2821 -12948 END
START -8100 7304 12512 12561 3452 -13231 END
START -7752 7360 12988 11990 3991 -13476 END
START -7640 7296 13432 12006 4422 -13809 END
START -7280 7036 14084 11909 4705 -14098 END
START -6956 7120 14752 11624 4788 -14426 END
START -6388 7400 15120 11530 4772 -14653 END
START -5736 7704 15436 11601 4678 -14847 END
START -4832 8152 15632 11784 4533 -14928 END
START -3992 8512 15876 11865 4300 -14881 END
START -3044 8948 15876 11969 4162 -14745 END
START -2176 9360 16412 11928 4010 -14555 END
START -1172 9628 16688 12153 3752 -14293 END
START -444 10048 17136 12247 3557 -14003 END
START 292 10452 17736 12593 3270 -13602 END
START 1256 10984 18252 12661 2999 -13155 END
START 1720 11360 18928 12765 2659 -12645 END
START 2608 11564 19604 12870 2330 -12077 END
START 3184 11796 20316 12835 2006 -11512 END
START 3832 12016 20908 12819 1607 -10866 END
START 4380 12240 21632 12651 1293 -10263 END
START 4924 12468 21968 12447 1024 -9629 END
START 5376 12572 22548 12415 855 -9007 END
START 6048 12692 22956 11958 806 -8347 END
START 6684 12596 23352 11880 864 -7751 END
START 7112 12724 23840 11259 1068 -7111 END
START 7344 12764 24120 10701 1306 -6458 END
START 7328 12580 24740 10055 1462 -5824 END
START 7364 12308 25104 9475 1661 -5200 END
START 7204 11920 25304 8834 1833 -4632 END
START 7068 11596 25532 8329 1934 -4094 END
START 6628 11088 25548 7812 2027 -3624 END
START 6376 10756 25624 7342 2102 -3213 END
START 5916 10524 25724 6936 2124 -2816 END
START 5580 10188 25608 6529 2178 -2457 END
START 4800 9868 25696 6205 2162 -2179 END
START 4408 9416 25988 5933 2127 -1947 END
START 4052 9136 26112 5636 2176 -1743 END
START 3520 8912 26504 5311 2134 -1578 END
START 2928 8724 26708 4997 2071 -1478 END
START 2396 8492 27180 4583 1894 -1359 END
START 2276 8412 27484 4229 1665 -1275 END
START 1712 8116 27640 3785 1471 -1167 END
START 1600 7892 27896 3333 1221 -1105 END
START 1284 7708 27988 2863 1051 -1048 END
START 1208 7596 28236 2383 896 -947 END
START 768 7572 28148 1875 747 -872 END
START 408 7460 28296 1359 589 -732 END
START 92 7312 28360 809 401 -666 END
START -252 7120 28268 297 286 -570 END
START -496 6956 28480 -301 161 -488 END
START -752 6772 28708 -873 44 -463 END
START -1236 6396 28864 -1482 -171 -475 END
START -1936 6060 28708 -2105 -346 -509 END
START -2652 6248 28908 -2762 -638 -475 END
START -2752 6208 28788 -3407 -895 -381 END